-15.021928787231444,-4.287106990814209,-16.11158561706543,-3.2260539531707764,-18.022125244140625,7.625663757324219,-5.909631729125977,-8.37559986114502,-18.36719512939453,-13.809462547302246,10.369876861572266,-9.264568328857422,18.441238403320312,0.3204142153263092,-16.018096923828125,-9.482178688049316,7.027496814727783,-3.563024044036865,-15.55174160003662,14.783199310302734,3.635364294052124,12.392500877380373,17.30880355834961,4.145595073699951,-9.41743278503418,-15.11544704437256,-16.794944763183594,-1.2584468126296997,-9.30187702178955,-0.6453261375427246,7.929525852203369,0.2563619315624237,-15.427423477172852,19.91892433166504,-16.05413246154785,-8.032474517822266,-4.911447048187256,-1.7637059688568115,-14.447236061096191,2.185272455215454,4.778503894805908,-10.146974563598633,-0.82915198802948,7.524340629577637,-14.34412670135498,-17.565771102905273,-15.112849235534668,-12.814202308654783,11.542936325073242,-2.450205087661743,17.761964797973633,-18.049156188964844,3.845376491546631,13.859811782836914,1.8800419569015503,12.505062103271484,-3.6998043060302734,-10.215447425842283,14.105424880981444,-9.807783126831056,-10.471620559692385,6.583178520202637,-11.721148490905762,15.274435997009276,14.559237480163574,15.17848777770996,-0.1937351077795028,-11.781509399414062,-9.195473670959473,13.23912239074707,12.340010643005373,-12.209623336791992,9.480731964111328,-14.629323959350586,14.010360717773438,-11.707015991210938,-3.948930263519287,16.856693267822266,-14.973262786865234,-4.50551176071167,13.811281204223633,16.04791831970215,-2.7736055850982666,19.28043365478516,-11.92695140838623,-9.885515213012695,-6.265911102294922,8.607502937316895,13.206188201904297,17.42290687561035,-15.554205894470217,16.508207321166992,0.1136679649353027,14.326414108276367,8.015686988830566,-17.582469940185547,19.922584533691406,10.433528900146484,-17.809511184692383,17.061784744262695,15.948339462280272,-3.6321072578430176,-4.2192230224609375,4.566597938537598,15.620513916015623,-16.108240127563477,6.75565242767334,16.709875106811523,11.91305446624756,16.554683685302734,-11.276423454284668,19.751956939697266,-15.949126243591309,14.819453239440918,-4.951448440551758,-16.58088493347168,11.65272617340088,13.57568645477295,-0.1666634231805801,12.465478897094728,-7.6461181640625,-18.13678932189941,-5.089977741241455,8.851594924926758,-2.976094484329224,-7.447781562805176,-5.41430139541626,12.214917182922363,12.568350791931152,-7.630003452301025,-6.463776588439941,19.775270462036133,9.489367485046388,19.45023727416992,19.394067764282227,10.775912284851074,-1.7441842555999756,-18.784717559814453,-2.51382827758789,11.642393112182615,19.27396774291992,17.060739517211914,-9.584007263183594,-14.440658569335938,6.100659370422363,17.749711990356445,11.33946704864502,-2.8071069717407227,16.611408233642578,-7.049532413482666,-4.930473327636719,3.734745740890503,7.5316290855407715,9.893166542053224,-0.5425502061843872,9.14171028137207,1.979416012763977,8.67531681060791,16.27103042602539,-1.7728530168533323,13.8580961227417,-6.644764423370361,-15.92124080657959,6.069380760192871,4.105278015136719,-0.8518247604370117,-1.824831247329712,-5.590600490570068,2.3159055709838867,2.215125560760498,5.490187168121338,19.590892791748047,18.5281925201416,-13.438891410827637,18.62126922607422,18.386926651000977,9.173547744750977,18.001176834106445,-15.210071563720703,19.135744094848636,14.43031120300293,11.287808418273926,-4.44904899597168,10.354610443115234,1.9452323913574217,-5.931337356567383,19.25100898742676,-1.5064736604690552,-7.076906681060791,-19.910934448242188,-10.847426414489746,17.702152252197266,-11.953664779663086,-6.907680511474609,8.009611129760742,-9.3339204788208,10.007254600524902,6.64378833770752,-0.3732686042785644,2.629589557647705,4.045547008514404,-11.230786323547363,-12.360526084899902,-11.097146034240724,11.429604530334473,2.2441422939300537,6.294924736022949,-11.335148811340332,-12.89990520477295,-15.952841758728027,16.03182601928711,12.02647876739502,17.72892951965332,-1.3858858346939087,-6.499217510223389,1.5768743753433228,-16.136043548583984,1.0052950382232666,-5.830013751983643,-4.082840442657471,4.299132823944092,8.099394798278809,-17.98653793334961,19.353443145751957,-15.954745292663574,18.627864837646484,-19.780004501342773,-2.999251127243042,-7.405410289764404,6.579419136047363,10.349703788757324,-0.439286321401596,-14.107832908630373,4.878134250640869,18.69938468933105,-6.307662487030029,-4.205629348754883,-19.71014213562012,-17.68419075012207,17.177602767944336,-17.650646209716797,8.924477577209473,-1.811048984527588,4.578279972076416,13.957390785217283,-16.33940315246582,6.22276496887207,2.1539547443389893,-2.459416151046753,0.734201967716217,8.78306770324707,-1.4899015426635742,-11.73150634765625,4.969309329986572,2.4148340225219727,-17.153369903564453,-14.228914260864258,10.604914665222168,9.233616828918455,15.98514175415039,-9.413714408874512,16.355518341064453,11.446693420410156,-10.81689167022705,6.26902437210083,-18.226343154907227,-10.075894355773926,-19.08568954467773,0.2907117009162903,-5.54658317565918,15.065155982971191,-7.9884033203125,12.9378023147583,5.83348274230957,16.618127822875977,8.321356773376465,-5.451315879821777,-4.222933769226074,2.8886020183563232,-12.315037727355955,3.2951531410217285,-18.20964241027832,-11.775867462158203,-4.301933288574219,-12.482195854187012,-8.66824722290039,-14.11334991455078,-18.729372024536133,-12.28545379638672,0.7558847665786743,14.09703254699707,-12.756834983825684,18.06569099426269,-18.6894474029541,12.460933685302734,-16.72409439086914,-3.661408662796021,-19.757986068725582,-19.004718780517575,-17.87568473815918,-5.709485530853272,-8.945265769958496,10.484053611755373,4.752635002136231,-12.698503494262695,-12.36033821105957,-3.011338472366333,4.673975944519043,0.1222847402095794,-1.6802752017974854,-12.71710968017578,-15.511204719543455,-10.542638778686523,-10.147250175476074,-4.222369194030762,0.5759797096252441,-3.231849193572998,0.8600561022758484,-8.963815689086914,-8.651813507080078,2.668010711669922,-8.650914192199707,19.146841049194336,0.0352352485060691,10.880167007446287,18.71190452575684,-5.978200912475586,6.739110469818115,3.1809091567993164,-15.625689506530762,10.871356964111328,4.037117958068848,11.109844207763672,-5.427497863769531,-4.063910961151123,-6.867839813232422,-15.292081832885742,-6.631792068481445,19.407405853271484,-7.657046318054199,8.294082641601562,-7.1716132164001465,13.53705596923828,-7.526765823364258,-19.31862068176269,-9.169119834899902,19.34477996826172,5.279953956604004,-8.764394760131836,19.28706169128418,-10.197099685668944,0.655569851398468,-11.565627098083496,-15.167495727539062,-8.161070823669434,1.3083767890930176,-14.204808235168455,-10.499094009399414,-2.2832186222076416,-2.3358285427093506,2.641530990600586,-5.864428520202637,-15.525861740112305,-7.168186187744141,3.2208378314971924,2.98837947845459,16.85279655456543,19.88565444946289,-15.885601043701172,-15.32888412475586,4.613895893096924,-6.294067859649658,-19.976224899291992,10.315492630004885,-9.427556991577148,9.04326629638672,-4.659325122833252,3.333026647567749,-10.672999382019045,16.305736541748047,11.855443954467772,-5.881922245025635,-6.915562152862549,4.645490646362305,9.592529296875,18.08269691467285,-18.145910263061523,1.7362858057022097,-8.470179557800293,8.705488204956055,14.416099548339844,7.126299858093262,14.96250057220459,5.113178253173828,0.7731113433837891,15.943830490112305,-3.234361410140991,-1.6967872381210327,-0.661550760269165,-15.197688102722168,-15.010692596435549,1.5286709070205688,13.513005256652832,-13.164873123168944,-10.125720024108888,3.650812387466431,14.437077522277832,-1.6781307458877563,-2.4649152755737305,-0.6313623785972595,-14.81021785736084,-9.275582313537598,-2.587334632873535,-7.408687591552734,4.343184471130371,-11.002449035644531,13.057357788085938,1.675982117652893,18.099346160888672,3.7574210166931152,-6.658710479736328,-0.8970472812652588,1.951656937599182,-16.843259811401367,5.806126594543457,-15.362698554992676,-16.826873779296875,-5.457458972930908,-1.2253791093826294,-8.913639068603516,2.830343246459961,-18.232120513916016,-4.911196231842041,-17.895092010498047,12.167648315429688,6.079198837280273,7.741995334625244,16.441749572753906,12.519856452941896,-3.8249025344848633,-11.518440246582031,13.35398769378662,5.062389850616455,17.910104751586914,0.3026862144470215,1.9455984830856323,-10.196806907653809,-1.3931382894515991,12.295053482055664,-0.0969757586717605,-8.817707061767578,16.583724975585938,-12.371779441833496,-8.715960502624512,9.645341873168944,-1.284083127975464,-1.5593332052230835,17.347745895385742,-14.11851978302002,6.452780246734619,0.3526234626770019,-8.078902244567871,-13.816463470458984,18.498899459838867,5.714230060577393,13.084478378295898,6.511962890625,-3.709188222885132,17.04121971130371,-13.36307144165039,-7.220905780792236,9.15978717803955,-9.351522445678713,17.802675247192383,18.827957153320312,9.838542938232422,-15.834575653076172,-8.160764694213867,12.176070213317873,19.343584060668945,12.413509368896484,0.9950050115585328,6.7814621925354,4.715445518493652,2.728774070739746,-3.6721577644348153,-17.983734130859375,15.570877075195312,13.321946144104004,7.151594161987305,-7.643136978149414,17.37806510925293,18.201311111450195,13.40912914276123,4.059422969818115,8.864032745361328,-17.171667098999023,-10.171202659606934,14.452513694763184,1.847138524055481,-12.391142845153809,-10.02934741973877,15.469686508178713,4.538000106811523,-7.961074352264404,19.30344581604004,0.6154637932777405,-11.33520221710205,6.325796127319336,16.734655380249023,0.2316851317882537,12.954374313354492,-6.403873920440674,13.964311599731444,-17.362585067749023,-17.080488204956055,-8.384106636047363,-3.201894521713257,-19.584949493408203,-8.036111831665039,-8.7170991897583,-19.27975273132324,-1.4523701667785645,-11.583242416381836,0.7223597764968872,7.663357734680176,13.068378448486328,-7.511837005615234,4.585920810699463,0.8961204290390015,-19.94429588317871,6.895302295684815,-9.111767768859863,1.444087266921997,-5.368072986602783,-1.42297625541687,-1.619143009185791,17.590099334716797,-12.466168403625488,19.84095764160156,9.818452835083008,-12.656005859375,-19.17915344238281,-16.444190979003906,-13.44374942779541,11.542176246643066,-8.557241439819336,-12.85483455657959,-7.857617855072021,-14.028094291687012,-7.424468040466309,-15.633770942687988,17.565021514892578,-18.25818252563477,5.359467506408691,1.3451306819915771,-6.23033618927002,18.87427520751953,-16.889068603515625,11.75550365447998,-1.464328408241272,-4.64579963684082,19.05615997314453,-7.089151382446289,-18.47500228881836,16.118309020996094,-19.06852149963379,-1.6492074728012085,18.76749038696289,-16.227535247802734,-8.471184730529785,10.673921585083008,-8.176048278808594,14.619270324707031,8.450945854187012,15.94887924194336,4.704676151275635,16.862234115600586,-5.607715129852295,7.879453182220459,-16.519908905029297,14.823404312133787,9.304363250732422,3.1316399574279785,2.589118719100952,-10.042288780212402,10.795238494873049,-16.80632209777832,3.5307459831237797,6.444386959075928,-4.855961799621582,-16.482755661010742,8.839149475097656,6.000192642211914,19.597320556640625,16.696992874145508,-2.780216217041016,4.377813339233398,16.43010902404785,3.7768993377685542,-8.993399620056152,10.927072525024414,2.866492509841919,-1.3129998445510864,10.924681663513184,7.236287117004394,-11.12533473968506,-14.341469764709473,-2.271594762802124,-12.03812313079834,18.57773971557617,7.15802526473999,-16.028512954711914,-12.092206001281738,19.27427291870117,6.965966701507568,-12.259028434753418,-9.469634056091309,-5.164337158203125,12.97209930419922,3.3264684677124023,11.325376510620115,-14.576582908630373,15.441411972045898,-0.0575885698199272,-10.657554626464844,-12.72960090637207,9.219053268432615,-18.92557716369629,16.562807083129883,-7.258344173431396,0.078545443713665,2.6182632446289062,-3.471674680709839,-6.304089069366455,-8.072569847106934,-12.027462005615234,17.090450286865234,-1.9116780757904053,-3.8963024616241455,8.863645553588867,-18.177963256835938,-4.940492630004883,0.3669062256813049,18.59610939025879,14.627270698547363,16.64073371887207,7.066017150878906,9.90847873687744,-13.26479148864746,14.133997917175291,-10.201679229736328,7.840457916259766,11.353471755981444,-7.375204563140869,-2.352469682693481,1.7938683032989502,-10.20803451538086,12.91073226928711,12.181400299072266,-2.98816180229187,16.641592025756836,12.95345401763916,-4.116754055023193,4.906750679016113,14.86723518371582,8.240851402282715,-18.722068786621094,3.1050987243652344,2.5595037937164307,-12.3046875,19.61951446533203,-9.964032173156738,3.120056390762329,9.14388942718506,10.514354705810549,-3.1352651119232178,9.02568244934082,-16.607568740844727,-18.920433044433597,10.8727388381958,11.268003463745115,3.016439199447632,-18.373018264770508,8.656550407409668,-19.90788078308105,-12.314821243286133,15.512567520141602,9.823997497558594,-7.798656463623047,-1.7250572443008425,6.392354965209961,7.673288345336914,-0.5054333806037903,9.507328987121582,12.928638458251951,8.612574577331543,-11.555044174194336,13.196069717407228,9.320855140686035,-16.24977684020996,-10.192764282226562,0.1706755310297012,7.729506015777588,14.05972671508789,7.818691730499268,-14.544252395629885,-6.881200790405273,12.635048866271973,12.345952033996582,6.076740741729736,8.120176315307617,9.926012992858888,11.76508331298828,8.124310493469238,-19.35436248779297,11.209065437316896,-10.109816551208496,7.89478063583374,-19.36847305297852,4.750384330749512,-16.755287170410156,-19.884357452392575,-5.243181228637695,-5.185538768768311,-3.607144594192505,8.360559463500977,-1.576761245727539,14.071378707885742,-5.363774299621582,4.781846046447754,-14.554730415344238,-10.419779777526855,-11.44075870513916,-9.347030639648438,8.582050323486328,-6.638834476470947,15.24134635925293,19.231779098510746,-11.972644805908203,-16.714712142944336,9.922284126281738,11.520798683166504,11.652971267700195,11.58830738067627,1.237053632736206,-16.604354858398438,12.630234718322754,6.998494625091553,-11.837632179260254,-1.957703709602356,6.348711967468262,-16.38041877746582,3.95526123046875,-14.03813934326172,-19.931182861328125,-18.43777656555176,6.754298210144043,-3.89513897895813,-3.077192783355713,-13.693503379821776,-5.997342109680176,2.3794686794281006,-2.634174108505249,-8.718603134155273,6.430767059326172,5.211563587188721,-1.3128827810287476,-7.66178560256958,-14.346681594848633,14.927740097045898,5.8748779296875,-2.397458553314209,-3.4723470211029053,-17.33566665649414,1.2564412355422974,4.62849235534668,-3.71362042427063,-11.54982089996338,11.000088691711426,4.665075778961182,16.942110061645508,3.610457420349121,1.7793989181518557,-3.2782552242279053,12.107010841369627,13.529023170471191,17.359155654907227,18.077049255371094,-5.049958229064941,18.679412841796875,9.536229133605955,16.679506301879883,-7.373122215270996,-9.424515724182127,13.723166465759276,-15.546942710876465,1.9689685106277464,4.111407279968262,5.573310852050781,5.185632228851318,17.294872283935547,-11.420119285583496,17.83267593383789,16.318328857421875,11.839483261108398,-18.027565002441406,17.008197784423828,-6.40038013458252,-4.101182460784912,14.207927703857422,-4.199290752410889,16.118276596069336,12.258819580078123,-3.0873098373413086,15.766921043395996,-10.864540100097656,9.598539352416992,-15.646240234375,-17.58346176147461,3.93324613571167,-1.0414103269577026,18.601282119750977,0.0270664747804403,-14.392868041992188,12.20089626312256,12.201428413391112,18.730052947998047,9.003344535827637,-11.5033540725708,13.501832962036133,17.291301727294922,13.317636489868164,1.8307520151138303,1.707049012184143,-3.767282247543335,-3.7834322452545166,2.7242465019226074,0.8704131841659546,-3.3315348625183105,18.58558654785156,1.096280574798584,-0.4250943958759308,6.828032493591309,14.499126434326172,-16.69295310974121,-3.3308684825897217,3.694077491760254,-18.571367263793945,15.638738632202148,10.59184741973877,-1.785564661026001,-12.2051362991333,13.721796035766602,-17.758167266845703,15.657965660095217,-18.25470733642578,7.8293304443359375,-14.901429176330566,3.161041498184204,-17.745433807373047,6.541210651397705,1.0302408933639526,19.781095504760746,10.145289421081545,11.563206672668455,4.869648456573486,18.18620491027832,8.72525691986084,-8.829354286193848,11.485071182250977,6.164113521575928,3.998194932937622,15.28038215637207,3.142737627029419,-9.60590362548828,8.733662605285645,1.0956755876541138,-16.712810516357422,0.0368335582315921,1.955439209938049,6.298094272613525,-9.429943084716797,5.415789604187012,9.48696517944336,-9.663226127624512,-7.4439697265625,-2.237570285797119,-11.60350513458252,10.581082344055176,12.897762298583984,-7.2927632331848145,-13.06175708770752,-9.038485527038574,13.454182624816896,-2.38993501663208,8.31777572631836,12.328925132751465,-10.47984504699707,-16.6064395904541,-2.724085569381714,-11.603939056396484,-16.090513229370117,16.247644424438477,-8.31692886352539,17.109121322631836,-3.353891134262085,-3.0100793838500977,-12.598328590393066,11.332286834716797,-15.073479652404783,2.3069939613342285,-4.110439777374268,19.053955078125,-2.46584415435791,-2.5386149883270264,12.740344047546388,-5.521981239318848,17.33106803894043,4.37498664855957,-15.033846855163574,17.257488250732422,6.373158931732178,-17.889659881591797,-15.12116241455078,13.93552303314209,19.96487045288086,-12.3941650390625,-4.919430255889893,1.319218397140503,-16.40651512145996,0.5913971662521362,6.489711284637451,-4.083160400390625,-15.480144500732422,-5.45270299911499,-0.6905617713928223,-1.3744468688964844,16.78158950805664,18.06897735595703,8.491501808166504,-13.408758163452148,-14.13865089416504,-3.590630531311035,-19.147897720336918,-13.68639850616455,-4.251241683959961,10.6241455078125,5.713133811950684,-18.724580764770508,19.91024398803711,12.083931922912598,-9.362524032592772,6.737098693847656,-7.755160808563232,-3.197044849395752,-13.757473945617676,-3.854190826416016,-14.4740571975708,-6.098204612731934,1.6361061334609983,16.875408172607422,8.359932899475098,-2.752871036529541,11.846306800842283,-16.692047119140625,-0.0074730361811816,9.353720664978027,-16.745105743408203,0.540139377117157,-10.186524391174316,-1.4927810430526731,16.884550094604492,-16.59490394592285,10.191892623901367,-5.68659782409668,6.334812164306641,16.371856689453125,9.32497501373291,0.0127244219183921,2.1573240756988525,4.966299057006836,-16.926218032836914,-14.836786270141602,-11.658178329467772,18.81090545654297,-2.3080830574035645,10.098067283630373,9.880892753601074,19.00695037841797,-6.542304992675781,-13.55945110321045,4.715382099151611,-11.204471588134766,13.39791488647461,16.114736557006836,9.547245979309082,-19.980546951293945,19.310142517089844,-3.218369960784912,13.196369171142578,16.051788330078125,14.990568161010742,11.716235160827637,6.9503326416015625,-15.387914657592772,-16.043752670288086,-19.656700134277344,14.76258373260498,14.578205108642578,-16.162389755249023,17.59709358215332,2.383871555328369,-5.544559001922607,-10.205734252929688,0.1689170151948928,19.957752227783203,16.32378578186035,18.52353858947754,-7.056800842285156,-13.370018005371094,17.32445526123047,5.487386226654053,12.581390380859377,-8.660898208618164,5.497498989105225,4.441514015197754,14.853782653808594,-14.16652774810791,-18.964754104614254,12.48061466217041,-8.210597038269043,-3.880903005599976,1.5302531719207764,-15.083179473876951,-0.7185733318328857,9.42566967010498,-5.092114448547363,-2.9363338947296143,9.919842720031738,-4.816552639007568,-3.689334392547608,-11.650909423828123,-17.06950569152832,-18.61964607238769,11.399928092956545,8.125415802001953,-18.07282447814941,-9.799248695373535,4.488349914550781,15.567663192749023,-17.391725540161133,-19.217134475708008,0.4556544721126556,-3.0614283084869385,-10.969618797302246,-5.220439434051514,17.873531341552734,-2.285075187683105,12.063042640686035,3.397101879119873,12.487736701965332,-17.309906005859375,4.7947916984558105,-6.500510692596436,14.081156730651855,11.035821914672852,-1.1274083852767944,-0.6736868619918823,-13.780274391174316,9.0449800491333,-18.317325592041016,-17.21156120300293,10.211504936218262,12.195755958557127,-17.37860870361328,18.219572067260746,16.843908309936523,-0.0986570641398429,12.405835151672363,14.76009750366211,19.124574661254883,-0.4913760423660278,-17.749114990234375,15.210805892944336,18.667638778686523,9.112074851989746,-3.825892686843872,8.32366943359375,18.675479888916016,-4.260674476623535,-8.235932350158691,-14.433309555053713,10.246204376220703,6.726733684539795,-18.89556121826172,-14.198441505432127,-11.652894020080566,7.048384189605713,-12.759927749633787,17.062328338623047,-7.513796806335449,17.443078994750977,18.88136482238769,4.940763473510742,5.6808390617370605,10.870760917663574,19.35711097717285,8.88102912902832,17.356725692749023,-3.0199453830718994,11.657880783081056,0.0307842139154672,10.38985538482666,19.92361640930176,-9.822336196899414,11.37353229522705,18.32541275024414,16.61138153076172,-11.16842269897461,15.481432914733888,13.4923677444458,-19.788158416748047,16.86541748046875,1.0605100393295288,-11.65578842163086,-3.7043707370758057,-2.9763009548187256,-9.646467208862305,-8.332797050476074,14.190203666687012,19.1973876953125,1.4699394702911377,8.476511001586914,-5.901735782623291,15.181514739990234,4.553380966186523,-15.662199020385742,17.608396530151367,-4.515544414520264,5.134261608123779,-4.904821395874023,17.43067741394043,12.85502815246582,-6.705862998962402,-15.633645057678224,4.945963382720947,-12.287035942077637,15.993085861206056,-13.37844944000244,14.261380195617676,19.863096237182617,14.693853378295898,-7.153767108917236,-5.034848213195801,-5.042059898376465,16.041584014892578,19.591873168945312,17.553157806396484,-3.3204238414764404,12.894671440124512,3.5547995567321777,2.0382323265075684,15.251516342163086,-4.11522102355957,15.09524631500244,14.547652244567873,-5.743152618408203,-17.811946868896484,-8.089241981506348,-19.19391822814941,-2.310153722763061,7.06118631362915,-3.30891489982605,6.55023193359375,14.91659927368164,-14.55595874786377,14.900853157043455,-4.272080898284912,-12.668678283691406,7.390398979187012,-0.066217727959156,-6.6064887046813965,4.412715435028076,0.2176967710256576,12.872455596923828,-8.14501667022705,0.745985746383667,10.76943016052246,19.992467880249023,9.507692337036133,6.125553131103516,9.000345230102539,-15.397225379943848,10.918663024902344,1.392632007598877,12.925958633422852,8.936053276062012,11.346245765686035,-12.36432647705078,-4.046696662902832,3.9883251190185542,-19.49637794494629,-7.772402286529541,17.979631423950195,19.91870880126953,-11.978280067443848,-7.553596973419189,14.663471221923828,6.770943641662598,13.734703063964844,11.793501853942873,8.62060832977295,5.490073204040527,-15.781257629394531,-5.701934337615967,-5.825713157653809,6.936137676239014,9.766756057739258,-15.318765640258787,-5.694907188415527,9.310107231140137,9.896976470947266,-17.10565757751465,-1.3542934656143188,-3.819516897201538,16.711498260498047,-2.051460266113281,19.875877380371094,-1.4740668535232544,-19.6341609954834,-14.122597694396973,-11.039271354675291,4.47476863861084,19.079818725585938,-5.13804817199707,19.76545143127441,16.773265838623047,-18.84432601928711,-7.56049108505249,-5.875,10.488113403320312,-3.143014430999756,9.38583755493164,-9.289386749267578,-7.594161033630371,-15.161805152893066,-2.646399974822998,-4.626166820526123,-17.337778091430664,1.0295121669769287,10.335153579711914,-2.8437070846557617,6.611247539520264,0.8264519572257996,10.616671562194824,-14.981128692626951,-4.026464939117432,0.6510044932365417,-13.159476280212402,-14.913492202758787,3.793272256851196,13.91818618774414,-9.749815940856934,-5.326834201812744,17.846651077270508,10.630606651306152,-3.451579570770264,-4.987704277038574,18.89253234863281,-19.73589515686035,-6.031639099121094,2.0936996936798096,-1.3804305791854858,-15.63975429534912,-7.809684753417969,-5.059866905212402,-0.4160180985927582,7.524230003356934,8.089622497558594,19.005352020263672,16.883350372314453,17.614971160888672,-11.469070434570312,15.558337211608888,-7.102476119995117,13.181804656982422,-18.79001808166504,4.690845489501953,-6.326291561126709,15.576438903808594,-16.540973663330078,7.500633239746094,-0.524790346622467,-10.88749885559082,-4.642152309417725,19.140277862548828,-9.2346773147583,-8.121124267578125,4.876640796661377,-1.321062684059143,10.038656234741213,6.615111351013184,-14.381152153015137,-2.372025489807129,-19.2689208984375,-10.68010139465332,-18.098617553710938,-4.826997756958008,14.930441856384276,10.45047664642334,-12.952457427978516,2.308044195175171,-7.669680118560791,16.843019485473633,18.3128604888916,11.898077011108398,-11.082629203796388,0.487072229385376,-13.156878471374512,10.747641563415527,-13.123479843139648,-12.421670913696287,5.244075298309326,-12.076156616210938,1.5200388431549072,-2.6150708198547363,-17.89763832092285,10.63115119934082,3.8034651279449454,14.36630630493164,0.2161625176668167,-10.995698928833008,-13.264118194580078,-16.910659790039062,-1.982124924659729,-13.287022590637209,13.405062675476074,-17.20075035095215,1.1044338941574097,-9.9603271484375,-6.769852161407471,-14.665705680847168,0.483336478471756,16.514183044433594,0.8879557251930237,16.35049819946289,1.24273681640625,12.836713790893556,-3.3992457389831543,12.229432106018066,16.458581924438477,-13.211305618286133,-8.47107219696045,16.942249298095703,3.2351980209350586,8.821807861328125,-10.0059814453125,2.4075443744659424,-0.6431285738945007,-10.416693687438965,-4.338007926940918,-9.983015060424805,5.642518520355225,11.139728546142578,-6.630809783935547,8.238131523132324,17.870452880859375,-8.72176456451416,-10.71986198425293,-1.2131977081298828,-9.60853672027588,-13.161462783813477,-16.082881927490234,2.8741376399993896,16.33639144897461,11.701726913452148,-13.899371147155762,-18.80541229248047,-18.13507843017578,7.317806243896484,-10.966683387756348,-5.133924961090088,5.696971893310547,3.728783369064331,4.827512741088867,-0.4834847748279571,-13.403457641601562,16.27391815185547,-9.272808074951172,18.67657470703125,-10.802776336669922,-5.117213249206543,13.32176685333252,6.799516201019287,2.598921060562134,5.701367378234863,-3.1100614070892334,-5.893000602722168,8.737547874450684,-17.674203872680664,-3.131716251373291,2.0104517936706543,-14.597304344177246,1.625514030456543,0.5090143084526062,-17.842121124267578,-18.57774353027344,-18.598596572875977,-15.951022148132324,5.6804046630859375,15.499815940856934,2.802579402923584,-8.989911079406738,-9.361709594726562,6.87887716293335,-15.944537162780762,6.631538391113281,-14.807321548461914,7.996079921722412,-15.495447158813477,2.318514108657837,-19.64553451538086,-10.822242736816406,-2.729767084121704,-8.549737930297852,-12.8518648147583,16.30702018737793,-0.0746755748987197,3.2151107788085938,-17.281986236572266,-13.631566047668455,-8.24203109741211,-14.482199668884276,-6.397093296051025,17.21205711364746,4.526046276092529,12.412023544311523,-16.778303146362305,17.054832458496094,-10.015649795532228,15.884400367736816,-3.6898913383483887,-1.5727802515029907,4.893817901611328,-1.710418939590454,3.3624885082244877,12.394560813903809,-6.714972496032715,-8.861598014831543,-12.213730812072754,-1.771924614906311,-0.309203565120697,14.092172622680664,-13.95573616027832,-9.680360794067385,12.269433975219728,-4.183494091033936,-14.541983604431152,16.744813919067383,-12.116785049438477,5.216207027435303,-4.868016242980957,-18.04603385925293,3.9571263790130615,18.397476196289062,-14.226547241210938,-14.810802459716797,7.550889492034912,17.67999839782715,-7.755594253540039,-13.578407287597656,0.4783288538455963,-8.768260955810547,-11.189079284667969,9.066370010375977,11.361592292785645,-5.093729496002197,10.641519546508787,16.797466278076172,6.324410438537598,14.728116035461426,19.052343368530277,-11.376440048217772,9.078927040100098,14.328389167785645,-1.4169025421142578,0.14486925303936,-4.0072526931762695,1.8693794012069704,-3.736012935638428,-12.782876014709473,15.090980529785156,-19.77810859680176,-9.13485622406006,14.084012985229492,-16.69698715209961,6.723381996154785,-19.45894432067871,-0.5917891263961792,-13.597053527832031,16.855688095092773,-3.906483888626098,19.30936050415039,-13.260610580444336,11.039944648742676,2.190399646759033,18.44209289550781,11.603717803955078,-11.273433685302734,19.35501480102539,1.8905340433120728,-4.332240104675293,11.856616020202637,3.95399022102356,-10.647289276123049,-19.99156188964844,3.967850923538208,8.2744779586792,-0.5006154179573059,4.0853447914123535,3.586671829223633,14.267711639404297,0.4873683750629425,4.847159385681152,-15.10841941833496,-0.4599802792072296,-11.57339572906494,12.022953033447266,-10.406842231750488,-12.704988479614258,-19.31453514099121,17.64090919494629,-15.777739524841309,13.397147178649902,-1.3656824827194214,7.834246158599853,2.3309009075164795,-15.733759880065918,12.305781364440918,-15.55921745300293,-11.061294555664062,-7.569813251495361,-0.5463641881942749,13.236233711242676,-18.54195022583008,8.333963394165039,-1.853317141532898,17.82957649230957,17.118677139282227,-18.853294372558597,-13.189565658569336,-9.940899848937988,-8.604729652404785,2.3627333641052246,12.514949798583984,17.227346420288086,4.0543317794799805,-3.4971439838409424,8.9212007522583,-5.465968608856201,17.42693519592285,14.702948570251465,2.9791173934936523,11.225491523742676,-10.384333610534668,-13.916321754455566,14.449724197387695,17.150516510009766,-19.226215362548828,-13.077000617980955,10.422094345092772,9.44695281982422,11.005167007446287,11.857627868652344,-14.58799648284912,17.33063316345215,-11.14524745941162,10.206206321716309,-0.0528489165008068,-6.520108222961426,-18.08840560913086,17.66717529296875,-9.135483741760254,11.761256217956545,7.677126407623291,0.2966965436935425,1.0416237115859983,-19.462047576904297,8.382585525512695,18.16766166687012,15.067386627197266,-2.7676830291748047,15.844117164611816,-15.332887649536133,1.637301683425903,12.575535774230955,-8.437737464904785,7.067535877227783,2.9587106704711914,-17.53162956237793,1.0125093460083008,12.635475158691406,19.793066024780277,10.594983100891112,-18.882478713989254,-2.6599740982055664,-6.589962959289551,13.339682579040527,-16.177509307861328,7.609447956085205,14.896568298339844,2.0036733150482178,12.574429512023926,4.814234256744385,18.392032623291016,3.628225803375244,6.346573352813721,-15.933841705322266,13.12245273590088,16.436969757080078,-3.444329738616944,-2.8236443996429443,15.911057472229004,-14.68910026550293,19.162572860717773,7.997716426849365,11.964558601379396,-0.668064534664154,-16.04299545288086,13.64376163482666,14.423165321350098,-18.8230094909668,11.2252197265625,15.94728946685791,17.7166805267334,7.535286903381348,-9.368395805358888,8.798568725585938,17.785648345947266,19.42823982238769,-16.712055206298828,-19.33658218383789,19.42194175720215,18.649770736694336,10.22165870666504,-2.6436362266540527,11.340057373046877,-12.597042083740234,13.151914596557615,-17.104915618896484,-18.20838737487793,-14.026421546936035,2.3374624252319336,17.60087776184082,-14.70138168334961,14.404295921325684,8.736867904663086,17.375667572021484,-14.157944679260254,-10.81279754638672,5.285595893859863,-0.6303589940071106,10.090359687805176,13.696022987365724,-13.556097030639648,8.793471336364746,-8.609646797180176,-6.795457363128662,15.00792407989502,6.346190929412842,15.35506534576416,0.7883592247962952,14.90938949584961,17.182880401611328,11.474699020385742,16.887968063354492,11.849494934082031,0.5968413352966309,-4.4999308586120605,-5.070309638977051,-1.3927197456359863,-1.575079321861267,-4.8291449546813965,-5.323362350463867,2.519592523574829,9.711323738098145,14.399162292480469,-10.371119499206545,18.66859436035156,-18.558029174804688,3.668282985687256,11.119643211364746,-7.581403732299805,16.240337371826172,-5.114811420440674,-13.884026527404783,8.84561824798584,-16.598003387451172,1.4466924667358398,12.589414596557615,8.303058624267578,3.041962146759033,-19.171566009521484,1.8069005012512207,-16.060115814208984,-18.397838592529297,6.408790111541748,15.43494701385498,0.0618118271231651,-7.02689790725708,-8.607124328613281,-1.0707625150680542,-3.25818133354187,-9.42902660369873,15.31676197052002,2.3355486392974854,19.59783363342285,13.145174980163574,-9.036014556884766,8.77365493774414,-12.226786613464355,8.995194435119629,19.865516662597656,16.293092727661133,9.582357406616213,11.802244186401367,-3.246365785598755,1.815245270729065,-6.188857078552246,-1.6604865789413452,-6.520717620849609,-7.285655975341797,-0.0055502746254205,10.491666793823242,-2.72830581665039,9.144643783569336,7.214128494262695,-14.33389663696289,-19.13264274597168,-11.381519317626951,17.128833770751953,-16.783077239990234,-9.864994049072266,-10.194891929626465,-3.66943097114563,15.082209587097168,8.238990783691406,4.365671157836914,5.987264633178711,-6.731683254241943,-17.231348037719727,19.377960205078125,2.213551998138428,7.635760307312012,13.733911514282228,19.33162498474121,11.871939659118652,-8.194879531860352,9.569310188293455,6.149371147155762,-7.645898818969727,-5.191488742828369,15.053257942199709,-3.839021444320679,13.463985443115234,-8.605953216552734,-8.311568260192871,-9.723496437072754,2.6663200855255127,-3.73846435546875,-7.81843376159668,7.692739486694336,14.227993965148926,0.0295139104127883,8.280179023742676,15.094995498657228,-0.505843460559845,-0.8690566420555115,10.03012466430664,-17.936697006225586,-4.414068698883057,2.56217360496521,-16.222312927246094,13.22635269165039,-16.344396591186523,13.213791847229004,15.101987838745115,-18.229724884033203,-7.818837165832519,-14.27932357788086,-12.674351692199709,-17.705730438232422,-18.499406814575195,-12.870628356933594,-8.426138877868652,2.2952442169189453,-2.7397947311401367,8.644736289978027,16.387331008911133,9.900639533996582,12.069490432739258,13.08579921722412,-16.268939971923828,9.448846817016602,-0.7728298902511597,-8.037367820739746,-16.23439598083496,7.840170383453369,2.8118491172790527,14.392902374267578,-9.55451202392578,3.9884033203125,-3.159188032150269,-4.085263729095459,15.024164199829102,-11.159252166748049,10.358874320983888,6.573962688446045,16.880416870117188,-6.839407920837402,15.711222648620604,-19.31662368774414,9.039405822753906,-8.51759147644043,6.121143817901611,-4.366905212402344,12.50069522857666,-18.82392692565918,10.143792152404783,-19.57120132446289,-0.7871387600898743,13.992239952087402,8.01218032836914,13.378551483154297,-18.26761245727539,-12.464814186096191,-5.448555946350098,6.671285629272461,12.143762588500977,7.49982213973999,-12.158268928527832,-18.47316169738769,-7.213563442230225,2.383802890777588,7.580271244049072,5.230788707733154,15.440828323364258,5.36968469619751,-1.5584465265274048,6.851502418518066,4.725180625915527,-14.78140354156494,1.6207633018493652,-14.550850868225098,-5.561685562133789,8.84659194946289,-18.7635555267334,5.135055541992188,1.7988446950912476,15.392739295959473,15.72098159790039,-15.318284034729004,-9.383271217346191,8.521764755249023,6.535495281219482,18.69578742980957,9.210016250610352,5.966277122497559,-7.248674392700195,-3.652491807937622,15.78466796875,-5.531317234039307,-16.122400283813477,-11.500421524047852,15.900632858276367,16.589628219604492,-9.722582817077637,-9.902223587036133,8.583555221557617,6.942130565643311,-0.2241382151842117,-1.9728296995162964,2.56607437133789,12.58518409729004,-17.30129623413086,-4.370579719543457,12.092032432556152,3.9255385398864746,-2.7166876792907715,-9.897454261779783,-16.051984786987305,-0.894580066204071,19.59429359436035,3.0802676677703857,-14.308555603027344,2.274556875228882,-13.71911907196045,12.774381637573242,3.25171971321106,-16.81414794921875,9.44291877746582,-18.531118392944336,-8.33950138092041,-6.839036464691162,9.70566749572754,2.5277187824249268,9.604226112365724,-9.007163047790527,-14.413915634155272,18.647789001464844,-7.0548200607299805,0.7618761658668518,-4.042127132415772,-17.26795768737793,-8.057721138000488,5.282508850097656,-12.384693145751951,3.2657594680786133,19.90901756286621,10.861170768737791,-9.420148849487305,-3.779295921325684,13.774704933166504,-3.0685038566589355,-18.179412841796875,11.44332790374756,-4.587158679962158,-6.363585472106934,-9.467774391174316,1.6915794610977173,8.254021644592285,17.894245147705078,3.649179697036743,-3.878488779067993,-0.4552102982997894,-12.578550338745115,-9.981196403503418,-13.672246932983398,9.735811233520508,-5.592122554779053,4.2703471183776855,-18.91394424438477,-2.04497504234314,14.118258476257324,-12.19489574432373,-19.63554573059082,-3.8073980808258057,19.96465492248535,1.6659146547317505,17.978687286376953,-6.668249607086182,3.735379457473755,14.029231071472168,1.9278209209442136,-14.457499504089355,10.690813064575195,4.853455066680908,0.1922700554132461,-7.623680591583252,19.85758209228516,12.91321086883545,-1.8424291610717771,18.798555374145508,-15.247740745544434,-10.207375526428224,5.821991443634033,-2.403122663497925,-15.744647979736328,-16.893218994140625,9.808716773986816,7.058496475219727,3.939863681793213,-10.454439163208008,-14.311047554016112,1.7241250276565552,-18.430124282836918,5.227193832397461,14.554383277893066,11.36335277557373,-3.463102102279663,9.557211875915527,9.534707069396973,-16.686662673950195,16.391345977783203,-3.642746686935425,17.41023063659668,-1.7035781145095823,-12.763534545898438,-1.2366937398910522,4.272590160369873,14.658221244812012,1.920347809791565,-3.6548688411712646,-0.2120677083730697,-13.684635162353516,5.093143463134766,16.852357864379883,-13.831536293029783,-7.151562213897705,-19.82110977172852,-5.13294792175293,-1.607956051826477,7.064748287200928,2.2608988285064697,19.412919998168945,11.342617988586426,-19.70209312438965,-5.368725299835205,11.860340118408203,-19.9973087310791,-17.511669158935547,-13.963247299194336,8.578215599060059,0.44517982006073,11.039505958557127,-15.430374145507812,-18.30454444885254,-4.941642761230469,-7.457011699676514,1.0279784202575684,1.7669981718063354,15.968631744384766,-9.998428344726562,-4.300894737243652,-10.424138069152832,3.943158864974976,-14.75977611541748,-10.35555648803711,-4.3166022300720215,17.79877471923828,-11.811607360839844,-6.82192325592041,7.4357829093933105,10.929031372070312,3.075542688369751,-10.557575225830078,-1.6187859773635864,15.979673385620115,-8.664299011230469,8.303114891052246,-12.373736381530762,8.93324089050293,18.40289306640625,-0.50986647605896,13.224631309509276,-19.801349639892575,0.902761459350586,13.86374855041504,-13.518473625183104,-12.13588523864746,-11.128766059875488,0.0865581557154655,11.595707893371582,-3.359323024749756,-19.17545890808105,-9.220623016357422,-3.889735221862793,-9.616331100463867,-19.730928421020508,5.139009952545166,2.5962395668029785,10.851043701171877,4.665555953979492,8.563060760498047,-18.47501373291016,10.4048490524292,14.600810050964355,-8.254955291748047,6.723714828491211,8.468405723571777,-2.750133514404297,-16.656047821044922,-12.620755195617676,-5.510788917541504,2.875013589859009,19.561908721923828,8.928628921508789,-11.520843505859377,6.020983695983887,0.6997736692428589,-11.003620147705078,-0.3796379268169403,-5.1905517578125,-15.152107238769531,8.999800682067871,5.361474990844727,-14.098782539367676,-7.697150230407715,6.201416492462158,8.559104919433594,4.436549186706543,18.508256912231445,-2.259175062179565,15.990880012512209,-11.230828285217283,13.467961311340332,-9.92696475982666,-16.937475204467773,-8.785200119018555,8.733357429504395,0.5366633534431458,-2.866136074066162,-5.493690013885498,1.6504515409469604,-5.616374969482422,19.767852783203125,0.8034465312957764,0.1797723323106765,-15.14462661743164,4.899185657501221,12.482417106628418,3.8208529949188232,9.92286777496338,18.86061668395996,-16.465490341186523,3.459564685821533,-0.6858229041099548,-16.271102905273438,14.74962329864502,-16.176713943481445,-19.414918899536133,-3.3951635360717773,13.916239738464355,19.87150001525879,19.40119743347168,14.106319427490234,-2.247136354446411,-3.4311678409576416,15.467238426208496,10.92031478881836,-8.271721839904785,-12.650869369506836,8.020578384399414,5.489226818084717,-12.35815715789795,-9.77977466583252,-14.69102382659912,-0.0093345046043396,19.78097343444824,13.44675636291504,-2.9538962841033936,-19.584030151367188,2.8383469581604004,-14.048012733459473,-8.964140892028809,17.4901180267334,-8.6616849899292,13.749932289123535,6.379380702972412,-5.124283313751221,-11.556024551391602,14.17219352722168,0.3260499238967895,18.17096900939941,13.492881774902344,11.103044509887695,4.953992366790772,3.5227370262146,3.668403148651123,8.002861022949219,9.50637149810791,-12.04741668701172,12.25694751739502,-9.190051078796388,-16.15974998474121,-1.8334063291549685,-14.619744300842283,3.34285831451416,-11.556559562683104,1.688538670539856,-2.234030246734619,8.638370513916016,16.544696807861328,18.816707611083984,-17.137985229492188,-13.076315879821776,-3.333144426345825,14.05044651031494,-6.804104328155518,12.58928680419922,6.683199882507324,8.82503890991211,-9.900898933410645,19.92091178894043,12.42712116241455,12.563053131103516,5.341533184051514,17.6132869720459,4.939403057098389,-11.89972686767578,6.30165433883667,-13.02714729309082,-2.7485058307647705,-4.869007587432861,-12.633166313171388,0.0086691575124859,-1.8421787023544312,-2.676027297973633,14.16285514831543,17.09373664855957,19.194381713867188,19.155797958374023,-8.233269691467285,2.328951597213745,-19.913368225097656,-8.945301055908203,14.02027416229248,2.295429229736328,11.09143352508545,-0.7196409106254578,19.869258880615234,-2.3042569160461426,-4.622251033782959,10.86098289489746,6.2048773765563965,-3.195297718048096,-12.699345588684082,16.384511947631836,9.32366943359375,18.365083694458008,-2.9766430854797363,16.164892196655273,10.073315620422363,0.4185513257980346,-16.76721954345703,2.9696435928344727,-17.975811004638672,15.639750480651855,-19.05505752563477,3.962644577026367,-18.188594818115234,6.7164835929870605,16.56856918334961,1.9278013706207275,-19.473350524902344,0.8955399394035339,1.2990682125091553,-7.65958309173584,-9.506914138793944,16.982141494750977,0.4410251975059509,-12.045345306396484,12.174647331237791,18.369163513183597,-15.687458992004396,-3.850174903869629,-19.037446975708008,1.2670238018035889,6.951180458068848,18.34662437438965,-18.40704727172852,-17.2725887298584,-2.539695501327514,15.820688247680664,-8.575620651245117,-17.829002380371094,17.846277236938477,17.850454330444336,-13.290661811828612,8.979459762573242,0.5365753769874573,6.373678207397461,11.67380428314209,8.381393432617188,-7.558985233306885,-1.5574429035186768,14.537799835205078,-11.499908447265623,-9.858734130859377,-11.28492546081543,14.30315113067627,4.510438919067383,3.9444634914398193,-18.17145729064941,7.213305473327637,7.35780668258667,-6.673526287078857,-11.67821216583252,-3.3438050746917725,-4.24407958984375,4.863254070281982,-16.11126136779785,-4.466577053070068,6.0365891456604,12.677079200744627,-9.243906021118164,-15.08145809173584,10.146235466003418,-6.554176330566406,14.021857261657717,12.395462036132812,11.056685447692873,5.672121047973633,5.13477897644043,8.58418083190918,16.35245704650879,10.588346481323242,-8.396829605102539,-13.56846046447754,-13.269866943359377,-6.789875984191895,-4.767550945281982,13.622905731201172,-17.145662307739258,15.271513938903809,13.431239128112791,-5.696474075317383,-4.117003917694092,-2.8031599521636963,-11.29595947265625,-13.562647819519045,-15.718313217163086,18.624311447143555,18.92158889770508,10.417527198791504,-14.949493408203123,-0.8541200160980225,1.04534113407135,-18.67683982849121,6.50855827331543,-13.022525787353516,-15.082159996032717,19.30633354187012,-10.493124008178713,-17.51015281677246,5.770384311676025,0.8839071393013,18.63633918762207,-8.354387283325195,9.442936897277832,-17.0327205657959,-2.0943305492401123,-2.1714584827423096,16.13816261291504,-18.554048538208008,-4.179703712463379,-17.49441909790039,-6.266176223754883,2.1052486896514893,-7.12035083770752,-14.85666275024414,6.4111857414245605,13.18286418914795,-1.8385803699493408,11.173792839050291,13.863505363464355,-12.905498504638672,5.181794166564941,-8.625078201293945,0.5229628682136536,-3.5517473220825195,-6.955521106719971,-18.46527671813965,18.83432388305664,-18.41667938232422,8.144817352294922,-7.166093349456787,-3.363108396530152,17.754249572753906,-6.059473037719727,-1.5466585159301758,-7.2762274742126465,-16.407672882080078,-2.6380481719970703,6.136136054992676,4.8026323318481445,5.679688930511475,18.630638122558597,1.7460769414901731,4.519643306732178,-16.530731201171875,-4.241417407989502,-6.291321754455566,-1.3237448930740356,12.412899017333984,-17.041059494018555,-1.435351014137268,1.966307997703552,3.0973920822143555,0.1476006507873535,-1.1944516897201538,2.821013927459717,13.644835472106934,9.370070457458496,-1.175512194633484,-19.62485694885254,-10.978029251098633,3.8278093338012695,19.174121856689453,-6.811676979064941,-16.5429630279541,-0.3524666726589203,14.044292449951172,-17.676010131835938,18.932113647460938,8.904126167297363,18.954221725463867,-15.747150421142578,13.684809684753418,16.118993759155273,-1.8691110610961916,-12.48974323272705,13.65162181854248,12.162424087524414,10.44843578338623,5.26810359954834,13.570749282836914,-6.506249904632568,6.499581813812256,-15.67774486541748,4.5690202713012695,-15.13483715057373,19.358020782470703,-13.33104133605957,11.864127159118652,15.725621223449709,-14.585803031921388,-11.770387649536133,-9.130020141601562,-17.720117568969727,15.02579116821289,14.562210083007812,7.928563117980957,7.786738395690918,11.983368873596191,-12.69518756866455,-16.577659606933594,-5.812771320343018,-19.700096130371094,11.27719783782959,-18.574254989624023,0.3213379681110382,-6.807502746582031,4.998409748077393,-7.715743541717529,-13.15294075012207,9.525402069091797,6.199168205261231,-11.069759368896484,-18.34270477294922,-3.491849899291992,19.58049964904785,-13.085302352905272,-8.629634857177734,2.951257705688477,-5.786214351654053,11.424543380737305,3.2571589946746826,-15.859987258911133,6.524266242980957,-13.496171951293944,-9.78671932220459,12.121132850646973,-14.786856651306152,15.229360580444336,-11.879793167114258,-14.275164604187012,9.36872100830078,2.7247426509857178,17.903215408325195,-9.124626159667969,-6.013574123382568,1.286554932594299,-5.505250930786133,7.011297702789307,7.87560224533081,-19.8335018157959,1.6314018964767456,-1.3501648902893066,17.453763961791992,-4.4044060707092285,-1.8389620780944824,-2.418120622634888,-12.758336067199709,3.27554988861084,-18.865886688232425,12.116177558898926,11.709386825561523,17.471466064453125,-14.13161849975586,-3.468360424041748,6.34192419052124,-10.845396995544434,-12.736109733581545,18.200437545776367,14.314823150634766,17.927030563354492,11.995464324951172,-4.257606506347656,17.807851791381836,5.896815299987793,-14.334603309631348,13.612242698669434,-0.5925096869468689,-6.986182689666748,-13.594697952270508,6.074117660522461,11.285061836242676,9.599272727966309,7.802099227905273,14.66036605834961,11.077799797058104,5.878419876098633,-8.685052871704102,12.690252304077148,-15.196213722229004,6.113011360168457,17.678131103515625,-18.711030960083008,-5.613072872161865,-2.1233468055725098,-16.00864028930664,-16.957210540771484,-5.028177261352539,-15.968996047973633,-16.184715270996094,2.717769145965576,-14.614431381225586,9.542835235595703,-5.543862342834473,-9.282461166381836,13.14404296875,-11.766441345214844,14.94871425628662,3.0969183444976807,7.613965034484863,3.7668943405151367,18.296749114990234,19.22300720214844,-10.30942726135254,-15.750298500061035,-18.09071350097656,-19.075498580932617,-5.111721992492676,2.045620441436768,10.567859649658203,14.285313606262209,2.3820817470550537,-6.347097873687744,13.036781311035156,-11.90907859802246,-17.630556106567383,17.803483963012695,-4.262679576873779,18.826723098754883,9.679675102233888,19.036357879638672,0.6771604418754578,-7.664301872253418,-9.722743034362791,-4.902111053466797,18.686677932739254,11.475459098815918,15.205205917358398,-15.488112449645996,-9.127317428588867,-15.844322204589844,-8.0321626663208,18.465015411376957,-11.105981826782228,5.5573039054870605,-10.548816680908203,1.4472639560699463,-18.28758811950684,19.34739112854004,-0.1935190856456756,-18.18738174438477,-9.687679290771484,-10.678451538085938,-8.563973426818848,5.529072284698486,-11.50368309020996,-7.712368488311768,11.225231170654297,-19.6232852935791,19.39840316772461,0.4047403931617737,18.93926429748535,17.767993927001953,-1.7321045398712158,1.0295082330703735,-13.135971069335938,2.6288208961486816,7.636820793151855,-17.344993591308594,-2.2465102672576904,-17.760784149169922,-11.579471588134766,-12.76866626739502,13.899502754211426,1.6978963613510132,2.1240177154541016,-0.1136935353279113,2.29793643951416,-9.98941135406494,16.496307373046875,-5.884877681732178,17.828527450561523,-14.129162788391112,-2.029979467391968,-18.05595588684082,5.508540630340576,-13.35159397125244,-13.484979629516602,-15.971657752990724,-12.369955062866213,-10.769015312194824,18.645063400268555,3.16001296043396,-16.614587783813477,-0.635635495185852,-10.733866691589355,9.033679008483888,8.882877349853516,-4.057240962982178,17.693647384643555,3.4873604774475098,-13.39211082458496,13.928881645202637,8.673445701599121,15.28334903717041,5.954109191894531,-9.70490264892578,17.516633987426758,12.442941665649414,10.262033462524414,8.146222114562988,8.140740394592285,12.947853088378906,-15.908822059631348,-4.277228832244873,-4.734080314636231,-16.290510177612305,-2.3307223320007324,-19.78054618835449,-2.8116421699523926,17.371496200561523,19.91924285888672,15.488146781921388,-4.458989143371582,-15.905279159545898,-19.75567054748535,10.2939453125,-12.976346015930176,-6.704922676086426,-13.258938789367676,13.13624382019043,-11.686097145080566,-17.503013610839844,-2.4997451305389404,-8.151461601257324,4.613266468048096,-2.011512041091919,-9.420093536376951,-8.889043807983398,-5.093850135803223,-17.430883407592773,-10.080340385437012,7.828976154327393,15.109135627746582,-4.3184661865234375,-17.198286056518555,13.29875946044922,-11.60528564453125,14.150168418884276,8.015533447265625,9.417940139770508,-15.322591781616213,1.5528322458267212,-4.049827098846436,6.227272987365723,-14.496346473693848,-13.045350074768066,-19.871238708496094,0.1562471240758896,13.766836166381836,-13.517632484436035,17.778053283691406,-11.622300148010254,1.0489184856414795,-4.419028282165527,12.610769271850586,-0.6090660691261292,4.840862274169922,-2.179368257522583,6.007319927215576,7.918578624725342,-15.739740371704102,-2.290637731552124,17.04425048828125,-8.141047477722168,6.84055233001709,-1.187036633491516,-1.6004425287246704,-7.381635665893555,4.345898151397705,-11.101616859436035,-8.944982528686523,3.636472702026367,-16.78281021118164,-16.587419509887695,10.552258491516112,-7.031050682067871,-2.244941711425781,8.645116806030273,-19.092918395996094,17.919540405273438,-12.221078872680664,14.1803617477417,17.773418426513672,-16.910789489746094,4.178968906402588,4.300025463104248,-0.1753692179918289,4.529211521148682,11.25007438659668,-6.690616607666016,10.574196815490724,-11.462536811828612,17.078048706054688,-12.441069602966309,-4.424552440643311,11.91645622253418,2.772879838943481,-0.3710529506206512,8.357237815856934,12.374077796936035,19.509492874145508,-0.6388195157051086,1.543874740600586,-14.9852933883667,-14.481589317321776,16.791244506835938,19.358726501464844,-10.712332725524902,-9.710548400878906,-3.5676462650299072,-15.160722732543944,16.33504295349121,0.5887666344642639,18.3636474609375,6.603065967559815,-12.464463233947754,12.62142848968506,6.45743989944458,2.023143529891968,-1.3260124921798706,-14.111696243286133,4.009745121002197,-16.98988914489746,12.640498161315918,13.676048278808594,-19.808853149414062,13.500282287597656,0.8631905317306519,-14.35171604156494,-13.825692176818848,5.246614456176758,-13.269036293029783,-6.611176490783691,-19.094470977783203,-0.8888880610466003,-13.245777130126951,-16.886165618896484,-11.86566162109375,17.26242446899414,-13.234912872314451,-9.060890197753906,13.18974494934082,-9.886691093444824,-4.8638997077941895,-4.637959003448486,8.582859992980957,11.228520393371582,-8.280518531799316,-17.638063430786133,13.548090934753418,-5.046184539794922,-4.75024938583374,-10.296242713928224,-12.787199020385742,-13.122635841369627,11.01584815979004,-18.21872329711914,-11.70380401611328,5.511264324188232,-2.053860902786255,-13.040284156799316,9.984841346740724,-11.380436897277832,-16.09808921813965,-3.8696019649505615,19.61815452575684,17.88411521911621,1.4801428318023682,-10.476482391357422,7.552428245544434,-10.55605125427246,16.97495460510254,-0.6714321970939636,8.510278701782227,13.406420707702637,-14.438223838806152,-14.470738410949709,13.142799377441406,-6.430584907531738,-4.651183128356934,-6.936669826507568,-13.101140975952148,-17.50943946838379,-1.4932767152786257,-6.665031909942627,-14.678584098815918,-2.291083812713623,-10.268254280090332,-15.89911937713623,-13.181478500366213,-8.609596252441406,17.988996505737305,-4.701645851135254,-8.197858810424805,12.448230743408203,-7.428966999053955,5.271656036376953,14.99323844909668,5.329608917236328,8.425155639648438,-18.680185317993164,-15.293668746948242,3.137045621871948,-8.765094757080078,-15.46562385559082,-16.363752365112305,15.556676864624023,-5.629549980163574,3.6373658180236816,-1.177006483078003,-9.05754280090332,-9.13584327697754,14.45823097229004,-8.41763687133789,5.266737461090088,-1.4598430395126345,-18.05642509460449,5.279433250427246,3.2735342979431152,-18.34068489074707,8.038996696472168,15.504724502563477,5.6340179443359375,-12.953035354614258,-7.610349178314209,-11.635138511657717,-19.5081787109375,-10.39235496520996,-1.5352885723114014,-16.46815299987793,-18.96375846862793,-18.161815643310547,6.396353721618652,-17.56899070739746,-15.416028022766112,15.82210636138916,-14.027871131896973,-7.902733325958252,14.383166313171388,2.95599365234375,10.762487411499023,-4.530801296234131,-14.893046379089355,-1.193285584449768,-16.636001586914062,-11.867189407348633,5.442113399505615,19.168516159057617,-12.52996826171875,18.77867317199707,-18.64055061340332,18.83136749267578,2.3693230152130127,9.814573287963867,11.852983474731444,18.247812271118164,-7.549654960632324,-6.112976551055908,4.361680507659912,-10.575129508972168,15.799361228942873,19.107032775878903,-11.493115425109863,7.33881950378418,6.243990421295166,15.034993171691896,11.34860134124756,-2.591675281524658,15.201180458068848,16.610015869140625,-13.44306468963623,16.866029739379883,19.22501945495605,-0.35342937707901,-8.329011917114258,5.8162713050842285,18.555744171142575,1.0424903631210327,5.198582649230957,16.98929786682129,17.012590408325195,-18.042177200317383,10.439358711242676,18.048677444458008,5.0594258308410645,-3.55081844329834,-3.0669639110565186,-3.534209489822388,19.37190818786621,18.252246856689453,-19.9936637878418,-17.1004695892334,-1.9361367225646973,-19.738216400146484,17.212379455566406,5.3710713386535645,-12.45842742919922,5.777041912078857,5.947146892547607,-9.949956893920898,10.864839553833008,-12.373931884765623,2.316013097763061,3.0422966480255127,19.13374710083008,14.50026512145996,-9.140769958496094,-12.782652854919434,-4.509937286376953,-15.966423988342283,9.67877197265625,16.591453552246094,-7.821814060211182,19.657550811767575,15.3560209274292,-17.125843048095703,10.579269409179688,1.0629531145095823,11.27346420288086,19.365463256835938,-13.399736404418944,-11.62701416015625,-17.40812873840332,-8.996847152709961,-17.268638610839844,-7.724147796630859,16.13985824584961,8.390009880065918,-3.71839451789856,1.6939325332641602,16.93963050842285,-2.159029722213745,-0.958557903766632,14.168867111206056,12.046524047851562,17.489547729492188,11.496337890625,-18.1999626159668,11.568679809570312,4.122991561889648,14.839566230773926,8.854425430297852,-18.921497344970703,-16.355167388916016,-16.80950164794922,-3.5950300693511963,5.656097412109375,15.006319999694824,-2.370036363601685,10.541473388671877,17.621410369873047,6.608439922332764,17.51606559753418,0.0913315340876579,3.986791849136353,5.572731018066406,17.411489486694336,-9.965357780456545,13.540410041809082,-9.99217700958252,-3.9118266105651855,-15.291064262390137,-11.376409530639648,17.070478439331055,-6.260872840881348,3.5775146484375,10.952527046203612,11.316170692443848,-12.29648494720459,5.683941841125488,11.625743865966797,-6.552418231964111,-16.54351234436035,-16.090238571166992,-16.255165100097656,-9.134133338928224,-17.200754165649414,7.623476505279541,-15.89641571044922,4.712149143218994,-0.6514134407043457,-18.276878356933597,-19.668865203857425,-14.243231773376465,-18.924541473388672,-15.355859756469728,12.306977272033691,12.010994911193848,9.889607429504396,-19.19817352294922,10.05834674835205,-2.1236255168914795,16.42111587524414,4.49549674987793,19.5843563079834,-10.507452011108398,-16.983510971069336,4.338335037231445,-3.1964025497436523,-16.515596389770508,12.634496688842772,19.574169158935547,-18.829065322875977,-7.913695812225342,0.9613642692565918,11.270833969116213,-10.381063461303713,-3.8499741554260254,15.478447914123535,-9.069357872009276,4.806735038757324,18.67438697814941,7.488630771636963,-4.194457054138184,11.317667961120604,-16.670085906982422,4.485195636749268,-9.696101188659668,-5.310309886932373,6.705998420715332,-5.135000705718994,2.1198558807373047,19.14416885375977,18.33314514160156,13.126489639282228,-7.510364532470703,2.265403985977173,3.46147084236145,-15.477950096130373,5.9533281326293945,-14.622668266296388,3.694547176361084,9.537708282470703,3.2675933837890625,15.600360870361328,11.988768577575684,0.1947160214185714,-16.169137954711914,-0.1362569481134414,5.81589937210083,18.25739860534668,8.023319244384766,19.17036247253418,16.79463005065918,14.91540813446045,-0.0614941455423831,1.5450212955474854,-2.983468770980835,12.488948822021484,8.318394660949707,-5.429642677307129,16.90753173828125,-1.724045991897583,-7.424065589904785,-3.228924036026001,-17.87050437927246,0.1543511152267456,0.1977127343416214,0.878719687461853,-6.510226249694824,-19.996204376220703,14.98813533782959,-18.070262908935547,8.161096572875977,3.24673843383789,15.57036304473877,-7.352107048034668,14.20737075805664,13.837325096130373,-11.85849952697754,6.968963623046875,-11.099528312683104,16.461435317993164,-15.872145652770996,-5.6281418800354,5.609410762786865,14.918773651123049,-16.026628494262695,-13.20737648010254,1.2849293947219849,-5.288435459136963,-9.699978828430176,9.734105110168455,-12.366863250732422,2.1638503074646,-19.412057876586918,2.3085148334503174,-3.63594388961792,1.7807801961898804,-7.699355602264404,9.427367210388184,-5.087204933166504,5.492238998413086,-0.0923755392432212,7.375024795532227,-9.40134334564209,-7.9787797927856445,13.44173812866211,-19.028993606567383,-3.120429754257202,-10.321605682373049,-3.695925951004028,17.334047317504883,-14.594900131225586,-8.765563011169434,-19.52865028381348,-6.509307384490967,-9.475801467895508,-19.5520133972168,-14.235458374023438,2.3371798992156982,-14.347482681274414,14.221525192260742,-3.7915778160095215,-3.131752252578736,5.687023639678955,-16.187788009643555,-18.457988739013672,5.13203763961792,8.09891128540039,-4.874073505401611,-4.0922369956970215,-3.2959020137786865,2.551987886428833,1.359666109085083,16.129959106445312,15.034770965576172,-19.959545135498047,12.478528022766112,0.9426762461662292,-19.046361923217773,-16.6125431060791,13.79226303100586,-18.79440689086914,-10.90452480316162,9.725394248962402,14.188031196594238,6.306755542755127,19.07297134399414,-10.050573348999023,-10.492764472961426,-19.827953338623047,-12.196636199951172,-5.93035364151001,16.774232864379883,-4.26218318939209,16.642993927001953,2.557191848754883,16.523569107055664,9.938485145568848,-10.162177085876465,-7.428352355957031,-10.243416786193848,-9.25570297241211,19.665498733520508,-7.0740485191345215,-4.00728702545166,2.318129301071167,-16.577219009399414,-15.008190155029297,14.214008331298828,-5.545164108276367,-11.922143936157228,-10.86435604095459,2.547024965286255,-14.166329383850098,8.032196998596191,19.69582176208496,-6.183323383331299,-19.954967498779297,-7.691706657409668,5.759092807769775,13.597610473632812,2.0890450477600098,11.681736946105955,17.106670379638672,-16.510692596435547,9.635878562927246,19.300128936767575,1.2660696506500244,-11.566779136657717,19.56842994689941,-18.111064910888672,2.976630926132202,-9.075335502624512,-16.321102142333984,2.4162487983703613,1.728384256362915,7.584759712219238,-7.745189189910889,7.803068161010742,-8.775100708007812,7.974179744720459,17.216815948486328,-1.751475811004639,-3.0798957347869877,-11.945253372192385,18.58281898498535,9.951848983764648,3.4454054832458496,-17.01400375366211,-13.463380813598633,-8.948545455932617,19.126359939575195,19.76319122314453,15.798699378967283,12.472291946411133,1.1074682474136353,6.907018661499023,2.624891996383667,-13.576045036315918,14.322946548461914,2.316563844680786,-0.4767033159732818,4.158679485321045,-18.897010803222656,17.94605255126953,11.37942123413086,-13.047032356262209,-15.361963272094728,6.823760986328125,2.547920227050781,-10.762344360351562,11.171085357666016,0.5432180166244507,-12.372491836547852,3.312831401824951,-15.471002578735352,6.494131088256836,-19.50948715209961,-10.258726119995115,4.003964424133301,8.480942726135254,4.196293354034424,-13.820475578308104,10.995107650756836,-18.77232360839844,0.3081053495407104,2.975440263748169,-9.781009674072266,2.797269344329834,-10.297483444213867,18.34601211547852,10.13509464263916,-4.677470207214356,2.315821886062622,-2.76680326461792,-4.456119060516357,11.66207790374756,-2.726658821105957,-3.7404510974884033,3.444786548614502,-18.299222946166992,15.076833724975586,12.869985580444336,-7.388576507568359,17.817564010620117,-0.7427187561988831,3.957582712173462,-0.9446516633033752,-16.100189208984375,15.273948669433594,-5.070115089416504,15.114185333251951,-7.481122970581055,18.80435562133789,-11.101483345031738,17.605838775634766,0.9048023223876952,17.641677856445312,1.948391079902649,-19.620830535888672,-8.04377555847168,8.762286186218262,4.784923076629639,17.80548858642578,-12.912535667419434,-15.772358894348145,12.484170913696287,-3.778772830963135,13.071341514587402,-15.331440925598145,-0.1038396507501602,15.344223976135254,0.8742644786834717,-10.591270446777344,12.61515998840332,-8.475617408752441,-5.022453784942627,12.35243034362793,3.3760480880737305,15.335524559020996,-15.757445335388184,-17.77240753173828,-8.299057006835938,3.0609750747680664,-1.2039037942886353,16.59396743774414,15.985703468322754,-5.771512031555176,-3.580894708633423,-1.095682978630066,-10.308969497680664,19.927898406982425,-1.938359022140503,-6.571103572845459,-17.663818359375,-4.263564586639404,-6.640401363372803,9.60292625427246,-10.328213691711426,-1.5960873365402222,-0.8288198709487915,-12.768665313720703,0.0351431742310524,1.6559256315231323,17.751296997070312,-11.550253868103027,-10.137786865234377,-12.6214599609375,11.677410125732422,-5.16998291015625,-11.875341415405272,-17.458635330200195,15.214824676513672,-5.462953090667725,-2.7812917232513428,0.5273246169090271,-9.285325050354004,7.158074855804443,-0.7657757997512817,15.179888725280762,0.211994782090187,-19.107635498046875,2.220245122909546,17.57000732421875,13.218730926513672,16.955516815185547,-4.164202690124512,-13.35152816772461,14.138585090637209,-18.16648292541504,-3.433149576187134,8.03575611114502,-0.9398967623710632,2.114975690841675,-13.200133323669434,18.06930923461914,-17.700145721435547,-13.747859001159668,-7.592736721038818,-3.649986982345581,-8.028982162475586,11.138694763183594,6.408317565917969,5.085360050201416,9.823169708251951,-4.521598815917969,18.311004638671875,16.412975311279297,-1.3229905366897583,-14.18645191192627,7.712076663970947,-12.96406078338623,-14.408561706542969,19.390304565429688,-0.0434858351945877,3.451084852218628,-11.322948455810549,-4.22090482711792,-18.475526809692383,-8.92309284210205,-16.862171173095703,-14.185297012329102,-7.898848056793213,5.766788959503174,-18.175308227539062,11.298376083374023,7.447534561157227,0.8214536905288696,-16.491243362426758,-4.050825119018555,16.503732681274414,12.660317420959473,-14.323906898498535,-11.351362228393556,-3.383840322494507,-12.863608360290527,13.203540802001951,-2.2173683643341064,-5.827267169952393,18.95149040222168,12.32218074798584,8.812320709228516,7.877655506134033,5.1389994621276855,-9.630417823791504,-6.896823406219482,-8.620229721069336,-7.94407844543457,-6.503446102142334,-16.934707641601562,-6.742973327636719,-16.705564498901367,11.51853847503662,18.241867065429688,6.228337287902832,-1.8386893272399905,-3.294897079467773,4.474298000335693,16.780942916870117,15.410614013671877,3.395688772201538,-6.615463733673096,-19.02287101745605,-2.979976177215576,-3.8493494987487793,12.78351879119873,12.155594825744627,-4.1263604164123535,2.02920913696289,11.61032772064209,-11.215487480163574,5.059719085693359,9.896512985229492,-14.65955638885498,-17.26224136352539,-6.625030994415283,-4.367135524749756,11.787139892578123,-13.649045944213867,17.974903106689453,11.13565444946289,3.6940510272979736,10.642882347106934,-9.604435920715332,1.8486907482147217,-17.48593521118164,-0.0036242962814867,-14.315417289733888,12.5913724899292,3.6351706981658936,-5.2560014724731445,-9.97929573059082,-3.775286674499512,9.850896835327148,-0.2555341720581054,-3.0977134704589844,-15.331198692321776,-12.21800422668457,12.143651008605955,5.320855617523193,-17.61565399169922,10.346868515014648,5.770491123199463,-10.280976295471191,-14.31303882598877,-13.538163185119627,-9.24965476989746,7.448163986206055,5.645864009857178,8.183879852294922,1.786188006401062,-8.722861289978027,4.954354763031006,12.90584659576416,-16.073318481445312,-13.896604537963867,11.313176155090332,-12.826143264770508,-7.815798759460449,-13.802315711975098,0.3095032870769501,-4.967945575714111,12.930071830749512,-0.2269247621297836,-12.567934036254885,15.870615005493164,6.826163768768311,-2.3316988945007324,1.9930644035339355,-11.744488716125488,-15.22131633758545,-0.8173455595970154,17.552288055419922,7.365561008453369,0.6954174637794495,-9.028785705566406,7.272558689117432,14.245370864868164,16.38591194152832,10.84654426574707,-3.770706415176392,10.266919136047363,8.628643989562988,12.75324535369873,-3.195306301116944,5.29725456237793,6.508243083953857,7.277139663696289,17.679677963256836,-15.462823867797852,-3.5838468074798584,-0.3629522323608398,9.9256010055542,-5.876431941986084,8.679669380187988,15.12714958190918,1.0173650979995728,10.03036403656006,-17.317424774169922,0.8883898854255676,5.093313694000244,-12.075042724609377,-3.849812269210816,-15.387391090393066,3.4288058280944824,-4.776540279388428,17.228300094604492,-3.482785224914551,-0.3955231010913849,11.674981117248535,19.985485076904297,14.143258094787598,15.621010780334473,13.11387538909912,5.869152069091797,11.765925407409668,-6.230599880218506,7.32501745223999,-1.416610598564148,-4.506355285644531,-5.560852527618408,6.825465679168701,-12.657266616821287,6.501204490661621,6.276116847991943,4.410224914550781,-14.658365249633787,-5.005796432495117,-12.869911193847656,-3.2189040184021,-10.3430814743042,-2.24505352973938,17.75446128845215,-10.670886039733888,-12.871285438537598,14.326196670532228,16.741485595703125,10.261646270751951,1.7812446355819702,-13.716156005859377,-5.107747077941895,-10.322409629821776,16.925079345703125,6.11853551864624,3.065854072570801,19.092823028564453,11.256629943847656,-18.629438400268555,-5.247604846954346,-17.774450302124023,11.290374755859377,-11.76210594177246,14.640044212341309,1.8762140274047847,-5.48345422744751,-14.544981956481934,16.74748992919922,17.399986267089844,9.594133377075195,8.9088716506958,-10.930865287780762,-15.588187217712402,-7.442968845367432,7.363853454589844,-9.106791496276855,-12.572196006774902,-17.641870498657227,7.367252826690674,-9.893539428710938,0.5003860592842102,-12.494149208068848,9.594346046447754,-13.1736478805542,6.7715678215026855,-16.9119873046875,-15.781561851501465,14.851120948791504,-14.442968368530272,-7.848687648773193,14.381669998168944,-15.361773490905762,18.9189395904541,-5.153895854949951,-18.63576316833496,-5.250931262969971,3.972155809402466,-12.357023239135742,6.896193981170654,-12.144248008728027,12.140886306762695,-18.035043716430664,4.567133903503418,-14.16983413696289,-3.195901393890381,3.1591367721557617,1.4336010217666626,7.215376853942871,-12.73484706878662,-10.398439407348633,4.661001205444336,3.5730977058410645,16.50297737121582,6.558107852935791,11.105949401855469,-5.239237785339356,5.035239219665527,4.725268363952637,2.8911831378936768,13.989047050476074,3.512277126312256,-12.416865348815918,-11.254677772521973,-18.45767593383789,15.605742454528809,12.271307945251465,15.633519172668455,15.819735527038574,2.242915153503418,13.863330841064451,7.483069896697998,15.35130214691162,3.5090765953063965,18.76317405700684,11.84791088104248,17.297264099121094,-4.754550933837891,15.220556259155272,17.467872619628906,-10.997271537780762,6.775634765625,-13.171319007873535,12.588797569274902,-3.651309967041016,-15.885653495788574,12.259602546691896,4.210502624511719,-17.808441162109375,-17.16175079345703,14.446762084960938,-13.65577220916748,-18.566316604614254,-2.487877607345581
-15.021928787231444,-4.287106990814209,-16.11158561706543,-3.2260539531707764,-18.022125244140625,7.625663757324219,-5.909631729125977,-8.37559986114502,-18.36719512939453,-13.809462547302246,10.369876861572266,-9.264568328857422,18.441238403320312,0.3204142153263092,-16.018096923828125,-9.482178688049316,7.027496814727783,-3.563024044036865,-15.55174160003662,14.783199310302734,3.635364294052124,12.392500877380373,17.30880355834961,4.145595073699951,-9.41743278503418,-15.11544704437256,-16.794944763183594,-1.2584468126296997,-9.30187702178955,-0.6453261375427246,7.929525852203369,0.2563619315624237,-15.427423477172852,19.91892433166504,-16.05413246154785,-8.032474517822266,-4.911447048187256,-1.7637059688568115,-14.447236061096191,2.185272455215454,4.778503894805908,-10.146974563598633,-0.82915198802948,7.524340629577637,-14.34412670135498,-17.565771102905273,-15.112849235534668,-12.814202308654783,11.542936325073242,-2.450205087661743,17.761964797973633,-18.049156188964844,3.845376491546631,13.859811782836914,1.8800419569015503,12.505062103271484,-3.6998043060302734,-10.215447425842283,14.105424880981444,-9.807783126831056,-10.471620559692385,6.583178520202637,-11.721148490905762,15.274435997009276,14.559237480163574,15.17848777770996,-0.1937351077795028,-11.781509399414062,-9.195473670959473,13.23912239074707,12.340010643005373,-12.209623336791992,9.480731964111328,-14.629323959350586,14.010360717773438,-11.707015991210938,-3.948930263519287,16.856693267822266,-14.973262786865234,-4.50551176071167,13.811281204223633,16.04791831970215,-2.7736055850982666,19.28043365478516,-11.92695140838623,-9.885515213012695,-6.265911102294922,8.607502937316895,13.206188201904297,17.42290687561035,-15.554205894470217,16.508207321166992,0.1136679649353027,14.326414108276367,8.015686988830566,-17.582469940185547,19.922584533691406,10.433528900146484,-17.809511184692383,17.061784744262695,15.948339462280272,-3.6321072578430176,-4.2192230224609375,4.566597938537598,15.620513916015623,-16.108240127563477,6.75565242767334,16.709875106811523,11.91305446624756,16.554683685302734,-11.276423454284668,19.751956939697266,-15.949126243591309,14.819453239440918,-4.951448440551758,-16.58088493347168,11.65272617340088,13.57568645477295,-0.1666634231805801,12.465478897094728,-7.6461181640625,-18.13678932189941,-5.089977741241455,8.851594924926758,-2.976094484329224,-7.447781562805176,-5.41430139541626,12.214917182922363,12.568350791931152,-7.630003452301025,-6.463776588439941,19.775270462036133,9.489367485046388,19.45023727416992,19.394067764282227,10.775912284851074,-1.7441842555999756,-18.784717559814453,-2.51382827758789,11.642393112182615,19.27396774291992,17.060739517211914,-9.584007263183594,-14.440658569335938,6.100659370422363,17.749711990356445,11.33946704864502,-2.8071069717407227,16.611408233642578,-7.049532413482666,-4.930473327636719,3.734745740890503,7.5316290855407715,9.893166542053224,-0.5425502061843872,9.14171028137207,1.979416012763977,8.67531681060791,16.27103042602539,-1.7728530168533323,13.8580961227417,-6.644764423370361,-15.92124080657959,6.069380760192871,4.105278015136719,-0.8518247604370117,-1.824831247329712,-5.590600490570068,2.3159055709838867,2.215125560760498,5.490187168121338,19.590892791748047,18.5281925201416,-13.438891410827637,18.62126922607422,18.386926651000977,9.173547744750977,18.001176834106445,-15.210071563720703,19.135744094848636,14.43031120300293,11.287808418273926,-4.44904899597168,10.354610443115234,1.9452323913574217,-5.931337356567383,19.25100898742676,-1.5064736604690552,-7.076906681060791,-19.910934448242188,-10.847426414489746,17.702152252197266,-11.953664779663086,-6.907680511474609,8.009611129760742,-9.3339204788208,10.007254600524902,6.64378833770752,-0.3732686042785644,2.629589557647705,4.045547008514404,-11.230786323547363,-12.360526084899902,-11.097146034240724,11.429604530334473,2.2441422939300537,6.294924736022949,-11.335148811340332,-12.89990520477295,-15.952841758728027,16.03182601928711,12.02647876739502,17.72892951965332,-1.3858858346939087,-6.499217510223389,1.5768743753433228,-16.136043548583984,1.0052950382232666,-5.830013751983643,-4.082840442657471,4.299132823944092,8.099394798278809,-17.98653793334961,19.353443145751957,-15.954745292663574,18.627864837646484,-19.780004501342773,-2.999251127243042,-7.405410289764404,6.579419136047363,10.349703788757324,-0.439286321401596,-14.107832908630373,4.878134250640869,18.69938468933105,-6.307662487030029,-4.205629348754883,-19.71014213562012,-17.68419075012207,17.177602767944336,-17.650646209716797,8.924477577209473,-1.811048984527588,4.578279972076416,13.957390785217283,-16.33940315246582,6.22276496887207,2.1539547443389893,-2.459416151046753,0.734201967716217,8.78306770324707,-1.4899015426635742,-11.73150634765625,4.969309329986572,2.4148340225219727,-17.153369903564453,-14.228914260864258,10.604914665222168,9.233616828918455,15.98514175415039,-9.413714408874512,16.355518341064453,11.446693420410156,-10.81689167022705,6.26902437210083,-18.226343154907227,-10.075894355773926,-19.08568954467773,0.2907117009162903,-5.54658317565918,15.065155982971191,-7.9884033203125,12.9378023147583,5.83348274230957,16.618127822875977,8.321356773376465,-5.451315879821777,-4.222933769226074,2.8886020183563232,-12.315037727355955,3.2951531410217285,-18.20964241027832,-11.775867462158203,-4.301933288574219,-12.482195854187012,-8.66824722290039,-14.11334991455078,-18.729372024536133,-12.28545379638672,0.7558847665786743,14.09703254699707,-12.756834983825684,18.06569099426269,-18.6894474029541,12.460933685302734,-16.72409439086914,-3.661408662796021,-19.757986068725582,-19.004718780517575,-17.87568473815918,-5.709485530853272,-8.945265769958496,10.484053611755373,4.752635002136231,-12.698503494262695,-12.36033821105957,-3.011338472366333,4.673975944519043,0.1222847402095794,-1.6802752017974854,-12.71710968017578,-15.511204719543455,-10.542638778686523,-10.147250175476074,-4.222369194030762,0.5759797096252441,-3.231849193572998,0.8600561022758484,-8.963815689086914,-8.651813507080078,2.668010711669922,-8.650914192199707,19.146841049194336,0.0352352485060691,10.880167007446287,18.71190452575684,-5.978200912475586,6.739110469818115,3.1809091567993164,-15.625689506530762,10.871356964111328,4.037117958068848,11.109844207763672,-5.427497863769531,-4.063910961151123,-6.867839813232422,-15.292081832885742,-6.631792068481445,19.407405853271484,-7.657046318054199,8.294082641601562,-7.1716132164001465,13.53705596923828,-7.526765823364258,-19.31862068176269,-9.169119834899902,19.34477996826172,5.279953956604004,-8.764394760131836,19.28706169128418,-10.197099685668944,0.655569851398468,-11.565627098083496,-15.167495727539062,-8.161070823669434,1.3083767890930176,-14.204808235168455,-10.499094009399414,-2.2832186222076416,-2.3358285427093506,2.641530990600586,-5.864428520202637,-15.525861740112305,-7.168186187744141,3.2208378314971924,2.98837947845459,16.85279655456543,19.88565444946289,-15.885601043701172,-15.32888412475586,4.613895893096924,-6.294067859649658,-19.976224899291992,10.315492630004885,-9.427556991577148,9.04326629638672,-4.659325122833252,3.333026647567749,-10.672999382019045,16.305736541748047,11.855443954467772,-5.881922245025635,-6.915562152862549,4.645490646362305,9.592529296875,18.08269691467285,-18.145910263061523,1.7362858057022097,-8.470179557800293,8.705488204956055,14.416099548339844,7.126299858093262,14.96250057220459,5.113178253173828,0.7731113433837891,15.943830490112305,-3.234361410140991,-1.6967872381210327,-0.661550760269165,-15.197688102722168,-15.010692596435549,1.5286709070205688,13.513005256652832,-13.164873123168944,-10.125720024108888,3.650812387466431,14.437077522277832,-1.6781307458877563,-2.4649152755737305,-0.6313623785972595,-14.81021785736084,-9.275582313537598,-2.587334632873535,-7.408687591552734,4.343184471130371,-11.002449035644531,13.057357788085938,1.675982117652893,18.099346160888672,3.7574210166931152,-6.658710479736328,-0.8970472812652588,1.951656937599182,-16.843259811401367,5.806126594543457,-15.362698554992676,-16.826873779296875,-5.457458972930908,-1.2253791093826294,-8.913639068603516,2.830343246459961,-18.232120513916016,-4.911196231842041,-17.895092010498047,12.167648315429688,6.079198837280273,7.741995334625244,16.441749572753906,12.519856452941896,-3.8249025344848633,-11.518440246582031,13.35398769378662,5.062389850616455,17.910104751586914,0.3026862144470215,1.9455984830856323,-10.196806907653809,-1.3931382894515991,12.295053482055664,-0.0969757586717605,-8.817707061767578,16.583724975585938,-12.371779441833496,-8.715960502624512,9.645341873168944,-1.284083127975464,-1.5593332052230835,17.347745895385742,-14.11851978302002,6.452780246734619,0.3526234626770019,-8.078902244567871,-13.816463470458984,18.498899459838867,5.714230060577393,13.084478378295898,6.511962890625,-3.709188222885132,17.04121971130371,-13.36307144165039,-7.220905780792236,9.15978717803955,-9.351522445678713,17.802675247192383,18.827957153320312,9.838542938232422,-15.834575653076172,-8.160764694213867,12.176070213317873,19.343584060668945,12.413509368896484,0.9950050115585328,6.7814621925354,4.715445518493652,2.728774070739746,-3.6721577644348153,-17.983734130859375,15.570877075195312,13.321946144104004,7.151594161987305,-7.643136978149414,17.37806510925293,18.201311111450195,13.40912914276123,4.059422969818115,8.864032745361328,-17.171667098999023,-10.171202659606934,14.452513694763184,1.847138524055481,-12.391142845153809,-10.02934741973877,15.469686508178713,4.538000106811523,-7.961074352264404,19.30344581604004,0.6154637932777405,-11.33520221710205,6.325796127319336,16.734655380249023,0.2316851317882537,12.954374313354492,-6.403873920440674,13.964311599731444,-17.362585067749023,-17.080488204956055,-8.384106636047363,-3.201894521713257,-19.584949493408203,-8.036111831665039,-8.7170991897583,-19.27975273132324,-1.4523701667785645,-11.583242416381836,0.7223597764968872,7.663357734680176,13.068378448486328,-7.511837005615234,4.585920810699463,0.8961204290390015,-19.94429588317871,6.895302295684815,-9.111767768859863,1.444087266921997,-5.368072986602783,-1.42297625541687,-1.619143009185791,17.590099334716797,-12.466168403625488,19.84095764160156,9.818452835083008,-12.656005859375,-19.17915344238281,-16.444190979003906,-13.44374942779541,11.542176246643066,-8.557241439819336,-12.85483455657959,-7.857617855072021,-14.028094291687012,-7.424468040466309,-15.633770942687988,17.565021514892578,-18.25818252563477,5.359467506408691,1.3451306819915771,-6.23033618927002,18.87427520751953,-16.889068603515625,11.75550365447998,-1.464328408241272,-4.64579963684082,19.05615997314453,-7.089151382446289,-18.47500228881836,16.118309020996094,-19.06852149963379,-1.6492074728012085,18.76749038696289,-16.227535247802734,-8.471184730529785,10.673921585083008,-8.176048278808594,14.619270324707031,8.450945854187012,15.94887924194336,4.704676151275635,16.862234115600586,-5.607715129852295,7.879453182220459,-16.519908905029297,14.823404312133787,9.304363250732422,3.1316399574279785,2.589118719100952,-10.042288780212402,10.795238494873049,-16.80632209777832,3.5307459831237797,6.444386959075928,-4.855961799621582,-16.482755661010742,8.839149475097656,6.000192642211914,19.597320556640625,16.696992874145508,-2.780216217041016,4.377813339233398,16.43010902404785,3.7768993377685542,-8.993399620056152,10.927072525024414,2.866492509841919,-1.3129998445510864,10.924681663513184,7.236287117004394,-11.12533473968506,-14.341469764709473,-2.271594762802124,-12.03812313079834,18.57773971557617,7.15802526473999,-16.028512954711914,-12.092206001281738,19.27427291870117,6.965966701507568,-12.259028434753418,-9.469634056091309,-5.164337158203125,12.97209930419922,3.3264684677124023,11.325376510620115,-14.576582908630373,15.441411972045898,-0.0575885698199272,-10.657554626464844,-12.72960090637207,9.219053268432615,-18.92557716369629,16.562807083129883,-7.258344173431396,0.078545443713665,2.6182632446289062,-3.471674680709839,-6.304089069366455,-8.072569847106934,-12.027462005615234,17.090450286865234,-1.9116780757904053,-3.8963024616241455,8.863645553588867,-18.177963256835938,-4.940492630004883,0.3669062256813049,18.59610939025879,14.627270698547363,16.64073371887207,7.066017150878906,9.90847873687744,-13.26479148864746,14.133997917175291,-10.201679229736328,7.840457916259766,11.353471755981444,-7.375204563140869,-2.352469682693481,1.7938683032989502,-10.20803451538086,12.91073226928711,12.181400299072266,-2.98816180229187,16.641592025756836,12.95345401763916,-4.116754055023193,4.906750679016113,14.86723518371582,8.240851402282715,-18.722068786621094,3.1050987243652344,2.5595037937164307,-12.3046875,19.61951446533203,-9.964032173156738,3.120056390762329,9.14388942718506,10.514354705810549,-3.1352651119232178,9.02568244934082,-16.607568740844727,-18.920433044433597,10.8727388381958,11.268003463745115,3.016439199447632,-18.373018264770508,8.656550407409668,-19.90788078308105,-12.314821243286133,15.512567520141602,9.823997497558594,-7.798656463623047,-1.7250572443008425,6.392354965209961,7.673288345336914,-0.5054333806037903,9.507328987121582,12.928638458251951,8.612574577331543,-11.555044174194336,13.196069717407228,9.320855140686035,-16.24977684020996,-10.192764282226562,0.1706755310297012,7.729506015777588,14.05972671508789,7.818691730499268,-14.544252395629885,-6.881200790405273,12.635048866271973,12.345952033996582,6.076740741729736,8.120176315307617,9.926012992858888,11.76508331298828,8.124310493469238,-19.35436248779297,11.209065437316896,-10.109816551208496,7.89478063583374,-19.36847305297852,4.750384330749512,-16.755287170410156,-19.884357452392575,-5.243181228637695,-5.185538768768311,-3.607144594192505,8.360559463500977,-1.576761245727539,14.071378707885742,-5.363774299621582,4.781846046447754,-14.554730415344238,-10.419779777526855,-11.44075870513916,-9.347030639648438,8.582050323486328,-6.638834476470947,15.24134635925293,19.231779098510746,-11.972644805908203,-16.714712142944336,9.922284126281738,11.520798683166504,11.652971267700195,11.58830738067627,1.237053632736206,-16.604354858398438,12.630234718322754,6.998494625091553,-11.837632179260254,-1.957703709602356,6.348711967468262,-16.38041877746582,3.95526123046875,-14.03813934326172,-19.931182861328125,-18.43777656555176,6.754298210144043,-3.89513897895813,-3.077192783355713,-13.693503379821776,-5.997342109680176,2.3794686794281006,-2.634174108505249,-8.718603134155273,6.430767059326172,5.211563587188721,-1.3128827810287476,-7.66178560256958,-14.346681594848633,14.927740097045898,5.8748779296875,-2.397458553314209,-3.4723470211029053,-17.33566665649414,1.2564412355422974,4.62849235534668,-3.71362042427063,-11.54982089996338,11.000088691711426,4.665075778961182,16.942110061645508,3.610457420349121,1.7793989181518557,-3.2782552242279053,12.107010841369627,13.529023170471191,17.359155654907227,18.077049255371094,-5.049958229064941,18.679412841796875,9.536229133605955,16.679506301879883,-7.373122215270996,-9.424515724182127,13.723166465759276,-15.546942710876465,1.9689685106277464,4.111407279968262,5.573310852050781,5.185632228851318,17.294872283935547,-11.420119285583496,17.83267593383789,16.318328857421875,11.839483261108398,-18.027565002441406,17.008197784423828,-6.40038013458252,-4.101182460784912,14.207927703857422,-4.199290752410889,16.118276596069336,12.258819580078123,-3.0873098373413086,15.766921043395996,-10.864540100097656,9.598539352416992,-15.646240234375,-17.58346176147461,3.93324613571167,-1.0414103269577026,18.601282119750977,0.0270664747804403,-14.392868041992188,12.20089626312256,12.201428413391112,18.730052947998047,9.003344535827637,-11.5033540725708,13.501832962036133,17.291301727294922,13.317636489868164,1.8307520151138303,1.707049012184143,-3.767282247543335,-3.7834322452545166,2.7242465019226074,0.8704131841659546,-3.3315348625183105,18.58558654785156,1.096280574798584,-0.4250943958759308,6.828032493591309,14.499126434326172,-16.69295310974121,-3.3308684825897217,3.694077491760254,-18.571367263793945,15.638738632202148,10.59184741973877,-1.785564661026001,-12.2051362991333,13.721796035766602,-17.758167266845703,15.657965660095217,-18.25470733642578,7.8293304443359375,-14.901429176330566,3.161041498184204,-17.745433807373047,6.541210651397705,1.0302408933639526,19.781095504760746,10.145289421081545,11.563206672668455,4.869648456573486,18.18620491027832,8.72525691986084,-8.829354286193848,11.485071182250977,6.164113521575928,3.998194932937622,15.28038215637207,3.142737627029419,-9.60590362548828,8.733662605285645,1.0956755876541138,-16.712810516357422,0.0368335582315921,1.955439209938049,6.298094272613525,-9.429943084716797,5.415789604187012,9.48696517944336,-9.663226127624512,-7.4439697265625,-2.237570285797119,-11.60350513458252,10.581082344055176,12.897762298583984,-7.2927632331848145,-13.06175708770752,-9.038485527038574,13.454182624816896,-2.38993501663208,8.31777572631836,12.328925132751465,-10.47984504699707,-16.6064395904541,-2.724085569381714,-11.603939056396484,-16.090513229370117,16.247644424438477,-8.31692886352539,17.109121322631836,-3.353891134262085,-3.0100793838500977,-12.598328590393066,11.332286834716797,-15.073479652404783,2.3069939613342285,-4.110439777374268,19.053955078125,-2.46584415435791,-2.5386149883270264,12.740344047546388,-5.521981239318848,17.33106803894043,4.37498664855957,-15.033846855163574,17.257488250732422,6.373158931732178,-17.889659881591797,-15.12116241455078,13.93552303314209,19.96487045288086,-12.3941650390625,-4.919430255889893,1.319218397140503,-16.40651512145996,0.5913971662521362,6.489711284637451,-4.083160400390625,-15.480144500732422,-5.45270299911499,-0.6905617713928223,-1.3744468688964844,16.78158950805664,18.06897735595703,8.491501808166504,-13.408758163452148,-14.13865089416504,-3.590630531311035,-19.147897720336918,-13.68639850616455,-4.251241683959961,10.6241455078125,5.713133811950684,-18.724580764770508,19.91024398803711,12.083931922912598,-9.362524032592772,6.737098693847656,-7.755160808563232,-3.197044849395752,-13.757473945617676,-3.854190826416016,-14.4740571975708,-6.098204612731934,1.6361061334609983,16.875408172607422,8.359932899475098,-2.752871036529541,11.846306800842283,-16.692047119140625,-0.0074730361811816,9.353720664978027,-16.745105743408203,0.540139377117157,-10.186524391174316,-1.4927810430526731,16.884550094604492,-16.59490394592285,10.191892623901367,-5.68659782409668,6.334812164306641,16.371856689453125,9.32497501373291,0.0127244219183921,2.1573240756988525,4.966299057006836,-16.926218032836914,-14.836786270141602,-11.658178329467772,18.81090545654297,-2.3080830574035645,10.098067283630373,9.880892753601074,19.00695037841797,-6.542304992675781,-13.55945110321045,4.715382099151611,-11.204471588134766,13.39791488647461,16.114736557006836,9.547245979309082,-19.980546951293945,19.310142517089844,-3.218369960784912,13.196369171142578,16.051788330078125,14.990568161010742,11.716235160827637,6.9503326416015625,-15.387914657592772,-16.043752670288086,-19.656700134277344,14.76258373260498,14.578205108642578,-16.162389755249023,17.59709358215332,2.383871555328369,-5.544559001922607,-10.205734252929688,0.1689170151948928,19.957752227783203,16.32378578186035,18.52353858947754,-7.056800842285156,-13.370018005371094,17.32445526123047,5.487386226654053,12.581390380859377,-8.660898208618164,5.497498989105225,4.441514015197754,14.853782653808594,-14.16652774810791,-18.964754104614254,12.48061466217041,-8.210597038269043,-3.880903005599976,1.5302531719207764,-15.083179473876951,-0.7185733318328857,9.42566967010498,-5.092114448547363,-2.9363338947296143,9.919842720031738,-4.816552639007568,-3.689334392547608,-11.650909423828123,-17.06950569152832,-18.61964607238769,11.399928092956545,8.125415802001953,-18.07282447814941,-9.799248695373535,4.488349914550781,15.567663192749023,-17.391725540161133,-19.217134475708008,0.4556544721126556,-3.0614283084869385,-10.969618797302246,-5.220439434051514,17.873531341552734,-2.285075187683105,12.063042640686035,3.397101879119873,12.487736701965332,-17.309906005859375,4.7947916984558105,-6.500510692596436,14.081156730651855,11.035821914672852,-1.1274083852767944,-0.6736868619918823,-13.780274391174316,9.0449800491333,-18.317325592041016,-17.21156120300293,10.211504936218262,12.195755958557127,-17.37860870361328,18.219572067260746,16.843908309936523,-0.0986570641398429,12.405835151672363,14.76009750366211,19.124574661254883,-0.4913760423660278,-17.749114990234375,15.210805892944336,18.667638778686523,9.112074851989746,-3.825892686843872,8.32366943359375,18.675479888916016,-4.260674476623535,-8.235932350158691,-14.433309555053713,10.246204376220703,6.726733684539795,-18.89556121826172,-14.198441505432127,-11.652894020080566,7.048384189605713,-12.759927749633787,17.062328338623047,-7.513796806335449,17.443078994750977,18.88136482238769,4.940763473510742,5.6808390617370605,10.870760917663574,19.35711097717285,8.88102912902832,17.356725692749023,-3.0199453830718994,11.657880783081056,0.0307842139154672,10.38985538482666,19.92361640930176,-9.822336196899414,11.37353229522705,18.32541275024414,16.61138153076172,-11.16842269897461,15.481432914733888,13.4923677444458,-19.788158416748047,16.86541748046875,1.0605100393295288,-11.65578842163086,-3.7043707370758057,-2.9763009548187256,-9.646467208862305,-8.332797050476074,14.190203666687012,19.1973876953125,1.4699394702911377,8.476511001586914,-5.901735782623291,15.181514739990234,4.553380966186523,-15.662199020385742,17.608396530151367,-4.515544414520264,5.134261608123779,-4.904821395874023,17.43067741394043,12.85502815246582,-6.705862998962402,-15.633645057678224,4.945963382720947,-12.287035942077637,15.993085861206056,-13.37844944000244,14.261380195617676,19.863096237182617,14.693853378295898,-7.153767108917236,-5.034848213195801,-5.042059898376465,16.041584014892578,19.591873168945312,17.553157806396484,-3.3204238414764404,12.894671440124512,3.5547995567321777,2.0382323265075684,15.251516342163086,-4.11522102355957,15.09524631500244,14.547652244567873,-5.743152618408203,-17.811946868896484,-8.089241981506348,-19.19391822814941,-2.310153722763061,7.06118631362915,-3.30891489982605,6.55023193359375,14.91659927368164,-14.55595874786377,14.900853157043455,-4.272080898284912,-12.668678283691406,7.390398979187012,-0.066217727959156,-6.6064887046813965,4.412715435028076,0.2176967710256576,12.872455596923828,-8.14501667022705,0.745985746383667,10.76943016052246,19.992467880249023,9.507692337036133,6.125553131103516,9.000345230102539,-15.397225379943848,10.918663024902344,1.392632007598877,12.925958633422852,8.936053276062012,11.346245765686035,-12.36432647705078,-4.046696662902832,3.9883251190185542,-19.49637794494629,-7.772402286529541,17.979631423950195,19.91870880126953,-11.978280067443848,-7.553596973419189,14.663471221923828,6.770943641662598,13.734703063964844,11.793501853942873,8.62060832977295,5.490073204040527,-15.781257629394531,-5.701934337615967,-5.825713157653809,6.936137676239014,9.766756057739258,-15.318765640258787,-5.694907188415527,9.310107231140137,9.896976470947266,-17.10565757751465,-1.3542934656143188,-3.819516897201538,16.711498260498047,-2.051460266113281,19.875877380371094,-1.4740668535232544,-19.6341609954834,-14.122597694396973,-11.039271354675291,4.47476863861084,19.079818725585938,-5.13804817199707,19.76545143127441,16.773265838623047,-18.84432601928711,-7.56049108505249,-5.875,10.488113403320312,-3.143014430999756,9.38583755493164,-9.289386749267578,-7.594161033630371,-15.161805152893066,-2.646399974822998,-4.626166820526123,-17.337778091430664,1.0295121669769287,10.335153579711914,-2.8437070846557617,6.611247539520264,0.8264519572257996,10.616671562194824,-14.981128692626951,-4.026464939117432,0.6510044932365417,-13.159476280212402,-14.913492202758787,3.793272256851196,13.91818618774414,-9.749815940856934,-5.326834201812744,17.846651077270508,10.630606651306152,-3.451579570770264,-4.987704277038574,18.89253234863281,-19.73589515686035,-6.031639099121094,2.0936996936798096,-1.3804305791854858,-15.63975429534912,-7.809684753417969,-5.059866905212402,-0.4160180985927582,7.524230003356934,8.089622497558594,19.005352020263672,16.883350372314453,17.614971160888672,-11.469070434570312,15.558337211608888,-7.102476119995117,13.181804656982422,-18.79001808166504,4.690845489501953,-6.326291561126709,15.576438903808594,-16.540973663330078,7.500633239746094,-0.524790346622467,-10.88749885559082,-4.642152309417725,19.140277862548828,-9.2346773147583,-8.121124267578125,4.876640796661377,-1.321062684059143,10.038656234741213,6.615111351013184,-14.381152153015137,-2.372025489807129,-19.2689208984375,-10.68010139465332,-18.098617553710938,-4.826997756958008,14.930441856384276,10.45047664642334,-12.952457427978516,2.308044195175171,-7.669680118560791,16.843019485473633,18.3128604888916,11.898077011108398,-11.082629203796388,0.487072229385376,-13.156878471374512,10.747641563415527,-13.123479843139648,-12.421670913696287,5.244075298309326,-12.076156616210938,1.5200388431549072,-2.6150708198547363,-17.89763832092285,10.63115119934082,3.8034651279449454,14.36630630493164,0.2161625176668167,-10.995698928833008,-13.264118194580078,-16.910659790039062,-1.982124924659729,-13.287022590637209,13.405062675476074,-17.20075035095215,1.1044338941574097,-9.9603271484375,-6.769852161407471,-14.665705680847168,0.483336478471756,16.514183044433594,0.8879557251930237,16.35049819946289,1.24273681640625,12.836713790893556,-3.3992457389831543,12.229432106018066,16.458581924438477,-13.211305618286133,-8.47107219696045,16.942249298095703,3.2351980209350586,8.821807861328125,-10.0059814453125,2.4075443744659424,-0.6431285738945007,-10.416693687438965,-4.338007926940918,-9.983015060424805,5.642518520355225,11.139728546142578,-6.630809783935547,8.238131523132324,17.870452880859375,-8.72176456451416,-10.71986198425293,-1.2131977081298828,-9.60853672027588,-13.161462783813477,-16.082881927490234,2.8741376399993896,16.33639144897461,11.701726913452148,-13.899371147155762,-18.80541229248047,-18.13507843017578,7.317806243896484,-10.966683387756348,-5.133924961090088,5.696971893310547,3.728783369064331,4.827512741088867,-0.4834847748279571,-13.403457641601562,16.27391815185547,-9.272808074951172,18.67657470703125,-10.802776336669922,-5.117213249206543,13.32176685333252,6.799516201019287,2.598921060562134,5.701367378234863,-3.1100614070892334,-5.893000602722168,8.737547874450684,-17.674203872680664,-3.131716251373291,2.0104517936706543,-14.597304344177246,1.625514030456543,0.5090143084526062,-17.842121124267578,-18.57774353027344,-18.598596572875977,-15.951022148132324,5.6804046630859375,15.499815940856934,2.802579402923584,-8.989911079406738,-9.361709594726562,6.87887716293335,-15.944537162780762,6.631538391113281,-14.807321548461914,7.996079921722412,-15.495447158813477,2.318514108657837,-19.64553451538086,-10.822242736816406,-2.729767084121704,-8.549737930297852,-12.8518648147583,16.30702018737793,-0.0746755748987197,3.2151107788085938,-17.281986236572266,-13.631566047668455,-8.24203109741211,-14.482199668884276,-6.397093296051025,17.21205711364746,4.526046276092529,12.412023544311523,-16.778303146362305,17.054832458496094,-10.015649795532228,15.884400367736816,-3.6898913383483887,-1.5727802515029907,4.893817901611328,-1.710418939590454,3.3624885082244877,12.394560813903809,-6.714972496032715,-8.861598014831543,-12.213730812072754,-1.771924614906311,-0.309203565120697,14.092172622680664,-13.95573616027832,-9.680360794067385,12.269433975219728,-4.183494091033936,-14.541983604431152,16.744813919067383,-12.116785049438477,5.216207027435303,-4.868016242980957,-18.04603385925293,3.9571263790130615,18.397476196289062,-14.226547241210938,-14.810802459716797,7.550889492034912,17.67999839782715,-7.755594253540039,-13.578407287597656,0.4783288538455963,-8.768260955810547,-11.189079284667969,9.066370010375977,11.361592292785645,-5.093729496002197,10.641519546508787,16.797466278076172,6.324410438537598,14.728116035461426,19.052343368530277,-11.376440048217772,9.078927040100098,14.328389167785645,-1.4169025421142578,0.14486925303936,-4.0072526931762695,1.8693794012069704,-3.736012935638428,-12.782876014709473,15.090980529785156,-19.77810859680176,-9.13485622406006,14.084012985229492,-16.69698715209961,6.723381996154785,-19.45894432067871,-0.5917891263961792,-13.597053527832031,16.855688095092773,-3.906483888626098,19.30936050415039,-13.260610580444336,11.039944648742676,2.190399646759033,18.44209289550781,11.603717803955078,-11.273433685302734,19.35501480102539,1.8905340433120728,-4.332240104675293,11.856616020202637,3.95399022102356,-10.647289276123049,-19.99156188964844,3.967850923538208,8.2744779586792,-0.5006154179573059,4.0853447914123535,3.586671829223633,14.267711639404297,0.4873683750629425,4.847159385681152,-15.10841941833496,-0.4599802792072296,-11.57339572906494,12.022953033447266,-10.406842231750488,-12.704988479614258,-19.31453514099121,17.64090919494629,-15.777739524841309,13.397147178649902,-1.3656824827194214,7.834246158599853,2.3309009075164795,-15.733759880065918,12.305781364440918,-15.55921745300293,-11.061294555664062,-7.569813251495361,-0.5463641881942749,13.236233711242676,-18.54195022583008,8.333963394165039,-1.853317141532898,17.82957649230957,17.118677139282227,-18.853294372558597,-13.189565658569336,-9.940899848937988,-8.604729652404785,2.3627333641052246,12.514949798583984,17.227346420288086,4.0543317794799805,-3.4971439838409424,8.9212007522583,-5.465968608856201,17.42693519592285,14.702948570251465,2.9791173934936523,11.225491523742676,-10.384333610534668,-13.916321754455566,14.449724197387695,17.150516510009766,-19.226215362548828,-13.077000617980955,10.422094345092772,9.44695281982422,11.005167007446287,11.857627868652344,-14.58799648284912,17.33063316345215,-11.14524745941162,10.206206321716309,-0.0528489165008068,-6.520108222961426,-18.08840560913086,17.66717529296875,-9.135483741760254,11.761256217956545,7.677126407623291,0.2966965436935425,1.0416237115859983,-19.462047576904297,8.382585525512695,18.16766166687012,15.067386627197266,-2.7676830291748047,15.844117164611816,-15.332887649536133,1.637301683425903,12.575535774230955,-8.437737464904785,7.067535877227783,2.9587106704711914,-17.53162956237793,1.0125093460083008,12.635475158691406,19.793066024780277,10.594983100891112,-18.882478713989254,-2.6599740982055664,-6.589962959289551,13.339682579040527,-16.177509307861328,7.609447956085205,14.896568298339844,2.0036733150482178,12.574429512023926,4.814234256744385,18.392032623291016,3.628225803375244,6.346573352813721,-15.933841705322266,13.12245273590088,16.436969757080078,-3.444329738616944,-2.8236443996429443,15.911057472229004,-14.68910026550293,19.162572860717773,7.997716426849365,11.964558601379396,-0.668064534664154,-16.04299545288086,13.64376163482666,14.423165321350098,-18.8230094909668,11.2252197265625,15.94728946685791,17.7166805267334,7.535286903381348,-9.368395805358888,8.798568725585938,17.785648345947266,19.42823982238769,-16.712055206298828,-19.33658218383789,19.42194175720215,18.649770736694336,10.22165870666504,-2.6436362266540527,11.340057373046877,-12.597042083740234,13.151914596557615,-17.104915618896484,-18.20838737487793,-14.026421546936035,2.3374624252319336,17.60087776184082,-14.70138168334961,14.404295921325684,8.736867904663086,17.375667572021484,-14.157944679260254,-10.81279754638672,5.285595893859863,-0.6303589940071106,10.090359687805176,13.696022987365724,-13.556097030639648,8.793471336364746,-8.609646797180176,-6.795457363128662,15.00792407989502,6.346190929412842,15.35506534576416,0.7883592247962952,14.90938949584961,17.182880401611328,11.474699020385742,16.887968063354492,11.849494934082031,0.5968413352966309,-4.4999308586120605,-5.070309638977051,-1.3927197456359863,-1.575079321861267,-4.8291449546813965,-5.323362350463867,2.519592523574829,9.711323738098145,14.399162292480469,-10.371119499206545,18.66859436035156,-18.558029174804688,3.668282985687256,11.119643211364746,-7.581403732299805,16.240337371826172,-5.114811420440674,-13.884026527404783,8.84561824798584,-16.598003387451172,1.4466924667358398,12.589414596557615,8.303058624267578,3.041962146759033,-19.171566009521484,1.8069005012512207,-16.060115814208984,-18.397838592529297,6.408790111541748,15.43494701385498,0.0618118271231651,-7.02689790725708,-8.607124328613281,-1.0707625150680542,-3.25818133354187,-9.42902660369873,15.31676197052002,2.3355486392974854,19.59783363342285,13.145174980163574,-9.036014556884766,8.77365493774414,-12.226786613464355,8.995194435119629,19.865516662597656,16.293092727661133,9.582357406616213,11.802244186401367,-3.246365785598755,1.815245270729065,-6.188857078552246,-1.6604865789413452,-6.520717620849609,-7.285655975341797,-0.0055502746254205,10.491666793823242,-2.72830581665039,9.144643783569336,7.214128494262695,-14.33389663696289,-19.13264274597168,-11.381519317626951,17.128833770751953,-16.783077239990234,-9.864994049072266,-10.194891929626465,-3.66943097114563,15.082209587097168,8.238990783691406,4.365671157836914,5.987264633178711,-6.731683254241943,-17.231348037719727,19.377960205078125,2.213551998138428,7.635760307312012,13.733911514282228,19.33162498474121,11.871939659118652,-8.194879531860352,9.569310188293455,6.149371147155762,-7.645898818969727,-5.191488742828369,15.053257942199709,-3.839021444320679,13.463985443115234,-8.605953216552734,-8.311568260192871,-9.723496437072754,2.6663200855255127,-3.73846435546875,-7.81843376159668,7.692739486694336,14.227993965148926,0.0295139104127883,8.280179023742676,15.094995498657228,-0.505843460559845,-0.8690566420555115,10.03012466430664,-17.936697006225586,-4.414068698883057,2.56217360496521,-16.222312927246094,13.22635269165039,-16.344396591186523,13.213791847229004,15.101987838745115,-18.229724884033203,-7.818837165832519,-14.27932357788086,-12.674351692199709,-17.705730438232422,-18.499406814575195,-12.870628356933594,-8.426138877868652,2.2952442169189453,-2.7397947311401367,8.644736289978027,16.387331008911133,9.900639533996582,12.069490432739258,13.08579921722412,-16.268939971923828,9.448846817016602,-0.7728298902511597,-8.037367820739746,-16.23439598083496,7.840170383453369,2.8118491172790527,14.392902374267578,-9.55451202392578,3.9884033203125,-3.159188032150269,-4.085263729095459,15.024164199829102,-11.159252166748049,10.358874320983888,6.573962688446045,16.880416870117188,-6.839407920837402,15.711222648620604,-19.31662368774414,9.039405822753906,-8.51759147644043,6.121143817901611,-4.366905212402344,12.50069522857666,-18.82392692565918,10.143792152404783,-19.57120132446289,-0.7871387600898743,13.992239952087402,8.01218032836914,13.378551483154297,-18.26761245727539,-12.464814186096191,-5.448555946350098,6.671285629272461,12.143762588500977,7.49982213973999,-12.158268928527832,-18.47316169738769,-7.213563442230225,2.383802890777588,7.580271244049072,5.230788707733154,15.440828323364258,5.36968469619751,-1.5584465265274048,6.851502418518066,4.725180625915527,-14.78140354156494,1.6207633018493652,-14.550850868225098,-5.561685562133789,8.84659194946289,-18.7635555267334,5.135055541992188,1.7988446950912476,15.392739295959473,15.72098159790039,-15.318284034729004,-9.383271217346191,8.521764755249023,6.535495281219482,18.69578742980957,9.210016250610352,5.966277122497559,-7.248674392700195,-3.652491807937622,15.78466796875,-5.531317234039307,-16.122400283813477,-11.500421524047852,15.900632858276367,16.589628219604492,-9.722582817077637,-9.902223587036133,8.583555221557617,6.942130565643311,-0.2241382151842117,-1.9728296995162964,2.56607437133789,12.58518409729004,-17.30129623413086,-4.370579719543457,12.092032432556152,3.9255385398864746,-2.7166876792907715,-9.897454261779783,-16.051984786987305,-0.894580066204071,19.59429359436035,3.0802676677703857,-14.308555603027344,2.274556875228882,-13.71911907196045,12.774381637573242,3.25171971321106,-16.81414794921875,9.44291877746582,-18.531118392944336,-8.33950138092041,-6.839036464691162,9.70566749572754,2.5277187824249268,9.604226112365724,-9.007163047790527,-14.413915634155272,18.647789001464844,-7.0548200607299805,0.7618761658668518,-4.042127132415772,-17.26795768737793,-8.057721138000488,5.282508850097656,-12.384693145751951,3.2657594680786133,19.90901756286621,10.861170768737791,-9.420148849487305,-3.779295921325684,13.774704933166504,-3.0685038566589355,-18.179412841796875,11.44332790374756,-4.587158679962158,-6.363585472106934,-9.467774391174316,1.6915794610977173,8.254021644592285,17.894245147705078,3.649179697036743,-3.878488779067993,-0.4552102982997894,-12.578550338745115,-9.981196403503418,-13.672246932983398,9.735811233520508,-5.592122554779053,4.2703471183776855,-18.91394424438477,-2.04497504234314,14.118258476257324,-12.19489574432373,-19.63554573059082,-3.8073980808258057,19.96465492248535,1.6659146547317505,17.978687286376953,-6.668249607086182,3.735379457473755,14.029231071472168,1.9278209209442136,-14.457499504089355,10.690813064575195,4.853455066680908,0.1922700554132461,-7.623680591583252,19.85758209228516,12.91321086883545,-1.8424291610717771,18.798555374145508,-15.247740745544434,-10.207375526428224,5.821991443634033,-2.403122663497925,-15.744647979736328,-16.893218994140625,9.808716773986816,7.058496475219727,3.939863681793213,-10.454439163208008,-14.311047554016112,1.7241250276565552,-18.430124282836918,5.227193832397461,14.554383277893066,11.36335277557373,-3.463102102279663,9.557211875915527,9.534707069396973,-16.686662673950195,16.391345977783203,-3.642746686935425,17.41023063659668,-1.7035781145095823,-12.763534545898438,-1.2366937398910522,4.272590160369873,14.658221244812012,1.920347809791565,-3.6548688411712646,-0.2120677083730697,-13.684635162353516,5.093143463134766,16.852357864379883,-13.831536293029783,-7.151562213897705,-19.82110977172852,-5.13294792175293,-1.607956051826477,7.064748287200928,2.2608988285064697,19.412919998168945,11.342617988586426,-19.70209312438965,-5.368725299835205,11.860340118408203,-19.9973087310791,-17.511669158935547,-13.963247299194336,8.578215599060059,0.44517982006073,11.039505958557127,-15.430374145507812,-18.30454444885254,-4.941642761230469,-7.457011699676514,1.0279784202575684,1.7669981718063354,15.968631744384766,-9.998428344726562,-4.300894737243652,-10.424138069152832,3.943158864974976,-14.75977611541748,-10.35555648803711,-4.3166022300720215,17.79877471923828,-11.811607360839844,-6.82192325592041,7.4357829093933105,10.929031372070312,3.075542688369751,-10.557575225830078,-1.6187859773635864,15.979673385620115,-8.664299011230469,8.303114891052246,-12.373736381530762,8.93324089050293,18.40289306640625,-0.50986647605896,13.224631309509276,-19.801349639892575,0.902761459350586,13.86374855041504,-13.518473625183104,-12.13588523864746,-11.128766059875488,0.0865581557154655,11.595707893371582,-3.359323024749756,-19.17545890808105,-9.220623016357422,-3.889735221862793,-9.616331100463867,-19.730928421020508,5.139009952545166,2.5962395668029785,10.851043701171877,4.665555953979492,8.563060760498047,-18.47501373291016,10.4048490524292,14.600810050964355,-8.254955291748047,6.723714828491211,8.468405723571777,-2.750133514404297,-16.656047821044922,-12.620755195617676,-5.510788917541504,2.875013589859009,19.561908721923828,8.928628921508789,-11.520843505859377,6.020983695983887,0.6997736692428589,-11.003620147705078,-0.3796379268169403,-5.1905517578125,-15.152107238769531,8.999800682067871,5.361474990844727,-14.098782539367676,-7.697150230407715,6.201416492462158,8.559104919433594,4.436549186706543,18.508256912231445,-2.259175062179565,15.990880012512209,-11.230828285217283,13.467961311340332,-9.92696475982666,-16.937475204467773,-8.785200119018555,8.733357429504395,0.5366633534431458,-2.866136074066162,-5.493690013885498,1.6504515409469604,-5.616374969482422,19.767852783203125,0.8034465312957764,0.1797723323106765,-15.14462661743164,4.899185657501221,12.482417106628418,3.8208529949188232,9.92286777496338,18.86061668395996,-16.465490341186523,3.459564685821533,-0.6858229041099548,-16.271102905273438,14.74962329864502,-16.176713943481445,-19.414918899536133,-3.3951635360717773,13.916239738464355,19.87150001525879,19.40119743347168,14.106319427490234,-2.247136354446411,-3.4311678409576416,15.467238426208496,10.92031478881836,-8.271721839904785,-12.650869369506836,8.020578384399414,5.489226818084717,-12.35815715789795,-9.77977466583252,-14.69102382659912,-0.0093345046043396,19.78097343444824,13.44675636291504,-2.9538962841033936,-19.584030151367188,2.8383469581604004,-14.048012733459473,-8.964140892028809,17.4901180267334,-8.6616849899292,13.749932289123535,6.379380702972412,-5.124283313751221,-11.556024551391602,14.17219352722168,0.3260499238967895,18.17096900939941,13.492881774902344,11.103044509887695,4.953992366790772,3.5227370262146,3.668403148651123,8.002861022949219,9.50637149810791,-12.04741668701172,12.25694751739502,-9.190051078796388,-16.15974998474121,-1.8334063291549685,-14.619744300842283,3.34285831451416,-11.556559562683104,1.688538670539856,-2.234030246734619,8.638370513916016,16.544696807861328,18.816707611083984,-17.137985229492188,-13.076315879821776,-3.333144426345825,14.05044651031494,-6.804104328155518,12.58928680419922,6.683199882507324,8.82503890991211,-9.900898933410645,19.92091178894043,12.42712116241455,12.563053131103516,5.341533184051514,17.6132869720459,4.939403057098389,-11.89972686767578,6.30165433883667,-13.02714729309082,-2.7485058307647705,-4.869007587432861,-12.633166313171388,0.0086691575124859,-1.8421787023544312,-2.676027297973633,14.16285514831543,17.09373664855957,19.194381713867188,19.155797958374023,-8.233269691467285,2.328951597213745,-19.913368225097656,-8.945301055908203,14.02027416229248,2.295429229736328,11.09143352508545,-0.7196409106254578,19.869258880615234,-2.3042569160461426,-4.622251033782959,10.86098289489746,6.2048773765563965,-3.195297718048096,-12.699345588684082,16.384511947631836,9.32366943359375,18.365083694458008,-2.9766430854797363,16.164892196655273,10.073315620422363,0.4185513257980346,-16.76721954345703,2.9696435928344727,-17.975811004638672,15.639750480651855,-19.05505752563477,3.962644577026367,-18.188594818115234,6.7164835929870605,16.56856918334961,1.9278013706207275,-19.473350524902344,0.8955399394035339,1.2990682125091553,-7.65958309173584,-9.506914138793944,16.982141494750977,0.4410251975059509,-12.045345306396484,12.174647331237791,18.369163513183597,-15.687458992004396,-3.850174903869629,-19.037446975708008,1.2670238018035889,6.951180458068848,18.34662437438965,-18.40704727172852,-17.2725887298584,-2.539695501327514,15.820688247680664,-8.575620651245117,-17.829002380371094,17.846277236938477,17.850454330444336,-13.290661811828612,8.979459762573242,0.5365753769874573,6.373678207397461,11.67380428314209,8.381393432617188,-7.558985233306885,-1.5574429035186768,14.537799835205078,-11.499908447265623,-9.858734130859377,-11.28492546081543,14.30315113067627,4.510438919067383,3.9444634914398193,-18.17145729064941,7.213305473327637,7.35780668258667,-6.673526287078857,-11.67821216583252,-3.3438050746917725,-4.24407958984375,4.863254070281982,-16.11126136779785,-4.466577053070068,6.0365891456604,12.677079200744627,-9.243906021118164,-15.08145809173584,10.146235466003418,-6.554176330566406,14.021857261657717,12.395462036132812,11.056685447692873,5.672121047973633,5.13477897644043,8.58418083190918,16.35245704650879,10.588346481323242,-8.396829605102539,-13.56846046447754,-13.269866943359377,-6.789875984191895,-4.767550945281982,13.622905731201172,-17.145662307739258,15.271513938903809,13.431239128112791,-5.696474075317383,-4.117003917694092,-2.8031599521636963,-11.29595947265625,-13.562647819519045,-15.718313217163086,18.624311447143555,18.92158889770508,10.417527198791504,-14.949493408203123,-0.8541200160980225,1.04534113407135,-18.67683982849121,6.50855827331543,-13.022525787353516,-15.082159996032717,19.30633354187012,-10.493124008178713,-17.51015281677246,5.770384311676025,0.8839071393013,18.63633918762207,-8.354387283325195,9.442936897277832,-17.0327205657959,-2.0943305492401123,-2.1714584827423096,16.13816261291504,-18.554048538208008,-4.179703712463379,-17.49441909790039,-6.266176223754883,2.1052486896514893,-7.12035083770752,-14.85666275024414,6.4111857414245605,13.18286418914795,-1.8385803699493408,11.173792839050291,13.863505363464355,-12.905498504638672,5.181794166564941,-8.625078201293945,0.5229628682136536,-3.5517473220825195,-6.955521106719971,-18.46527671813965,18.83432388305664,-18.41667938232422,8.144817352294922,-7.166093349456787,-3.363108396530152,17.754249572753906,-6.059473037719727,-1.5466585159301758,-7.2762274742126465,-16.407672882080078,-2.6380481719970703,6.136136054992676,4.8026323318481445,5.679688930511475,18.630638122558597,1.7460769414901731,4.519643306732178,-16.530731201171875,-4.241417407989502,-6.291321754455566,-1.3237448930740356,12.412899017333984,-17.041059494018555,-1.435351014137268,1.966307997703552,3.0973920822143555,0.1476006507873535,-1.1944516897201538,2.821013927459717,13.644835472106934,9.370070457458496,-1.175512194633484,-19.62485694885254,-10.978029251098633,3.8278093338012695,19.174121856689453,-6.811676979064941,-16.5429630279541,-0.3524666726589203,14.044292449951172,-17.676010131835938,18.932113647460938,8.904126167297363,18.954221725463867,-15.747150421142578,13.684809684753418,16.118993759155273,-1.8691110610961916,-12.48974323272705,13.65162181854248,12.162424087524414,10.44843578338623,5.26810359954834,13.570749282836914,-6.506249904632568,6.499581813812256,-15.67774486541748,4.5690202713012695,-15.13483715057373,19.358020782470703,-13.33104133605957,11.864127159118652,15.725621223449709,-14.585803031921388,-11.770387649536133,-9.130020141601562,-17.720117568969727,15.02579116821289,14.562210083007812,7.928563117980957,7.786738395690918,11.983368873596191,-12.69518756866455,-16.577659606933594,-5.812771320343018,-19.700096130371094,11.27719783782959,-18.574254989624023,0.3213379681110382,-6.807502746582031,4.998409748077393,-7.715743541717529,-13.15294075012207,9.525402069091797,6.199168205261231,-11.069759368896484,-18.34270477294922,-3.491849899291992,19.58049964904785,-13.085302352905272,-8.629634857177734,2.951257705688477,-5.786214351654053,11.424543380737305,3.2571589946746826,-15.859987258911133,6.524266242980957,-13.496171951293944,-9.78671932220459,12.121132850646973,-14.786856651306152,15.229360580444336,-11.879793167114258,-14.275164604187012,9.36872100830078,2.7247426509857178,17.903215408325195,-9.124626159667969,-6.013574123382568,1.286554932594299,-5.505250930786133,7.011297702789307,7.87560224533081,-19.8335018157959,1.6314018964767456,-1.3501648902893066,17.453763961791992,-4.4044060707092285,-1.8389620780944824,-2.418120622634888,-12.758336067199709,3.27554988861084,-18.865886688232425,12.116177558898926,11.709386825561523,17.471466064453125,-14.13161849975586,-3.468360424041748,6.34192419052124,-10.845396995544434,-12.736109733581545,18.200437545776367,14.314823150634766,17.927030563354492,11.995464324951172,-4.257606506347656,17.807851791381836,5.896815299987793,-14.334603309631348,13.612242698669434,-0.5925096869468689,-6.986182689666748,-13.594697952270508,6.074117660522461,11.285061836242676,9.599272727966309,7.802099227905273,14.66036605834961,11.077799797058104,5.878419876098633,-8.685052871704102,12.690252304077148,-15.196213722229004,6.113011360168457,17.678131103515625,-18.711030960083008,-5.613072872161865,-2.1233468055725098,-16.00864028930664,-16.957210540771484,-5.028177261352539,-15.968996047973633,-16.184715270996094,2.717769145965576,-14.614431381225586,9.542835235595703,-5.543862342834473,-9.282461166381836,13.14404296875,-11.766441345214844,14.94871425628662,3.0969183444976807,7.613965034484863,3.7668943405151367,18.296749114990234,19.22300720214844,-10.30942726135254,-15.750298500061035,-18.09071350097656,-19.075498580932617,-5.111721992492676,2.045620441436768,10.567859649658203,14.285313606262209,2.3820817470550537,-6.347097873687744,13.036781311035156,-11.90907859802246,-17.630556106567383,17.803483963012695,-4.262679576873779,18.826723098754883,9.679675102233888,19.036357879638672,0.6771604418754578,-7.664301872253418,-9.722743034362791,-4.902111053466797,18.686677932739254,11.475459098815918,15.205205917358398,-15.488112449645996,-9.127317428588867,-15.844322204589844,-8.0321626663208,18.465015411376957,-11.105981826782228,5.5573039054870605,-10.548816680908203,1.4472639560699463,-18.28758811950684,19.34739112854004,-0.1935190856456756,-18.18738174438477,-9.687679290771484,-10.678451538085938,-8.563973426818848,5.529072284698486,-11.50368309020996,-7.712368488311768,11.225231170654297,-19.6232852935791,19.39840316772461,0.4047403931617737,18.93926429748535,17.767993927001953,-1.7321045398712158,1.0295082330703735,-13.135971069335938,2.6288208961486816,7.636820793151855,-17.344993591308594,-2.2465102672576904,-17.760784149169922,-11.579471588134766,-12.76866626739502,13.899502754211426,1.6978963613510132,2.1240177154541016,-0.1136935353279113,2.29793643951416,-9.98941135406494,16.496307373046875,-5.884877681732178,17.828527450561523,-14.129162788391112,-2.029979467391968,-18.05595588684082,5.508540630340576,-13.35159397125244,-13.484979629516602,-15.971657752990724,-12.369955062866213,-10.769015312194824,18.645063400268555,3.16001296043396,-16.614587783813477,-0.635635495185852,-10.733866691589355,9.033679008483888,8.882877349853516,-4.057240962982178,17.693647384643555,3.4873604774475098,-13.39211082458496,13.928881645202637,8.673445701599121,15.28334903717041,5.954109191894531,-9.70490264892578,17.516633987426758,12.442941665649414,10.262033462524414,8.146222114562988,8.140740394592285,12.947853088378906,-15.908822059631348,-4.277228832244873,-4.734080314636231,-16.290510177612305,-2.3307223320007324,-19.78054618835449,-2.8116421699523926,17.371496200561523,19.91924285888672,15.488146781921388,-4.458989143371582,-15.905279159545898,-19.75567054748535,10.2939453125,-12.976346015930176,-6.704922676086426,-13.258938789367676,13.13624382019043,-11.686097145080566,-17.503013610839844,-2.4997451305389404,-8.151461601257324,4.613266468048096,-2.011512041091919,-9.420093536376951,-8.889043807983398,-5.093850135803223,-17.430883407592773,-10.080340385437012,7.828976154327393,15.109135627746582,-4.3184661865234375,-17.198286056518555,13.29875946044922,-11.60528564453125,14.150168418884276,8.015533447265625,9.417940139770508,-15.322591781616213,1.5528322458267212,-4.049827098846436,6.227272987365723,-14.496346473693848,-13.045350074768066,-19.871238708496094,0.1562471240758896,13.766836166381836,-13.517632484436035,17.778053283691406,-11.622300148010254,1.0489184856414795,-4.419028282165527,12.610769271850586,-0.6090660691261292,4.840862274169922,-2.179368257522583,6.007319927215576,7.918578624725342,-15.739740371704102,-2.290637731552124,17.04425048828125,-8.141047477722168,6.84055233001709,-1.187036633491516,-1.6004425287246704,-7.381635665893555,4.345898151397705,-11.101616859436035,-8.944982528686523,3.636472702026367,-16.78281021118164,-16.587419509887695,10.552258491516112,-7.031050682067871,-2.244941711425781,8.645116806030273,-19.092918395996094,17.919540405273438,-12.221078872680664,14.1803617477417,17.773418426513672,-16.910789489746094,4.178968906402588,4.300025463104248,-0.1753692179918289,4.529211521148682,11.25007438659668,-6.690616607666016,10.574196815490724,-11.462536811828612,17.078048706054688,-12.441069602966309,-4.424552440643311,11.91645622253418,2.772879838943481,-0.3710529506206512,8.357237815856934,12.374077796936035,19.509492874145508,-0.6388195157051086,1.543874740600586,-14.9852933883667,-14.481589317321776,16.791244506835938,19.358726501464844,-10.712332725524902,-9.710548400878906,-3.5676462650299072,-15.160722732543944,16.33504295349121,0.5887666344642639,18.3636474609375,6.603065967559815,-12.464463233947754,12.62142848968506,6.45743989944458,2.023143529891968,-1.3260124921798706,-14.111696243286133,4.009745121002197,-16.98988914489746,12.640498161315918,13.676048278808594,-19.808853149414062,13.500282287597656,0.8631905317306519,-14.35171604156494,-13.825692176818848,5.246614456176758,-13.269036293029783,-6.611176490783691,-19.094470977783203,-0.8888880610466003,-13.245777130126951,-16.886165618896484,-11.86566162109375,17.26242446899414,-13.234912872314451,-9.060890197753906,13.18974494934082,-9.886691093444824,-4.8638997077941895,-4.637959003448486,8.582859992980957,11.228520393371582,-8.280518531799316,-17.638063430786133,13.548090934753418,-5.046184539794922,-4.75024938583374,-10.296242713928224,-12.787199020385742,-13.122635841369627,11.01584815979004,-18.21872329711914,-11.70380401611328,5.511264324188232,-2.053860902786255,-13.040284156799316,9.984841346740724,-11.380436897277832,-16.09808921813965,-3.8696019649505615,19.61815452575684,17.88411521911621,1.4801428318023682,-10.476482391357422,7.552428245544434,-10.55605125427246,16.97495460510254,-0.6714321970939636,8.510278701782227,13.406420707702637,-14.438223838806152,-14.470738410949709,13.142799377441406,-6.430584907531738,-4.651183128356934,-6.936669826507568,-13.101140975952148,-17.50943946838379,-1.4932767152786257,-6.665031909942627,-14.678584098815918,-2.291083812713623,-10.268254280090332,-15.89911937713623,-13.181478500366213,-8.609596252441406,17.988996505737305,-4.701645851135254,-8.197858810424805,12.448230743408203,-7.428966999053955,5.271656036376953,14.99323844909668,5.329608917236328,8.425155639648438,-18.680185317993164,-15.293668746948242,3.137045621871948,-8.765094757080078,-15.46562385559082,-16.363752365112305,15.556676864624023,-5.629549980163574,3.6373658180236816,-1.177006483078003,-9.05754280090332,-9.13584327697754,14.45823097229004,-8.41763687133789,5.266737461090088,-1.4598430395126345,-18.05642509460449,5.279433250427246,3.2735342979431152,-18.34068489074707,8.038996696472168,15.504724502563477,5.6340179443359375,-12.953035354614258,-7.610349178314209,-11.635138511657717,-19.5081787109375,-10.39235496520996,-1.5352885723114014,-16.46815299987793,-18.96375846862793,-18.161815643310547,6.396353721618652,-17.56899070739746,-15.416028022766112,15.82210636138916,-14.027871131896973,-7.902733325958252,14.383166313171388,2.95599365234375,10.762487411499023,-4.530801296234131,-14.893046379089355,-1.193285584449768,-16.636001586914062,-11.867189407348633,5.442113399505615,19.168516159057617,-12.52996826171875,18.77867317199707,-18.64055061340332,18.83136749267578,2.3693230152130127,9.814573287963867,11.852983474731444,18.247812271118164,-7.549654960632324,-6.112976551055908,4.361680507659912,-10.575129508972168,15.799361228942873,19.107032775878903,-11.493115425109863,7.33881950378418,6.243990421295166,15.034993171691896,11.34860134124756,-2.591675281524658,15.201180458068848,16.610015869140625,-13.44306468963623,16.866029739379883,19.22501945495605,-0.35342937707901,-8.329011917114258,5.8162713050842285,18.555744171142575,1.0424903631210327,5.198582649230957,16.98929786682129,17.012590408325195,-18.042177200317383,10.439358711242676,18.048677444458008,5.0594258308410645,-3.55081844329834,-3.0669639110565186,-3.534209489822388,19.37190818786621,18.252246856689453,-19.9936637878418,-17.1004695892334,-1.9361367225646973,-19.738216400146484,17.212379455566406,5.3710713386535645,-12.45842742919922,5.777041912078857,5.947146892547607,-9.949956893920898,10.864839553833008,-12.373931884765623,2.316013097763061,3.0422966480255127,19.13374710083008,14.50026512145996,-9.140769958496094,-12.782652854919434,-4.509937286376953,-15.966423988342283,9.67877197265625,16.591453552246094,-7.821814060211182,19.657550811767575,15.3560209274292,-17.125843048095703,10.579269409179688,1.0629531145095823,11.27346420288086,19.365463256835938,-13.399736404418944,-11.62701416015625,-17.40812873840332,-8.996847152709961,-17.268638610839844,-7.724147796630859,16.13985824584961,8.390009880065918,-3.71839451789856,1.6939325332641602,16.93963050842285,-2.159029722213745,-0.958557903766632,14.168867111206056,12.046524047851562,17.489547729492188,11.496337890625,-18.1999626159668,11.568679809570312,4.122991561889648,14.839566230773926,8.854425430297852,-18.921497344970703,-16.355167388916016,-16.80950164794922,-3.5950300693511963,5.656097412109375,15.006319999694824,-2.370036363601685,10.541473388671877,17.621410369873047,6.608439922332764,17.51606559753418,0.0913315340876579,3.986791849136353,5.572731018066406,17.411489486694336,-9.965357780456545,13.540410041809082,-9.99217700958252,-3.9118266105651855,-15.291064262390137,-11.376409530639648,17.070478439331055,-6.260872840881348,3.5775146484375,10.952527046203612,11.316170692443848,-12.29648494720459,5.683941841125488,11.625743865966797,-6.552418231964111,-16.54351234436035,-16.090238571166992,-16.255165100097656,-9.134133338928224,-17.200754165649414,7.623476505279541,-15.89641571044922,4.712149143218994,-0.6514134407043457,-18.276878356933597,-19.668865203857425,-14.243231773376465,-18.924541473388672,-15.355859756469728,12.306977272033691,12.010994911193848,9.889607429504396,-19.19817352294922,10.05834674835205,-2.1236255168914795,16.42111587524414,4.49549674987793,19.5843563079834,-10.507452011108398,-16.983510971069336,4.338335037231445,-3.1964025497436523,-16.515596389770508,12.634496688842772,19.574169158935547,-18.829065322875977,-7.913695812225342,0.9613642692565918,11.270833969116213,-10.381063461303713,-3.8499741554260254,15.478447914123535,-9.069357872009276,4.806735038757324,18.67438697814941,7.488630771636963,-4.194457054138184,11.317667961120604,-16.670085906982422,4.485195636749268,-9.696101188659668,-5.310309886932373,6.705998420715332,-5.135000705718994,2.1198558807373047,19.14416885375977,18.33314514160156,13.126489639282228,-7.510364532470703,2.265403985977173,3.46147084236145,-15.477950096130373,5.9533281326293945,-14.622668266296388,3.694547176361084,9.537708282470703,3.2675933837890625,15.600360870361328,11.988768577575684,0.1947160214185714,-16.169137954711914,-0.1362569481134414,5.81589937210083,18.25739860534668,8.023319244384766,19.17036247253418,16.79463005065918,14.91540813446045,-0.0614941455423831,1.5450212955474854,-2.983468770980835,12.488948822021484,8.318394660949707,-5.429642677307129,16.90753173828125,-1.724045991897583,-7.424065589904785,-3.228924036026001,-17.87050437927246,0.1543511152267456,0.1977127343416214,0.878719687461853,-6.510226249694824,-19.996204376220703,14.98813533782959,-18.070262908935547,8.161096572875977,3.24673843383789,15.57036304473877,-7.352107048034668,14.20737075805664,13.837325096130373,-11.85849952697754,6.968963623046875,-11.099528312683104,16.461435317993164,-15.872145652770996,-5.6281418800354,5.609410762786865,14.918773651123049,-16.026628494262695,-13.20737648010254,1.2849293947219849,-5.288435459136963,-9.699978828430176,9.734105110168455,-12.366863250732422,2.1638503074646,-19.412057876586918,2.3085148334503174,-3.63594388961792,1.7807801961898804,-7.699355602264404,9.427367210388184,-5.087204933166504,5.492238998413086,-0.0923755392432212,7.375024795532227,-9.40134334564209,-7.9787797927856445,13.44173812866211,-19.028993606567383,-3.120429754257202,-10.321605682373049,-3.695925951004028,17.334047317504883,-14.594900131225586,-8.765563011169434,-19.52865028381348,-6.509307384490967,-9.475801467895508,-19.5520133972168,-14.235458374023438,2.3371798992156982,-14.347482681274414,14.221525192260742,-3.7915778160095215,-3.131752252578736,5.687023639678955,-16.187788009643555,-18.457988739013672,5.13203763961792,8.09891128540039,-4.874073505401611,-4.0922369956970215,-3.2959020137786865,2.551987886428833,1.359666109085083,16.129959106445312,15.034770965576172,-19.959545135498047,12.478528022766112,0.9426762461662292,-19.046361923217773,-16.6125431060791,13.79226303100586,-18.79440689086914,-10.90452480316162,9.725394248962402,14.188031196594238,6.306755542755127,19.07297134399414,-10.050573348999023,-10.492764472961426,-19.827953338623047,-12.196636199951172,-5.93035364151001,16.774232864379883,-4.26218318939209,16.642993927001953,2.557191848754883,16.523569107055664,9.938485145568848,-10.162177085876465,-7.428352355957031,-10.243416786193848,-9.25570297241211,19.665498733520508,-7.0740485191345215,-4.00728702545166,2.318129301071167,-16.577219009399414,-15.008190155029297,14.214008331298828,-5.545164108276367,-11.922143936157228,-10.86435604095459,2.547024965286255,-14.166329383850098,8.032196998596191,19.69582176208496,-6.183323383331299,-19.954967498779297,-7.691706657409668,5.759092807769775,13.597610473632812,2.0890450477600098,11.681736946105955,17.106670379638672,-16.510692596435547,9.635878562927246,19.300128936767575,1.2660696506500244,-11.566779136657717,19.56842994689941,-18.111064910888672,2.976630926132202,-9.075335502624512,-16.321102142333984,2.4162487983703613,1.728384256362915,7.584759712219238,-7.745189189910889,7.803068161010742,-8.775100708007812,7.974179744720459,17.216815948486328,-1.751475811004639,-3.0798957347869877,-11.945253372192385,18.58281898498535,9.951848983764648,3.4454054832458496,-17.01400375366211,-13.463380813598633,-8.948545455932617,19.126359939575195,19.76319122314453,15.798699378967283,12.472291946411133,1.1074682474136353,6.907018661499023,2.624891996383667,-13.576045036315918,14.322946548461914,2.316563844680786,-0.4767033159732818,4.158679485321045,-18.897010803222656,17.94605255126953,11.37942123413086,-13.047032356262209,-15.361963272094728,6.823760986328125,2.547920227050781,-10.762344360351562,11.171085357666016,0.5432180166244507,-12.372491836547852,3.312831401824951,-15.471002578735352,6.494131088256836,-19.50948715209961,-10.258726119995115,4.003964424133301,8.480942726135254,4.196293354034424,-13.820475578308104,10.995107650756836,-18.77232360839844,0.3081053495407104,2.975440263748169,-9.781009674072266,2.797269344329834,-10.297483444213867,18.34601211547852,10.13509464263916,-4.677470207214356,2.315821886062622,-2.76680326461792,-4.456119060516357,11.66207790374756,-2.726658821105957,-3.7404510974884033,3.444786548614502,-18.299222946166992,15.076833724975586,12.869985580444336,-7.388576507568359,17.817564010620117,-0.7427187561988831,3.957582712173462,-0.9446516633033752,-16.100189208984375,15.273948669433594,-5.070115089416504,15.114185333251951,-7.481122970581055,18.80435562133789,-11.101483345031738,17.605838775634766,0.9048023223876952,17.641677856445312,1.948391079902649,-19.620830535888672,-8.04377555847168,8.762286186218262,4.784923076629639,17.80548858642578,-12.912535667419434,-15.772358894348145,12.484170913696287,-3.778772830963135,13.071341514587402,-15.331440925598145,-0.1038396507501602,15.344223976135254,0.8742644786834717,-10.591270446777344,12.61515998840332,-8.475617408752441,-5.022453784942627,12.35243034362793,3.3760480880737305,15.335524559020996,-15.757445335388184,-17.77240753173828,-8.299057006835938,3.0609750747680664,-1.2039037942886353,16.59396743774414,15.985703468322754,-5.771512031555176,-3.580894708633423,-1.095682978630066,-10.308969497680664,19.927898406982425,-1.938359022140503,-6.571103572845459,-17.663818359375,-4.263564586639404,-6.640401363372803,9.60292625427246,-10.328213691711426,-1.5960873365402222,-0.8288198709487915,-12.768665313720703,0.0351431742310524,1.6559256315231323,17.751296997070312,-11.550253868103027,-10.137786865234377,-12.6214599609375,11.677410125732422,-5.16998291015625,-11.875341415405272,-17.458635330200195,15.214824676513672,-5.462953090667725,-2.7812917232513428,0.5273246169090271,-9.285325050354004,7.158074855804443,-0.7657757997512817,15.179888725280762,0.211994782090187,-19.107635498046875,2.220245122909546,17.57000732421875,13.218730926513672,16.955516815185547,-4.164202690124512,-13.35152816772461,14.138585090637209,-18.16648292541504,-3.433149576187134,8.03575611114502,-0.9398967623710632,2.114975690841675,-13.200133323669434,18.06930923461914,-17.700145721435547,-13.747859001159668,-7.592736721038818,-3.649986982345581,-8.028982162475586,11.138694763183594,6.408317565917969,5.085360050201416,9.823169708251951,-4.521598815917969,18.311004638671875,16.412975311279297,-1.3229905366897583,-14.18645191192627,7.712076663970947,-12.96406078338623,-14.408561706542969,19.390304565429688,-0.0434858351945877,3.451084852218628,-11.322948455810549,-4.22090482711792,-18.475526809692383,-8.92309284210205,-16.862171173095703,-14.185297012329102,-7.898848056793213,5.766788959503174,-18.175308227539062,11.298376083374023,7.447534561157227,0.8214536905288696,-16.491243362426758,-4.050825119018555,16.503732681274414,12.660317420959473,-14.323906898498535,-11.351362228393556,-3.383840322494507,-12.863608360290527,13.203540802001951,-2.2173683643341064,-5.827267169952393,18.95149040222168,12.32218074798584,8.812320709228516,7.877655506134033,5.1389994621276855,-9.630417823791504,-6.896823406219482,-8.620229721069336,-7.94407844543457,-6.503446102142334,-16.934707641601562,-6.742973327636719,-16.705564498901367,11.51853847503662,18.241867065429688,6.228337287902832,-1.8386893272399905,-3.294897079467773,4.474298000335693,16.780942916870117,15.410614013671877,3.395688772201538,-6.615463733673096,-19.02287101745605,-2.979976177215576,-3.8493494987487793,12.78351879119873,12.155594825744627,-4.1263604164123535,2.02920913696289,11.61032772064209,-11.215487480163574,5.059719085693359,9.896512985229492,-14.65955638885498,-17.26224136352539,-6.625030994415283,-4.367135524749756,11.787139892578123,-13.649045944213867,17.974903106689453,11.13565444946289,3.6940510272979736,10.642882347106934,-9.604435920715332,1.8486907482147217,-17.48593521118164,-0.0036242962814867,-14.315417289733888,12.5913724899292,3.6351706981658936,-5.2560014724731445,-9.97929573059082,-3.775286674499512,9.850896835327148,-0.2555341720581054,-3.0977134704589844,-15.331198692321776,-12.21800422668457,12.143651008605955,5.320855617523193,-17.61565399169922,10.346868515014648,5.770491123199463,-10.280976295471191,-14.31303882598877,-13.538163185119627,-9.24965476989746,7.448163986206055,5.645864009857178,8.183879852294922,1.786188006401062,-8.722861289978027,4.954354763031006,12.90584659576416,-16.073318481445312,-13.896604537963867,11.313176155090332,-12.826143264770508,-7.815798759460449,-13.802315711975098,0.3095032870769501,-4.967945575714111,12.930071830749512,-0.2269247621297836,-12.567934036254885,15.870615005493164,6.826163768768311,-2.3316988945007324,1.9930644035339355,-11.744488716125488,-15.22131633758545,-0.8173455595970154,17.552288055419922,7.365561008453369,0.6954174637794495,-9.028785705566406,7.272558689117432,14.245370864868164,16.38591194152832,10.84654426574707,-3.770706415176392,10.266919136047363,8.628643989562988,12.75324535369873,-3.195306301116944,5.29725456237793,6.508243083953857,7.277139663696289,17.679677963256836,-15.462823867797852,-3.5838468074798584,-0.3629522323608398,9.9256010055542,-5.876431941986084,8.679669380187988,15.12714958190918,1.0173650979995728,10.03036403656006,-17.317424774169922,0.8883898854255676,5.093313694000244,-12.075042724609377,-3.849812269210816,-15.387391090393066,3.4288058280944824,-4.776540279388428,17.228300094604492,-3.482785224914551,-0.3955231010913849,11.674981117248535,19.985485076904297,14.143258094787598,15.621010780334473,13.11387538909912,5.869152069091797,11.765925407409668,-6.230599880218506,7.32501745223999,-1.416610598564148,-4.506355285644531,-5.560852527618408,6.825465679168701,-12.657266616821287,6.501204490661621,6.276116847991943,4.410224914550781,-14.658365249633787,-5.005796432495117,-12.869911193847656,-3.2189040184021,-10.3430814743042,-2.24505352973938,17.75446128845215,-10.670886039733888,-12.871285438537598,14.326196670532228,16.741485595703125,10.261646270751951,1.7812446355819702,-13.716156005859377,-5.107747077941895,-10.322409629821776,16.925079345703125,6.11853551864624,3.065854072570801,19.092823028564453,11.256629943847656,-18.629438400268555,-5.247604846954346,-17.774450302124023,11.290374755859377,-11.76210594177246,14.640044212341309,1.8762140274047847,-5.48345422744751,-14.544981956481934,16.74748992919922,17.399986267089844,9.594133377075195,8.9088716506958,-10.930865287780762,-15.588187217712402,-7.442968845367432,7.363853454589844,-9.106791496276855,-12.572196006774902,-17.641870498657227,7.367252826690674,-9.893539428710938,0.5003860592842102,-12.494149208068848,9.594346046447754,-13.1736478805542,6.7715678215026855,-16.9119873046875,-15.781561851501465,14.851120948791504,-14.442968368530272,-7.848687648773193,14.381669998168944,-15.361773490905762,18.9189395904541,-5.153895854949951,-18.63576316833496,-5.250931262969971,3.972155809402466,-12.357023239135742,6.896193981170654,-12.144248008728027,12.140886306762695,-18.035043716430664,4.567133903503418,-14.16983413696289,-3.195901393890381,3.1591367721557617,1.4336010217666626,7.215376853942871,-12.73484706878662,-10.398439407348633,4.661001205444336,3.5730977058410645,16.50297737121582,6.558107852935791,11.105949401855469,-5.239237785339356,5.035239219665527,4.725268363952637,2.8911831378936768,13.989047050476074,3.512277126312256,-12.416865348815918,-11.254677772521973,-18.45767593383789,15.605742454528809,12.271307945251465,15.633519172668455,15.819735527038574,2.242915153503418,13.863330841064451,7.483069896697998,15.35130214691162,3.5090765953063965,18.76317405700684,11.84791088104248,17.297264099121094,-4.754550933837891,15.220556259155272,17.467872619628906,-10.997271537780762,6.775634765625,-13.171319007873535,12.588797569274902,-3.651309967041016,-15.885653495788574,12.259602546691896,4.210502624511719,-17.808441162109375,-17.16175079345703,14.446762084960938,-13.65577220916748,-18.566316604614254,-2.487877607345581
1.0,1.0,1.0,2.0,1.0,2.0,4.0,7.0,1.0,2.0,1.0,5.0,1.0,1.0,1.0,1.0,3.0,1.0,2.0,1.0,1.0,1.0,1.0,1.0,1.0,1.0,5.0,2.0,1.0,3.0,1.0,1.0,5.0,1.0,1.0,2.0,1.0,1.0,1.0,2.0,3.0,1.0,1.0,1.0,1.0,1.0,1.0,1.0,1.0,1.0,1.0,1.0,5.0,3.0,2.0,1.0,1.0,2.0,1.0,1.0,1.0,1.0,1.0,1.0,1.0,1.0,2.0,1.0,5.0,1.0,2.0,1.0,1.0,2.0,1.0,1.0,1.0,1.0,2.0,1.0,7.0,4.0,1.0,2.0,1.0,2.0,12.0,5.0,1.0,15.0,1.0,2.0,2.0,2.0,1.0,1.0,8.0,1.0,4.0,1.0,1.0,16.0,3.0,3.0,1.0,2.0,1.0,1.0,6.0,7.0,1.0,2.0,3.0,2.0,2.0,3.0,2.0,1.0,5.0,1.0,3.0,2.0,2.0,1.0,1.0,1.0,10.0,10.0,1.0,3.0,2.0,1.0,2.0,5.0,2.0,1.0,3.0,1.0,1.0,1.0,1.0,1.0,1.0,1.0,7.0,1.0,1.0,13.0,1.0,1.0,1.0,10.0,2.0,1.0,3.0,1.0,1.0,2.0,3.0,1.0,1.0,1.0,1.0,1.0,1.0,1.0,2.0,1.0,14.0,1.0,1.0,1.0,2.0,2.0,1.0,3.0,2.0,1.0,1.0,1.0,2.0,5.0,1.0,1.0,1.0,4.0,1.0,4.0,2.0,14.0,1.0,2.0,2.0,4.0,1.0,1.0,3.0,1.0,1.0,2.0,1.0,1.0,4.0,3.0,17.0,1.0,1.0,1.0,1.0,3.0,1.0,3.0,5.0,1.0,2.0,2.0,2.0,1.0,1.0,1.0,4.0,1.0,2.0,1.0,1.0,1.0,1.0,1.0,1.0,5.0,2.0,2.0,3.0,1.0,1.0,1.0,1.0,2.0,1.0,1.0,1.0,1.0,1.0,5.0,2.0,3.0,2.0,2.0,3.0,1.0,2.0,4.0,1.0,2.0,2.0,2.0,1.0,1.0,1.0,1.0,1.0,3.0,2.0,1.0,1.0,13.0,3.0,1.0,1.0,1.0,7.0,4.0,1.0,1.0,1.0,8.0,1.0,1.0,6.0,2.0,1.0,3.0,2.0,8.0,2.0,1.0,1.0,1.0,5.0,1.0,8.0,1.0,4.0,9.0,7.0,1.0,1.0,8.0,1.0,2.0,1.0,1.0,4.0,1.0,1.0,1.0,7.0,4.0,5.0,3.0,1.0,1.0,1.0,2.0,1.0,1.0,1.0,1.0,1.0,1.0,6.0,3.0,2.0,2.0,1.0,1.0,1.0,1.0,1.0,1.0,5.0,1.0,1.0,3.0,1.0,1.0,3.0,3.0,1.0,1.0,1.0,2.0,2.0,1.0,1.0,1.0,3.0,4.0,4.0,1.0,1.0,1.0,2.0,1.0,2.0,2.0,2.0,8.0,9.0,3.0,1.0,2.0,1.0,1.0,3.0,2.0,2.0,1.0,5.0,1.0,3.0,3.0,3.0,4.0,1.0,1.0,2.0,2.0,3.0,3.0,1.0,3.0,2.0,1.0,1.0,1.0,1.0,1.0,1.0,1.0,1.0,1.0,1.0,1.0,2.0,10.0,2.0,3.0,3.0,3.0,2.0,1.0,1.0,1.0,1.0,2.0,1.0,15.0,3.0,3.0,3.0,3.0,1.0,1.0,11.0,2.0,2.0,2.0,3.0,1.0,1.0,1.0,1.0,9.0,2.0,2.0,3.0,3.0,1.0,1.0,1.0,2.0,1.0,13.0,2.0,2.0,3.0,3.0,6.0,5.0,2.0,2.0,2.0,2.0,3.0,3.0,4.0,3.0,2.0,2.0,3.0,3.0,4.0,2.0,7.0,3.0,3.0,2.0,2.0,1.0,3.0,7.0,2.0,13.0,6.0,4.0,1.0,1.0,1.0,2.0,1.0,3.0,2.0,10.0,2.0,14.0,1.0,1.0,1.0,9.0,3.0,2.0,1.0,1.0,10.0,2.0,1.0,1.0,1.0,2.0,3.0,7.0,5.0,1.0,1.0,1.0,2.0,6.0,2.0,2.0,4.0,2.0,1.0,1.0,1.0,3.0,2.0,10.0,3.0,1.0,1.0,1.0,5.0,3.0,5.0,1.0,3.0,1.0,1.0,2.0,2.0,3.0,2.0,1.0,2.0,1.0,1.0,1.0,2.0,1.0,1.0,1.0,1.0,5.0,1.0,2.0,1.0,1.0,1.0,1.0,1.0,4.0,1.0,1.0,14.0,1.0,4.0,1.0,13.0,11.0,2.0,2.0,1.0,5.0,1.0,11.0,1.0,1.0,1.0,1.0,1.0,4.0,1.0,1.0,1.0,1.0,3.0,1.0,3.0,1.0,5.0,9.0,1.0,1.0,1.0,1.0,4.0,1.0,6.0,13.0,1.0,3.0,3.0,4.0,1.0,3.0,1.0,4.0,1.0,14.0,9.0,12.0,7.0,1.0,1.0,1.0,2.0,4.0,4.0,6.0,10.0,8.0,21.0,4.0,4.0,3.0,2.0,4.0,1.0,2.0,12.0,11.0,1.0,3.0,4.0,1.0,1.0,1.0,1.0,3.0,6.0,7.0,2.0,5.0,3.0,3.0,8.0,10.0,2.0,19.0,8.0,5.0,1.0,3.0,2.0,6.0,2.0,2.0,1.0,2.0,3.0,8.0,9.0,6.0,6.0,1.0,1.0,2.0,2.0,2.0,8.0,4.0,5.0,8.0,7.0,13.0,3.0,9.0,2.0,1.0,3.0,5.0,1.0,3.0,1.0,1.0,7.0,8.0,1.0,2.0,1.0,1.0,6.0,1.0,1.0,1.0,5.0,15.0,1.0,2.0,7.0,5.0,4.0,5.0,4.0,16.0,6.0,4.0,2.0,1.0,1.0,1.0,1.0,1.0,1.0,2.0,1.0,7.0,7.0,4.0,1.0,2.0,1.0,2.0,1.0,1.0,1.0,1.0,2.0,2.0,1.0,1.0,1.0,1.0,1.0,1.0,1.0,1.0,1.0,1.0,1.0,2.0,2.0,4.0,1.0,1.0,1.0,2.0,7.0,1.0,1.0,1.0,1.0,1.0,1.0,1.0,2.0,3.0,6.0,7.0,4.0,1.0,3.0,1.0,1.0,1.0,1.0,1.0,1.0,1.0,1.0,1.0,2.0,1.0,1.0,2.0,1.0,1.0,1.0,2.0,1.0,1.0,1.0,1.0,1.0,2.0,2.0,3.0,6.0,1.0,1.0,2.0,1.0,1.0,2.0,1.0,1.0,13.0,19.0,2.0,1.0,1.0,4.0,1.0,1.0,1.0,2.26507226805276,1.0,1.0,1.0,1.0,1.0,1.0,1.0,2.0,1.0,1.0,1.0,16.0,15.0,1.0,2.0,2.0,2.0,1.0,1.0,1.0,2.0,1.0,1.0,1.0,1.0,1.0,2.0,1.0,1.0,3.0,1.0,1.0,1.0,2.0,1.0,1.0,12.0,7.0,1.0,5.0,1.0,3.0,1.0,1.0,1.0,2.0,3.0,1.0,1.0,6.0,7.0,3.0,5.0,3.0,1.0,1.0,3.0,2.0,1.0,7.0,16.0,1.0,1.0,5.0,3.0,1.0,1.0,3.0,2.0,1.0,1.0,1.0,2.0,3.0,3.0,1.0,1.0,2.0,1.0,1.0,1.0,2.0,30.0,1.0,4.0,7.0,1.0,1.0,1.0,1.0,1.0,2.0,1.0,2.0,1.0,1.0,1.0,1.0,1.0,1.0,5.0,24.0,4.0,2.0,1.0,1.0,1.0,1.0,1.0,1.0,2.0,2.0,3.0,1.0,2.0,1.0,1.0,1.0,1.0,1.0,1.0,1.0,2.0,1.0,1.0,1.0,1.0,1.0,1.0,1.0,1.0,3.0,1.0,1.0,1.0,3.0,5.0,2.0,3.0,1.0,1.0,2.0,1.0,2.0,1.0,3.0,1.0,2.0,1.0,1.0,2.0,2.0,2.0,1.0,1.0,5.0,2.0,2.0,4.0,1.0,3.0,1.0,4.0,1.0,1.0,2.0,1.0,1.0,4.0,1.0,2.0,1.0,1.0,2.0,4.0,1.0,2.0,2.0,5.0,1.0,1.0,2.0,1.0,1.0,3.0,1.0,1.0,3.0,3.0,5.0,3.0,4.0,1.0,1.0,1.0,2.0,1.0,2.0,1.0,2.0,1.0,1.0,3.0,1.0,1.0,1.0,1.0,2.0,1.0,1.0,1.0,2.0,1.0,1.0,1.0,1.0,1.0,1.0,1.0,1.0,4.0,1.0,1.0,1.0,2.0,1.0,6.0,1.0,1.0,1.0,2.0,2.0,1.0,1.0,1.0,2.0,2.0,1.0,1.0,2.0,1.0,-1.0,-1.0,-1.0,-1.0,-2.0,1.0,9.0,-1.0,1.0,-1.0,-1.0,-5.0,-4.0,-3.0,-4.0,-5.0,-5.0,1.0,1.0,1.0,6.0,6.0,2.0,1.0,3.0,2.0,1.0,4.0,5.0,1.0,3.0,1.0,1.0,2.0,1.0,5.0,1.0,1.0,10.0,4.0,1.0,1.0,1.0,3.0,7.0,1.0,2.0,8.0,1.0,2.0,1.0,1.0,1.0,2.0,1.0,2.0,9.0,1.0,9.0,1.0,1.0,1.0,3.0,1.0,1.0,4.0,4.0,1.0,2.0,1.0,2.0,1.0,1.0,1.0,2.0,1.0,1.0,2.0,4.0,1.0,1.0,10.0,1.0,1.0,1.0,3.0,1.0,4.0,4.0,9.0,1.0,1.0,5.0,1.0,1.0,1.0,4.0,2.0,5.0,1.0,7.0,1.0,5.0,1.0,1.0,1.0,2.0,1.0,5.0,4.0,6.0,1.0,-3.0,-1.0,-1.0,-1.0,-2.0,-2.0,-1.0,-1.0,-1.0,-1.0,-3.0,-1.0,-2.0,-4.0,-1.0,-2.0,-1.0,-1.0,-1.0,5.0,4.0,2.0,7.0,2.0,1.0,2.0,1.0,2.0,1.0,3.0,4.0,4.0,1.0,1.0,2.0,4.0,2.0,6.0,1.0,5.0,1.0,8.0,7.0,1.0,4.0,3.0,1.0,1.0,1.0,2.0,1.0,4.0,1.0,1.0,1.0,1.0,2.0,1.0,1.0,3.0,2.0,4.0,7.0,7.0,4.0,1.0,1.0,4.0,1.0,1.0,2.0,1.0,1.0,5.0,1.0,2.0,7.0,4.0,2.0,2.0,1.0,1.0,1.0,2.0,2.0,2.0,1.0,1.0,2.0,6.0,1.0,4.0,2.0,3.0,17.0,1.0,8.0,8.0,1.0,1.0,2.0,2.0,1.0,1.0,2.0,2.0,11.0,5.0,2.0,1.0,2.0,2.0,2.0,2.0,2.0,2.0,2.0,2.0,2.0,1.0,1.0,25.0,6.0,5.0,5.0,5.0,5.0,5.0,5.0,3.0,2.0,1.0,1.0,2.0,1.0,1.0,12.0,15.0,4.0,4.0,5.0,4.0,4.0,5.0,2.0,1.0,5.0,1.0,1.0,2.0,1.0,16.0,5.0,4.0,5.0,4.0,10.0,2.0,4.0,3.0,3.0,6.0,4.0,4.0,4.0,4.0,4.0,4.0,4.0,4.0,4.0,2.0,4.0,4.0,4.0,4.0,4.0,4.0,1.0,1.0,4.0,4.0,4.0,4.0,4.0,4.0,1.0,1.0,1.0,1.0,1.0,1.0,4.0,4.0,4.0,4.0,4.0,4.0,4.0,4.0,4.0,4.0,1.0,1.0,1.0,1.0,3.0,1.0,1.0,10.0,1.0,1.0,1.0,1.0,1.0,21.0,15.0,1.0,1.0,1.0,1.0,1.0,1.0,5.0,1.0,6.0,2.0,2.0,23.0,14.0,1.0,3.0,3.0,3.0,3.0,3.0,3.0,3.0,3.0,1.0,1.0,1.0,1.0,1.0,6.0,1.0,4.0,10.0,9.0,26.0,7.0,3.0,3.0,4.0,3.0,3.0,3.0,4.0,3.0,1.0,1.0,1.0,1.0,3.0,1.0,1.0,13.0,2.0,2.0,2.0,2.0,2.0,2.0,2.0,1.0,1.0,2.0,2.0,2.0,2.0,2.0,2.0,3.0,2.0,1.0,2.0,2.0,2.0,2.0,2.0,2.0,2.0,1.0,2.0,2.0,2.0,2.0,2.0,2.0,2.0,2.0,2.0,2.0,2.0,1.0,-2.0,1.0,4.0,1.0,-4.0,-4.0,-5.0,-4.0,-4.0,-4.0,-5.0,-4.0,-1.0,1.0,2.0,-1.0,1.0,-4.0,-5.0,-4.0,-4.0,-5.0,-4.0,2.0,1.0,-5.0,-6.0,-5.0,-5.0,-6.0,-5.0,1.0,1.0,1.0,-5.0,-5.0,-5.0,-5.0,-5.0,-5.0,-1.0,1.0,-1.0,-5.0,-5.0,-5.0,-5.0,-5.0,-5.0,-3.0,-4.0,-1.0,-1.0,-3.0,-1.0,0.0,1.0,-9.0,-5.0,1.0,-1.0,-2.0,-1.0,-1.0,-2.0,-1.0,-3.0,-2.0,-1.0,-1.0,-1.0,-1.0,-1.0,-3.0,-1.0,-1.0,-1.0,-1.0,-3.0,-2.0,-3.0,-2.0,-1.0,-1.0,-1.0,-2.0,7.0,-4.0,-2.0,-3.0,-3.0,-1.0,-1.0,-1.0,1.0,1.0,0.0,-1.0,-5.0,-7.0,-1.0,-2.0,-1.0,9.0,2.0,13.0,-1.0,-1.0,-1.0,-5.0,-5.0,-2.0,-4.0,1.0,5.0,4.0,2.0,2.0,1.0,2.0,15.0,17.0,4.0,5.0,7.0,13.0,1.0,3.0,1.0,1.0,1.0,12.0,5.0,5.0,1.0,11.0,2.0,4.0,2.0,1.0,15.70346510062307,4.0,2.0,1.0,1.0,2.0,1.0,1.0,2.0,1.0,1.0,2.0,6.0,1.0,1.0,2.0,4.0,3.0,2.0,2.0,3.0,7.0,1.0,1.0,1.0,1.0,1.0,2.0,1.0,1.0,1.0,1.0,1.0,1.0,1.0,1.0,2.0,2.0,1.0,4.0,1.0,1.0,1.0,1.0,3.0,1.0,2.0,6.0,1.0,1.0,1.0,1.0,1.0,1.0,1.0,1.0,1.0,1.0,1.0,1.0,3.0,1.0,1.0,3.0,2.0,2.0,2.0,5.0,-19.94157324031526,2.0,2.0,4.0,3.0,1.0,2.0,2.0,2.0,2.0,1.0,1.0,2.0,2.0,2.0,1.0,1.0,1.0,1.0,1.0,2.0,1.0,4.0,1.0,1.0,1.0,1.0,2.0,1.0,1.0,1.0,5.0,5.0,1.0,4.0,3.0,2.0,2.0,1.0,5.0,1.0,3.0,4.0,2.0,1.0,3.0,3.0,4.0,3.0,3.0,1.0,1.0,2.0,1.0,3.0,2.0,4.0,2.0,1.0,4.0,2.0,1.0,2.0,3.0,3.0,3.0,3.0,2.0,1.0,4.0,5.0,1.0,1.0,5.0,4.0,2.0,1.0,1.0,1.0,6.0,10.0,1.0,5.0,5.0,1.0,7.0,2.0,1.0,10.0,4.0,3.0,3.0,1.0,7.0,1.0,11.0,1.0,2.0,2.0,1.0,3.0,2.0,1.0,1.0,5.0,8.0,1.0,7.0,3.0,1.0,2.0,2.0,1.0,2.0,1.0,1.0,1.0,1.0,2.0,7.0,6.0,1.0,2.0,1.0,1.0,1.0,1.0,5.0,1.0,1.0,2.0,5.0,1.0,2.0,7.0,6.0,6.0,1.0,2.0,9.0,3.0,6.0,1.0,6.0,4.0,9.0,1.0,1.0,1.0,2.0,10.0,6.0,2.0,2.0,5.0,5.0,1.0,10.0,1.0,2.0,4.0,5.0,13.0,1.0,1.0,1.0,1.0,4.0,4.0,3.0,1.0,2.0,1.0,1.0,1.0,2.0,4.0,4.0,5.0,11.0,1.0,1.0,1.0,1.0,5.0,2.0,7.0,1.0,1.0,2.0,1.0,1.0,1.0,3.0,3.0,2.0,2.0,3.0,5.0,1.0,2.0,1.0,-2.0,1.0,1.0,4.039529825364,-3.0,-3.0,-3.0,-3.0,1.0,0.0,4.0,-2.0,5.0,-6.0,-6.0,-6.0,-6.0,-2.0,-1.0,-1.0,-6.0,-6.0,-6.0,-6.0,-3.0,-2.0,-1.0,-1.0,-3.0,-3.0,-3.0,-3.0,-2.0,-1.0,-1.0,2.0,-1.0,-6.0,-6.0,-6.0,-6.0,-6.0,-6.0,-6.0,1.0,1.0,-3.0,-3.0,7.0,2.0,-5.0,-5.0,-5.0,-5.0,1.0,-2.0,-2.0,2.0,1.0,-5.0,-6.0,-5.0,-5.0,2.0,1.0,1.0,1.0,-6.0,-6.0,-6.0,-6.0,-1.0,1.0,-2.0,-2.0,1.0,2.0,-13.0,-13.0,-1.0,-1.0,-2.0,2.0,1.0,-5.0,-5.0,-5.0,-5.0,-5.0,-5.0,1.0,1.0,-5.0,-5.0,-5.0,-5.0,-5.0,0.0,-3.0,-12.0,-12.0,1.0,5.0,-7.0,-7.0,-7.0,-7.0,1.0,7.0,1.0,1.0,1.0,2.0,11.0,1.0,4.0,1.0,3.0,6.0,1.0,2.0,3.0,15.0,3.0,2.0,3.0,4.0,1.0,6.0,6.0,4.0,2.0,1.0,1.0,1.0,1.0,1.0,1.0,3.0,7.0,1.0,3.0,1.0,1.0,1.0,3.0,2.0,1.0,2.0,2.0,1.0,1.0,3.0,3.0,3.0,1.0,1.0,2.0,3.0,3.0,3.0,1.0,1.0,1.0,3.0,4.0,4.0,2.0,3.0,1.0,1.0,1.0,1.0,1.0,1.0,2.0,3.0,4.0,4.0,2.0,6.0,3.0,1.0,1.0,1.0,1.0,1.0,1.0,2.0,3.0,1.0,13.0,3.0,1.0,1.0,6.0,1.0,1.0,1.0,4.0,1.0,1.0,2.0,2.0,4.0,3.0,3.0,1.0,1.0,1.0,1.0,2.0,2.0,3.0,3.0,1.0,1.0,2.0,2.0,1.0,2.0,6.0,6.0,2.0,3.0,2.0,2.0,1.0,1.0,2.0,2.0,6.0,6.0,2.0,3.0,2.0,2.0,1.0,1.0,21.0,3.0,4.0,1.0,2.0,2.0,8.0,1.0,7.0,2.0,1.0,2.0,3.0,4.0,4.0,1.0,16.0,1.0,6.0,3.0,1.0,1.0,2.0,10.0,1.0,10.0,3.0,3.0,2.0,1.0,4.0,3.0,1.0,2.0,1.0,1.0,4.0,1.0,3.0,1.0,2.0,2.0,1.0,1.0,1.0,1.0,3.0,1.0,1.0,2.0,1.0,1.0,1.0,1.0,1.0,1.0,1.0,1.0,1.0,1.0,1.0,4.0,3.0,1.0,1.0,1.0,1.0,1.0,1.0,2.0,2.0,1.0,4.0,1.0,4.0,1.0,1.0,2.0,1.0,1.0,3.0,2.0,2.0,2.0,2.0,1.0,1.0,6.0,24.0,4.0,1.0,3.0,2.0,1.0,1.0,16.0,35.0,3.0,1.0,1.0,1.0,1.0,1.0,1.0,3.0,5.0,1.0,1.0,2.0,7.0,5.0,5.0,2.0,3.0,1.0,1.0,1.0,8.0,1.0,5.0,3.0,2.0,9.0,6.0,1.0,4.0,13.0,1.0,7.0,7.0,1.0,1.0,1.0,1.0,1.0,4.0,6.0,3.0,2.0,1.0,8.0,6.0,1.0,1.0,1.0,2.0,3.0,1.0,2.0,8.0,1.0,2.0,9.0,2.0,1.0,1.0,1.0,1.0,1.0,4.0,1.0,1.0,4.0,5.0,1.0,1.0,2.0,3.0,2.0,1.0,2.0,5.0,6.0,4.0,6.0,8.0,11.0,7.0,6.0,1.0,1.0,1.0,4.0,1.0,3.0,4.0,5.0,12.0,5.0,2.0,2.0,1.0,4.0,2.0,1.0,1.0,1.0,3.0,4.0,3.0,2.0,2.0,3.0,5.0,1.0,7.0,5.0,2.0,2.0,3.0,1.0,1.0,1.0,1.0,2.0,1.0,2.0,1.0,1.0,12.0,10.0,8.0,6.0,5.0,1.0,1.0,1.0,3.0,1.0,1.0,1.0,3.0,4.0,1.0,2.0,1.0,1.0,1.0,2.0,1.0,1.0,8.0,1.0,1.0,2.0,2.0,5.0,2.0,2.0,1.0,1.0,3.0,2.0,3.0,1.0,6.0,6.0,1.0,1.0,6.0,1.0,6.0,9.0,3.0,13.0,10.0,1.0,1.0,11.0,1.0,1.0,3.0,8.0,9.0,2.0,1.0,2.0,3.0,3.0,3.0,1.0,1.0,1.0,5.0,5.0,2.0,1.0,2.0,2.0,1.0,1.0,5.0,1.0,1.0,1.0,1.0,3.0,2.0,1.0,2.0,1.0,3.0,4.0,1.0,2.0,1.0,2.0,1.0,2.0,2.0,1.0,1.0,2.0,2.0,1.0,1.0,1.0,1.0,1.0,1.0,2.0,1.0,8.0,2.0,1.0,5.0,6.0,2.0,1.0,1.0,1.0,6.0,2.0,3.0,4.0,3.0,1.0,1.0,2.0,2.0,1.0,1.0,11.0,1.0,1.0,2.0,4.0,5.0,3.0,1.0,4.0,1.0,14.0,4.0,7.0,1.0,1.0,2.0,1.0,1.0,1.0,1.0,1.0,1.0,3.0,1.0,9.0,2.0,2.0,1.0,1.0,7.0,1.0,8.0,1.0,1.0,1.0,1.0,2.0,1.0,1.0,1.0,1.0,2.0,1.0,1.0,1.0,1.0,1.0,1.0,4.0,4.0,3.0,2.0,1.0,1.0,1.0,1.0,3.0,1.0,1.0,1.0,1.0,1.0,1.0,1.0,1.0,2.0,1.0,3.0,3.0,1.0,1.0,3.0,5.0,9.0,7.0,2.0,2.0,1.0,1.0,1.0,2.0,3.0,1.0,1.0,2.0,3.0,1.0,1.0,2.0,2.0,1.0,1.0,1.0,1.0,2.0,1.0,1.0,-1.0,-1.0,-2.0,-4.0,-12.0,-7.0,-6.0,-6.0,-9.0,-11.0,-2.0,-8.0,-10.0,-6.0,-11.0,-1.0,-1.0,-4.0,-1.0,-10.0,-11.0,-3.0,-8.0,-12.0,-10.0,-1.0,-1.0,-1.0,-1.0,-7.0,-7.0,-13.0,-7.0,2.0,1.0,1.0,1.0,2.0,1.0,1.0,5.0,1.0,2.0,1.0,1.0,3.0,1.0,3.0,1.0,1.0,1.0,1.0,1.0,1.0,1.0,1.0,4.0,1.0,1.0,2.0,1.0,1.0,3.0,1.0,1.0,2.0,1.0,1.0,2.0,3.0,1.0,2.0,1.0,1.0,1.0,1.0,1.0,1.0,2.0,1.0,2.0,1.0,2.0,5.0,6.0,1.0,2.0,1.0,1.0,3.0,1.0,1.0,2.0,3.0,3.0,1.0,1.0,2.0,5.0,5.0,1.0,1.0,4.0,3.0,2.0,1.0,1.0,-1.0,1.0,2.0,-3.0,1.0,1.0,-4.0,-4.0,-3.0,2.0,-1.0,-1.0,-1.0,-2.0,2.0,10.0,1.0,1.0,1.0,2.0,3.0,4.0,1.0,2.0,1.0,17.0,1.0,1.0,1.0,1.0,2.0,1.0,1.0,1.0,4.0,4.0,1.0,3.0,1.0,1.0,2.0,1.0,1.0,1.0,2.0,2.0,1.0,1.0,1.0,1.0,2.0,3.0,2.0,1.0,1.0,3.0,1.0,1.0,1.0,2.0,3.0,1.0,1.0,2.0,4.0,2.0,1.0,1.0,1.0,1.0,2.0,3.0,1.0,4.0,1.0,1.0,1.0,4.0,4.0,10.22083083375076,1.0,2.0,2.0,2.0,2.0,1.0,2.0,1.0,2.0,3.0,1.0,6.0,11.0,8.0,5.0,4.0,5.0,3.0,2.0,1.0,1.0,1.0,1.0,1.0,2.0,2.0,3.0,2.0,3.0,1.0,1.0,1.0,1.0,1.0,1.0,3.0,2.0,5.0,1.0,2.0,2.0,1.0,5.0,1.0,5.0,1.0,2.0,5.0,3.0,2.0,1.0,1.0,1.0,2.0,3.0,1.0,1.0,1.0,3.0,3.0,2.0,4.0,1.0,1.0,1.0,1.0,1.0,1.0,1.0,1.0,1.0,1.0,1.0,3.0,5.0,1.0,1.0,1.0,2.0,2.0,1.0,1.0,5.0,1.0,1.0,5.0,1.0,1.0,-7.0,-7.0,1.0,-1.0,-4.0,-2.0,-1.0,-2.0,-1.0,1.0,-1.0,-3.0,-5.0,0.0,-3.0,-1.0,-2.0,-4.0,1.0,-1.0,1.0,-1.0,-1.0,1.0,-1.0,-1.0,2.0,-2.0,-3.0,2.0,-2.0,-1.0,1.0,-1.0,-1.0,-2.0,1.0,-2.0,-1.0,2.0,-1.0,-1.0,-1.0,-1.0,-2.0,2.0,-2.0,-2.0,0.0,-1.0,-1.0,-1.0,-1.0,-1.0,1.0,1.0,1.0,7.0,1.0,1.0,1.0,1.0,1.0,2.0,1.0,1.0,12.0,1.0,1.0,1.0,1.0,1.0,1.0,2.0,1.0,1.0,1.0,1.0,2.0,4.0,3.0,1.0,1.0,3.0,1.0,1.0,1.0,1.0,2.0,1.0,1.0,1.0,1.0,1.0,2.0,1.0,1.0,3.0,7.0,2.0,1.0,1.0,1.0,1.0,1.0,1.0,1.0,1.0,1.0,1.0,1.0,1.0,6.0,1.0,1.0,1.0,1.0,1.0,1.0,1.0,1.0,1.0,1.0,1.0,1.0,1.0,1.0,1.0,1.0,4.0,1.0,1.0,1.0,1.0,1.0,1.0,1.0,1.0,1.0,1.0,1.0,1.0,1.0,1.0,1.0,1.0,1.0,1.0,1.0,-1.0,-1.0,1.0,1.0,2.0,-2.0,-2.0,-2.0,-2.0,-2.0,1.0,1.0,-3.0,-3.0,-3.0,-3.0,1.0,-5.0,-5.0,-5.0,1.0,1.0,1.0,1.0,2.0,1.0,1.0,-1.0,-1.0,-1.0,-1.0,-1.0,-1.0,4.0,4.0,1.0,1.0,3.0,1.0,1.0,1.0,1.0,1.0,3.0,3.0,2.0,1.0,1.0,1.0,1.0,1.0,2.0,1.0,1.0,2.0,2.0,1.0,1.0,1.0,1.0,1.0,3.0,3.0,3.0,1.0,1.0,2.0,1.0,1.0,2.0,2.0,2.0,1.0,1.0,1.0,2.0,1.0,1.0,1.0,1.0,3.0,1.0,1.0,1.0,1.0,4.0,2.0,5.0,1.0,2.0,1.0,1.0,1.0,1.0,3.0,1.0,2.0,3.0,2.0,1.0,1.0,1.0,2.0,2.0,2.0,2.0,1.0,6.0,3.0,6.0,1.0,1.0,1.0,3.0,1.0,4.0,5.0,1.0,1.0,1.0,1.0,1.0,17.0,1.0,2.0,12.0,1.0,2.0,3.0,8.0,13.0,5.0,2.0,1.0,2.0,6.0,4.0,4.0,2.0,1.0,3.0,2.0,1.0,1.0,1.0,3.0,1.0,1.0,1.0,3.0,1.0,1.0,1.0,3.0,1.0,1.0,1.0,2.0,3.0,7.0,4.0,3.0,1.0,2.0,2.0,2.0,1.0,1.0,1.0,1.0,1.0,1.0,1.0,1.0,1.0,1.0,1.0,1.0,1.0,1.0,1.0,1.0,1.0,1.0,1.0,1.0,1.0,1.0,1.0,1.0,1.0,3.0,1.0,1.0,2.0,2.0,2.0,2.0,3.0,1.0,1.0,1.0,2.0,1.0,4.0,3.0,1.0,1.0,1.0,2.0,1.0,1.0,1.0,5.0,3.0,2.0,1.0,1.0,1.0,1.0,1.0,1.0,1.0,1.0,1.0,3.0,4.0,3.0,1.0,1.0,1.0,1.0,1.0,1.0,1.0,1.0,1.0,1.0,1.0,1.0,2.0,1.0,1.0,1.0,1.0,1.0,1.0,1.0,1.0,1.0,1.0,1.0,2.0,1.0,1.0,1.0,1.0,1.0,1.0,1.0,1.0,1.0,1.0,1.0,1.0,1.0,3.0,8.0,2.0,1.0,2.0,1.0,1.0,4.0,1.0,1.0,1.0,1.0,1.0,1.0,1.0,7.0,5.0,2.0,3.0,1.0,1.0,2.0,1.0,1.0,1.0,1.0,1.0,1.0,2.0,3.0,1.0,2.0,2.0,2.0,1.0,3.0,1.0,1.0,1.0,1.0,3.0,2.0,3.0,3.0,1.0,1.0,2.0,2.0,2.0,3.0,2.0,1.0,3.0,1.0,2.0,2.0,2.0,2.0,2.0,2.0,1.0,1.0,1.0,1.0,1.0,1.0,1.0,1.0,1.0,2.0,1.0,1.0,1.0,3.0,1.0,1.0,1.0,1.0,1.0,1.0,1.0,2.0,1.0,6.0,1.0,5.0,1.0,4.0,1.0,8.0,1.0,3.0,3.0,4.0,1.0,2.0,2.0,1.0,1.0,3.0,2.0,3.0,1.0,2.0,1.0,1.0,2.0,1.0,1.0,4.0,6.0,1.0,1.0,1.0,2.0,2.0,1.0,1.0,3.0,5.0,4.0,1.0,1.0,5.0,1.0,1.0,2.0,1.0,1.0,1.0,4.0,2.0,1.0,4.0,2.0,6.0,1.0,1.0,1.0,1.0,6.0,4.0,1.0,1.0,3.0,3.0,2.0,9.0,2.0,3.0,3.0,3.0,3.0,1.0,1.0,5.0,5.0,5.0,5.0,1.0,7.0,10.0,2.0,1.0,4.0,5.0,5.0,5.0,5.0,2.0,1.0,3.0,5.0,4.0,2.0,2.0,1.0,1.0,2.0,3.0,1.0,1.0,3.0,11.0,5.0,5.0,5.0,5.0,5.0,5.0,5.0,5.0,13.0,3.0,2.0,2.0,3.0,11.0,5.0,5.0,5.0,5.0,1.0,1.0,2.0,18.0,11.0,2.0,1.0,3.0,3.0,5.0,5.0,5.0,5.0,5.0,5.0,2.0,1.0,3.0,1.0,1.0,21.0,1.0,2.0,3.0,6.0,6.0,6.0,6.0,2.0,5.0,3.0,2.0,5.0,13.0,2.0,5.0,5.0,5.0,5.0,6.0,2.0,24.0,2.0,1.0,2.0,5.0,5.0,5.0,5.0,1.0,2.0,4.0,3.0,12.0,1.0,9.0,4.0,4.0,4.0,4.0,4.0,4.0,4.0,1.0,10.0,4.0,1.0,21.0,1.0,2.0,1.0,1.0,1.0,4.0,3.0,5.0,6.0,6.0,6.0,6.0,6.0,1.0,1.0,3.0,15.0,1.0,1.0,1.0,1.0,7.0,4.0,1.0,10.0,5.0,5.0,5.0,5.0,1.0,1.0,4.0,2.0,1.0,1.0,2.0,2.0,9.0,2.0,1.0,1.0,3.0,1.0,4.0,3.0,1.0,1.0,1.0,1.0,1.0,2.0,1.0,1.0,9.0,1.0,1.0,1.0,2.0,5.0,5.0,5.0,5.0,2.0,1.0,7.0,1.0,2.0,5.0,5.0,5.0,5.0,5.0,5.0,5.0,3.0,1.0,1.0,20.0,1.0,1.0,1.0,4.0,1.0,1.0,2.0,1.0,9.0,3.0,4.0,4.0,4.0,4.0,4.0,4.0,4.0,4.0,1.0,1.0,37.0,1.0,1.0,1.0,6.0,6.0,6.0,6.0,6.0,6.0,1.0,1.0,1.0,1.0,6.0,16.0,1.0,5.0,5.0,5.0,5.0,1.0,27.0,1.0,1.0,1.0,7.0,6.0,6.0,6.0,6.0,1.0,2.0,1.0,30.0,1.0,1.0,1.0,1.0,8.0,6.0,6.0,6.0,6.0,6.0,2.0,2.0,2.0,2.0,5.0,5.0,7.0,3.0,30.0,3.0,10.0,6.0,1.0,10.0,5.0,5.0,5.0,5.0,5.0,5.0,5.0,4.0,1.0,6.0,8.0,1.0,2.0,3.0,4.0,4.0,5.0,6.0,6.0,6.0,6.0,-5.0,-5.0,-5.0,-5.0,-5.0,-5.0,-5.0,-5.0,-5.0,-5.0,1.0
1.0,1.0,1.0,2.0,1.0,2.0,4.0,7.0,1.0,2.0,1.0,5.0,1.0,1.0,1.0,1.0,3.0,1.0,2.0,1.0,1.0,1.0,1.0,1.0,1.0,1.0,5.0,2.0,1.0,3.0,1.0,1.0,5.0,1.0,1.0,2.0,1.0,1.0,1.0,2.0,3.0,1.0,1.0,1.0,1.0,1.0,1.0,1.0,1.0,1.0,1.0,1.0,5.0,3.0,2.0,1.0,1.0,2.0,1.0,1.0,1.0,1.0,1.0,1.0,1.0,1.0,2.0,1.0,5.0,1.0,2.0,1.0,1.0,2.0,1.0,1.0,1.0,1.0,2.0,1.0,7.0,4.0,1.0,2.0,1.0,2.0,12.0,5.0,1.0,15.0,1.0,2.0,2.0,2.0,1.0,1.0,8.0,1.0,4.0,1.0,1.0,16.0,3.0,3.0,1.0,2.0,1.0,1.0,6.0,7.0,1.0,2.0,3.0,2.0,2.0,3.0,2.0,1.0,5.0,1.0,3.0,2.0,2.0,1.0,1.0,1.0,10.0,10.0,1.0,3.0,2.0,1.0,2.0,5.0,2.0,1.0,3.0,1.0,1.0,1.0,1.0,1.0,1.0,1.0,7.0,1.0,1.0,13.0,1.0,1.0,1.0,10.0,2.0,1.0,3.0,1.0,1.0,2.0,3.0,1.0,1.0,1.0,1.0,1.0,1.0,1.0,2.0,1.0,14.0,1.0,1.0,1.0,2.0,2.0,1.0,3.0,2.0,1.0,1.0,1.0,2.0,5.0,1.0,1.0,1.0,4.0,1.0,4.0,2.0,14.0,1.0,2.0,2.0,4.0,1.0,1.0,3.0,1.0,1.0,2.0,1.0,1.0,4.0,3.0,17.0,1.0,1.0,1.0,1.0,3.0,1.0,3.0,5.0,1.0,2.0,2.0,2.0,1.0,1.0,1.0,4.0,1.0,2.0,1.0,1.0,1.0,1.0,1.0,1.0,5.0,2.0,2.0,3.0,1.0,1.0,1.0,1.0,2.0,1.0,1.0,1.0,1.0,1.0,5.0,2.0,3.0,2.0,2.0,3.0,1.0,2.0,4.0,1.0,2.0,2.0,2.0,1.0,1.0,1.0,1.0,1.0,3.0,2.0,1.0,1.0,13.0,3.0,1.0,1.0,1.0,7.0,4.0,1.0,1.0,1.0,8.0,1.0,1.0,6.0,2.0,1.0,3.0,2.0,8.0,2.0,1.0,1.0,1.0,5.0,1.0,8.0,1.0,4.0,9.0,7.0,1.0,1.0,8.0,1.0,2.0,1.0,1.0,4.0,1.0,1.0,1.0,7.0,4.0,5.0,3.0,1.0,1.0,1.0,2.0,1.0,1.0,1.0,1.0,1.0,1.0,6.0,3.0,2.0,2.0,1.0,1.0,1.0,1.0,1.0,1.0,5.0,1.0,1.0,3.0,1.0,1.0,3.0,3.0,1.0,1.0,1.0,2.0,2.0,1.0,1.0,1.0,3.0,4.0,4.0,1.0,1.0,1.0,2.0,1.0,2.0,2.0,2.0,8.0,9.0,3.0,1.0,2.0,1.0,1.0,3.0,2.0,2.0,1.0,5.0,1.0,3.0,3.0,3.0,4.0,1.0,1.0,2.0,2.0,3.0,3.0,1.0,3.0,2.0,1.0,1.0,1.0,1.0,1.0,1.0,1.0,1.0,1.0,1.0,1.0,2.0,10.0,2.0,3.0,3.0,3.0,2.0,1.0,1.0,1.0,1.0,2.0,1.0,15.0,3.0,3.0,3.0,3.0,1.0,1.0,11.0,2.0,2.0,2.0,3.0,1.0,1.0,1.0,1.0,9.0,2.0,2.0,3.0,3.0,1.0,1.0,1.0,2.0,1.0,13.0,2.0,2.0,3.0,3.0,6.0,5.0,2.0,2.0,2.0,2.0,3.0,3.0,4.0,3.0,2.0,2.0,3.0,3.0,4.0,2.0,7.0,3.0,3.0,2.0,2.0,1.0,3.0,7.0,2.0,13.0,6.0,4.0,1.0,1.0,1.0,2.0,1.0,3.0,2.0,10.0,2.0,14.0,1.0,1.0,1.0,9.0,3.0,2.0,1.0,1.0,10.0,2.0,1.0,1.0,1.0,2.0,3.0,7.0,5.0,1.0,1.0,1.0,2.0,6.0,2.0,2.0,4.0,2.0,1.0,1.0,1.0,3.0,2.0,10.0,3.0,1.0,1.0,1.0,5.0,3.0,5.0,1.0,3.0,1.0,1.0,2.0,2.0,3.0,2.0,1.0,2.0,1.0,1.0,1.0,2.0,1.0,1.0,1.0,1.0,5.0,1.0,2.0,1.0,1.0,1.0,1.0,1.0,4.0,1.0,1.0,14.0,1.0,4.0,1.0,13.0,11.0,2.0,2.0,1.0,5.0,1.0,11.0,1.0,1.0,1.0,1.0,1.0,4.0,1.0,1.0,1.0,1.0,3.0,1.0,3.0,1.0,5.0,9.0,1.0,1.0,1.0,1.0,4.0,1.0,6.0,13.0,1.0,3.0,3.0,4.0,1.0,3.0,1.0,4.0,1.0,14.0,9.0,12.0,7.0,1.0,1.0,1.0,2.0,4.0,4.0,6.0,10.0,8.0,21.0,4.0,4.0,3.0,2.0,4.0,1.0,2.0,12.0,11.0,1.0,3.0,4.0,1.0,1.0,1.0,1.0,3.0,6.0,7.0,2.0,5.0,3.0,3.0,8.0,10.0,2.0,19.0,8.0,5.0,1.0,3.0,2.0,6.0,2.0,2.0,1.0,2.0,3.0,8.0,9.0,6.0,6.0,1.0,1.0,2.0,2.0,2.0,8.0,4.0,5.0,8.0,7.0,13.0,3.0,9.0,2.0,1.0,3.0,5.0,1.0,3.0,1.0,1.0,7.0,8.0,1.0,2.0,1.0,1.0,6.0,1.0,1.0,1.0,5.0,15.0,1.0,2.0,7.0,5.0,4.0,5.0,4.0,16.0,6.0,4.0,2.0,1.0,1.0,1.0,1.0,1.0,1.0,2.0,1.0,7.0,7.0,4.0,1.0,2.0,1.0,2.0,1.0,1.0,1.0,1.0,2.0,2.0,1.0,1.0,1.0,1.0,1.0,1.0,1.0,1.0,1.0,1.0,1.0,2.0,2.0,4.0,1.0,1.0,1.0,2.0,7.0,1.0,1.0,1.0,1.0,1.0,1.0,1.0,2.0,3.0,6.0,7.0,4.0,1.0,3.0,1.0,1.0,1.0,1.0,1.0,1.0,1.0,1.0,1.0,2.0,1.0,1.0,2.0,1.0,1.0,1.0,2.0,1.0,1.0,1.0,1.0,1.0,2.0,2.0,3.0,6.0,1.0,1.0,2.0,1.0,1.0,2.0,1.0,1.0,13.0,19.0,2.0,1.0,1.0,4.0,1.0,1.0,1.0,3.26507226805276,1.0,1.0,1.0,1.0,1.0,1.0,1.0,2.0,1.0,1.0,1.0,16.0,15.0,1.0,2.0,2.0,2.0,1.0,1.0,1.0,2.0,1.0,1.0,1.0,1.0,1.0,2.0,1.0,1.0,3.0,1.0,1.0,1.0,2.0,1.0,1.0,12.0,7.0,1.0,5.0,1.0,3.0,1.0,1.0,1.0,2.0,3.0,1.0,1.0,6.0,7.0,3.0,5.0,3.0,1.0,1.0,3.0,2.0,1.0,7.0,16.0,1.0,1.0,5.0,3.0,1.0,1.0,3.0,2.0,1.0,1.0,1.0,2.0,3.0,3.0,1.0,1.0,2.0,1.0,1.0,1.0,2.0,30.0,1.0,4.0,7.0,1.0,1.0,1.0,1.0,1.0,2.0,1.0,2.0,1.0,1.0,1.0,1.0,1.0,1.0,5.0,24.0,4.0,2.0,1.0,1.0,1.0,1.0,1.0,1.0,2.0,2.0,3.0,1.0,2.0,1.0,1.0,1.0,1.0,1.0,1.0,1.0,2.0,1.0,1.0,1.0,1.0,1.0,1.0,1.0,1.0,3.0,1.0,1.0,1.0,3.0,5.0,2.0,3.0,1.0,1.0,2.0,1.0,2.0,1.0,3.0,1.0,2.0,1.0,1.0,2.0,2.0,2.0,1.0,1.0,5.0,2.0,2.0,4.0,1.0,3.0,1.0,4.0,1.0,1.0,2.0,1.0,1.0,4.0,1.0,2.0,1.0,1.0,2.0,4.0,1.0,2.0,2.0,5.0,1.0,1.0,2.0,1.0,1.0,3.0,1.0,1.0,3.0,3.0,5.0,3.0,4.0,1.0,1.0,1.0,2.0,1.0,2.0,1.0,2.0,1.0,1.0,3.0,1.0,1.0,1.0,1.0,2.0,1.0,1.0,1.0,2.0,1.0,1.0,1.0,1.0,1.0,1.0,1.0,1.0,4.0,1.0,1.0,1.0,2.0,1.0,6.0,1.0,1.0,1.0,2.0,2.0,1.0,1.0,1.0,2.0,2.0,1.0,1.0,2.0,1.0,-1.0,-1.0,-1.0,-1.0,-2.0,1.0,9.0,-1.0,1.0,-1.0,-1.0,-5.0,-4.0,-3.0,-4.0,-5.0,-5.0,1.0,1.0,1.0,6.0,6.0,2.0,1.0,3.0,2.0,1.0,4.0,5.0,1.0,3.0,1.0,1.0,2.0,1.0,5.0,1.0,1.0,10.0,4.0,1.0,1.0,1.0,3.0,7.0,1.0,2.0,8.0,1.0,2.0,1.0,1.0,1.0,2.0,1.0,2.0,9.0,1.0,9.0,1.0,1.0,1.0,3.0,1.0,1.0,4.0,4.0,1.0,2.0,1.0,2.0,1.0,1.0,1.0,2.0,1.0,1.0,2.0,4.0,1.0,1.0,10.0,1.0,1.0,1.0,3.0,1.0,4.0,4.0,9.0,1.0,1.0,5.0,1.0,1.0,1.0,4.0,2.0,5.0,1.0,7.0,1.0,5.0,1.0,1.0,1.0,2.0,1.0,5.0,4.0,6.0,1.0,-3.0,-1.0,-1.0,-1.0,-2.0,-2.0,-1.0,-1.0,-1.0,-1.0,-3.0,-1.0,-2.0,-4.0,-1.0,-2.0,-1.0,-1.0,-1.0,5.0,4.0,2.0,7.0,2.0,1.0,2.0,1.0,2.0,1.0,3.0,4.0,4.0,1.0,1.0,2.0,4.0,2.0,6.0,1.0,5.0,1.0,8.0,7.0,1.0,4.0,3.0,1.0,1.0,1.0,2.0,1.0,4.0,1.0,1.0,1.0,1.0,2.0,1.0,1.0,3.0,2.0,4.0,7.0,7.0,4.0,1.0,1.0,4.0,1.0,1.0,2.0,1.0,1.0,5.0,1.0,2.0,7.0,4.0,2.0,2.0,1.0,1.0,1.0,2.0,2.0,2.0,1.0,1.0,2.0,6.0,1.0,4.0,2.0,3.0,17.0,1.0,8.0,8.0,1.0,1.0,2.0,2.0,1.0,1.0,2.0,2.0,11.0,5.0,2.0,1.0,2.0,2.0,2.0,2.0,2.0,2.0,2.0,2.0,2.0,1.0,1.0,25.0,6.0,5.0,5.0,5.0,5.0,5.0,5.0,3.0,2.0,1.0,1.0,2.0,1.0,1.0,12.0,15.0,4.0,4.0,5.0,4.0,4.0,5.0,2.0,1.0,5.0,1.0,1.0,2.0,1.0,16.0,5.0,4.0,5.0,4.0,10.0,2.0,4.0,3.0,3.0,6.0,4.0,4.0,4.0,4.0,4.0,4.0,4.0,4.0,4.0,2.0,4.0,4.0,4.0,4.0,4.0,4.0,1.0,1.0,4.0,4.0,4.0,4.0,4.0,4.0,1.0,1.0,1.0,1.0,1.0,1.0,4.0,4.0,4.0,4.0,4.0,4.0,4.0,4.0,4.0,4.0,1.0,1.0,1.0,1.0,3.0,1.0,1.0,10.0,1.0,1.0,1.0,1.0,1.0,21.0,15.0,1.0,1.0,1.0,1.0,1.0,1.0,5.0,1.0,6.0,2.0,2.0,23.0,14.0,1.0,3.0,3.0,3.0,3.0,3.0,3.0,3.0,3.0,1.0,1.0,1.0,1.0,1.0,6.0,1.0,4.0,10.0,9.0,26.0,7.0,3.0,3.0,4.0,3.0,3.0,3.0,4.0,3.0,1.0,1.0,1.0,1.0,3.0,1.0,1.0,13.0,2.0,2.0,2.0,2.0,2.0,2.0,2.0,1.0,1.0,2.0,2.0,2.0,2.0,2.0,2.0,3.0,2.0,1.0,2.0,2.0,2.0,2.0,2.0,2.0,2.0,1.0,2.0,2.0,2.0,2.0,2.0,2.0,2.0,2.0,2.0,2.0,2.0,1.0,-2.0,1.0,4.0,1.0,-4.0,-4.0,-5.0,-4.0,-4.0,-4.0,-5.0,-4.0,-1.0,1.0,2.0,-1.0,1.0,-4.0,-5.0,-4.0,-4.0,-5.0,-4.0,2.0,1.0,-5.0,-6.0,-5.0,-5.0,-6.0,-5.0,1.0,1.0,1.0,-5.0,-5.0,-5.0,-5.0,-5.0,-5.0,-1.0,1.0,-1.0,-5.0,-5.0,-5.0,-5.0,-5.0,-5.0,-3.0,-4.0,-1.0,-1.0,-3.0,-1.0,0.0,1.0,-9.0,-5.0,1.0,-1.0,-2.0,-1.0,-1.0,-2.0,-1.0,-3.0,-2.0,-1.0,-1.0,-1.0,-1.0,-1.0,-3.0,-1.0,-1.0,-1.0,-1.0,-3.0,-2.0,-3.0,-2.0,-1.0,-1.0,-1.0,-2.0,7.0,-4.0,-2.0,-3.0,-3.0,-1.0,-1.0,-1.0,1.0,1.0,0.0,-1.0,-5.0,-7.0,-1.0,-2.0,-1.0,9.0,2.0,13.0,-1.0,-1.0,-1.0,-5.0,-5.0,-2.0,-4.0,1.0,5.0,4.0,2.0,2.0,1.0,2.0,15.0,17.0,4.0,5.0,7.0,13.0,1.0,3.0,1.0,1.0,1.0,12.0,5.0,5.0,1.0,11.0,2.0,4.0,2.0,1.0,15.63346510062307,4.0,2.0,1.0,1.0,2.0,1.0,1.0,2.0,1.0,1.0,2.0,6.0,1.0,1.0,2.0,4.0,3.0,2.0,2.0,3.0,7.0,1.0,1.0,1.0,1.0,1.0,2.0,1.0,1.0,1.0,1.0,1.0,1.0,1.0,1.0,2.0,2.0,1.0,4.0,1.0,1.0,1.0,1.0,3.0,1.0,2.0,6.0,1.0,1.0,1.0,1.0,1.0,1.0,1.0,1.0,1.0,1.0,1.0,1.0,3.0,1.0,1.0,3.0,2.0,2.0,2.0,5.0,-18.94157324031526,2.0,2.0,4.0,3.0,1.0,2.0,2.0,2.0,2.0,1.0,1.0,2.0,2.0,2.0,1.0,1.0,1.0,1.0,1.0,2.0,1.0,4.0,1.0,1.0,1.0,1.0,2.0,1.0,1.0,1.0,5.0,5.0,1.0,4.0,3.0,2.0,2.0,1.0,5.0,1.0,3.0,4.0,2.0,1.0,3.0,3.0,4.0,3.0,3.0,1.0,1.0,2.0,1.0,3.0,2.0,4.0,2.0,1.0,4.0,2.0,1.0,2.0,3.0,3.0,3.0,3.0,2.0,1.0,4.0,5.0,1.0,1.0,5.0,4.0,2.0,1.0,1.0,1.0,6.0,10.0,1.0,5.0,5.0,1.0,7.0,2.0,1.0,10.0,4.0,3.0,3.0,1.0,7.0,1.0,11.0,1.0,2.0,2.0,1.0,3.0,2.0,1.0,1.0,5.0,8.0,1.0,7.0,3.0,1.0,2.0,2.0,1.0,2.0,1.0,1.0,1.0,1.0,2.0,7.0,6.0,1.0,2.0,1.0,1.0,1.0,1.0,5.0,1.0,1.0,2.0,5.0,1.0,2.0,7.0,6.0,6.0,1.0,2.0,9.0,3.0,6.0,1.0,6.0,4.0,9.0,1.0,1.0,1.0,2.0,10.0,6.0,2.0,2.0,5.0,5.0,1.0,10.0,1.0,2.0,4.0,5.0,13.0,1.0,1.0,1.0,1.0,4.0,4.0,3.0,1.0,2.0,1.0,1.0,1.0,2.0,4.0,4.0,5.0,11.0,1.0,1.0,1.0,1.0,5.0,2.0,7.0,1.0,1.0,2.0,1.0,1.0,1.0,3.0,3.0,2.0,2.0,3.0,5.0,1.0,2.0,1.0,-2.0,1.0,1.0,4.539529825364,-3.0,-3.0,-3.0,-3.0,1.0,0.0,4.0,-2.0,5.0,-6.0,-6.0,-6.0,-6.0,-2.0,-1.0,-1.0,-6.0,-6.0,-6.0,-6.0,-3.0,-2.0,-1.0,-1.0,-3.0,-3.0,-3.0,-3.0,-2.0,-1.0,-1.0,2.0,-1.0,-6.0,-6.0,-6.0,-6.0,-6.0,-6.0,-6.0,1.0,1.0,-3.0,-3.0,7.0,2.0,-5.0,-5.0,-5.0,-5.0,1.0,-2.0,-2.0,2.0,1.0,-5.0,-6.0,-5.0,-5.0,2.0,1.0,1.0,1.0,-6.0,-6.0,-6.0,-6.0,-1.0,1.0,-2.0,-2.0,1.0,2.0,-13.0,-13.0,-1.0,-1.0,-2.0,2.0,1.0,-5.0,-5.0,-5.0,-5.0,-5.0,-5.0,1.0,1.0,-5.0,-5.0,-5.0,-5.0,-5.0,0.0,-3.0,-12.0,-12.0,1.0,5.0,-7.0,-7.0,-7.0,-7.0,1.0,7.0,1.0,1.0,1.0,2.0,11.0,1.0,4.0,1.0,3.0,6.0,1.0,2.0,3.0,15.0,3.0,2.0,3.0,4.0,1.0,6.0,6.0,4.0,2.0,1.0,1.0,1.0,1.0,1.0,1.0,3.0,7.0,1.0,3.0,1.0,1.0,1.0,3.0,2.0,1.0,2.0,2.0,1.0,1.0,3.0,3.0,3.0,1.0,1.0,2.0,3.0,3.0,3.0,1.0,1.0,1.0,3.0,4.0,4.0,2.0,3.0,1.0,1.0,1.0,1.0,1.0,1.0,2.0,3.0,4.0,4.0,2.0,6.0,3.0,1.0,1.0,1.0,1.0,1.0,1.0,2.0,3.0,1.0,13.0,3.0,1.0,1.0,6.0,1.0,1.0,1.0,4.0,1.0,1.0,2.0,2.0,4.0,3.0,3.0,1.0,1.0,1.0,1.0,2.0,2.0,3.0,3.0,1.0,1.0,2.0,2.0,1.0,2.0,6.0,6.0,2.0,3.0,2.0,2.0,1.0,1.0,2.0,2.0,6.0,6.0,2.0,3.0,2.0,2.0,1.0,1.0,21.0,3.0,4.0,1.0,2.0,2.0,8.0,1.0,7.0,2.0,1.0,2.0,3.0,4.0,4.0,1.0,16.0,1.0,6.0,3.0,1.0,1.0,2.0,10.0,1.0,10.0,3.0,3.0,2.0,1.0,4.0,3.0,1.0,2.0,1.0,1.0,4.0,1.0,3.0,1.0,2.0,2.0,1.0,1.0,1.0,1.0,3.0,1.0,1.0,2.0,1.0,1.0,1.0,1.0,1.0,1.0,1.0,1.0,1.0,1.0,1.0,4.0,3.0,1.0,1.0,1.0,1.0,1.0,1.0,2.0,2.0,1.0,4.0,1.0,4.0,1.0,1.0,2.0,1.0,1.0,3.0,2.0,2.0,2.0,2.0,1.0,1.0,6.0,24.0,4.0,1.0,3.0,2.0,1.0,1.0,16.0,35.0,3.0,1.0,1.0,1.0,1.0,1.0,1.0,3.0,5.0,1.0,1.0,2.0,7.0,5.0,5.0,2.0,3.0,1.0,1.0,1.0,8.0,1.0,5.0,3.0,2.0,9.0,6.0,1.0,4.0,13.0,1.0,7.0,7.0,1.0,1.0,1.0,1.0,1.0,4.0,6.0,3.0,2.0,1.0,8.0,6.0,1.0,1.0,1.0,2.0,3.0,1.0,2.0,8.0,1.0,2.0,9.0,2.0,1.0,1.0,1.0,1.0,1.0,4.0,1.0,1.0,4.0,5.0,1.0,1.0,2.0,3.0,2.0,1.0,2.0,5.0,6.0,4.0,6.0,8.0,11.0,7.0,6.0,1.0,1.0,1.0,4.0,1.0,3.0,4.0,5.0,12.0,5.0,2.0,2.0,1.0,4.0,2.0,1.0,1.0,1.0,3.0,4.0,3.0,2.0,2.0,3.0,5.0,1.0,7.0,5.0,2.0,2.0,3.0,1.0,1.0,1.0,1.0,2.0,1.0,2.0,1.0,1.0,12.0,10.0,8.0,6.0,5.0,1.0,1.0,1.0,3.0,1.0,1.0,1.0,3.0,4.0,1.0,2.0,1.0,1.0,1.0,2.0,1.0,1.0,8.0,1.0,1.0,2.0,2.0,5.0,2.0,2.0,1.0,1.0,3.0,2.0,3.0,1.0,6.0,6.0,1.0,1.0,6.0,1.0,6.0,9.0,3.0,13.0,10.0,1.0,1.0,11.0,1.0,1.0,3.0,8.0,9.0,2.0,1.0,2.0,3.0,3.0,3.0,1.0,1.0,1.0,5.0,5.0,2.0,1.0,2.0,2.0,1.0,1.0,5.0,1.0,1.0,1.0,1.0,3.0,2.0,1.0,2.0,1.0,3.0,4.0,1.0,2.0,1.0,2.0,1.0,2.0,2.0,1.0,1.0,2.0,2.0,1.0,1.0,1.0,1.0,1.0,1.0,2.0,1.0,8.0,2.0,1.0,5.0,6.0,2.0,1.0,1.0,1.0,6.0,2.0,3.0,4.0,3.0,1.0,1.0,2.0,2.0,1.0,1.0,11.0,1.0,1.0,2.0,4.0,5.0,3.0,1.0,4.0,1.0,14.0,4.0,7.0,1.0,1.0,2.0,1.0,1.0,1.0,1.0,1.0,1.0,3.0,1.0,9.0,2.0,2.0,1.0,1.0,7.0,1.0,8.0,1.0,1.0,1.0,1.0,2.0,1.0,1.0,1.0,1.0,2.0,1.0,1.0,1.0,1.0,1.0,1.0,4.0,4.0,3.0,2.0,1.0,1.0,1.0,1.0,3.0,1.0,1.0,1.0,1.0,1.0,1.0,1.0,1.0,2.0,1.0,3.0,3.0,1.0,1.0,3.0,5.0,9.0,7.0,2.0,2.0,1.0,1.0,1.0,2.0,3.0,1.0,1.0,2.0,3.0,1.0,1.0,2.0,2.0,1.0,1.0,1.0,1.0,2.0,1.0,1.0,-1.0,-1.0,-2.0,-4.0,-12.0,-7.0,-6.0,-6.0,-9.0,-11.0,-2.0,-8.0,-10.0,-6.0,-11.0,-1.0,-1.0,-4.0,-1.0,-10.0,-11.0,-3.0,-8.0,-12.0,-10.0,-1.0,-1.0,-1.0,-1.0,-7.0,-7.0,-13.0,-7.0,2.0,1.0,1.0,1.0,2.0,1.0,1.0,5.0,1.0,2.0,1.0,1.0,3.0,1.0,3.0,1.0,1.0,1.0,1.0,1.0,1.0,1.0,1.0,4.0,1.0,1.0,2.0,1.0,1.0,3.0,1.0,1.0,2.0,1.0,1.0,2.0,3.0,1.0,2.0,1.0,1.0,1.0,1.0,1.0,1.0,2.0,1.0,2.0,1.0,2.0,5.0,6.0,1.0,2.0,1.0,1.0,3.0,1.0,1.0,2.0,3.0,3.0,1.0,1.0,2.0,5.0,5.0,1.0,1.0,4.0,3.0,2.0,1.0,1.0,-1.0,1.0,2.0,-3.0,1.0,1.0,-4.0,-4.0,-3.0,2.0,-1.0,-1.0,-1.0,-2.0,2.0,10.0,1.0,1.0,1.0,2.0,3.0,4.0,1.0,2.0,1.0,17.0,1.0,1.0,1.0,1.0,2.0,1.0,1.0,1.0,4.0,4.0,1.0,3.0,1.0,1.0,2.0,1.0,1.0,1.0,2.0,2.0,1.0,1.0,1.0,1.0,2.0,3.0,2.0,1.0,1.0,3.0,1.0,1.0,1.0,2.0,3.0,1.0,1.0,2.0,4.0,2.0,1.0,1.0,1.0,1.0,2.0,3.0,1.0,4.0,1.0,1.0,1.0,4.0,4.0,10.29083083375076,1.0,2.0,2.0,2.0,2.0,1.0,2.0,1.0,2.0,3.0,1.0,6.0,11.0,8.0,5.0,4.0,5.0,3.0,2.0,1.0,1.0,1.0,1.0,1.0,2.0,2.0,3.0,2.0,3.0,1.0,1.0,1.0,1.0,1.0,1.0,3.0,2.0,5.0,1.0,2.0,2.0,1.0,5.0,1.0,5.0,1.0,2.0,5.0,3.0,2.0,1.0,1.0,1.0,2.0,3.0,1.0,1.0,1.0,3.0,3.0,2.0,4.0,1.0,1.0,1.0,1.0,1.0,1.0,1.0,1.0,1.0,1.0,1.0,3.0,5.0,1.0,1.0,1.0,2.0,2.0,1.0,1.0,5.0,1.0,1.0,5.0,1.0,1.0,-7.0,-7.0,1.0,-1.0,-4.0,-2.0,-1.0,-2.0,-1.0,1.0,-1.0,-3.0,-5.0,0.0,-3.0,-1.0,-2.0,-4.0,1.0,-1.0,1.0,-1.0,-1.0,1.0,-1.0,-1.0,2.0,-2.0,-3.0,2.0,-2.0,-1.0,1.0,-1.0,-1.0,-2.0,1.0,-2.0,-1.0,2.0,-1.0,-1.0,-1.0,-1.0,-2.0,2.0,-2.0,-2.0,0.0,-1.0,-1.0,-1.0,-1.0,-1.0,1.0,1.0,1.0,7.0,1.0,1.0,1.0,1.0,1.0,2.0,1.0,1.0,12.0,1.0,1.0,1.0,1.0,1.0,1.0,2.0,1.0,1.0,1.0,1.0,2.0,4.0,3.0,1.0,1.0,3.0,1.0,1.0,1.0,1.0,2.0,1.0,1.0,1.0,1.0,1.0,2.0,1.0,1.0,3.0,7.0,2.0,1.0,1.0,1.0,1.0,1.0,1.0,1.0,1.0,1.0,1.0,1.0,1.0,6.0,1.0,1.0,1.0,1.0,1.0,1.0,1.0,1.0,1.0,1.0,1.0,1.0,1.0,1.0,1.0,1.0,4.0,1.0,1.0,1.0,1.0,1.0,1.0,1.0,1.0,1.0,1.0,1.0,1.0,1.0,1.0,1.0,1.0,1.0,1.0,1.0,-1.0,-1.0,1.0,1.0,2.0,-2.0,-2.0,-2.0,-2.0,-2.0,1.0,1.0,-3.0,-3.0,-3.0,-3.0,1.0,-5.0,-5.0,-5.0,1.0,1.0,1.0,1.0,2.0,1.0,1.0,-1.0,-1.0,-1.0,-1.0,-1.0,-1.0,4.0,4.0,1.0,1.0,3.0,1.0,1.0,1.0,1.0,1.0,3.0,3.0,2.0,1.0,1.0,1.0,1.0,1.0,2.0,1.0,1.0,2.0,2.0,1.0,1.0,1.0,1.0,1.0,3.0,3.0,3.0,1.0,1.0,2.0,1.0,1.0,2.0,2.0,2.0,1.0,1.0,1.0,2.0,1.0,1.0,1.0,1.0,3.0,1.0,1.0,1.0,1.0,4.0,2.0,5.0,1.0,2.0,1.0,1.0,1.0,1.0,3.0,1.0,2.0,3.0,2.0,1.0,1.0,1.0,2.0,2.0,2.0,2.0,1.0,6.0,3.0,6.0,1.0,1.0,1.0,3.0,1.0,4.0,5.0,1.0,1.0,1.0,1.0,1.0,17.0,1.0,2.0,12.0,1.0,2.0,3.0,8.0,13.0,5.0,2.0,1.0,2.0,6.0,4.0,4.0,2.0,1.0,3.0,2.0,1.0,1.0,1.0,3.0,1.0,1.0,1.0,3.0,1.0,1.0,1.0,3.0,1.0,1.0,1.0,2.0,3.0,7.0,4.0,3.0,1.0,2.0,2.0,2.0,1.0,1.0,1.0,1.0,1.0,1.0,1.0,1.0,1.0,1.0,1.0,1.0,1.0,1.0,1.0,1.0,1.0,1.0,1.0,1.0,1.0,1.0,1.0,1.0,1.0,3.0,1.0,1.0,2.0,2.0,2.0,2.0,3.0,1.0,1.0,1.0,2.0,1.0,4.0,3.0,1.0,1.0,1.0,2.0,1.0,1.0,1.0,5.0,3.0,2.0,1.0,1.0,1.0,1.0,1.0,1.0,1.0,1.0,1.0,3.0,4.0,3.0,1.0,1.0,1.0,1.0,1.0,1.0,1.0,1.0,1.0,1.0,1.0,1.0,2.0,1.0,1.0,1.0,1.0,1.0,1.0,1.0,1.0,1.0,1.0,1.0,2.0,1.0,1.0,1.0,1.0,1.0,1.0,1.0,1.0,1.0,1.0,1.0,1.0,1.0,3.0,8.0,2.0,1.0,2.0,1.0,1.0,4.0,1.0,1.0,1.0,1.0,1.0,1.0,1.0,7.0,5.0,2.0,3.0,1.0,1.0,2.0,1.0,1.0,1.0,1.0,1.0,1.0,2.0,3.0,1.0,2.0,2.0,2.0,1.0,3.0,1.0,1.0,1.0,1.0,3.0,2.0,3.0,3.0,1.0,1.0,2.0,2.0,2.0,3.0,2.0,1.0,3.0,1.0,2.0,2.0,2.0,2.0,2.0,2.0,1.0,1.0,1.0,1.0,1.0,1.0,1.0,1.0,1.0,2.0,1.0,1.0,1.0,3.0,1.0,1.0,1.0,1.0,1.0,1.0,1.0,2.0,1.0,6.0,1.0,5.0,1.0,4.0,1.0,8.0,1.0,3.0,3.0,4.0,1.0,2.0,2.0,1.0,1.0,3.0,2.0,3.0,1.0,2.0,1.0,1.0,2.0,1.0,1.0,4.0,6.0,1.0,1.0,1.0,2.0,2.0,1.0,1.0,3.0,5.0,4.0,1.0,1.0,5.0,1.0,1.0,2.0,1.0,1.0,1.0,4.0,2.0,1.0,4.0,2.0,6.0,1.0,1.0,1.0,1.0,6.0,4.0,1.0,1.0,3.0,3.0,2.0,9.0,2.0,3.0,3.0,3.0,3.0,1.0,1.0,5.0,5.0,5.0,5.0,1.0,7.0,10.0,2.0,1.0,4.0,5.0,5.0,5.0,5.0,2.0,1.0,3.0,5.0,4.0,2.0,2.0,1.0,1.0,2.0,3.0,1.0,1.0,3.0,11.0,5.0,5.0,5.0,5.0,5.0,5.0,5.0,5.0,13.0,3.0,2.0,2.0,3.0,11.0,5.0,5.0,5.0,5.0,1.0,1.0,2.0,18.0,11.0,2.0,1.0,3.0,3.0,5.0,5.0,5.0,5.0,5.0,5.0,2.0,1.0,3.0,1.0,1.0,21.0,1.0,2.0,3.0,6.0,6.0,6.0,6.0,2.0,5.0,3.0,2.0,5.0,13.0,2.0,5.0,5.0,5.0,5.0,6.0,2.0,24.0,2.0,1.0,2.0,5.0,5.0,5.0,5.0,1.0,2.0,4.0,3.0,12.0,1.0,9.0,4.0,4.0,4.0,4.0,4.0,4.0,4.0,1.0,10.0,4.0,1.0,21.0,1.0,2.0,1.0,1.0,1.0,4.0,3.0,5.0,6.0,6.0,6.0,6.0,6.0,1.0,1.0,3.0,15.0,1.0,1.0,1.0,1.0,7.0,4.0,1.0,10.0,5.0,5.0,5.0,5.0,1.0,1.0,4.0,2.0,1.0,1.0,2.0,2.0,9.0,2.0,1.0,1.0,3.0,1.0,4.0,3.0,1.0,1.0,1.0,1.0,1.0,2.0,1.0,1.0,9.0,1.0,1.0,1.0,2.0,5.0,5.0,5.0,5.0,2.0,1.0,7.0,1.0,2.0,5.0,5.0,5.0,5.0,5.0,5.0,5.0,3.0,1.0,1.0,20.0,1.0,1.0,1.0,4.0,1.0,1.0,2.0,1.0,9.0,3.0,4.0,4.0,4.0,4.0,4.0,4.0,4.0,4.0,1.0,1.0,37.0,1.0,1.0,1.0,6.0,6.0,6.0,6.0,6.0,6.0,1.0,1.0,1.0,1.0,6.0,16.0,1.0,5.0,5.0,5.0,5.0,1.0,27.0,1.0,1.0,1.0,7.0,6.0,6.0,6.0,6.0,1.0,2.0,1.0,30.0,1.0,1.0,1.0,1.0,8.0,6.0,6.0,6.0,6.0,6.0,2.0,2.0,2.0,2.0,5.0,5.0,7.0,3.0,30.0,3.0,10.0,6.0,1.0,10.0,5.0,5.0,5.0,5.0,5.0,5.0,5.0,4.0,1.0,6.0,8.0,1.0,2.0,3.0,4.0,4.0,5.0,6.0,6.0,6.0,6.0,-5.0,-5.0,-5.0,-5.0,-5.0,-5.0,-5.0,-5.0,-5.0,-5.0,1.0
1.0,1.0,1.0,2.0,1.0,2.0,4.0,7.0,1.0,2.0,1.0,5.0,1.0,1.0,1.0,1.0,3.0,1.0,2.0,1.0,1.0,1.0,1.0,1.0,1.0,1.0,5.0,2.0,1.0,3.0,1.0,1.0,5.0,1.0,1.0,2.0,1.0,1.0,1.0,2.0,3.0,1.0,1.0,1.0,1.0,1.0,1.0,1.0,1.0,1.0,1.0,1.0,5.0,3.0,2.0,1.0,1.0,2.0,1.0,1.0,1.0,1.0,1.0,1.0,1.0,1.0,2.0,1.0,5.0,1.0,2.0,1.0,1.0,2.0,1.0,1.0,1.0,1.0,2.0,1.0,7.0,4.0,1.0,2.0,1.0,2.0,12.0,5.0,1.0,15.0,1.0,2.0,2.0,2.0,1.0,1.0,8.0,1.0,4.0,1.0,1.0,16.0,3.0,3.0,1.0,2.0,1.0,1.0,6.0,7.0,1.0,2.0,3.0,2.0,2.0,3.0,2.0,1.0,5.0,1.0,3.0,2.0,2.0,1.0,1.0,1.0,10.0,10.0,1.0,3.0,2.0,1.0,2.0,5.0,2.0,1.0,3.0,1.0,1.0,1.0,1.0,1.0,1.0,1.0,7.0,1.0,1.0,13.0,1.0,1.0,1.0,10.0,2.0,1.0,3.0,1.0,1.0,2.0,3.0,1.0,1.0,1.0,1.0,1.0,1.0,1.0,2.0,1.0,14.0,1.0,1.0,1.0,2.0,2.0,1.0,3.0,2.0,1.0,1.0,1.0,2.0,5.0,1.0,1.0,1.0,4.0,1.0,4.0,2.0,14.0,1.0,2.0,2.0,4.0,1.0,1.0,3.0,1.0,1.0,2.0,1.0,1.0,4.0,3.0,17.0,1.0,1.0,1.0,1.0,3.0,1.0,3.0,5.0,1.0,2.0,2.0,2.0,1.0,1.0,1.0,4.0,1.0,2.0,1.0,1.0,1.0,1.0,1.0,1.0,5.0,2.0,2.0,3.0,1.0,1.0,1.0,1.0,2.0,1.0,1.0,1.0,1.0,1.0,5.0,2.0,3.0,2.0,2.0,3.0,1.0,2.0,4.0,1.0,2.0,2.0,2.0,1.0,1.0,1.0,1.0,1.0,3.0,2.0,1.0,1.0,13.0,3.0,1.0,1.0,1.0,7.0,4.0,1.0,1.0,1.0,8.0,1.0,1.0,6.0,2.0,1.0,3.0,2.0,8.0,2.0,1.0,1.0,1.0,5.0,1.0,8.0,1.0,4.0,9.0,7.0,1.0,1.0,8.0,1.0,2.0,1.0,1.0,4.0,1.0,1.0,1.0,7.0,4.0,5.0,3.0,1.0,1.0,1.0,2.0,1.0,1.0,1.0,1.0,1.0,1.0,6.0,3.0,2.0,2.0,1.0,1.0,1.0,1.0,1.0,1.0,5.0,1.0,1.0,3.0,1.0,1.0,3.0,3.0,1.0,1.0,1.0,2.0,2.0,1.0,1.0,1.0,3.0,4.0,4.0,1.0,1.0,1.0,2.0,1.0,2.0,2.0,2.0,8.0,9.0,3.0,1.0,2.0,1.0,1.0,3.0,2.0,2.0,1.0,5.0,1.0,3.0,3.0,3.0,4.0,1.0,1.0,2.0,2.0,3.0,3.0,1.0,3.0,2.0,1.0,1.0,1.0,1.0,1.0,1.0,1.0,1.0,1.0,1.0,1.0,2.0,10.0,2.0,3.0,3.0,3.0,2.0,1.0,1.0,1.0,1.0,2.0,1.0,15.0,3.0,3.0,3.0,3.0,1.0,1.0,11.0,2.0,2.0,2.0,3.0,1.0,1.0,1.0,1.0,9.0,2.0,2.0,3.0,3.0,1.0,1.0,1.0,2.0,1.0,13.0,2.0,2.0,3.0,3.0,6.0,5.0,2.0,2.0,2.0,2.0,3.0,3.0,4.0,3.0,2.0,2.0,3.0,3.0,4.0,2.0,7.0,3.0,3.0,2.0,2.0,1.0,3.0,7.0,2.0,13.0,6.0,4.0,1.0,1.0,1.0,2.0,1.0,3.0,2.0,10.0,2.0,14.0,1.0,1.0,1.0,9.0,3.0,2.0,1.0,1.0,10.0,2.0,1.0,1.0,1.0,2.0,3.0,7.0,5.0,1.0,1.0,1.0,2.0,6.0,2.0,2.0,4.0,2.0,1.0,1.0,1.0,3.0,2.0,10.0,3.0,1.0,1.0,1.0,5.0,3.0,5.0,1.0,3.0,1.0,1.0,2.0,2.0,3.0,2.0,1.0,2.0,1.0,1.0,1.0,2.0,1.0,1.0,1.0,1.0,5.0,1.0,2.0,1.0,1.0,1.0,1.0,1.0,4.0,1.0,1.0,14.0,1.0,4.0,1.0,13.0,11.0,2.0,2.0,1.0,5.0,1.0,11.0,1.0,1.0,1.0,1.0,1.0,4.0,1.0,1.0,1.0,1.0,3.0,1.0,3.0,1.0,5.0,9.0,1.0,1.0,1.0,1.0,4.0,1.0,6.0,13.0,1.0,3.0,3.0,4.0,1.0,3.0,1.0,4.0,1.0,14.0,9.0,12.0,7.0,1.0,1.0,1.0,2.0,4.0,4.0,6.0,10.0,8.0,21.0,4.0,4.0,3.0,2.0,4.0,1.0,2.0,12.0,11.0,1.0,3.0,4.0,1.0,1.0,1.0,1.0,3.0,6.0,7.0,2.0,5.0,3.0,3.0,8.0,10.0,2.0,19.0,8.0,5.0,1.0,3.0,2.0,6.0,2.0,2.0,1.0,2.0,3.0,8.0,9.0,6.0,6.0,1.0,1.0,2.0,2.0,2.0,8.0,4.0,5.0,8.0,7.0,13.0,3.0,9.0,2.0,1.0,3.0,5.0,1.0,3.0,1.0,1.0,7.0,8.0,1.0,2.0,1.0,1.0,6.0,1.0,1.0,1.0,5.0,15.0,1.0,2.0,7.0,5.0,4.0,5.0,4.0,16.0,6.0,4.0,2.0,1.0,1.0,1.0,1.0,1.0,1.0,2.0,1.0,7.0,7.0,4.0,1.0,2.0,1.0,2.0,1.0,1.0,1.0,1.0,2.0,2.0,1.0,1.0,1.0,1.0,1.0,1.0,1.0,1.0,1.0,1.0,1.0,2.0,2.0,4.0,1.0,1.0,1.0,2.0,7.0,1.0,1.0,1.0,1.0,1.0,1.0,1.0,2.0,3.0,6.0,7.0,4.0,1.0,3.0,1.0,1.0,1.0,1.0,1.0,1.0,1.0,1.0,1.0,2.0,1.0,1.0,2.0,1.0,1.0,1.0,2.0,1.0,1.0,1.0,1.0,1.0,2.0,2.0,3.0,6.0,1.0,1.0,2.0,1.0,1.0,2.0,1.0,1.0,13.0,19.0,2.0,1.0,1.0,4.0,1.0,1.0,1.0,3.20507226805276,1.0,1.0,1.0,1.0,1.0,1.0,1.0,2.0,1.0,1.0,1.0,16.0,15.0,1.0,2.0,2.0,2.0,1.0,1.0,1.0,2.0,1.0,1.0,1.0,1.0,1.0,2.0,1.0,1.0,3.0,1.0,1.0,1.0,2.0,1.0,1.0,12.0,7.0,1.0,5.0,1.0,3.0,1.0,1.0,1.0,2.0,3.0,1.0,1.0,6.0,7.0,3.0,5.0,3.0,1.0,1.0,3.0,2.0,1.0,7.0,16.0,1.0,1.0,5.0,3.0,1.0,1.0,3.0,2.0,1.0,1.0,1.0,2.0,3.0,3.0,1.0,1.0,2.0,1.0,1.0,1.0,2.0,30.0,1.0,4.0,7.0,1.0,1.0,1.0,1.0,1.0,2.0,1.0,2.0,1.0,1.0,1.0,1.0,1.0,1.0,5.0,24.0,4.0,2.0,1.0,1.0,1.0,1.0,1.0,1.0,2.0,2.0,3.0,1.0,2.0,1.0,1.0,1.0,1.0,1.0,1.0,1.0,2.0,1.0,1.0,1.0,1.0,1.0,1.0,1.0,1.0,3.0,1.0,1.0,1.0,3.0,5.0,2.0,3.0,1.0,1.0,2.0,1.0,2.0,1.0,3.0,1.0,2.0,1.0,1.0,2.0,2.0,2.0,1.0,1.0,5.0,2.0,2.0,4.0,1.0,3.0,1.0,4.0,1.0,1.0,2.0,1.0,1.0,4.0,1.0,2.0,1.0,1.0,2.0,4.0,1.0,2.0,2.0,5.0,1.0,1.0,2.0,1.0,1.0,3.0,1.0,1.0,3.0,3.0,5.0,3.0,4.0,1.0,1.0,1.0,2.0,1.0,2.0,1.0,2.0,1.0,1.0,3.0,1.0,1.0,1.0,1.0,2.0,1.0,1.0,1.0,2.0,1.0,1.0,1.0,1.0,1.0,1.0,1.0,1.0,4.0,1.0,1.0,1.0,2.0,1.0,6.0,1.0,1.0,1.0,2.0,2.0,1.0,1.0,1.0,2.0,2.0,1.0,1.0,2.0,1.0,-1.0,-1.0,-1.0,-1.0,-2.0,1.0,9.0,-1.0,1.0,-1.0,-1.0,-5.0,-4.0,-3.0,-4.0,-5.0,-5.0,1.0,1.0,1.0,6.0,6.0,2.0,1.0,3.0,2.0,1.0,4.0,5.0,1.0,3.0,1.0,1.0,2.0,1.0,5.0,1.0,1.0,10.0,4.0,1.0,1.0,1.0,3.0,7.0,1.0,2.0,8.0,1.0,2.0,1.0,1.0,1.0,2.0,1.0,2.0,9.0,1.0,9.0,1.0,1.0,1.0,3.0,1.0,1.0,4.0,4.0,1.0,2.0,1.0,2.0,1.0,1.0,1.0,2.0,1.0,1.0,2.0,4.0,1.0,1.0,10.0,1.0,1.0,1.0,3.0,1.0,4.0,4.0,9.0,1.0,1.0,5.0,1.0,1.0,1.0,4.0,2.0,5.0,1.0,7.0,1.0,5.0,1.0,1.0,1.0,2.0,1.0,5.0,4.0,6.0,1.0,-3.0,-1.0,-1.0,-1.0,-2.0,-2.0,-1.0,-1.0,-1.0,-1.0,-3.0,-1.0,-2.0,-4.0,-1.0,-2.0,-1.0,-1.0,-1.0,5.0,4.0,2.0,7.0,2.0,1.0,2.0,1.0,2.0,1.0,3.0,4.0,4.0,1.0,1.0,2.0,4.0,2.0,6.0,1.0,5.0,1.0,8.0,7.0,1.0,4.0,3.0,1.0,1.0,1.0,2.0,1.0,4.0,1.0,1.0,1.0,1.0,2.0,1.0,1.0,3.0,2.0,4.0,7.0,7.0,4.0,1.0,1.0,4.0,1.0,1.0,2.0,1.0,1.0,5.0,1.0,2.0,7.0,4.0,2.0,2.0,1.0,1.0,1.0,2.0,2.0,2.0,1.0,1.0,2.0,6.0,1.0,4.0,2.0,3.0,17.0,1.0,8.0,8.0,1.0,1.0,2.0,2.0,1.0,1.0,2.0,2.0,11.0,5.0,2.0,1.0,2.0,2.0,2.0,2.0,2.0,2.0,2.0,2.0,2.0,1.0,1.0,25.0,6.0,5.0,5.0,5.0,5.0,5.0,5.0,3.0,2.0,1.0,1.0,2.0,1.0,1.0,12.0,15.0,4.0,4.0,5.0,4.0,4.0,5.0,2.0,1.0,5.0,1.0,1.0,2.0,1.0,16.0,5.0,4.0,5.0,4.0,10.0,2.0,4.0,3.0,3.0,6.0,4.0,4.0,4.0,4.0,4.0,4.0,4.0,4.0,4.0,2.0,4.0,4.0,4.0,4.0,4.0,4.0,1.0,1.0,4.0,4.0,4.0,4.0,4.0,4.0,1.0,1.0,1.0,1.0,1.0,1.0,4.0,4.0,4.0,4.0,4.0,4.0,4.0,4.0,4.0,4.0,1.0,1.0,1.0,1.0,3.0,1.0,1.0,10.0,1.0,1.0,1.0,1.0,1.0,21.0,15.0,1.0,1.0,1.0,1.0,1.0,1.0,5.0,1.0,6.0,2.0,2.0,23.0,14.0,1.0,3.0,3.0,3.0,3.0,3.0,3.0,3.0,3.0,1.0,1.0,1.0,1.0,1.0,6.0,1.0,4.0,10.0,9.0,26.0,7.0,3.0,3.0,4.0,3.0,3.0,3.0,4.0,3.0,1.0,1.0,1.0,1.0,3.0,1.0,1.0,13.0,2.0,2.0,2.0,2.0,2.0,2.0,2.0,1.0,1.0,2.0,2.0,2.0,2.0,2.0,2.0,3.0,2.0,1.0,2.0,2.0,2.0,2.0,2.0,2.0,2.0,1.0,2.0,2.0,2.0,2.0,2.0,2.0,2.0,2.0,2.0,2.0,2.0,1.0,-2.0,1.0,4.0,1.0,-4.0,-4.0,-5.0,-4.0,-4.0,-4.0,-5.0,-4.0,-1.0,1.0,2.0,-1.0,1.0,-4.0,-5.0,-4.0,-4.0,-5.0,-4.0,2.0,1.0,-5.0,-6.0,-5.0,-5.0,-6.0,-5.0,1.0,1.0,1.0,-5.0,-5.0,-5.0,-5.0,-5.0,-5.0,-1.0,1.0,-1.0,-5.0,-5.0,-5.0,-5.0,-5.0,-5.0,-3.0,-4.0,-1.0,-1.0,-3.0,-1.0,0.0,1.0,-9.0,-5.0,1.0,-1.0,-2.0,-1.0,-1.0,-2.0,-1.0,-3.0,-2.0,-1.0,-1.0,-1.0,-1.0,-1.0,-3.0,-1.0,-1.0,-1.0,-1.0,-3.0,-2.0,-3.0,-2.0,-1.0,-1.0,-1.0,-2.0,7.0,-4.0,-2.0,-3.0,-3.0,-1.0,-1.0,-1.0,1.0,1.0,0.0,-1.0,-5.0,-7.0,-1.0,-2.0,-1.0,9.0,2.0,13.0,-1.0,-1.0,-1.0,-5.0,-5.0,-2.0,-4.0,1.0,5.0,4.0,2.0,2.0,1.0,2.0,15.0,17.0,4.0,5.0,7.0,13.0,1.0,3.0,1.0,1.0,1.0,12.0,5.0,5.0,1.0,11.0,2.0,4.0,2.0,1.0,15.56346510062307,4.0,2.0,1.0,1.0,2.0,1.0,1.0,2.0,1.0,1.0,2.0,6.0,1.0,1.0,2.0,4.0,3.0,2.0,2.0,3.0,7.0,1.0,1.0,1.0,1.0,1.0,2.0,1.0,1.0,1.0,1.0,1.0,1.0,1.0,1.0,2.0,2.0,1.0,4.0,1.0,1.0,1.0,1.0,3.0,1.0,2.0,6.0,1.0,1.0,1.0,1.0,1.0,1.0,1.0,1.0,1.0,1.0,1.0,1.0,3.0,1.0,1.0,3.0,2.0,2.0,2.0,5.0,-19.44157324031526,2.0,2.0,4.0,3.0,1.0,2.0,2.0,2.0,2.0,1.0,1.0,2.0,2.0,2.0,1.0,1.0,1.0,1.0,1.0,2.0,1.0,4.0,1.0,1.0,1.0,1.0,2.0,1.0,1.0,1.0,5.0,5.0,1.0,4.0,3.0,2.0,2.0,1.0,5.0,1.0,3.0,4.0,2.0,1.0,3.0,3.0,4.0,3.0,3.0,1.0,1.0,2.0,1.0,3.0,2.0,4.0,2.0,1.0,4.0,2.0,1.0,2.0,3.0,3.0,3.0,3.0,2.0,1.0,4.0,5.0,1.0,1.0,5.0,4.0,2.0,1.0,1.0,1.0,6.0,10.0,1.0,5.0,5.0,1.0,7.0,2.0,1.0,10.0,4.0,3.0,3.0,1.0,7.0,1.0,11.0,1.0,2.0,2.0,1.0,3.0,2.0,1.0,1.0,5.0,8.0,1.0,7.0,3.0,1.0,2.0,2.0,1.0,2.0,1.0,1.0,1.0,1.0,2.0,7.0,6.0,1.0,2.0,1.0,1.0,1.0,1.0,5.0,1.0,1.0,2.0,5.0,1.0,2.0,7.0,6.0,6.0,1.0,2.0,9.0,3.0,6.0,1.0,6.0,4.0,9.0,1.0,1.0,1.0,2.0,10.0,6.0,2.0,2.0,5.0,5.0,1.0,10.0,1.0,2.0,4.0,5.0,13.0,1.0,1.0,1.0,1.0,4.0,4.0,3.0,1.0,2.0,1.0,1.0,1.0,2.0,4.0,4.0,5.0,11.0,1.0,1.0,1.0,1.0,5.0,2.0,7.0,1.0,1.0,2.0,1.0,1.0,1.0,3.0,3.0,2.0,2.0,3.0,5.0,1.0,2.0,1.0,-2.0,1.0,1.0,4.499529825364,-3.0,-3.0,-3.0,-3.0,1.0,0.0,4.0,-2.0,5.0,-6.0,-6.0,-6.0,-6.0,-2.0,-1.0,-1.0,-6.0,-6.0,-6.0,-6.0,-3.0,-2.0,-1.0,-1.0,-3.0,-3.0,-3.0,-3.0,-2.0,-1.0,-1.0,2.0,-1.0,-6.0,-6.0,-6.0,-6.0,-6.0,-6.0,-6.0,1.0,1.0,-3.0,-3.0,7.0,2.0,-5.0,-5.0,-5.0,-5.0,1.0,-2.0,-2.0,2.0,1.0,-5.0,-6.0,-5.0,-5.0,2.0,1.0,1.0,1.0,-6.0,-6.0,-6.0,-6.0,-1.0,1.0,-2.0,-2.0,1.0,2.0,-13.0,-13.0,-1.0,-1.0,-2.0,2.0,1.0,-5.0,-5.0,-5.0,-5.0,-5.0,-5.0,1.0,1.0,-5.0,-5.0,-5.0,-5.0,-5.0,0.0,-3.0,-12.0,-12.0,1.0,5.0,-7.0,-7.0,-7.0,-7.0,1.0,7.0,1.0,1.0,1.0,2.0,11.0,1.0,4.0,1.0,3.0,6.0,1.0,2.0,3.0,15.0,3.0,2.0,3.0,4.0,1.0,6.0,6.0,4.0,2.0,1.0,1.0,1.0,1.0,1.0,1.0,3.0,7.0,1.0,3.0,1.0,1.0,1.0,3.0,2.0,1.0,2.0,2.0,1.0,1.0,3.0,3.0,3.0,1.0,1.0,2.0,3.0,3.0,3.0,1.0,1.0,1.0,3.0,4.0,4.0,2.0,3.0,1.0,1.0,1.0,1.0,1.0,1.0,2.0,3.0,4.0,4.0,2.0,6.0,3.0,1.0,1.0,1.0,1.0,1.0,1.0,2.0,3.0,1.0,13.0,3.0,1.0,1.0,6.0,1.0,1.0,1.0,4.0,1.0,1.0,2.0,2.0,4.0,3.0,3.0,1.0,1.0,1.0,1.0,2.0,2.0,3.0,3.0,1.0,1.0,2.0,2.0,1.0,2.0,6.0,6.0,2.0,3.0,2.0,2.0,1.0,1.0,2.0,2.0,6.0,6.0,2.0,3.0,2.0,2.0,1.0,1.0,21.0,3.0,4.0,1.0,2.0,2.0,8.0,1.0,7.0,2.0,1.0,2.0,3.0,4.0,4.0,1.0,16.0,1.0,6.0,3.0,1.0,1.0,2.0,10.0,1.0,10.0,3.0,3.0,2.0,1.0,4.0,3.0,1.0,2.0,1.0,1.0,4.0,1.0,3.0,1.0,2.0,2.0,1.0,1.0,1.0,1.0,3.0,1.0,1.0,2.0,1.0,1.0,1.0,1.0,1.0,1.0,1.0,1.0,1.0,1.0,1.0,4.0,3.0,1.0,1.0,1.0,1.0,1.0,1.0,2.0,2.0,1.0,4.0,1.0,4.0,1.0,1.0,2.0,1.0,1.0,3.0,2.0,2.0,2.0,2.0,1.0,1.0,6.0,24.0,4.0,1.0,3.0,2.0,1.0,1.0,16.0,35.0,3.0,1.0,1.0,1.0,1.0,1.0,1.0,3.0,5.0,1.0,1.0,2.0,7.0,5.0,5.0,2.0,3.0,1.0,1.0,1.0,8.0,1.0,5.0,3.0,2.0,9.0,6.0,1.0,4.0,13.0,1.0,7.0,7.0,1.0,1.0,1.0,1.0,1.0,4.0,6.0,3.0,2.0,1.0,8.0,6.0,1.0,1.0,1.0,2.0,3.0,1.0,2.0,8.0,1.0,2.0,9.0,2.0,1.0,1.0,1.0,1.0,1.0,4.0,1.0,1.0,4.0,5.0,1.0,1.0,2.0,3.0,2.0,1.0,2.0,5.0,6.0,4.0,6.0,8.0,11.0,7.0,6.0,1.0,1.0,1.0,4.0,1.0,3.0,4.0,5.0,12.0,5.0,2.0,2.0,1.0,4.0,2.0,1.0,1.0,1.0,3.0,4.0,3.0,2.0,2.0,3.0,5.0,1.0,7.0,5.0,2.0,2.0,3.0,1.0,1.0,1.0,1.0,2.0,1.0,2.0,1.0,1.0,12.0,10.0,8.0,6.0,5.0,1.0,1.0,1.0,3.0,1.0,1.0,1.0,3.0,4.0,1.0,2.0,1.0,1.0,1.0,2.0,1.0,1.0,8.0,1.0,1.0,2.0,2.0,5.0,2.0,2.0,1.0,1.0,3.0,2.0,3.0,1.0,6.0,6.0,1.0,1.0,6.0,1.0,6.0,9.0,3.0,13.0,10.0,1.0,1.0,11.0,1.0,1.0,3.0,8.0,9.0,2.0,1.0,2.0,3.0,3.0,3.0,1.0,1.0,1.0,5.0,5.0,2.0,1.0,2.0,2.0,1.0,1.0,5.0,1.0,1.0,1.0,1.0,3.0,2.0,1.0,2.0,1.0,3.0,4.0,1.0,2.0,1.0,2.0,1.0,2.0,2.0,1.0,1.0,2.0,2.0,1.0,1.0,1.0,1.0,1.0,1.0,2.0,1.0,8.0,2.0,1.0,5.0,6.0,2.0,1.0,1.0,1.0,6.0,2.0,3.0,4.0,3.0,1.0,1.0,2.0,2.0,1.0,1.0,11.0,1.0,1.0,2.0,4.0,5.0,3.0,1.0,4.0,1.0,14.0,4.0,7.0,1.0,1.0,2.0,1.0,1.0,1.0,1.0,1.0,1.0,3.0,1.0,9.0,2.0,2.0,1.0,1.0,7.0,1.0,8.0,1.0,1.0,1.0,1.0,2.0,1.0,1.0,1.0,1.0,2.0,1.0,1.0,1.0,1.0,1.0,1.0,4.0,4.0,3.0,2.0,1.0,1.0,1.0,1.0,3.0,1.0,1.0,1.0,1.0,1.0,1.0,1.0,1.0,2.0,1.0,3.0,3.0,1.0,1.0,3.0,5.0,9.0,7.0,2.0,2.0,1.0,1.0,1.0,2.0,3.0,1.0,1.0,2.0,3.0,1.0,1.0,2.0,2.0,1.0,1.0,1.0,1.0,2.0,1.0,1.0,-1.0,-1.0,-2.0,-4.0,-12.0,-7.0,-6.0,-6.0,-9.0,-11.0,-2.0,-8.0,-10.0,-6.0,-11.0,-1.0,-1.0,-4.0,-1.0,-10.0,-11.0,-3.0,-8.0,-12.0,-10.0,-1.0,-1.0,-1.0,-1.0,-7.0,-7.0,-13.0,-7.0,2.0,1.0,1.0,1.0,2.0,1.0,1.0,5.0,1.0,2.0,1.0,1.0,3.0,1.0,3.0,1.0,1.0,1.0,1.0,1.0,1.0,1.0,1.0,4.0,1.0,1.0,2.0,1.0,1.0,3.0,1.0,1.0,2.0,1.0,1.0,2.0,3.0,1.0,2.0,1.0,1.0,1.0,1.0,1.0,1.0,2.0,1.0,2.0,1.0,2.0,5.0,6.0,1.0,2.0,1.0,1.0,3.0,1.0,1.0,2.0,3.0,3.0,1.0,1.0,2.0,5.0,5.0,1.0,1.0,4.0,3.0,2.0,1.0,1.0,-1.0,1.0,2.0,-3.0,1.0,1.0,-4.0,-4.0,-3.0,2.0,-1.0,-1.0,-1.0,-2.0,2.0,10.0,1.0,1.0,1.0,2.0,3.0,4.0,1.0,2.0,1.0,17.0,1.0,1.0,1.0,1.0,2.0,1.0,1.0,1.0,4.0,4.0,1.0,3.0,1.0,1.0,2.0,1.0,1.0,1.0,2.0,2.0,1.0,1.0,1.0,1.0,2.0,3.0,2.0,1.0,1.0,3.0,1.0,1.0,1.0,2.0,3.0,1.0,1.0,2.0,4.0,2.0,1.0,1.0,1.0,1.0,2.0,3.0,1.0,4.0,1.0,1.0,1.0,4.0,4.0,10.27083083375076,1.0,2.0,2.0,2.0,2.0,1.0,2.0,1.0,2.0,3.0,1.0,6.0,11.0,8.0,5.0,4.0,5.0,3.0,2.0,1.0,1.0,1.0,1.0,1.0,2.0,2.0,3.0,2.0,3.0,1.0,1.0,1.0,1.0,1.0,1.0,3.0,2.0,5.0,1.0,2.0,2.0,1.0,5.0,1.0,5.0,1.0,2.0,5.0,3.0,2.0,1.0,1.0,1.0,2.0,3.0,1.0,1.0,1.0,3.0,3.0,2.0,4.0,1.0,1.0,1.0,1.0,1.0,1.0,1.0,1.0,1.0,1.0,1.0,3.0,5.0,1.0,1.0,1.0,2.0,2.0,1.0,1.0,5.0,1.0,1.0,5.0,1.0,1.0,-7.0,-7.0,1.0,-1.0,-4.0,-2.0,-1.0,-2.0,-1.0,1.0,-1.0,-3.0,-5.0,0.0,-3.0,-1.0,-2.0,-4.0,1.0,-1.0,1.0,-1.0,-1.0,1.0,-1.0,-1.0,2.0,-2.0,-3.0,2.0,-2.0,-1.0,1.0,-1.0,-1.0,-2.0,1.0,-2.0,-1.0,2.0,-1.0,-1.0,-1.0,-1.0,-2.0,2.0,-2.0,-2.0,0.0,-1.0,-1.0,-1.0,-1.0,-1.0,1.0,1.0,1.0,7.0,1.0,1.0,1.0,1.0,1.0,2.0,1.0,1.0,12.0,1.0,1.0,1.0,1.0,1.0,1.0,2.0,1.0,1.0,1.0,1.0,2.0,4.0,3.0,1.0,1.0,3.0,1.0,1.0,1.0,1.0,2.0,1.0,1.0,1.0,1.0,1.0,2.0,1.0,1.0,3.0,7.0,2.0,1.0,1.0,1.0,1.0,1.0,1.0,1.0,1.0,1.0,1.0,1.0,1.0,6.0,1.0,1.0,1.0,1.0,1.0,1.0,1.0,1.0,1.0,1.0,1.0,1.0,1.0,1.0,1.0,1.0,4.0,1.0,1.0,1.0,1.0,1.0,1.0,1.0,1.0,1.0,1.0,1.0,1.0,1.0,1.0,1.0,1.0,1.0,1.0,1.0,-1.0,-1.0,1.0,1.0,2.0,-2.0,-2.0,-2.0,-2.0,-2.0,1.0,1.0,-3.0,-3.0,-3.0,-3.0,1.0,-5.0,-5.0,-5.0,1.0,1.0,1.0,1.0,2.0,1.0,1.0,-1.0,-1.0,-1.0,-1.0,-1.0,-1.0,4.0,4.0,1.0,1.0,3.0,1.0,1.0,1.0,1.0,1.0,3.0,3.0,2.0,1.0,1.0,1.0,1.0,1.0,2.0,1.0,1.0,2.0,2.0,1.0,1.0,1.0,1.0,1.0,3.0,3.0,3.0,1.0,1.0,2.0,1.0,1.0,2.0,2.0,2.0,1.0,1.0,1.0,2.0,1.0,1.0,1.0,1.0,3.0,1.0,1.0,1.0,1.0,4.0,2.0,5.0,1.0,2.0,1.0,1.0,1.0,1.0,3.0,1.0,2.0,3.0,2.0,1.0,1.0,1.0,2.0,2.0,2.0,2.0,1.0,6.0,3.0,6.0,1.0,1.0,1.0,3.0,1.0,4.0,5.0,1.0,1.0,1.0,1.0,1.0,17.0,1.0,2.0,12.0,1.0,2.0,3.0,8.0,13.0,5.0,2.0,1.0,2.0,6.0,4.0,4.0,2.0,1.0,3.0,2.0,1.0,1.0,1.0,3.0,1.0,1.0,1.0,3.0,1.0,1.0,1.0,3.0,1.0,1.0,1.0,2.0,3.0,7.0,4.0,3.0,1.0,2.0,2.0,2.0,1.0,1.0,1.0,1.0,1.0,1.0,1.0,1.0,1.0,1.0,1.0,1.0,1.0,1.0,1.0,1.0,1.0,1.0,1.0,1.0,1.0,1.0,1.0,1.0,1.0,3.0,1.0,1.0,2.0,2.0,2.0,2.0,3.0,1.0,1.0,1.0,2.0,1.0,4.0,3.0,1.0,1.0,1.0,2.0,1.0,1.0,1.0,5.0,3.0,2.0,1.0,1.0,1.0,1.0,1.0,1.0,1.0,1.0,1.0,3.0,4.0,3.0,1.0,1.0,1.0,1.0,1.0,1.0,1.0,1.0,1.0,1.0,1.0,1.0,2.0,1.0,1.0,1.0,1.0,1.0,1.0,1.0,1.0,1.0,1.0,1.0,2.0,1.0,1.0,1.0,1.0,1.0,1.0,1.0,1.0,1.0,1.0,1.0,1.0,1.0,3.0,8.0,2.0,1.0,2.0,1.0,1.0,4.0,1.0,1.0,1.0,1.0,1.0,1.0,1.0,7.0,5.0,2.0,3.0,1.0,1.0,2.0,1.0,1.0,1.0,1.0,1.0,1.0,2.0,3.0,1.0,2.0,2.0,2.0,1.0,3.0,1.0,1.0,1.0,1.0,3.0,2.0,3.0,3.0,1.0,1.0,2.0,2.0,2.0,3.0,2.0,1.0,3.0,1.0,2.0,2.0,2.0,2.0,2.0,2.0,1.0,1.0,1.0,1.0,1.0,1.0,1.0,1.0,1.0,2.0,1.0,1.0,1.0,3.0,1.0,1.0,1.0,1.0,1.0,1.0,1.0,2.0,1.0,6.0,1.0,5.0,1.0,4.0,1.0,8.0,1.0,3.0,3.0,4.0,1.0,2.0,2.0,1.0,1.0,3.0,2.0,3.0,1.0,2.0,1.0,1.0,2.0,1.0,1.0,4.0,6.0,1.0,1.0,1.0,2.0,2.0,1.0,1.0,3.0,5.0,4.0,1.0,1.0,5.0,1.0,1.0,2.0,1.0,1.0,1.0,4.0,2.0,1.0,4.0,2.0,6.0,1.0,1.0,1.0,1.0,6.0,4.0,1.0,1.0,3.0,3.0,2.0,9.0,2.0,3.0,3.0,3.0,3.0,1.0,1.0,5.0,5.0,5.0,5.0,1.0,7.0,10.0,2.0,1.0,4.0,5.0,5.0,5.0,5.0,2.0,1.0,3.0,5.0,4.0,2.0,2.0,1.0,1.0,2.0,3.0,1.0,1.0,3.0,11.0,5.0,5.0,5.0,5.0,5.0,5.0,5.0,5.0,13.0,3.0,2.0,2.0,3.0,11.0,5.0,5.0,5.0,5.0,1.0,1.0,2.0,18.0,11.0,2.0,1.0,3.0,3.0,5.0,5.0,5.0,5.0,5.0,5.0,2.0,1.0,3.0,1.0,1.0,21.0,1.0,2.0,3.0,6.0,6.0,6.0,6.0,2.0,5.0,3.0,2.0,5.0,13.0,2.0,5.0,5.0,5.0,5.0,6.0,2.0,24.0,2.0,1.0,2.0,5.0,5.0,5.0,5.0,1.0,2.0,4.0,3.0,12.0,1.0,9.0,4.0,4.0,4.0,4.0,4.0,4.0,4.0,1.0,10.0,4.0,1.0,21.0,1.0,2.0,1.0,1.0,1.0,4.0,3.0,5.0,6.0,6.0,6.0,6.0,6.0,1.0,1.0,3.0,15.0,1.0,1.0,1.0,1.0,7.0,4.0,1.0,10.0,5.0,5.0,5.0,5.0,1.0,1.0,4.0,2.0,1.0,1.0,2.0,2.0,9.0,2.0,1.0,1.0,3.0,1.0,4.0,3.0,1.0,1.0,1.0,1.0,1.0,2.0,1.0,1.0,9.0,1.0,1.0,1.0,2.0,5.0,5.0,5.0,5.0,2.0,1.0,7.0,1.0,2.0,5.0,5.0,5.0,5.0,5.0,5.0,5.0,3.0,1.0,1.0,20.0,1.0,1.0,1.0,4.0,1.0,1.0,2.0,1.0,9.0,3.0,4.0,4.0,4.0,4.0,4.0,4.0,4.0,4.0,1.0,1.0,37.0,1.0,1.0,1.0,6.0,6.0,6.0,6.0,6.0,6.0,1.0,1.0,1.0,1.0,6.0,16.0,1.0,5.0,5.0,5.0,5.0,1.0,27.0,1.0,1.0,1.0,7.0,6.0,6.0,6.0,6.0,1.0,2.0,1.0,30.0,1.0,1.0,1.0,1.0,8.0,6.0,6.0,6.0,6.0,6.0,2.0,2.0,2.0,2.0,5.0,5.0,7.0,3.0,30.0,3.0,10.0,6.0,1.0,10.0,5.0,5.0,5.0,5.0,5.0,5.0,5.0,4.0,1.0,6.0,8.0,1.0,2.0,3.0,4.0,4.0,5.0,6.0,6.0,6.0,6.0,-5.0,-5.0,-5.0,-5.0,-5.0,-5.0,-5.0,-5.0,-5.0,-5.0,1.0
15.58316707611084,-18.33780288696289,14.090912818908691,-4.4401373863220215,6.423886299133301,-5.0897135734558105,-18.82671356201172,1.2277835607528689,6.154062747955322,15.958638191223145,0.7077547311782837,-9.957064628601074,18.831247329711918,-19.977108001708984,14.218623161315918,18.51011276245117,-8.412773132324219,-11.743577003479004,-3.4998505115509038,9.166090965270996,9.73155403137207,1.2232435941696167,-4.082798957824707,18.877168655395508,3.820098400115967,11.415046691894531,-4.641973972320557,4.794003486633301,8.530802726745605,0.8865106105804443,-12.475137710571287,-11.020767211914062,4.531721591949463,13.89357089996338,-7.823409080505371,-12.96499252319336,-6.223102569580078,-15.22191047668457,-4.207180023193359,8.802591323852539,-1.4369183778762815,4.481568336486816,19.236480712890625,2.32366943359375,12.950464248657228,-1.5983097553253174,-3.5650246143341064,9.618762969970703,11.638959884643556,-19.45211601257324,-7.180124282836914,-1.695918321609497,6.451571941375732,10.18991756439209,-4.103070259094238,19.398622512817383,4.612795352935791,6.483548164367676,-10.511720657348633,-11.659628868103027,2.108779191970825,15.661234855651855,5.604952812194824,-13.42965030670166,9.15555191040039,-1.3358793258666992,-19.446935653686523,7.471500396728516,-2.475847005844116,13.13802719116211,-2.83318305015564,-16.933109283447266,16.78093147277832,17.508695602416992,16.172449111938477,-10.953758239746094,-11.613794326782228,0.2207580059766769,-3.269452810287476,13.642895698547363,-7.811736583709717,16.761354446411133,-2.4158482551574707,18.13817596435547,1.9447587728500368,-16.816635131835938,9.459942817687988,13.666872024536133,17.85628318786621,16.90822410583496,1.4160726070404053,-19.68040657043457,6.085185527801514,6.917696475982666,14.044363021850586,9.27994441986084,-1.5950442552566528,13.345603942871094,1.250165939331055,1.055856227874756,-11.092164993286133,4.479401588439941,2.462451934814453,12.003095626831056,8.211812973022461,9.795908431503388,19.58836936950684,-4.08542013168335,16.941007614135742,-11.338545799255373,4.870202541351318,-2.817858934402466,12.066804885864258,15.737310409545898,-4.154589653015137,19.006492614746094,-19.478073120117188,-6.81297492980957,15.62477684020996,-0.2369145900011062,-0.0729370266199112,12.696476936340332,-16.561307907104492,-9.493566513061523,10.013050079345703,16.70870018005371,-17.814495086669922,4.320182800292969,19.22931671142578,-1.8282102346420288,-17.78903579711914,-5.123355865478516,-7.416297912597656,-13.966246604919434,-16.817773818969727,-11.285809516906738,-19.846485137939453,-3.528281688690185,9.44548797607422,-5.6766204833984375,-5.913563251495361,-15.602011680603027,-8.394661903381348,-2.161641836166382,13.966238021850586,17.772655487060547,13.47614860534668,7.9851579666137695,-7.386626720428467,-10.976347923278809,-14.550345420837402,13.168306350708008,-12.207042694091797,-2.2098405361175537,17.729284286499023,6.170051574707031,7.387016296386719,-10.255045890808104,6.845749378204346,-9.91165256500244,3.4609203338623047,-16.270475387573242,2.879676103591919,14.135293006896973,9.76927089691162,-12.401721000671388,9.719781875610352,-17.2978515625,4.351545810699463,3.786014080047608,-15.577938079833984,16.727977752685547,-10.92284107208252,9.37375259399414,-17.103303909301758,-6.7624921798706055,8.413681030273438,19.407039642333984,16.555288314819336,16.627792358398438,-2.883253335952759,-14.937010765075684,-2.200806140899658,13.778666496276855,-12.53249454498291,2.650660514831543,-15.943699836730955,-9.021591186523438,18.249786376953125,7.292505264282227,-8.272662162780762,19.233375549316406,0.8954742550849915,11.505691528320312,-4.388787746429443,-3.825178384780884,18.02101325988769,12.379759788513184,-2.425525426864624,-1.142168045043945,-9.076131820678713,-19.027803421020508,3.8396174907684326,16.631017684936523,8.214035034179688,-11.55690097808838,-17.332256317138672,-3.09033203125,-19.183143615722656,4.623036861419678,18.56247901916504,19.415437698364254,-16.998750686645508,4.670355319976807,4.372393608093262,-10.279837608337402,10.368430137634276,13.657715797424316,9.027256965637209,13.528645515441896,12.283449172973633,-5.269972324371338,13.469035148620604,3.533490896224976,-7.501707077026367,-2.381215333938598,3.7066729068756095,-17.253923416137695,-8.313957214355469,-1.5052106380462646,-18.42950820922852,19.206514358520508,0.2654003500938415,8.266119003295898,-1.0241718292236328,14.975053787231444,3.7497990131378174,-1.557661533355713,8.163989067077637,2.500380516052246,-9.431178092956545,14.089055061340332,11.384641647338867,-11.712297439575195,-15.280296325683594,-17.9543514251709,-14.036384582519531,-16.718809127807617,13.845983505249023,11.49360466003418,-18.84821319580078,8.828839302062988,4.79998779296875,-16.34527015686035,-15.350919723510742,-8.572667121887207,2.738492488861084,7.580875873565674,15.157651901245115,17.877071380615234,11.297616958618164,-1.6826939582824707,-16.62442398071289,10.322877883911133,-6.928961753845215,-2.519277572631836,11.398436546325684,-1.9655673503875728,19.77059936523437,-11.610719680786133,-14.245624542236328,-7.17161750793457,-1.6234548091888428,9.739269256591797,-17.910358428955078,-10.05577564239502,12.351372718811035,18.775299072265625,1.0309486389160156,-6.315433025360107,5.4216132164001465,-10.001100540161133,3.4090518951416016,-2.4896419048309326,2.793894529342652,8.88808536529541,-14.415170669555664,2.651808023452759,-8.854012489318848,-12.438361167907717,11.204334259033203,11.091652870178224,4.381684303283691,-13.795568466186523,-5.802539348602295,4.368154525756836,3.6078341007232666,-0.3085390031337738,4.65933895111084,-11.394120216369627,2.088497400283813,-5.3050079345703125,10.81703281402588,13.393085479736328,13.66189670562744,-5.061946392059326,11.110450744628906,-14.666735649108888,18.95844841003418,4.968371868133545,-18.43854522705078,11.718140602111816,-18.022781372070312,-0.5052231550216675,0.2097937166690826,-12.939906120300291,8.786125183105469,-7.236592769622803,-19.963483810424805,4.778801918029785,-15.407400131225586,8.383879661560059,0.9329890012741088,-19.61367416381836,-11.34570598602295,0.7315595746040344,0.4109516739845276,-14.736525535583496,-17.049604415893555,0.800216555595398,11.243788719177246,8.64758014678955,-18.885223388671875,2.024801254272461,3.797778844833374,3.682168483734131,-5.645847320556641,-0.5473349690437317,2.538048267364502,-15.522101402282717,-0.1435533314943313,15.066197395324709,5.738563060760498,-15.716174125671388,-13.991161346435549,4.15742301940918,1.222394347190857,-8.079449653625488,-19.5964298248291,16.288972854614258,-7.881858825683594,13.67405605316162,-18.41474914550781,-1.793436050415039,-18.07567596435547,-9.597870826721191,-4.300342559814453,-14.325742721557615,-16.07248306274414,17.477699279785156,16.58838653564453,-14.344218254089355,10.708910942077637,8.921040534973145,3.1103670597076416,0.2758757770061493,-7.552408218383789,0.759282112121582,14.81588363647461,-10.652580261230469,-2.7029082775115967,-1.469901442527771,13.470349311828612,16.86100196838379,-18.252010345458984,-7.482019424438477,-12.67035675048828,-7.949937343597412,17.024410247802734,-12.55042839050293,-1.4550539255142212,-12.601483345031738,-8.2540283203125,-11.695947647094728,14.010418891906738,14.32506275177002,-8.782353401184082,12.772263526916504,-3.224747896194458,12.015649795532228,2.1968677043914795,15.899640083312988,-17.845203399658203,19.586238861083984,1.1758524179458618,-7.927273750305176,-14.937613487243652,-10.29586410522461,2.3221235275268555,18.90180969238281,8.356243133544922,-16.812185287475586,18.262428283691406,1.4645094871520996,11.345351219177246,-12.961928367614746,-6.687830448150635,19.58300399780273,-9.01318645477295,-13.267086029052734,11.426499366760254,16.623323440551758,-17.603675842285156,13.06279754638672,11.848057746887209,6.465292453765869,-18.957592010498047,-10.010771751403809,-16.932872772216797,-2.9843173027038574,3.5216546058654785,0.9209497570991516,-5.376956462860107,-13.13591480255127,14.340001106262209,-0.432157963514328,3.1808762550354004,14.355236053466797,1.7603766918182373,-9.0584716796875,14.803068161010742,-16.29938507080078,-16.44709014892578,19.437332153320312,7.827553749084473,-0.8117745518684387,18.19748878479004,13.732954025268556,14.443077087402344,-19.55680084228516,3.5253798961639404,18.110645294189453,17.59648323059082,9.374914169311523,19.902700424194336,-10.392122268676758,-9.05453109741211,4.484877109527588,14.402066230773926,19.949981689453125,9.306793212890623,18.101423263549805,6.272332191467285,1.0286484956741333,-17.193042755126953,11.39244556427002,-7.253261089324951,5.020966053009033,9.573650360107422,-13.914575576782228,-3.441213130950928,3.64595103263855,8.423738479614258,-4.352115154266357,15.564702987670898,-13.2732572555542,19.450334548950195,16.162031173706055,-16.122703552246094,2.5080466270446777,-10.139245986938477,13.71409034729004,1.5503493547439575,-12.413487434387209,0.8109987378120422,-8.515097618103027,15.276321411132812,-4.013156414031982,16.929548263549805,-6.525744915008545,-1.6836117506027222,6.1596360206604,-9.724448204040527,12.353161811828612,11.253278732299805,-3.009594202041626,-6.110085487365723,-16.367525100708008,-15.078516960144045,-1.492806077003479,-0.8431586027145386,4.927958965301514,-10.456894874572754,-9.648884773254396,-8.78925609588623,4.306566715240479,12.713506698608398,3.443015813827514,-12.895368576049805,0.0088657308369874,16.965925216674805,6.789124965667725,15.814919471740724,17.953704833984375,7.13626766204834,-16.342710494995117,-11.051724433898926,15.87141227722168,1.2716587781906128,0.4708616733551025,8.91731071472168,10.846195220947266,-14.2015962600708,1.2495262622833252,-11.208908081054688,15.966632843017578,7.406777858734131,10.552470207214355,-6.732542991638184,7.454783916473389,2.534111738204956,-5.811800956726074,16.42184829711914,7.268254280090332,13.96725845336914,3.78029465675354,-10.907346725463867,14.589347839355469,-7.503583431243896,-4.292740345001221,-8.677667617797852,-5.009425640106201,5.917366027832031,-19.929044723510746,12.50294303894043,18.07940673828125,-11.59959316253662,7.964529514312744,13.98544692993164,13.540332794189451,-10.282878875732422,17.898157119750977,-9.239609718322754,15.991388320922852,-14.339310646057127,19.713699340820312,-2.0420286655426025,-1.7029567956924438,16.605987548828125,11.440073013305664,-2.517524719238281,1.8821066617965696,16.576982498168945,-10.250412940979004,17.582685470581055,-10.301852226257324,12.350110054016112,-2.0245814323425293,-18.27155494689941,-16.938255310058594,-18.355674743652344,-16.67677116394043,-9.470797538757324,-17.940860748291016,-17.90130615234375,-7.564427375793457,15.37868595123291,5.720503330230713,-3.9370758533477774,-3.249910593032837,0.7851206064224243,19.527084350585938,4.234962463378906,6.02887487411499,-11.54635524749756,17.183792114257812,-11.938666343688965,4.763547897338867,-10.254096031188965,1.9982415437698364,-6.937899112701416,-5.481983184814453,-0.3070245385169983,5.346383094787598,-19.47804450988769,14.909469604492188,2.876579523086548,3.1162095069885254,18.99590301513672,5.886330604553223,-9.600116729736328,-16.818275451660156,-7.267806053161621,0.335164338350296,-4.338452339172363,-13.620645523071287,17.680391311645508,-9.186589241027832,7.541962146759033,-5.677103519439697,-0.0782302170991897,5.523185253143311,12.320544242858888,4.71822452545166,-15.242025375366213,-15.94890308380127,19.61202621459961,-10.544269561767578,-4.481499195098877,4.824796676635742,13.108488082885742,-9.930076599121094,4.337398529052734,4.598729610443115,-19.58471298217773,-14.208288192749023,16.34364128112793,-6.894796371459961,-18.9080867767334,14.228493690490724,7.1519317626953125,-3.9545862674713135,-8.946634292602539,15.36776638031006,-19.471309661865234,-10.855265617370604,-1.9002896547317505,-7.218710899353027,-13.734326362609863,7.832695007324219,10.333918571472168,-2.069610357284546,-9.85269832611084,-10.213661193847656,4.723392009735107,-0.6618180871009827,-5.546575546264648,-4.558387279510498,17.973573684692383,19.298213958740234,-13.76683521270752,-11.853185653686523,1.423972725868225,1.5977295637130735,-0.7743362784385681,3.353971242904663,-13.03545093536377,-13.787812232971191,-15.578803062438965,-14.036480903625488,1.6088240146636963,15.240906715393066,13.025577545166016,-16.3371639251709,-3.2266032695770264,-7.431094646453857,9.889911651611328,-2.5935614109039307,15.946454048156738,3.307966709136963,-7.402978897094727,4.254027843475342,-12.808395385742188,-10.070209503173828,3.797351837158203,10.0629301071167,18.82829475402832,-16.88654327392578,-13.091373443603516,2.3390414714813232,-5.230103492736816,-3.0503382682800293,7.246327877044678,17.607093811035156,-7.812702178955078,5.742283821105957,12.554781913757324,0.0574313625693321,6.208311080932617,-16.647186279296875,8.861414909362793,-4.6339921951293945,14.643136978149414,-4.429980278015137,-4.209678649902344,16.211793899536133,-0.7215621471405029,-14.307040214538574,4.837838172912598,-13.803339958190918,7.75650691986084,-2.437501907348633,-3.019495010375977,14.2861967086792,4.285181045532227,-18.1485595703125,7.365089416503906,-12.15609073638916,3.6826114654541016,-16.05674171447754,12.604681968688965,7.759692192077637,-12.283259391784668,-2.454611301422119,3.409541606903076,-3.02456283569336,14.254789352416992,-8.629203796386719,-0.049561146646738,-17.959928512573242,-11.37055206298828,1.8899292945861816,-2.613210201263428,-4.264278888702393,4.203463077545166,-1.754321813583374,12.397801399230955,-5.588210582733154,9.42742919921875,0.2655981779098511,-3.727970838546753,9.375483512878418,-16.801210403442383,-10.92116641998291,7.108040809631348,-14.87458324432373,-16.174108505249023,4.110543251037598,-19.282623291015625,8.833273887634277,9.599908828735352,7.142579555511475,-4.730596542358398,-1.7822223901748655,8.167564392089844,-4.031697750091553,-12.168701171875,-6.570131301879883,19.772401809692383,12.837103843688965,0.3788894414901733,8.938358306884766,1.391918420791626,-0.3174981772899627,-18.463523864746094,0.591843843460083,-13.977103233337402,-8.248542785644531,17.297527313232422,19.976911544799805,19.97434425354004,-13.011146545410156,18.915891647338867,18.348106384277344,6.425215721130371,0.2994230687618255,-6.692711353302002,12.238638877868652,-2.186082601547241,-12.214411735534668,13.819247245788574,0.2317159175872802,-3.3965578079223637,-4.709814548492432,-7.390568256378174,-10.92039680480957,-7.600015640258789,1.102697253227234,12.391489028930664,12.533496856689451,-12.699111938476562,-8.548372268676758,-12.50056266784668,-16.294719696044922,12.388632774353027,-0.9675952196121216,16.47030258178711,-3.4793460369110107,-5.906112194061279,1.8052771091461184,-2.1694886684417725,-14.47962760925293,11.302260398864746,-18.85649681091309,-9.410048484802246,-9.139939308166504,-18.506731033325195,-5.036101818084717,11.85973834991455,-7.63575553894043,-0.0045321313664317,-5.806828498840332,-5.809937477111816,11.619122505187988,19.10137939453125,-4.241483688354492,13.534557342529297,-10.55551815032959,-6.653861999511719,-1.3891944885253906,-13.453022956848145,5.063133716583252,9.711501121520996,16.792205810546875,1.954279065132141,-9.09458351135254,-17.198041915893555,-3.5221962928771973,11.669637680053713,-18.35030937194824,16.836732864379883,-15.471999168395996,8.911832809448242,-14.211212158203123,-15.549749374389648,-3.214132308959961,11.72192096710205,13.938591003417969,-6.868813991546631,-11.179627418518066,-3.1854567527771,18.051986694335938,12.389041900634766,-10.587136268615724,-9.454532623291016,-2.401700258255005,-15.94695281982422,9.14277172088623,15.935293197631836,0.2540513277053833,-11.93044090270996,8.957793235778809,14.53205394744873,-9.58873462677002,-4.689438343048096,-18.29843521118164,-18.16407966613769,9.97945499420166,7.297685623168945,-1.1815557479858398,-13.181280136108398,-5.164139747619629,-18.36919593811035,-11.253417015075684,-2.8064043521881104,1.9318712949752808,2.8506102561950684,12.974387168884276,6.791606903076172,15.48322868347168,-18.528291702270508,2.36642861366272,-13.044319152832031,11.104104042053224,13.407037734985352,-4.561398983001709,18.334531784057617,1.3559051752090454,-7.697113037109375,-11.589116096496582,-7.535376071929932,-0.2927907407283783,-17.92521858215332,1.8000781536102295,-7.433545112609863,10.67399787902832,-12.828665733337402,-5.009596824645996,-3.1598565578460693,-11.123819351196287,-10.158716201782228,-7.4914350509643555,11.187886238098145,-13.554239273071287,9.008060455322266,9.420808792114258,13.814311027526855,-1.2089219093322754,2.2647581100463867,16.51504135131836,-5.369787216186523,1.0638128519058228,0.0887947380542755,-8.852313995361328,-17.056386947631836,-15.17808723449707,5.318925857543945,-13.779391288757324,15.736730575561523,-14.796623229980469,-3.559544324874878,8.37829875946045,13.833580017089844,-16.627548217773438,17.275684356689453,-5.41577672958374,12.879354476928713,4.78400468826294,-1.827292799949646,3.23378849029541,5.505016803741455,8.635713577270508,5.310823917388916,4.284909725189209,2.8937270641326904,4.891132354736328,15.22430419921875,18.663291931152344,14.15807056427002,-9.203980445861816,3.088203191757202,10.721027374267578,6.3805694580078125,10.773609161376951,5.132183074951172,13.204243659973145,5.497138500213623,10.753361701965332,-4.706416130065918,15.480627059936523,-4.619424819946289,15.54115867614746,19.561676025390625,-1.9786899089813232,-18.81059455871582,-14.239791870117188,-10.16366195678711,6.126163005828857,-9.287940979003906,-16.477489471435547,17.08965301513672,0.6477384567260742,-1.0270947217941284,-8.549202919006348,-19.587352752685547,16.69607925415039,-0.1802676320075988,18.05524635314941,5.977506160736084,0.5750886797904968,-0.8962526917457581,-19.255584716796875,15.251388549804688,-8.342670440673828,-13.175018310546877,18.25055503845215,18.134672164916992,-17.837520599365234,5.118024826049805,-6.642483711242676,-6.42048978805542,-5.677672386169434,-2.7056334018707275,-1.8691601753234863,14.593002319335938,6.940877437591553,7.665164470672607,12.885156631469728,14.1862211227417,-8.750389099121094,19.39967918395996,0.8993414044380188,-2.3675975799560547,6.365854740142822,-18.20741844177246,9.387494087219238,13.14841651916504,3.917981147766113,8.984491348266602,17.14265251159668,5.926896572113037,4.761968612670898,-11.16822624206543,-4.405977249145508,-17.939212798508688,-9.3497314453125,17.883922576904297,-15.856987953186035,9.463088989257812,11.083409309387209,-12.172642707824709,6.427470207214356,17.16366958618164,10.225726127624512,2.9138739109039307,-10.84031581878662,16.954050064086914,-5.257548809051514,-14.172270774841309,5.1937689781188965,-6.330894947052002,-10.520252227783203,-19.7567081451416,-8.826272010803223,5.301271438598633,-18.30203056335449,8.464478492736816,-12.950663566589355,3.754354953765869,-2.908766269683838,-7.54132604598999,19.78218460083008,-4.731847286224365,18.04706382751465,-1.356456637382507,18.877531051635746,-12.52394199371338,19.652557373046875,-10.386611938476562,-2.654704570770264,8.88746452331543,-0.3772918879985809,3.640119791030884,-3.772397756576538,-7.287328243255615,18.91680335998535,-7.181095123291016,2.922607183456421,-19.913036346435547,-4.463820457458496,-7.645821571350098,-2.014687776565552,8.02320671081543,5.370036602020264,19.14155960083008,-10.479084014892578,13.083194732666016,-17.66167449951172,-18.32550430297852,-8.036343574523926,-2.733098030090332,11.57721996307373,9.596983909606934,-17.183284759521484,6.839996814727783,16.77663803100586,-14.864805221557615,7.230828285217285,-10.340696334838867,-17.658039093017578,-4.179651260375977,4.249104022979736,16.860816955566406,-14.987204551696776,-11.114908218383787,10.628195762634276,-5.6380767822265625,-1.0823832750320437,8.057821273803711,-16.774091720581055,-1.4828583002090454,12.594345092773438,-17.1491641998291,18.08795928955078,-19.168466567993164,4.441796779632568,0.6402444243431091,2.9637508392333984,7.034920692443848,-18.6071720123291,5.004233360290527,-1.4082016944885254,-8.528590202331543,-10.457122802734377,-19.168460845947266,-12.645808219909668,18.614011764526367,-18.655805587768555,4.0248637199401855,17.586957931518555,-2.50956130027771,-13.377695083618164,2.6778526306152344,15.048763275146484,13.87313747406006,18.94850730895996,-5.858839511871338,-9.777657508850098,-3.29553747177124,-12.13852882385254,2.3576221466064453,-0.1069646328687667,-18.2231559753418,-6.655309200286865,4.634845733642578,-8.473328590393066,-1.3341217041015625,-19.32381820678711,-5.3191447257995605,15.085455894470217,6.4430036544799805,5.474801063537598,-5.356647968292236,-2.1574957370758057,-15.113353729248049,5.158422946929932,13.502334594726562,6.404973983764648,-7.93972635269165,9.62315559387207,-12.783404350280762,-15.27392864227295,-10.713929176330566,8.783379554748535,-1.798039197921753,-8.284153938293457,-16.60027503967285,4.199551105499268,8.23871898651123,7.309403896331787,5.233165264129639,-14.690020561218262,9.208560943603516,-18.14020729064941,19.21072006225586,15.867170333862305,13.081624031066896,7.619951248168945,17.828758239746094,5.989874839782715,-6.869521141052246,15.84824275970459,-9.581498146057127,-6.845158100128174,-18.88755416870117,-11.401474952697754,-19.77363586425781,-19.74092102050781,12.83543300628662,-0.2383394390344619,19.255565643310547,6.740999698638916,10.850371360778809,-1.9553978443145752,-10.10846710205078,16.89704704284668,5.729352474212647,-14.886422157287598,5.74323320388794,3.422440528869629,7.364151000976562,-18.442846298217773,-9.560885429382324,12.212727546691896,0.9446576833724976,-10.541396141052246,-11.82275104522705,10.626110076904297,-5.240992546081543,8.491132736206055,-15.415873527526855,-19.282451629638672,-16.080204010009766,-16.71565055847168,-3.919551134109497,-3.272183418273926,7.630609512329102,-9.99313259124756,7.452422618865967,1.5181572437286377,-2.286693811416626,-9.291324615478516,-10.529207229614258,-9.904810905456545,13.440375328063965,15.200775146484377,-8.574190139770508,-7.402133941650391,5.227927207946777,-8.94600772857666,6.589523792266846,-17.362197875976562,9.679579734802246,19.18347930908203,6.153603553771973,-8.592209815979004,2.102492570877075,16.28912353515625,16.49862289428711,2.192591905593872,-14.009227752685549,-18.546541213989254,4.828142166137695,-8.224960327148438,1.1520135402679443,18.68979263305664,0.5144548416137695,5.8341498374938965,3.0759847164154053,-11.87240982055664,18.031435012817383,13.08299160003662,-14.116500854492188,2.146081686019897,-2.4079906940460205,0.95038104057312,1.3888086080551147,0.8281170725822449,15.928363800048828,14.232900619506836,-3.388034582138061,-18.92496490478516,12.26646614074707,-13.814864158630373,-0.0921647921204567,-13.285725593566896,-10.751995086669922,-9.315994262695312,-18.66590690612793,-16.576753616333008,-13.523439407348633,12.765631675720217,-19.76903915405273,7.244497776031494,-14.692727088928224,10.394542694091797,18.09319496154785,19.410999298095703,2.832033157348633,-13.280266761779783,14.7249116897583,-0.0387014932930469,2.524242877960205,3.613152265548706,-10.610127449035645,13.921208381652832,3.969413280487061,-12.967887878417969,-12.505593299865724,-8.932759284973145,7.534366607666016,-11.727930068969728,-11.866572380065918,-7.417145252227783,-3.646977663040161,8.554983139038086,10.705605506896973,10.624059677124023,19.48324203491211,1.1373865604400637,-14.221221923828123,4.722533702850342,14.467588424682615,-8.950154304504395,-16.31259536743164,-6.019726276397705,16.949058532714844,-0.6266252398490906,14.311805725097656,-5.13500452041626,10.751754760742188,3.376854658126831,1.8360590934753416,18.6071891784668,-0.1060381308197975,-0.8300538659095764,4.062796592712402,6.2260613441467285,-5.876760959625244,17.861927032470703,-18.507301330566406,8.061286926269531,2.38454818725586,-15.888212203979492,-4.373369216918945,-6.141670227050781,13.095101356506348,-16.706153869628906,-19.35391998291016,1.700615644454956,4.314341068267822,-14.412814140319824,13.331039428710938,5.360673427581787,8.358057975769043,-14.29227352142334,8.719598770141602,-19.260669708251957,8.686954498291016,-8.509464263916016,3.0113046169281006,18.67762565612793,9.33885383605957,-7.782763957977295,1.2447597980499268,7.772556304931641,14.794392585754396,-0.982560098171234,17.025691986083984,12.126344680786133,13.636415481567385,5.9236345291137695,-18.238359451293945,-15.691134452819824,-6.569809913635254,-19.655235290527344,-14.817550659179688,-9.064141273498535,3.069889783859253,-7.68082857131958,18.82793426513672,-19.27547836303711,-6.50457763671875,-10.280414581298828,-0.3614193201065063,1.4622563123703003,-6.9227705001831055,13.4007568359375,-15.48510456085205,-1.2737817764282229,-14.532858848571776,13.403168678283691,-12.180091857910156,-16.60282325744629,8.05474853515625,-4.953628540039063,-9.311909675598145,16.52174186706543,-14.579848289489746,-3.968041896820069,-7.532751083374023,13.126022338867188,1.699504017829895,5.4709343910217285,12.402222633361816,9.01745891571045,12.850535016983414,-1.5899814367294312,18.350175857543945,6.0876007080078125,-15.484177589416504,-12.632652282714844,-1.89264714717865,15.49386978149414,18.49586296081543,13.126508712768556,-12.127656936645508,6.309873104095459,-5.805528163909912,1.7877354621887207,0.0731716305017471,9.170817375183104,7.209427356719971,2.639404535293579,-11.273476600646973,-19.277559280395508,4.172485828399658,-5.799754142761231,15.416729927062988,-15.007198333740234,0.9149428009986876,-10.52009391784668,6.216193199157715,-12.00149631500244,-15.806907653808594,-14.124513626098633,-5.544858455657959,-7.466258525848389,5.603477954864502,-19.136905670166016,-17.90840721130371,18.5660343170166,-15.52065086364746,1.369364857673645,16.928733825683594,-18.97983932495117,7.9515204429626465,-8.023306846618652,-7.429250240325928,1.621780514717102,12.482776641845703,-6.731077671051025,-13.820823669433594,-5.126650810241699,10.258700370788574,-12.80959701538086,16.523096084594727,-18.81785011291504,3.843950271606445,-15.611802101135254,4.8542256355285645,0.9343172907829284,1.2286555767059326,-5.805019855499268,1.0287890434265137,-18.75497817993164,3.984400987625122,-9.441475868225098,-16.02691650390625,-9.293071746826172,1.4901461601257324,-17.51207160949707,-0.1716987192630767,14.66039752960205,-10.415726661682127,-4.638839244842529,-2.0371484756469727,-11.49001693725586,-0.566472053527832,15.69784450531006,-16.934064865112305,-8.67249584197998,13.82641315460205,-1.927830934524536,11.233888626098633,4.432957649230957,18.6496696472168,-2.4104909896850586,18.30310821533203,-11.203076362609863,9.197516441345217,-6.829852104187012,-1.1187418699264526,-15.85422134399414,-0.7852997779846191,-9.694390296936035,-1.5403225421905518,11.98189926147461,6.122780799865723,13.378538131713867,-0.7335506677627563,-6.829008102416992,-9.928826332092283,3.083275318145752,-15.779596328735352,-13.26438045501709,13.883976936340332,1.7001111507415771,-6.851934909820557,3.3943426609039307,4.006838321685791,-1.0831458568572998,1.3958154916763306,-17.002742767333984,16.115379333496094,10.70472240447998,-10.76693058013916,10.32963752746582,-18.760570526123047,-13.143248558044434,11.64692497253418,-1.433325171470642,-11.642986297607422,2.50905442237854,-15.639466285705566,-4.505954265594482,-11.55772304534912,15.886691093444824,4.905391216278076,-11.304991722106934,5.957721710205078,-5.317622661590576,-10.844145774841309,-15.01943302154541,12.824219703674316,-16.217670440673828,-9.184390977168697,11.595906257629396,9.521245002746582,18.870380401611328,-13.78531551361084,-8.208608627319336,-16.56920623779297,14.592689514160156,14.964258193969728,15.99374008178711,0.7204540371894836,0.4038915634155273,-1.6617286205291748,19.89390754699707,0.7806000113487244,12.0559663772583,-8.152661323547363,-17.117450714111328,-0.4595430791378021,-16.35497283935547,11.255712509155272,-9.48618507385254,-1.1792502403259275,-19.77479362487793,8.532073020935059,-12.198165893554688,-5.823947429656982,-1.256988525390625,-12.120277404785156,-3.4926743507385254,-3.75601863861084,-2.968209981918335,-5.946383476257324,0.6546805500984192,-19.029958724975582,-11.287936210632324,-1.9667601585388184,-5.204782485961914,9.681306838989258,-6.178471088409424,3.962236404418945,-7.692033290863037,-14.949275970458984,18.265554428100582,8.707225799560547,2.708702802658081,-9.200262069702148,13.25619888305664,1.1027852296829224,7.7260661125183105,5.347075939178467,-2.795571565628052,-15.827484130859377,12.008590698242188,13.451252937316896,3.0875706672668457,7.470937728881836,-3.3413245677948,-6.727817535400391,-13.692132949829102,0.5288869738578796,-12.641195297241213,-2.2981395721435547,4.196786403656006,-13.257268905639648,-8.331042289733887,-1.7237234115600586,-10.422450065612791,5.002016544342041,0.959078311920166,3.1185097694396973,5.470892906188965,4.941273212432861,4.915232658386231,19.82928276062012,-6.165733337402344,15.49969482421875,-8.948104858398438,16.163555145263672,13.106782913208008,9.613445281982422,8.80447769165039,7.086033821105957,-10.48575210571289,15.25074863433838,15.306267738342283,15.04139232635498,0.8005013465881348,6.456955909729004,-5.440936088562012,7.943908214569092,-14.720762252807615,16.94548988342285,-16.652856826782227,19.026212692260746,-4.366133689880371,4.875534057617188,-9.433892250061035,7.061797618865967,-1.3926377296447754,-13.698962211608888,15.387277603149414,13.373395919799805,13.68218994140625,-2.343650579452514,-14.692143440246582,12.659903526306152,-15.42578125,13.206649780273438,18.997783660888672,5.808438301086426,5.943389892578125,-6.77553129196167,11.10853672027588,-0.6292518377304077,-8.307526588439941,-5.212227821350098,-8.625176429748535,-13.871251106262209,4.947303771972656,2.4752697944641118,-1.087497353553772,-7.162606716156006,6.777619361877441,18.94942092895508,-17.898059844970703,-14.558160781860352,-7.387449741363525,-2.943988800048828,6.864173412322998,-7.036430835723877,-3.450388193130493,8.661104202270508,15.74023151397705,0.4102083444595337,-8.188115119934082,-13.397150039672852,-9.95888328552246,10.43978214263916,15.05472183227539,-18.523387908935547,16.3723201751709,8.221911430358887,-7.68654727935791,-5.34897518157959,-0.4317570328712463,2.2579801082611084,7.015060424804688,-1.288148045539856,-17.349576950073242,6.600317478179932,-14.136099815368652,-17.795024871826172,-7.957092761993408,-14.854888916015623,8.260499954223633,-3.5396409034729004,19.07137489318848,18.13249397277832,8.393936157226562,18.66065216064453,19.70343589782715,7.715006351470947,11.527873039245604,7.615555286407471,12.813411712646484,14.921330451965332,5.33022403717041,8.981111526489258,-0.955424964427948,3.872328281402588,-2.9776453971862797,11.908123970031738,-17.12053108215332,2.5152180194854736,-11.552606582641602,-17.40291976928711,-1.3407375812530518,12.501157760620115,-15.34101104736328,-14.841825485229492,18.59238815307617,-13.493210792541504,0.1580321639776229,-0.9311244487762452,9.413434028625488,19.789628982543945,9.954163551330566,5.280598163604736,-13.700000762939451,-5.554235458374023,-8.248910903930664,2.086310386657715,1.0524359941482544,-14.329946517944336,-19.55503273010254,14.189040184020996,13.603727340698242,-1.9774800539016724,7.648208141326904,3.1216628551483154,-13.099611282348633,-8.586006164550781,0.0841828361153602,-8.017133712768555,16.708492279052734,-5.6570539474487305,18.771728515625,3.52897310256958,-4.657168865203857,16.678455352783203,18.879627227783203,1.5277365446090698,-11.624053001403809,0.0110822785645723,-11.162458419799805,-14.388484001159668,11.938292503356934,-13.909345626831056,-7.764167785644531,-14.643144607543944,-1.159177303314209,10.508800506591797,13.532233238220217,-12.760208129882812,5.889076232910156,19.952089309692383,19.024507522583008,-14.34482192993164,8.159241676330566,-4.985194683074951,9.429789543151855,-2.2836015224456787,-12.772628784179688,18.14046859741211,0.1142721399664878,-3.2842938899993896,9.144633293151855,-16.024539947509766,6.183330059051514,3.022671699523926,6.201854228973389,-8.171730041503906,9.194684028625488,5.11196756362915,-5.988226413726807,-18.858718872070312,-5.115725994110107,-14.711177825927734,-11.896510124206545,-1.243712306022644,-14.329984664916992,3.986553430557251,-8.974401473999023,15.91376781463623,-5.840221881866455,8.534228324890137,-5.517343521118164,5.371074676513672,-12.742911338806152,-1.3353372812271118,6.86737060546875,-10.60896110534668,-13.6434326171875,-15.067383766174316,-5.258625984191895,-5.0859785079956055,16.02665901184082,16.41139793395996,-8.416126251220703,-15.664344787597656,0.8843139410018921,-6.410269260406494,-11.62606716156006,-19.603872299194336,-8.828961372375488,-18.149770736694336,-1.972619891166687,5.291121006011963,-2.2675154209136963,-14.63693904876709,7.037069320678711,-2.935170888900757,-11.497851371765137,-5.774557113647461,14.04172706604004,19.287517547607425,16.654203414916992,-9.915020942687988,-9.416187286376951,11.434817948420667,-4.182918548583984,15.31413459777832,14.714529037475586,-9.668484687805176,-0.1477358490228653,8.771839141845703,-10.995657920837402,-11.252817153930664,8.580373764038086,19.262226104736328,12.55343246459961,-3.2069365978240967,15.266205787658691,17.82202911376953,9.777026176452637,3.455310106277466,-14.006542205810549,-9.604207992553713,12.342584609985352,0.111233502626419,16.724502563476562,1.6416999101638794,-9.706218530537978,-6.977823734283447,-4.898087978363037,-8.890155792236328,-1.108340859413147,15.895004272460938,10.195724487304688,-5.613473892211914,2.5609521865844727,-16.68995475769043,-7.659398555755615,12.832210540771484,14.063311576843262,-16.277267456054688,19.628681182861328,-13.417610168457031,13.97437572479248,9.956603050231934,8.647882461547852,-2.3537609577178955,-10.472987174987791,13.912271499633787,5.188501834869385,-3.66059684753418,7.616127967834473,-18.425451278686523,-18.486331939697266,-16.27358627319336,-1.108983278274536,-17.165987014770508,-6.731800079345703,7.701098918914795,11.40921688079834,-13.930152893066406,3.671857118606568,-4.134713172912598,1.2670470476150513,0.6086553335189819,-7.908581733703613,-10.828182220458984,2.612822771072388,14.73401927947998,11.521775245666504,-5.517908096313477,12.6903657913208,-19.13985252380371,18.20462989807129,-5.176873683929443,12.549586296081545,11.882369041442873,-0.3476870059967041,0.8638967275619507,12.296182632446287,3.097911834716797,9.205307006835938,-16.27574920654297,10.110760688781738,-8.567282676696777,-16.833463668823242,-9.974332809448242,-5.481613159179688,-1.0079106092453003,-1.4627224206924438,11.886096954345703,4.377010345458984,9.709650993347168,-4.900834560394287,19.499635696411133,-12.732786178588867,-0.487054169178009,-2.909523725509644,3.0735621452331543,-12.73486042022705,-12.97758674621582,-19.77279281616211,-5.584649562835693,-3.67778992652893,-5.700681209564209,-2.8358829021453857,2.004741668701172,10.661564826965332,-0.2994301617145538,0.4867743849754333,-3.1427769660949707,-0.991047501564026,-10.495267868041992,-4.47166633605957,15.160717010498049,2.5192108154296875,15.678929328918455,-0.1743643879890442,18.62057113647461,6.094281196594238,15.757963180541992,9.029180526733398,-0.6608005166053772,8.03972053527832,-6.493464946746826,5.317599773406982,-19.0583438873291,-5.95620023991302,-6.354467391967773,-5.2394890785217285,9.343805313110352,-17.675222396850586,-4.223215579986572,16.94655990600586,16.289676666259766,11.465779304504396,18.819520950317383,-15.703346252441406,-0.4316452443599701,17.070987701416016,-5.942936420440674,-11.207083702087402,9.75669002532959,-1.280137538909912,-9.197497367858888,14.872682571411133,2.864140272140503,-4.855913162231445,8.269661903381348,11.505512237548828,5.4082350730896,8.730870246887207,-8.759154319763184,-8.945881843566895,0.9586644172668456,-15.724845886230469,16.330799102783203,-19.59550666809082,-11.907480239868164,12.743959426879885,17.21643829345703,5.850174427032471,-10.15909481048584,-10.539794921875,13.940197944641112,7.726587772369385,-17.07744789123535,-10.492980003356934,0.4063171148300171,17.22667121887207,3.2327563762664795,-3.8945391178131104,5.083949565887451,13.03661823272705,-17.395404815673828,-12.019662857055664,-1.4410204887390137,-5.229991436004639,-14.4993314743042,-7.33511209487915,6.618253231048584,-10.746617317199709,-0.4845270812511444,8.978854179382324,-14.694412231445312,5.365453720092773,15.752699851989746,9.588326454162598,-11.690936088562012,18.00163459777832,6.135174751281738,13.581514358520508,-0.5184313654899597,3.657106637954712,-4.707716464996338,-4.489616870880127,8.067893981933594,11.548187255859377,14.961901664733888,10.750473976135254,-12.524628639221191,-2.7972123622894287,-13.627894401550291,-17.933462142944336,-5.335147857666016,-10.120132446289062,-17.568939208984375,10.910380363464355,7.863921642303467,-19.300426483154297,16.160322189331055,-5.968784809112549,4.154246807098389,-5.670678615570068,-0.2395533621311187,10.453312873840332,3.1811695098876958,-11.009397506713867,-13.643086433410645,4.7888665199279785,5.550251007080078,10.42391586303711,-0.848048746585846,-17.999614715576172,18.733755111694336,-18.51692771911621,6.461684703826904,-5.592450141906738,-2.8507001399993896,-16.851682662963867,-2.7062931060791016,-6.7284135818481445,-6.909174919128418,8.861082077026367,17.64182472229004,-4.884955406188965,-2.8788986206054688,18.34612165063056,-1.7266908884048462,-19.73384094238281,-10.49386215209961,2.7523093223571777,-8.678450584411621,11.91226291656494,5.6318535804748535,7.245402812957764,13.011758804321287,-16.712812423706055,16.759765625,-5.501338958740234,1.5492677688598633,-7.067800521850586,-1.5499944686889648,-19.14251518249512,3.256679058074951,-17.280319213867188,-17.86618423461914,-8.784756660461426,7.488016605377197,0.5965403914451599,-10.613755226135254,-15.552973747253418,-18.487850189208984,0.7004537238096233,1.2339626550674438,-19.449695587158203,-0.0274028219282627,-6.999749660491943,2.472207307815552,12.661741256713867,16.264551162719727,14.699491500854492,-9.460144996643066,-14.526570320129396,16.83524513244629,19.20279312133789,-11.756182670593262,17.192726135253906,-0.3336733281612396,15.210084915161133,-5.0435895919799805,-3.8134069442749023,-16.470033645629883,-1.143588900566101,-14.827970504760742,7.10319709777832,-3.127195119857788,-7.394131183624268,-0.0076950164511799,-9.243462562561035,8.595258712768555,14.936936378479004,-1.66764497756958,-1.3210675716400146,0.0134593052789568,10.964280128479004,3.5186643600463867,-17.329618453979492,-13.376994132995604,0.4957287907600403,-17.007593154907227,13.13194179534912,-6.718203067779541,13.223700523376465,12.987780570983888,3.10442852973938,14.88185691833496,4.915363788604736,-3.5143988132476807,9.978116989135742,13.29800510406494,-8.303810119628906,-12.099409103393556,5.77504825592041,-7.5693817138671875,-13.428606033325195,0.0226674884002378,-18.547754287719727,-9.205486297607422,16.038799285888672,-5.904115200042725,-11.29024887084961,1.3867719173431396,-10.528947830200195,-14.18762493133545,15.223804473876951,19.45376205444336,-4.275031089782715,17.51781463623047,-19.35931396484375,-4.7115325927734375,-7.972212791442871,6.133610725402832,-5.948025226593018,16.70743179321289,6.183250427246094,-14.343183517456056,14.159927368164062,-16.97500228881836,1.7823477983474731,-1.7978135347366333,11.13361644744873,6.293010234832764,9.88359832763672,13.836840629577637,12.062655448913574,-6.946578979492188,-14.992228507995604,13.666566848754885,4.4961442947387695,-7.702558994293213,9.332494735717772,-0.5579020380973816,17.990947723388672,13.687788009643556,7.614750862121582,-14.882805824279783,18.394289016723636,-2.334935426712036,11.392992973327637,17.753570556640625,6.564990997314453,3.112839460372925,0.7105417847633362,-12.929010391235352,-9.69095230102539,-8.696126937866211,18.0493106842041,-4.7306227684021,15.77134609222412,-2.4512219429016118,-18.728559494018555,-1.8835844993591309,-3.4430739879608154,-4.113423824310303,-10.14175796508789,17.07565689086914,9.263591766357422,5.984105587005615,8.28178596496582,6.186244487762451,4.6947197914123535,4.951727390289307,18.13918685913086,19.83015251159668,-17.047882080078125,12.069205284118652,-5.010505676269531,-2.740853786468506,-2.709040403366089,1.6289098262786863,13.814579963684082,-19.863948822021484,19.392093658447266,-13.880373001098633,-18.13719749450684,6.922025203704834,17.694185256958008,3.9591355323791504,-2.1286396980285645,-5.58544921875,-16.008935928344727,9.889321327209473,-11.491976737976074,-5.280864715576172,-1.522477626800537,9.745079040527344,-4.159298419952393,10.520573616027832,4.83103609085083,-16.41303062438965,9.932435035705566,-14.910226821899414,-15.59324073791504,15.237014770507812,-8.007044792175293,1.2068026065826416,-13.455681800842283,-18.437450408935547,-4.818583965301514,16.201505661010742,9.44741153717041,12.512226104736328,13.39525318145752,-8.407395362854004,-4.508100509643555,4.972564697265625,0.5612267851829529,19.729549407958984,-4.39130449295044,-5.281035900115967,-6.864002704620361,11.661640167236328,-11.0900239944458,-14.560338020324709,14.42528247833252,9.148736000061035,-19.87112617492676,-13.290780067443848,16.588306427001953,-10.88443374633789,-10.873028755187988,-2.812308549880981,0.7787346839904785,4.046377658843994,8.64815902709961,-3.914011240005493,-1.4487931728363037,-4.197082042694092,-16.436044692993164,-17.554182052612305,-1.4313572645187378,1.465340256690979,9.684796333312988,-16.573989868164062,14.396734237670898,-14.17260456085205,-19.128870010375977,0.5769810676574707,-1.82758104801178,16.9138126373291,-18.910158157348636,10.59267807006836,8.090385437011719,11.804961204528809,7.971779823303223,12.952363967895508,4.338811874389648,-15.449895858764648,15.319764137268066,-7.883785247802734,-19.84556579589844,14.155721664428713,-14.965307235717772,-7.181519985198975,15.038769721984863,13.31242561340332,-15.551348686218262,-10.478851318359377,13.001408576965332,-10.108925819396973,18.747730255126957,2.5538330078125,10.75603199005127,4.635439395904541,-10.558311462402344,3.9964420795440674,-11.429154396057127,-17.193323135375977,-17.743871688842773,-10.28555679321289,-17.607629776000977,-2.8249058723449707,-8.524443626403809,3.898930072784424,0.1364583820104599,-11.582442283630373,15.373318672180176,3.3086726665496826,-9.078457832336426,-17.325590133666992,-4.5272297859191895,-11.733702659606934,4.889145851135254,-17.374744415283203,5.052689552307129,-9.321649551391602,-10.121871948242188,3.734926223754883,-11.2293062210083,-10.453154563903809,0.3099356293678283,-18.83680534362793,-18.31085968017578,-10.934340476989746,3.2851479053497314,-2.5053904056549072,-2.1467745304107666,-16.243450164794922,2.6401562690734863,-9.63865566253662,-2.105894088745117,-14.972063064575195,-12.569961547851562,3.942240238189697,-4.351894378662109,0.903340756893158,9.608474731445312,9.66750144958496,-17.45181655883789,7.247385025024414,-18.71217918395996,-16.91295051574707,7.547796249389648,-0.4976117312908172,0.7408959269523621,6.585712909698486,18.438581466674805,9.320612907409668,-16.444793701171875,1.8202462196350095,12.436356544494627,1.7970302104949951,19.58073616027832,0.5295474529266357,-18.92365837097168,10.980292320251465,-14.921652793884276,-8.203412055969238,-12.957947731018066,-9.923176765441896,12.902076721191406,5.415003776550293,-8.385290145874023,6.021800518035889,-5.069406509399414,14.364800453186035,-6.501017093658447,-3.527724504470825,0.335347831249237,-7.5126519203186035,-2.3387343883514404,4.864153861999512,-9.359983444213867,15.308202743530272,-15.239598274230955,-3.317730188369751,13.6559419631958,-18.80108642578125,-18.46586036682129,-9.639427185058594,1.106703758239746,18.12662696838379,9.656271934509276,-11.517204284667969,-17.60865592956543,3.297922134399414,18.07809257507324,4.4167327880859375,-19.27765655517578,-14.311196327209473,4.979406356811523,14.22042751312256,5.552512645721436,16.902990341186523,12.38720417022705,-2.094209909439087,-9.11888313293457,18.88207626342773,-12.088104248046877,-0.4756008684635162,-18.99427795410156,-8.810961723327637,-8.688898086547852,1.483072280883789,15.258496284484863,15.115523338317873,17.84516716003418,-14.620574951171877,-9.25034236907959,19.11152648925781,7.1804962158203125,-19.760995864868164,13.3126859664917,-17.719955444335938,3.759556293487549,-3.6396799087524414,16.408517837524414,3.238799810409546,5.43013334274292,-1.3814115524291992,-5.351335525512695,-17.205739974975586,9.58218002319336,19.79882431030273,3.513987302780152,-17.419841766357422,11.33629035949707,-9.95510196685791,-12.911745071411133,-17.885610580444336,-4.9957122802734375,9.631243705749512,0.305463045835495,5.609891891479492,-15.135433197021484,-3.727549076080322,-19.04645156860352,16.866966247558594,-19.38851928710937,-11.662087440490724,14.153671264648438,16.818819046020508,3.129727602005005,15.408312797546388,11.759079933166504,8.171829223632812,17.699739456176758,15.66831398010254,4.487048149108887,4.753547191619873,-5.1925482749938965,9.636752128601074,-19.4208984375,15.53249168395996,16.052885055541992,-4.994832992553711,-10.322771072387695,-17.864391326904297,18.963138580322266,-9.871623992919922,5.2067694664001465,-8.201485633850098,19.020606994628903,17.898799896240234,13.206947326660156,-4.433330535888672,3.5030388832092285,1.2416092157363892,-1.1058340072631836,-1.4654784202575684,9.854180335998535,-11.429244995117188,-1.2272933721542358,5.279032707214356,2.06253981590271,9.745933532714844,8.600768089294434,10.392904281616213,6.617341041564941,18.101232528686523,11.628642082214355,-19.3924503326416,-1.7014689445495603,-18.538414001464844,19.31535148620605,7.560642242431641,-12.6341552734375,-11.156587600708008,-6.9888834953308105,12.755380630493164,1.6182221174240112,-2.248036623001098,-19.964807510375977,3.555734634399414,8.498807907104492,-4.095541477203369,-4.927461624145508,2.78928279876709,-16.31397819519043,-16.931320190429688,7.606081008911133,0.8230313062667847,10.323646545410156,-2.034269094467163,-15.824027061462402,-6.433456897735596,6.011107921600342,-5.87689733505249,-14.545723915100098,-16.767047882080078,-13.568790435791016,-6.841650485992432,-15.246071815490724,-18.46945571899414,8.956009864807129,6.375674247741699,5.702883720397949,-10.267169952392578,5.4081711769104,18.91146278381348,-10.158267974853516,-8.636360168457031,-6.0074872970581055,-19.50097274780273,-3.649691581726074,-1.662062644958496,-17.394126892089844,15.492413520812988,-15.595922470092772,-5.093108177185059,-18.017879486083984,-1.9129492044448853,16.178176879882812,-2.6753296852111816,2.511033058166504,9.282981872558594,6.572920322418213,17.589935302734375,-8.323524475097656,15.869473457336426,18.061107635498047,13.91033935546875,4.4781670570373535,-11.453709602355955,2.110743522644043,-15.251541137695312,-19.624900817871094,2.3249711990356445,-10.348140716552734,-8.96986198425293,-8.614165306091309,-14.73672580718994,-16.683460235595703,8.592428207397461,-11.361918449401855,-6.199729442596436,-11.77886199951172,-6.98048734664917,7.715100288391113,13.433428764343262,-17.34332847595215,-16.352468490600586,15.83378791809082,11.955798149108888,-18.51212501525879,-13.649762153625488,-15.805237770080566,-6.022791385650635,-10.874917984008787,4.825128078460693,-1.4295605421066284,-11.897537231445312,19.715282440185547,-6.848567485809326,12.200156211853027,17.1958065032959,0.4445672333240509,8.658297538757324,-9.281628608703612,6.205031871795654,-19.02521514892578,5.19797420501709,-14.815479278564451,-12.023348808288574,-8.921170234680176,0.4607879221439361,-8.872274398803711,19.688766479492188,6.893153190612793,-1.6881152391433716,13.832541465759276,-2.60489273071289,19.13611221313477,14.027957916259766,6.688085556030273,-14.110025405883787,16.333133697509766,15.921805381774902,-19.786964416503903,-16.714765548706055,4.609964370727539,-10.780980110168455,-5.969778060913086,-11.467318534851074,17.271305084228516,8.977139472961426,-0.0232156030833721,-13.84947395324707,-1.2551215887069702,-3.115267753601074,6.542078018188477,-13.174887657165527,-13.574262619018556,-9.093948364257812,13.776959419250488,11.830281257629396,1.298560380935669,15.038444519042969,14.041474342346191,14.984090805053713,5.211459159851074,-2.3612873554229736,-19.864442825317383,3.458570957183838,-2.5335357189178467,-17.10079574584961,-3.3364956378936768,-15.93675136566162,10.735281944274902,0.9368992447853088,2.501312255859375,12.780900955200195,-15.066912651062012,-14.331533432006836,-5.053242206573486,18.621620178222656,9.881685256958008,2.2070746421813965,6.62069845199585,8.252099990844727,11.049338340759276,-4.748692512512207,0.7540197968482971,12.22256088256836,3.207252264022827,-18.217851638793945,18.13446044921875,15.48768424987793,-4.234856605529785,-4.812917232513428,6.258514881134033,-13.507217407226562,4.438113689422607,-17.10301971435547,-16.151395797729492,19.780506134033203,12.521265983581545,-9.773157119750977,-3.800427913665772,19.817874908447266,-6.50737190246582,4.612381458282471,0.7975982427597046,7.349841117858887,3.308993101119995,4.891829967498779,-8.628997802734375,-1.6097904443740845,-2.1794893741607666,11.041177749633787,-2.33886981010437,-11.96219253540039,17.67167091369629,-5.509059906005859,12.820033073425291,-17.030988693237305,12.783159255981444,6.269245624542236,-4.035684108734131,-1.143855094909668,-1.9979184865951536,-9.673115730285645,-4.714226722717285,6.59561014175415,-5.321010112762451,-0.2017641365528106,-15.714632034301758,1.6007492542266846,-5.947466373443604,2.133936882019043,16.641626358032227,-8.80599308013916,0.8891311287879944,-5.534830570220947,3.296660661697388,-2.5506906509399414,-2.567688465118408,5.058047771453857,11.194342613220217,-1.329782247543335,-17.010456085205078,-9.665871620178224,-1.069351315498352,-16.125083923339844,-5.823470592498779,-7.92227029800415,12.391851425170898,-15.74562644958496,6.998503684997559,18.332500457763672,-11.74116039276123,-11.657151222229004,12.855992317199709,-7.428112030029297,-11.748309135437012,-0.5853319764137268,6.719667911529541,7.4532575607299805,-19.149385452270508,-12.741706848144531,-4.930909633636475,13.0536470413208,2.247349500656128,-0.624556303024292,8.919012069702148,8.920845985412598,-2.0352413654327397,17.975879669189453,-11.327451705932615,-2.854578733444214,-12.04227352142334,-12.641366958618164,-6.545137882232666,4.659674167633057,9.182500839233398,-15.430254936218262,17.066917419433594,-3.662828922271729,-2.166226625442505,16.411956787109375,17.860525131225586,-11.982020378112791,-4.544881343841553,12.444385528564451,-16.874483108520508,-14.467950820922852,-3.455104351043701,-18.9747314453125,12.964203834533691,-2.099285125732422,9.223346710205078,-10.60157585144043,-5.227785110473633,18.261140823364254,-13.936397552490234,-15.456564903259276,5.835853576660156,-2.9476029872894287,-12.147292137145996,-15.00445556640625,13.97339916229248,-10.077463150024414,-6.447376728057861,-6.008581638336182,7.356912612915039,14.15153694152832,-14.541064262390137,-11.079018592834473,13.854140281677246,-2.618645429611206,15.79020881652832,7.043924331665039,18.80126571655273,19.491552352905277,-7.716626167297363,13.060206413269045,-1.8798192739486692,2.0470728874206543,2.435159206390381,8.50209903717041,17.14972686767578,-16.434532165527344,10.168129920959473,-6.228428363800049,-2.876215696334839,11.371943473815918,5.560364723205566,3.452347040176392,-19.09654426574707,-17.6002197265625,-3.479390382766724,16.147491455078125,-15.224065780639648,-14.249917030334473,-18.28671264648437,17.903064727783203,-9.63344669342041,-19.728317260742188,-17.4483642578125,-8.605472564697266,-12.052993774414062,7.253929615020752,-5.937588214874268,10.38206958770752,-6.344747066497803,-7.39321756362915,9.12690258026123,9.018558502197266,-12.37055778503418,18.096567153930664,-3.488026857376098,-6.166726589202881,-9.907221794128418,-7.590256214141846,6.570260524749756,-13.62149715423584,-18.45499420166016,14.48009967803955,-0.0431894958019256,-2.225666284561157,19.63271141052246,1.9858485460281368,8.081812858581543,14.846024513244627,-1.90509045124054,18.421710968017575,-17.30642318725586,17.370248794555664,-9.351722717285156,1.0099854469299316,5.780060291290283,13.385494232177734,-1.6619163751602173,-18.527023315429688,7.351430416107178,18.320558547973636,-1.2702761888504028,9.662111282348633,12.729135513305664,-1.3929622173309326,-3.897533893585205,3.2103359699249268,11.883782386779783,19.206640243530277,8.386460304260254,-19.985462188720703,-0.4194220602512359,-16.233158111572266,-8.88547134399414,-16.300296783447266,-8.606710433959961,2.6525468826293945,1.316815972328186,5.169585704803467,-14.596742630004885,-16.001232147216797,12.790679931640623,-11.455642700195312,-2.5122625827789307,6.400205612182617,5.0871992111206055,-9.281588554382324,-2.620381593704224,-6.802985191345215,6.387837886810303,-17.415225982666016,-19.354604721069336,-7.48498010635376,5.942678451538086,7.966562271118164,-10.875362396240234,-19.01094436645508,-8.636933326721191,-10.273911476135254,17.2418270111084,16.511825561523438,-17.90329360961914,7.672718048095703,1.351089358329773,2.497790098190308,2.0547237396240234,-2.915802001953125,-18.76463890075684,6.7437028884887695,-16.16855812072754,1.1081757545471191,9.180437088012695,16.187480926513672,18.665843963623047,2.4639453887939453,-17.99838638305664,12.56874656677246,3.492943048477173,15.208438873291016,-14.792624473571776,-16.282724380493164,-4.037449359893799,-12.64992332458496,0.2682206630706787,-7.516700744628906,-6.763638496398926,10.187013626098633,-17.087894439697266,-16.429752349853516,13.406023979187012,6.492711067199707,17.11591911315918,-9.246164321899414,9.755348205566406,7.673898220062256,15.9758882522583,4.937872886657715,-19.173681259155277,19.64889907836914,4.242218494415283,7.6858110427856445,-3.4005932807922363,14.565540313720703,-11.541908264160156,8.112198829650879,4.524188041687012,-19.38990974426269,6.938899040222168,-10.025213241577148,2.4353928565979004,3.832423686981201,3.1026482582092285,-5.230391979217529,8.872289657592773,0.6987965106964111,8.010883331298828,-13.251557350158691,-13.407700538635254,7.455661773681641,-18.66910552978516,-13.70013427734375,-19.54302215576172,2.4522271156311035,2.461372137069702,18.03941345214844,9.10898208618164,-5.791337013244629,18.00682258605957,14.942578315734863,11.27647876739502,10.269678115844728,-0.5465855002403259,-0.5264313817024231,8.855134010314941,2.978295087814331,5.933199405670166,-5.453512668609619,-15.02605152130127,-8.214431762695312,-18.910171508789062,-18.066349029541016,1.340031385421753,18.31558990478516,-14.390897750854492,-9.63121509552002,5.07997989654541,4.513967037200928,-4.384032249450684,-2.8930985927581787,18.914447784423828,-13.886820793151855,0.7815043926239014,9.867668151855469,18.306907653808597,-3.7352454662323,19.327470779418945,-8.361245155334473,16.754343032836914,-13.87477970123291,16.28491973876953,1.8810418844223025,7.943612575531006,15.554059982299805,14.540450096130373,14.674942016601562,-11.674983978271484,16.211416244506836,7.622513294219971,-19.166717529296875,-1.1216241121292114,-16.867460250854492,15.603365898132324,14.539281845092772,-5.619009971618652,9.08740234375,14.054107666015623,14.68689250946045,9.680757522583008,17.588600158691406,6.232330322265625,-9.564870834350586,-14.329290390014648,-16.52595329284668,-16.33149528503418,2.240550994873047,-15.536334991455078,4.694478511810303,-3.9855666160583496,-9.673755645751951,-15.220648765563965,-8.8717622756958,-17.17758560180664,-8.73166561126709,-15.098592758178713,5.462066650390625,9.947779655456545,2.4935078620910645,7.931963920593262,-6.2405924797058105,-7.557517051696777,16.58881378173828,3.12455415725708,0.8905202150344849,-15.788616180419922,-14.904399871826172,3.5018177032470703,-18.032915115356445,18.34652328491211,-3.504985809326172,3.5268588066101074,-17.711626052856445,-12.020633697509766,15.099221229553224,7.72265100479126,14.029603004455566,-19.776348114013672,-18.03742408752441,-4.598270893096924,8.749160766601562,0.8967173099517822,-3.456885814666748,12.75594997406006,-11.07287311553955,2.849104404449463,6.134190559387207,-4.800154685974121,-18.58760452270508,-9.025163650512695,14.81352424621582,-18.7551326751709,-7.113511085510254,-7.075106620788574,3.1212284564971924,-11.366765975952148,-8.593138694763184,-17.46817970275879,4.733302593231201,3.981611967086792,-7.101881504058838,-19.83224868774414,-5.652005672454834,-5.680067539215088,-3.5309202671051025,-7.092578887939453,14.864937782287598,-16.71436309814453,19.02210998535156,-12.64018726348877,12.96689224243164,3.5071401596069336,-19.090763092041016,15.791391372680664,-16.4388370513916,15.072681427001951,-19.676734924316406,18.376251220703125,15.66824436187744,-8.306029319763184,-8.716495513916016,-14.513453483581545,1.7380658388137815,-5.128443717956543,-19.436851501464844,15.514827728271484,17.64610481262207,10.091211318969728,13.924803733825684,18.967180252075195,-9.552355766296388,-15.42113971710205,13.860179901123049,15.32016372680664,-0.4147425293922424,-4.221031665802002,-17.932361602783203,-9.897348403930664,8.4570894241333,13.716363906860352,10.596075057983398,7.927149772644043,-14.611653327941896,-17.585432052612305,-17.05681037902832,-0.4000508785247803,-16.968141555786133,4.788956642150879,-11.486957550048828,7.306870460510254,-11.12592601776123,12.381650924682615,-9.467223167419434,0.0133689502254128,-13.078587532043455,9.618780136108398,5.380533695220947,13.490153312683104,3.160121202468872,1.0470350980758667,16.48189353942871,-5.954932689666748,-18.808917999267575,16.811748504638672,-16.159170150756836,-10.803433418273926,-8.783935546875,3.5214266777038574,-9.425470352172852,4.838318824768066,9.279898643493652,7.980928421020508,1.896250605583191,-5.349196434020996,3.86378812789917,-0.8355370759963989,14.262065887451172,-15.583786010742188,-16.911148071289062,19.451202392578125,-9.772314071655272,-1.7017754316329956,18.14300346374512,-8.434855461120605,-0.3342787623405456,-16.616985321044922,-12.78554630279541,-3.1317386627197266,-17.005077362060547,0.8239892721176147,-3.279359102249145,5.730410099029541,10.179468154907228,3.903731822967529,4.6791534423828125,14.999445915222168,10.04289436340332,10.606782913208008,7.827094554901123,11.698596954345703,-1.2650116682052612,-7.435771942138672,-1.596991777420044,-10.07365608215332,-16.07686996459961,-8.480957984924316,-5.478637218475342,-17.983694076538086,8.679834365844727,0.8995770215988159,5.55866813659668,-9.021456718444824,-10.710186958312988,-8.387202262878418,17.738948822021484,-15.22504425048828,-1.0167455673217771,-3.740431785583496,-2.762432098388672,-9.207268714904783,16.70056915283203,3.132061719894409,2.0409910678863525,16.18596839904785,-3.0679752826690674,-10.20203685760498,17.781265258789062,2.9609973430633545,19.12032699584961,9.122901916503906,1.4908355474472046,-5.211373805999756,-7.57290506362915,13.769525527954102,-15.151192665100098,2.5399506092071533,14.050125122070312,-4.422131061553955,2.3344650268554688,5.278016567230225,-3.5717616081237797,2.858983993530273,3.436378002166748,4.073220252990723,-11.86586570739746,-19.04912567138672,1.9826377630233765,14.289287567138672,3.7738635540008554,-7.376528263092041,16.99631118774414,-16.558551788330078,14.877354621887209,8.074258804321289,-15.323074340820312,-16.422653198242188,6.548738956451416,8.189424514770508,7.913320064544678,3.3722074031829834,-2.177266836166382,-0.3773002028465271,13.653481483459473,7.420811176300049,17.174001693725586,2.885649919509888,12.335648536682127,3.20981764793396,-19.88405990600586,6.519464492797852,-9.204236030578612,-0.2880815863609314,17.17154884338379,-19.73493003845215,18.23422622680664,0.7471565008163452,14.819201469421388,16.298259735107422,-14.85940170288086,4.506411552429199,16.3460693359375,15.26348876953125,-5.69828987121582,-13.815838813781738,-1.0487209558486938,7.7035441398620605,-11.604174613952637,-10.137931823730469,-8.804069519042969,15.322358131408691,7.328873634338379,9.655905723571776,-10.299863815307615,-16.608570098876953,15.080395698547363,14.113426208496094,3.574016809463501,-7.613221645355225,-11.562694549560549,-5.837348937988281,-1.2555361986160278,-8.555060386657715,-15.662134170532228,-1.218416690826416,8.172232627868652,12.375226020812988,-5.474886417388916,11.434672355651855,12.627429962158203,10.361749649047852,5.193262577056885,0.6980358958244324,12.059871673583984,-3.093593120574951,4.315883159637451,3.8777859210968018,-7.184220314025879,17.818836212158203,-2.6031925678253174,19.604930877685547,4.100247383117676,1.2388240098953247,6.690700054168701,-9.047834396362305,1.7247179746627808,-3.911229133605957,0.0617133565247058,17.400381088256836,-9.115130424499512,-14.230944633483888,9.594396591186523,12.664772987365724,2.690527439117432,3.837324142456055,-1.3857616186141968,10.37883472442627,-19.19353675842285,-17.737611770629883,-0.2220186591148376,-13.325185775756836,3.038618326187134,4.028177738189697,13.652788162231444,17.051076889038086,-16.00981903076172,9.424012184143066,-7.502773761749268,6.292412281036377,4.045072078704834,15.832695960998535,14.877674102783203,10.363576889038086,10.79919147491455,4.323391914367676,7.424452304840088,-12.577167510986328,9.958457946777344,-12.099102973937988,-1.0447989702224731,19.756629943847656,2.070547103881836,13.446557998657228,5.242223262786865,11.365598678588867,9.35788631439209,-10.62035846710205,16.97715950012207,12.580409049987791,-3.9743847846984863,-4.315939426422119,-10.821484565734863,-2.87105131149292,12.712139129638672,-18.07077980041504,1.0815352201461792,10.623908996582031,-3.551565408706665,-15.043960571289062,-2.411462545394897,15.629767417907717,-19.08295249938965,-12.21329116821289,10.064802169799805,-4.686986923217773,-17.045862197875977,-10.197229385375977,10.847354888916016,19.96455383300781,-4.3801589012146,-2.25564956665039,17.907176971435547,5.100730895996094,4.822566986083984,18.88932228088379,-4.5749945640563965,-13.874967575073242,18.250890731811523,-19.51936912536621,-1.4100881814956665,16.116901397705078,17.336572647094727,-18.57377052307129,12.341598510742188,-0.9260960221290588,11.15361499786377,-2.6283211708068848,-15.52254867553711,4.99639368057251,-4.682510852813721,-16.287620544433594,14.925386428833008,-5.73326587677002,-14.083489418029783,-3.5426840782165527,0.6150126457214355,16.52617835998535,-1.2757922410964966,18.042783737182617,-15.295583724975586,-11.512077331542969,6.317501544952393,-7.964065074920654,19.94370460510254,-11.222394943237305,-17.577489852905273,-13.20213794708252,-8.829032897949219,18.876588821411133,-11.023427963256836,3.3288283348083496,5.095483303070068,-13.456887245178224,19.472082138061523,-10.050268173217772,-5.145749092102051,4.204436302185059,-9.496803283691406,4.060579299926758,-8.248199462890625,12.345829010009766,-6.758607387542725,14.985053062438965,2.1661808490753174,-15.64113998413086,-13.985825538635254,18.823745727539062,4.039896011352539,19.51482391357422,-6.896361827850342,16.772029876708984,1.1538927555084229,-15.259450912475586,10.145750999450684,-0.7659124732017517,-1.117392897605896,-9.219545364379885,8.59996509552002,-3.331175804138184,-17.47031021118164,11.073527336120604,0.2086873650550842,5.798648357391357,-18.38813018798828,-19.386919021606445,16.576736450195312,-3.43099045753479,-19.0411434173584,-10.128012657165527,-15.005857467651367,19.10728073120117,19.572216033935547,-16.99490737915039,-15.589879035949709,-11.747193336486816,-15.11612606048584,7.534281730651855,-0.9297577738761902,-6.402312278747559,-13.835152626037598,14.401151657104492,4.944179534912109,-3.241596937179565,4.298941135406494,-16.332029342651367,-16.42974281311035,18.037578582763672,10.951619148254396,-5.522124290466309,-13.0479097366333,5.385324478149414,-3.3695125579833984,19.52148056030273,-12.610944747924805,-3.63851261138916,10.293249130249023,6.051798343658447,4.186400413513184,2.694109916687012,17.536603927612305,-15.995123863220217,7.872751235961914,-4.891687393188477,2.214907646179199,4.585631847381592,-9.700257301330566,-8.12117862701416,18.23285484313965,-12.005870819091797,10.133711814880373,15.489286422729492,-19.71218490600586,-10.26769733428955,16.843019485473633,16.482255935668945,7.131028652191162,-14.808999061584473,-2.682825803756714,10.042749404907228,-11.199109077453612,-7.22418737411499,18.2208251953125,-8.900374412536621,-18.919361114501957,-15.230036735534668,-15.767940521240234,19.72073745727539,3.3610048294067383,2.492351055145264,11.647948265075684,-8.550153732299805,-5.46419095993042,-17.282329559326172,3.734760284423828,-9.591402053833008,-4.862382888793945,-15.420021057128906,3.82674503326416,13.022669792175291,12.377201080322266,-19.10023498535156,-8.0779447555542,4.889768600463867,-14.509232521057127,17.695859909057617,15.868206977844238,13.72780990600586,-6.154715061187744,8.988513946533203,5.456146717071533,-7.146476745605469,-18.468017578125,-1.694373369216919,-0.2110026627779007,-19.857723236083984,13.652517318725586,5.590683937072754,-19.101945877075195,1.005746364593506,-17.157554626464844,0.0719124898314476,6.147716522216797,-12.563213348388672,1.4316645860671997,9.7880859375,0.7316252589225769,4.217082500457764,-8.851577758789062,5.747396469116211,15.588902473449709,17.94639015197754,0.1633465737104416,0.7584140300750732,-8.885856628417969,6.968735694885254,7.713579177856445,11.487421989440918,4.83503007888794,12.645471572875977,16.615333557128906,-4.960375308990479,-15.550596237182615,4.180545806884766,19.2808895111084,13.97008991241455,-17.05544662475586,-19.22412109375,-16.50387191772461,-2.8684253692626958,0.0336466133594512,-10.631675720214844,-9.7308988571167,15.079689025878906,8.10539436340332,-6.213603019714356,19.111677169799805,19.064361572265625,10.902531623840332,9.627707481384276,0.8491416573524475,-5.812308311462402,-0.7885642647743225,-9.286455154418944,-5.197209358215332,6.015748977661133,-7.832767009735107,-12.73850917816162,10.498260498046877,-18.29830741882324,15.965755462646484,-9.76130199432373,-17.113271713256836,-2.918591260910034,-6.235485076904297,-17.881805419921875,0.4383832812309265,-4.382387161254883,18.62253761291504,-17.25821876525879,-14.299164772033691,0.2169394195079803,7.641260623931885,-17.686920166015625,-15.17421054840088,12.96873664855957,18.745485305786133,17.979595184326172,5.273495197296143,-1.6262409687042236,-7.543233394622803,-14.13659381866455,0.3494272530078888,-18.249940872192383,-19.84442138671875,14.57788372039795,15.871875762939451,-17.645233154296875,-2.4196765422821045,15.143536567687988,-8.427221298217773,3.904812812805176,-11.168987274169922,11.299650192260742,-19.120258331298828,19.40098762512207,-9.966412544250488,16.5438232421875,-2.1440670490264893,9.468446731567385,-18.010915756225586,6.992496967315674,-9.953801155090332,-19.230913162231445,10.56293773651123,9.200438499450684,2.6382064819335938,-3.5807864665985107,2.896838426589966,15.611164093017578,-2.916278123855591,13.811767578125,-1.3950096368789673,-14.251011848449709,-11.509148597717283,-6.229691028594971,-9.499258995056152,-19.151592254638672,0.1484964340925216,8.693449020385742,11.289274215698242,0.405139684677124,-3.211129903793335,-12.288930892944336,-13.924835205078123,-10.725263595581056,-5.801944732666016,16.417234420776367,16.92139434814453,-14.00050163269043,15.391584396362305,8.593972206115723,18.573360443115234,-2.717991828918457,-0.0603479444980621,-19.05850601196289,1.0074872970581057,-3.918205738067627,-0.9679195284843444,16.763484954833984,-9.109748840332031,7.068039894104004,-9.197701454162598,13.469571113586426,-10.966737747192385,-17.344091415405273,16.454862594604492,-15.42100429534912,2.45654821395874,0.9212766885757446,11.77071475982666,-13.511828422546388,-10.634543418884276,16.813753128051758,10.568538665771484,-19.680892944335938,1.2133185863494873,-18.05502700805664,-6.7289252281188965,-16.994510650634766,19.8865909576416,-11.51231288909912,-6.958261013031006,11.565939903259276,12.192195892333984,-17.9185848236084,15.166955947875977,-0.1150020286440849,16.147926330566406,-19.229516983032227,18.089719772338867,-19.341611862182617,-15.604852676391602,8.913823127746582,-18.702556610107425,-2.987891912460327,2.09051513671875,-13.505422592163086,7.190853595733643,11.678267478942873,8.237045288085938,4.618080139160156,12.41535472869873,-3.5799238681793213,-18.436145782470703,1.6109330654144287,-12.443466186523438,-1.3747050762176514,2.1202728748321533,-18.1329288482666,-11.23508358001709,-9.571191787719728,9.57268238067627,-15.76803970336914,-1.664500117301941,5.484522342681885,-4.104381084442139,19.613893508911133,-10.008645057678224,11.686641693115234,16.335195541381836,-13.219233512878418,-12.586260795593262,-2.548142671585083,-16.43356704711914,-2.5364632606506348,9.996907234191896,-13.255819320678713,11.856118202209473,-16.507266998291016,1.554794430732727,-5.1981520652771,-17.0039005279541,6.065462589263916,9.692404747009276,18.263399124145508,-1.36500346660614,-14.242867469787598,-19.73485565185547,11.784910202026367,7.70817756652832,8.282086372375488,8.868904113769531,8.959968566894531,-13.405170440673828,-18.908227920532227,-14.584905624389648,15.962973594665527,18.28913688659668,11.450655937194824,-12.185989379882812,5.642688751220703,7.711318016052246,2.9595327377319336,-13.108593940734863,-8.286323547363281,6.801943778991699,5.812315940856934,-7.539614677429199,7.41486120223999,15.771717071533203,0.7855320572853088,12.07577896118164,-12.986807823181152,-15.271926879882812,-7.572490215301514,-17.522201538085938,16.367063522338867
1.0,1.0,1.0,2.0,1.0,2.0,4.0,7.0,1.0,2.0,1.0,5.0,1.0,1.0,1.0,1.0,3.0,1.0,2.0,1.0,1.0,1.0,1.0,1.0,1.0,1.0,5.0,2.0,1.0,3.0,1.0,1.0,5.0,1.0,1.0,2.0,1.0,1.0,1.0,2.0,3.0,1.0,1.0,1.0,1.0,1.0,1.0,1.0,1.0,1.0,1.0,1.0,5.0,3.0,2.0,1.0,1.0,2.0,1.0,1.0,1.0,1.0,1.0,1.0,1.0,1.0,2.0,1.0,5.0,1.0,2.0,1.0,1.0,2.0,1.0,1.0,1.0,1.0,2.0,1.0,7.0,4.0,1.0,2.0,1.0,2.0,12.0,5.0,1.0,15.0,1.0,2.0,2.0,2.0,1.0,1.0,8.0,1.0,4.0,1.0,1.0,16.0,3.0,3.0,1.0,2.0,1.0,1.0,6.0,7.0,1.0,2.0,3.0,2.0,2.0,3.0,2.0,1.0,5.0,1.0,3.0,2.0,2.0,1.0,1.0,1.0,10.0,10.0,1.0,3.0,2.0,1.0,2.0,5.0,2.0,1.0,3.0,1.0,1.0,1.0,1.0,1.0,1.0,1.0,7.0,1.0,1.0,13.0,1.0,1.0,1.0,10.0,2.0,1.0,3.0,1.0,1.0,2.0,3.0,1.0,1.0,1.0,1.0,1.0,1.0,1.0,2.0,1.0,14.0,1.0,1.0,1.0,2.0,2.0,1.0,3.0,2.0,1.0,1.0,1.0,2.0,5.0,1.0,1.0,1.0,4.0,1.0,4.0,2.0,14.0,1.0,2.0,2.0,4.0,1.0,1.0,3.0,1.0,1.0,2.0,1.0,1.0,4.0,3.0,17.0,1.0,1.0,1.0,1.0,3.0,1.0,3.0,5.0,1.0,2.0,2.0,2.0,1.0,1.0,1.0,4.0,1.0,2.0,1.0,1.0,1.0,1.0,1.0,1.0,5.0,2.0,2.0,3.0,1.0,1.0,1.0,1.0,2.0,1.0,1.0,1.0,1.0,1.0,5.0,2.0,3.0,2.0,2.0,3.0,1.0,2.0,4.0,1.0,2.0,2.0,2.0,1.0,1.0,1.0,1.0,1.0,3.0,2.0,1.0,1.0,13.0,3.0,1.0,1.0,1.0,7.0,4.0,1.0,1.0,1.0,8.0,1.0,1.0,6.0,2.0,1.0,3.0,2.0,8.0,2.0,1.0,1.0,1.0,5.0,1.0,8.0,1.0,4.0,9.0,7.0,1.0,1.0,8.0,1.0,2.0,1.0,1.0,4.0,1.0,1.0,1.0,7.0,4.0,5.0,3.0,1.0,1.0,1.0,2.0,1.0,1.0,1.0,1.0,1.0,1.0,6.0,3.0,2.0,2.0,1.0,1.0,1.0,1.0,1.0,1.0,5.0,1.0,1.0,3.0,1.0,1.0,3.0,3.0,1.0,1.0,1.0,2.0,2.0,1.0,1.0,1.0,3.0,4.0,4.0,1.0,1.0,1.0,2.0,1.0,2.0,2.0,2.0,8.0,9.0,3.0,1.0,2.0,1.0,1.0,3.0,2.0,2.0,1.0,5.0,1.0,3.0,3.0,3.0,4.0,1.0,1.0,2.0,2.0,3.0,3.0,1.0,3.0,2.0,1.0,1.0,1.0,1.0,1.0,1.0,1.0,1.0,1.0,1.0,1.0,2.0,10.0,2.0,3.0,3.0,3.0,2.0,1.0,1.0,1.0,1.0,2.0,1.0,15.0,3.0,3.0,3.0,3.0,1.0,1.0,11.0,2.0,2.0,2.0,3.0,1.0,1.0,1.0,1.0,9.0,2.0,2.0,3.0,3.0,1.0,1.0,1.0,2.0,1.0,13.0,2.0,2.0,3.0,3.0,6.0,5.0,2.0,2.0,2.0,2.0,3.0,3.0,4.0,3.0,2.0,2.0,3.0,3.0,4.0,2.0,7.0,3.0,3.0,2.0,2.0,1.0,3.0,7.0,2.0,13.0,6.0,4.0,1.0,1.0,1.0,2.0,1.0,3.0,2.0,10.0,2.0,14.0,1.0,1.0,1.0,9.0,3.0,2.0,1.0,1.0,10.0,2.0,1.0,1.0,1.0,2.0,3.0,7.0,5.0,1.0,1.0,1.0,2.0,6.0,2.0,2.0,4.0,2.0,1.0,1.0,1.0,3.0,2.0,10.0,3.0,1.0,1.0,1.0,5.0,3.0,5.0,1.0,3.0,1.0,1.0,2.0,2.0,3.0,2.0,1.0,2.0,1.0,1.0,1.0,2.0,1.0,1.0,1.0,1.0,5.0,1.0,2.0,1.0,1.0,1.0,1.0,1.0,4.0,1.0,1.0,14.0,1.0,4.0,1.0,13.0,11.0,2.0,2.0,1.0,5.0,1.0,11.0,1.0,1.0,1.0,1.0,1.0,4.0,1.0,1.0,1.0,1.0,3.0,1.0,3.0,1.0,5.0,9.0,1.0,1.0,1.0,1.0,4.0,1.0,6.0,13.0,1.0,3.0,3.0,4.0,1.0,3.0,1.0,4.0,1.0,14.0,9.0,12.0,7.0,1.0,1.0,1.0,2.0,4.0,4.0,6.0,10.0,8.0,21.0,4.0,16.84401951520297,3.0,2.0,4.0,1.0,2.0,12.0,11.0,1.0,3.0,4.0,1.0,1.0,1.0,1.0,3.0,6.0,7.0,2.0,5.0,3.0,3.0,8.0,10.0,2.0,19.0,8.0,5.0,1.0,3.0,2.0,6.0,2.0,2.0,1.0,2.0,3.0,8.0,9.0,6.0,6.0,1.0,1.0,2.0,2.0,2.0,8.0,4.0,5.0,8.0,7.0,13.0,3.0,9.0,2.0,1.0,3.0,5.0,1.0,3.0,1.0,1.0,7.0,8.0,1.0,2.0,1.0,1.0,6.0,1.0,1.0,1.0,5.0,15.0,1.0,2.0,7.0,5.0,4.0,5.0,4.0,16.0,6.0,4.0,2.0,1.0,1.0,1.0,1.0,1.0,1.0,2.0,1.0,7.0,7.0,4.0,1.0,2.0,1.0,2.0,1.0,1.0,1.0,1.0,2.0,2.0,1.0,1.0,1.0,1.0,1.0,1.0,1.0,1.0,1.0,1.0,1.0,2.0,2.0,4.0,1.0,1.0,1.0,2.0,7.0,1.0,1.0,1.0,1.0,1.0,1.0,1.0,2.0,3.0,6.0,7.0,4.0,1.0,3.0,1.0,1.0,1.0,1.0,1.0,1.0,1.0,1.0,1.0,2.0,1.0,1.0,2.0,1.0,1.0,1.0,2.0,1.0,1.0,1.0,1.0,1.0,2.0,2.0,3.0,6.0,1.0,1.0,2.0,1.0,1.0,2.0,1.0,1.0,13.0,19.0,2.0,1.0,1.0,4.0,1.0,1.0,1.0,1.0,1.0,1.0,1.0,1.0,1.0,1.0,1.0,2.0,1.0,1.0,1.0,16.0,15.0,1.0,2.0,2.0,2.0,1.0,1.0,1.0,2.0,1.0,1.0,1.0,1.0,1.0,2.0,1.0,1.0,3.0,1.0,1.0,1.0,2.0,1.0,1.0,12.0,7.0,1.0,5.0,1.0,3.0,1.0,1.0,1.0,2.0,3.0,1.0,1.0,6.0,7.0,3.0,5.0,3.0,1.0,1.0,3.0,2.0,1.0,7.0,16.0,1.0,1.0,5.0,3.0,1.0,1.0,3.0,2.0,1.0,1.0,1.0,2.0,3.0,3.0,1.0,1.0,2.0,1.0,1.0,1.0,2.0,30.0,-19.431069228748,4.0,7.0,1.0,1.0,1.0,1.0,1.0,2.0,1.0,2.0,1.0,1.0,1.0,1.0,1.0,1.0,5.0,24.0,4.0,2.0,1.0,1.0,1.0,1.0,1.0,1.0,2.0,2.0,3.0,1.0,2.0,1.0,1.0,1.0,1.0,1.0,1.0,1.0,2.0,1.0,1.0,1.0,1.0,1.0,1.0,1.0,1.0,3.0,1.0,1.0,1.0,3.0,5.0,2.0,3.0,1.0,1.0,2.0,1.0,2.0,1.0,3.0,1.0,2.0,1.0,1.0,2.0,2.0,2.0,1.0,1.0,5.0,2.0,2.0,4.0,1.0,3.0,1.0,4.0,1.0,1.0,2.0,1.0,1.0,4.0,1.0,2.0,1.0,1.0,2.0,4.0,1.0,2.0,2.0,5.0,1.0,1.0,2.0,1.0,1.0,3.0,1.0,1.0,3.0,3.0,5.0,3.0,4.0,1.0,1.0,1.0,2.0,1.0,2.0,1.0,2.0,1.0,1.0,3.0,1.0,1.0,1.0,1.0,2.0,1.0,1.0,1.0,2.0,1.0,1.0,1.0,1.0,1.0,1.0,1.0,20.96646851588732,4.0,1.0,1.0,1.0,2.0,1.0,6.0,1.0,1.0,1.0,2.0,2.0,1.0,1.0,1.0,2.0,2.0,1.0,1.0,2.0,1.0,-1.0,-1.0,-1.0,-1.0,-2.0,1.0,9.0,-1.0,1.0,-1.0,-1.0,-5.0,-4.0,-3.0,-4.0,-5.0,-5.0,1.0,1.0,1.0,6.0,6.0,2.0,1.0,3.0,2.0,1.0,4.0,5.0,1.0,3.0,1.0,1.0,2.0,1.0,5.0,1.0,1.0,10.0,4.0,1.0,1.0,1.0,3.0,7.0,1.0,2.0,8.0,1.0,2.0,1.0,1.0,1.0,2.0,1.0,2.0,9.0,1.0,9.0,1.0,1.0,1.0,3.0,1.0,1.0,4.0,4.0,1.0,2.0,1.0,2.0,1.0,1.0,1.0,2.0,1.0,1.0,2.0,4.0,1.0,1.0,10.0,1.0,1.0,1.0,3.0,1.0,4.0,4.0,9.0,1.0,1.0,5.0,1.0,1.0,1.0,4.0,2.0,5.0,1.0,7.0,1.0,5.0,1.0,1.0,1.0,2.0,1.0,5.0,4.0,6.0,1.0,-3.0,-1.0,-1.0,-1.0,-2.0,-2.0,-1.0,-1.0,-1.0,-1.0,-3.0,-1.0,-2.0,-4.0,-1.0,-2.0,-1.0,-1.0,-1.0,5.0,4.0,2.0,7.0,2.0,1.0,2.0,1.0,2.0,1.0,3.0,4.0,4.0,1.0,1.0,2.0,4.0,2.0,6.0,1.0,5.0,1.0,8.0,7.0,1.0,4.0,3.0,1.0,1.0,1.0,2.0,1.0,4.0,1.0,1.0,1.0,1.0,2.0,1.0,1.0,3.0,2.0,4.0,7.0,7.0,4.0,1.0,1.0,4.0,1.0,1.0,2.0,1.0,1.0,5.0,1.0,2.0,7.0,4.0,2.0,2.0,1.0,1.0,1.0,2.0,2.0,2.0,1.0,1.0,2.0,6.0,1.0,4.0,2.0,3.0,17.0,1.0,8.0,8.0,1.0,1.0,2.0,2.0,1.0,1.0,2.0,2.0,11.0,5.0,2.0,1.0,2.0,2.0,2.0,2.0,2.0,2.0,2.0,2.0,2.0,1.0,1.0,25.0,6.0,5.0,5.0,5.0,5.0,5.0,5.0,3.0,2.0,1.0,1.0,2.0,1.0,1.0,12.0,15.0,4.0,4.0,5.0,4.0,4.0,5.0,2.0,1.0,5.0,1.0,1.0,2.0,1.0,16.0,5.0,4.0,5.0,4.0,10.0,2.0,4.0,3.0,3.0,6.0,4.0,4.0,4.0,4.0,4.0,4.0,4.0,4.0,4.0,2.0,4.0,4.0,4.0,4.0,4.0,4.0,1.0,1.0,4.0,4.0,4.0,4.0,4.0,4.0,1.0,1.0,1.0,1.0,1.0,1.0,4.0,4.0,4.0,4.0,4.0,4.0,4.0,4.0,4.0,4.0,1.0,1.0,1.0,1.0,3.0,1.0,1.0,10.0,1.0,1.0,1.0,1.0,1.0,21.0,15.0,1.0,1.0,1.0,1.0,1.0,1.0,5.0,1.0,6.0,2.0,2.0,23.0,14.0,1.0,3.0,3.0,3.0,3.0,3.0,3.0,3.0,3.0,1.0,1.0,1.0,1.0,1.0,6.0,1.0,4.0,10.0,9.0,26.0,7.0,3.0,3.0,4.0,3.0,3.0,3.0,4.0,3.0,1.0,1.0,1.0,1.0,3.0,1.0,1.0,13.0,2.0,2.0,2.0,2.0,2.0,2.0,2.0,1.0,1.0,2.0,2.0,2.0,2.0,2.0,2.0,3.0,2.0,1.0,2.0,2.0,2.0,2.0,2.0,2.0,2.0,1.0,2.0,2.0,2.0,2.0,2.0,2.0,2.0,2.0,2.0,2.0,2.0,1.0,-2.0,1.0,4.0,1.0,-4.0,-4.0,-5.0,-4.0,-4.0,-4.0,-5.0,-4.0,-1.0,1.0,2.0,-1.0,1.0,-4.0,-5.0,-4.0,-4.0,-5.0,-4.0,2.0,1.0,-5.0,-6.0,-5.0,-5.0,-6.0,-5.0,1.0,1.0,1.0,-5.0,-5.0,-5.0,-5.0,-5.0,-5.0,-1.0,1.0,-1.0,-5.0,-5.0,-5.0,-5.0,-5.0,-5.0,-3.0,-4.0,-1.0,-1.0,-3.0,-1.0,0.0,1.0,-9.0,-5.0,1.0,-1.0,-2.0,-1.0,-1.0,-2.0,-1.0,-3.0,-2.0,-1.0,-1.0,-1.0,-1.0,-1.0,-3.0,-1.0,-1.0,-1.0,-1.0,-3.0,-2.0,-3.0,-2.0,-1.0,-1.0,-1.0,-2.0,7.0,-4.0,-2.0,-3.0,-3.0,-1.0,-1.0,-1.0,1.0,1.0,0.0,-1.0,-5.0,-7.0,-1.0,-2.0,-1.0,9.0,2.0,13.0,-1.0,-1.0,-1.0,-5.0,-5.0,-2.0,-4.0,1.0,5.0,4.0,2.0,2.0,1.0,2.0,15.0,17.0,4.0,5.0,7.0,13.0,1.0,3.0,1.0,1.0,1.0,12.0,5.0,5.0,1.0,11.0,2.0,4.0,2.0,1.0,13.56346510062307,4.0,2.0,1.0,1.0,2.0,1.0,1.0,2.0,1.0,1.0,2.0,6.0,1.0,1.0,2.0,4.0,3.0,2.0,2.0,3.0,7.0,1.0,1.0,1.0,1.0,1.0,2.0,1.0,1.0,1.0,1.0,1.0,1.0,1.0,1.0,2.0,2.0,1.0,4.0,1.0,1.0,1.0,1.0,3.0,1.0,2.0,6.0,1.0,1.0,1.0,1.0,1.0,1.0,1.0,1.0,1.0,1.0,1.0,1.0,3.0,1.0,1.0,3.0,2.0,2.0,2.0,5.0,-18.44157324031526,2.0,2.0,4.0,3.0,1.0,2.0,2.0,2.0,2.0,1.0,1.0,2.0,2.0,2.0,1.0,1.0,1.0,1.0,1.0,2.0,1.0,4.0,1.0,1.0,1.0,1.0,2.0,1.0,1.0,1.0,5.0,5.0,1.0,4.0,3.0,2.0,2.0,1.0,5.0,1.0,3.0,4.0,2.0,1.0,3.0,3.0,4.0,3.0,3.0,1.0,1.0,2.0,1.0,3.0,2.0,4.0,2.0,1.0,4.0,2.0,1.0,2.0,3.0,3.0,3.0,3.0,2.0,1.0,4.0,5.0,1.0,1.0,5.0,4.0,2.0,1.0,1.0,1.0,6.0,10.0,1.0,5.0,5.0,1.0,7.0,2.0,1.0,10.0,4.0,3.0,3.0,1.0,7.0,1.0,11.0,1.0,2.0,2.0,1.0,3.0,2.0,1.0,1.0,5.0,8.0,1.0,7.0,3.0,1.0,2.0,2.0,1.0,2.0,1.0,1.0,1.0,1.0,2.0,7.0,6.0,1.0,2.0,1.0,1.0,1.0,1.0,5.0,1.0,1.0,2.0,5.0,1.0,2.0,7.0,6.0,6.0,1.0,2.0,9.0,3.0,6.0,1.0,6.0,4.0,9.0,1.0,1.0,1.0,2.0,10.0,6.0,2.0,2.0,5.0,5.0,1.0,10.0,1.0,2.0,4.0,5.0,13.0,1.0,1.0,1.0,1.0,4.0,4.0,3.0,1.0,2.0,1.0,1.0,1.0,2.0,4.0,4.0,5.0,11.0,1.0,1.0,1.0,1.0,5.0,2.0,7.0,1.0,1.0,2.0,1.0,1.0,1.0,3.0,3.0,2.0,2.0,3.0,5.0,1.0,2.0,1.0,-2.0,1.0,1.0,7.0,-3.0,-3.0,-3.0,-3.0,1.0,0.0,4.0,-2.0,5.0,-6.0,-6.0,-6.0,-6.0,-2.0,-1.0,-1.0,-6.0,-6.0,-6.0,-6.0,-3.0,-2.0,-1.0,-1.0,-3.0,-3.0,-3.0,-3.0,-2.0,-1.0,-1.0,2.0,-1.0,-6.0,-6.0,-6.0,-6.0,-6.0,-6.0,-6.0,1.0,1.0,-3.0,-3.0,7.0,2.0,-5.0,-5.0,-5.0,-5.0,1.0,-2.0,-2.0,2.0,1.0,-5.0,-6.0,-5.0,-5.0,2.0,1.0,1.0,1.0,-6.0,-6.0,-6.0,-6.0,-1.0,1.0,-2.0,-2.0,1.0,2.0,-13.0,-13.0,-1.0,-1.0,-2.0,2.0,1.0,-5.0,-5.0,-5.0,-5.0,-5.0,-5.0,1.0,1.0,-5.0,-5.0,-5.0,-5.0,-5.0,0.0,-3.0,-12.0,-12.0,1.0,5.0,-7.0,-7.0,-7.0,-7.0,1.0,7.0,1.0,1.0,1.0,2.0,11.0,1.0,4.0,1.0,3.0,6.0,1.0,2.0,3.0,15.0,3.0,2.0,3.0,4.0,1.0,6.0,6.0,4.0,2.0,1.0,1.0,1.0,1.0,1.0,1.0,3.0,7.0,1.0,3.0,1.0,1.0,1.0,3.0,2.0,1.0,2.0,2.0,1.0,1.0,3.0,3.0,3.0,1.0,1.0,2.0,3.0,3.0,3.0,1.0,1.0,1.0,3.0,4.0,4.0,2.0,3.0,1.0,1.0,1.0,1.0,1.0,1.0,2.0,3.0,4.0,4.0,2.0,6.0,3.0,1.0,1.0,1.0,1.0,1.0,1.0,2.0,3.0,1.0,13.0,3.0,1.0,1.0,6.0,1.0,1.0,1.0,4.0,1.0,1.0,2.0,2.0,4.0,3.0,3.0,1.0,1.0,1.0,1.0,2.0,2.0,3.0,3.0,1.0,1.0,2.0,2.0,1.0,2.0,6.0,6.0,2.0,3.0,2.0,2.0,1.0,1.0,2.0,2.0,6.0,6.0,2.0,3.0,2.0,2.0,1.0,1.0,21.0,3.0,4.0,1.0,2.0,2.0,8.0,1.0,7.0,2.0,1.0,2.0,3.0,4.0,4.0,1.0,16.0,1.0,6.0,3.0,1.0,1.0,2.0,10.0,1.0,10.0,3.0,3.0,2.0,1.0,4.0,3.0,1.0,2.0,1.0,1.0,4.0,1.0,3.0,1.0,2.0,2.0,1.0,1.0,1.0,1.0,3.0,1.0,1.0,2.0,1.0,1.0,1.0,1.0,1.0,1.0,1.0,1.0,1.0,1.0,1.0,4.0,3.0,1.0,1.0,1.0,1.0,1.0,1.0,2.0,2.0,1.0,4.0,1.0,4.0,1.0,1.0,2.0,1.0,1.0,3.0,2.0,2.0,2.0,2.0,1.0,1.0,6.0,24.0,4.0,1.0,3.0,2.0,1.0,1.0,16.0,35.0,3.0,1.0,1.0,1.0,1.0,1.0,1.0,3.0,5.0,1.0,1.0,2.0,7.0,5.0,5.0,2.0,3.0,1.0,1.0,1.0,8.0,1.0,5.0,3.0,2.0,9.0,6.0,1.0,4.0,13.0,1.0,7.0,7.0,1.0,1.0,1.0,1.0,1.0,4.0,6.0,3.0,2.0,1.0,8.0,6.0,1.0,1.0,1.0,2.0,3.0,1.0,2.0,8.0,1.0,2.0,9.0,2.0,1.0,1.0,1.0,1.0,1.0,4.0,1.0,1.0,4.0,5.0,1.0,1.0,2.0,3.0,2.0,1.0,2.0,5.0,6.0,4.0,6.0,8.0,11.0,7.0,6.0,1.0,1.0,1.0,4.0,1.0,3.0,4.0,5.0,12.0,5.0,2.0,2.0,1.0,4.0,2.0,1.0,1.0,1.0,3.0,4.0,3.0,2.0,2.0,3.0,5.0,1.0,7.0,5.0,2.0,2.0,3.0,1.0,1.0,1.0,1.0,2.0,1.0,2.0,1.0,1.0,12.0,10.0,8.0,6.0,5.0,1.0,1.0,1.0,3.0,1.0,1.0,1.0,3.0,4.0,1.0,2.0,1.0,1.0,1.0,2.0,1.0,1.0,8.0,1.0,1.0,2.0,2.0,5.0,2.0,2.0,1.0,1.0,3.0,2.0,3.0,1.0,6.0,6.0,1.0,1.0,6.0,1.0,6.0,9.0,3.0,13.0,10.0,1.0,1.0,11.0,1.0,1.0,3.0,8.0,9.0,2.0,1.0,2.0,3.0,3.0,3.0,1.0,1.0,1.0,5.0,5.0,2.0,1.0,2.0,2.0,1.0,1.0,5.0,1.0,1.0,1.0,1.0,3.0,2.0,1.0,2.0,1.0,3.0,4.0,1.0,2.0,1.0,2.0,1.0,2.0,2.0,1.0,1.0,2.0,2.0,1.0,1.0,1.0,1.0,1.0,1.0,2.0,1.0,8.0,2.0,1.0,5.0,6.0,2.0,1.0,1.0,1.0,6.0,2.0,3.0,4.0,3.0,1.0,1.0,2.0,2.0,1.0,1.0,11.0,1.0,1.0,2.0,4.0,5.0,3.0,1.0,4.0,1.0,14.0,4.0,7.0,1.0,1.0,2.0,1.0,1.0,1.0,1.0,1.0,1.0,3.0,1.0,9.0,2.0,2.0,1.0,1.0,7.0,1.0,8.0,1.0,1.0,1.0,1.0,2.0,1.0,1.0,1.0,1.0,2.0,1.0,1.0,1.0,1.0,1.0,1.0,4.0,4.0,3.0,2.0,1.0,1.0,1.0,1.0,3.0,1.0,1.0,1.0,1.0,1.0,1.0,1.0,1.0,2.0,1.0,3.0,3.0,1.0,1.0,3.0,5.0,9.0,7.0,2.0,2.0,1.0,1.0,1.0,2.0,3.0,1.0,1.0,2.0,3.0,1.0,1.0,2.0,2.0,1.0,1.0,1.0,1.0,2.0,1.0,1.0,-1.0,-1.0,-2.0,-4.0,-12.0,-7.0,-6.0,-6.0,-9.0,-11.0,-2.0,-8.0,-10.0,-6.0,-11.0,-1.0,-1.0,-4.0,-1.0,-10.0,-11.0,-3.0,-8.0,-12.0,-10.0,-1.0,-1.0,-1.0,-1.0,-7.0,-7.0,-13.0,-7.0,2.0,1.0,1.0,1.0,2.0,1.0,1.0,5.0,1.0,2.0,1.0,1.0,3.0,1.0,3.0,1.0,1.0,1.0,1.0,1.0,1.0,1.0,1.0,4.0,1.0,1.0,2.0,1.0,1.0,3.0,1.0,1.0,2.0,1.0,1.0,2.0,3.0,1.0,2.0,1.0,1.0,1.0,1.0,1.0,1.0,2.0,1.0,2.0,1.0,2.0,5.0,6.0,1.0,2.0,1.0,1.0,3.0,1.0,1.0,2.0,3.0,3.0,1.0,1.0,2.0,5.0,5.0,1.0,1.0,4.0,3.0,2.0,1.0,1.0,-1.0,1.0,2.0,-3.0,1.0,1.0,-4.0,-4.0,-3.0,2.0,-1.0,-1.0,-1.0,-2.0,2.0,10.0,1.0,1.0,1.0,2.0,3.0,4.0,1.0,2.0,1.0,17.0,1.0,1.0,1.0,1.0,2.0,1.0,1.0,1.0,4.0,4.0,1.0,3.0,1.0,1.0,2.0,1.0,1.0,1.0,2.0,2.0,1.0,1.0,1.0,1.0,2.0,3.0,2.0,1.0,1.0,3.0,1.0,1.0,1.0,2.0,3.0,1.0,1.0,2.0,4.0,2.0,1.0,1.0,1.0,1.0,2.0,3.0,1.0,4.0,1.0,1.0,1.0,4.0,4.0,9.27083083375076,1.0,2.0,2.0,2.0,2.0,1.0,2.0,1.0,2.0,3.0,1.0,6.0,11.0,8.0,5.0,4.0,5.0,3.0,2.0,1.0,1.0,1.0,1.0,1.0,2.0,2.0,3.0,2.0,3.0,1.0,1.0,1.0,1.0,1.0,1.0,3.0,2.0,5.0,1.0,2.0,2.0,1.0,5.0,1.0,5.0,1.0,2.0,5.0,3.0,2.0,1.0,1.0,1.0,2.0,3.0,1.0,1.0,1.0,3.0,3.0,2.0,4.0,1.0,1.0,1.0,1.0,1.0,1.0,1.0,1.0,1.0,1.0,1.0,3.0,5.0,1.0,1.0,1.0,2.0,2.0,-7.83550433781345,1.0,5.0,1.0,1.0,5.0,1.0,1.0,-7.0,-7.0,1.0,-1.0,-4.0,-2.0,-1.0,-2.0,-1.0,1.0,-1.0,-3.0,-5.0,0.0,-3.0,-1.0,-2.0,-4.0,1.0,-1.0,1.0,-1.0,-1.0,1.0,-1.0,-1.0,2.0,-2.0,-3.0,2.0,-2.0,-1.0,1.0,-1.0,-1.0,-2.0,1.0,-2.0,-1.0,2.0,-1.0,-1.0,-1.0,-1.0,-2.0,2.0,-2.0,-2.0,0.0,-1.0,-1.0,-1.0,-1.0,-1.0,1.0,1.0,1.0,7.0,1.0,1.0,1.0,1.0,1.0,2.0,1.0,1.0,12.0,1.0,1.0,1.0,1.0,1.0,1.0,2.0,1.0,1.0,1.0,1.0,2.0,4.0,3.0,1.0,1.0,3.0,1.0,1.0,1.0,1.0,2.0,1.0,1.0,1.0,1.0,1.0,2.0,1.0,1.0,3.0,7.0,2.0,1.0,1.0,1.0,1.0,1.0,1.0,1.0,1.0,1.0,1.0,1.0,1.0,6.0,1.0,1.0,1.0,1.0,1.0,1.0,1.0,1.0,1.0,1.0,1.0,1.0,1.0,1.0,1.0,1.0,4.0,1.0,1.0,1.0,1.0,1.0,1.0,1.0,1.0,1.0,1.0,1.0,1.0,1.0,1.0,1.0,1.0,1.0,1.0,1.0,-1.0,-1.0,1.0,1.0,2.0,-2.0,-2.0,-2.0,-2.0,-2.0,1.0,1.0,-3.0,-3.0,-3.0,-3.0,1.0,-5.0,-5.0,-5.0,1.0,1.0,1.0,1.0,2.0,1.0,1.0,-1.0,-1.0,-1.0,-1.0,-1.0,-1.0,4.0,4.0,1.0,1.0,3.0,1.0,1.0,1.0,1.0,1.0,3.0,3.0,2.0,1.0,1.0,1.0,1.0,1.0,2.0,1.0,1.0,2.0,2.0,1.0,1.0,1.0,1.0,1.0,3.0,3.0,3.0,1.0,1.0,2.0,1.0,1.0,2.0,2.0,2.0,1.0,1.0,1.0,2.0,1.0,1.0,1.0,1.0,3.0,1.0,1.0,1.0,1.0,4.0,2.0,5.0,1.0,2.0,1.0,1.0,1.0,1.0,3.0,1.0,2.0,3.0,2.0,1.0,1.0,1.0,2.0,2.0,2.0,2.0,1.0,6.0,3.0,6.0,1.0,1.0,1.0,3.0,1.0,4.0,5.0,1.0,1.0,1.0,1.0,1.0,17.0,1.0,2.0,12.0,1.0,2.0,3.0,8.0,13.0,5.0,2.0,1.0,2.0,6.0,4.0,4.0,2.0,1.0,3.0,2.0,1.0,1.0,1.0,3.0,1.0,1.0,1.0,3.0,1.0,1.0,1.0,3.0,1.0,1.0,1.0,2.0,3.0,7.0,4.0,3.0,1.0,2.0,2.0,2.0,1.0,1.0,1.0,1.0,1.0,1.0,1.0,1.0,1.0,1.0,1.0,1.0,1.0,1.0,1.0,1.0,1.0,1.0,1.0,1.0,1.0,1.0,1.0,1.0,1.0,3.0,1.0,1.0,2.0,2.0,2.0,2.0,3.0,1.0,1.0,1.0,2.0,1.0,4.0,3.0,1.0,1.0,1.0,2.0,1.0,1.0,1.0,5.0,3.0,2.0,1.0,1.0,1.0,1.0,1.0,1.0,1.0,1.0,1.0,3.0,4.0,3.0,1.0,1.0,1.0,1.0,1.0,1.0,1.0,1.0,1.0,1.0,1.0,1.0,2.0,1.0,1.0,1.0,1.0,1.0,1.0,1.0,1.0,1.0,1.0,1.0,2.0,1.0,1.0,1.0,1.0,1.0,1.0,1.0,1.0,1.0,1.0,1.0,1.0,1.0,3.0,8.0,2.0,1.0,2.0,1.0,1.0,4.0,1.0,1.0,1.0,1.0,1.0,1.0,1.0,7.0,5.0,2.0,3.0,1.0,1.0,2.0,1.0,1.0,1.0,1.0,1.0,1.0,2.0,3.0,1.0,2.0,2.0,2.0,1.0,3.0,1.0,1.0,1.0,1.0,3.0,2.0,3.0,3.0,1.0,1.0,2.0,2.0,2.0,-11.80776522434193,2.0,1.0,3.0,1.0,2.0,2.0,2.0,2.0,2.0,2.0,1.0,1.0,1.0,1.0,1.0,1.0,1.0,1.0,1.0,2.0,1.0,1.0,1.0,3.0,1.0,1.0,1.0,1.0,1.0,1.0,1.0,2.0,1.0,6.0,1.0,5.0,1.0,4.0,1.0,8.0,1.0,3.0,3.0,4.0,1.0,2.0,2.0,1.0,1.0,3.0,2.0,3.0,1.0,2.0,1.0,1.0,2.0,1.0,1.0,4.0,6.0,1.0,1.0,1.0,2.0,2.0,1.0,1.0,3.0,5.0,4.0,1.0,1.0,5.0,1.0,1.0,2.0,1.0,1.0,1.0,4.0,2.0,1.0,4.0,2.0,6.0,1.0,1.0,1.0,1.0,6.0,4.0,1.0,1.0,3.0,3.0,2.0,9.0,2.0,3.0,3.0,3.0,3.0,1.0,1.0,5.0,5.0,5.0,5.0,1.0,7.0,10.0,2.0,1.0,4.0,5.0,5.0,5.0,5.0,2.0,1.0,3.0,5.0,4.0,2.0,2.0,1.0,1.0,2.0,3.0,1.0,1.0,3.0,11.0,5.0,5.0,5.0,5.0,5.0,5.0,5.0,5.0,13.0,3.0,2.0,2.0,3.0,11.0,5.0,5.0,5.0,5.0,1.0,1.0,2.0,18.0,11.0,2.0,1.0,3.0,3.0,5.0,5.0,5.0,5.0,5.0,5.0,2.0,1.0,3.0,1.0,1.0,21.0,1.0,2.0,3.0,6.0,6.0,6.0,6.0,2.0,5.0,3.0,2.0,5.0,13.0,2.0,5.0,5.0,5.0,5.0,6.0,2.0,24.0,2.0,1.0,2.0,5.0,5.0,5.0,5.0,1.0,2.0,4.0,3.0,12.0,1.0,9.0,4.0,4.0,4.0,4.0,4.0,4.0,4.0,1.0,10.0,4.0,1.0,21.0,1.0,2.0,1.0,1.0,1.0,4.0,3.0,5.0,6.0,6.0,6.0,6.0,6.0,1.0,1.0,3.0,15.0,1.0,1.0,1.0,1.0,7.0,4.0,1.0,10.0,5.0,5.0,5.0,5.0,1.0,1.0,4.0,2.0,1.0,1.0,2.0,2.0,9.0,2.0,1.0,1.0,3.0,1.0,4.0,3.0,1.0,1.0,1.0,1.0,1.0,2.0,1.0,1.0,9.0,1.0,1.0,1.0,2.0,5.0,5.0,5.0,5.0,2.0,1.0,7.0,1.0,2.0,5.0,5.0,5.0,5.0,5.0,5.0,5.0,3.0,1.0,1.0,20.0,1.0,1.0,1.0,4.0,1.0,1.0,2.0,1.0,9.0,3.0,4.0,4.0,4.0,4.0,4.0,4.0,4.0,4.0,1.0,1.0,37.0,1.0,1.0,1.0,6.0,6.0,6.0,6.0,6.0,6.0,1.0,1.0,1.0,1.0,6.0,16.0,1.0,5.0,5.0,5.0,5.0,1.0,27.0,1.0,1.0,1.0,7.0,6.0,6.0,6.0,6.0,1.0,2.0,1.0,30.0,1.0,1.0,1.0,1.0,8.0,6.0,6.0,6.0,6.0,6.0,2.0,2.0,2.0,2.0,5.0,5.0,7.0,3.0,30.0,3.0,10.0,6.0,1.0,10.0,5.0,5.0,5.0,5.0,5.0,5.0,5.0,4.0,1.0,6.0,8.0,1.0,2.0,3.0,4.0,4.0,5.0,6.0,6.0,6.0,6.0,-5.0,-5.0,-5.0,-5.0,-5.0,-5.0,-5.0,-5.0,-5.0,-5.0,1.0
1.0,1.0,1.0,2.0,1.0,2.0,4.0,7.0,1.0,2.0,1.0,5.0,1.0,1.0,1.0,1.0,3.0,1.0,2.0,1.0,1.0,1.0,1.0,1.0,1.0,1.0,5.0,2.0,1.0,3.0,1.0,1.0,5.0,1.0,1.0,2.0,1.0,1.0,1.0,2.0,3.0,1.0,1.0,1.0,1.0,1.0,1.0,1.0,1.0,1.0,1.0,1.0,5.0,3.0,2.0,1.0,1.0,2.0,1.0,1.0,1.0,1.0,1.0,1.0,1.0,1.0,2.0,1.0,5.0,1.0,2.0,1.0,1.0,2.0,1.0,1.0,1.0,1.0,2.0,1.0,7.0,4.0,1.0,2.0,1.0,2.0,12.0,5.0,1.0,15.0,1.0,2.0,2.0,2.0,1.0,1.0,8.0,1.0,4.0,1.0,1.0,16.0,3.0,3.0,1.0,2.0,1.0,1.0,6.0,7.0,1.0,2.0,3.0,2.0,2.0,3.0,2.0,1.0,5.0,1.0,3.0,2.0,2.0,1.0,1.0,1.0,10.0,10.0,1.0,3.0,2.0,1.0,2.0,5.0,2.0,1.0,3.0,1.0,1.0,1.0,1.0,1.0,1.0,1.0,7.0,1.0,1.0,13.0,1.0,1.0,1.0,10.0,2.0,1.0,3.0,1.0,1.0,2.0,3.0,1.0,1.0,1.0,1.0,1.0,1.0,1.0,2.0,1.0,14.0,1.0,1.0,1.0,2.0,2.0,1.0,3.0,2.0,1.0,1.0,1.0,2.0,5.0,1.0,1.0,1.0,4.0,1.0,4.0,2.0,14.0,1.0,2.0,2.0,4.0,1.0,1.0,3.0,1.0,1.0,2.0,1.0,1.0,4.0,3.0,17.0,1.0,1.0,1.0,1.0,3.0,1.0,3.0,5.0,1.0,2.0,2.0,2.0,1.0,1.0,1.0,4.0,1.0,2.0,1.0,1.0,1.0,1.0,1.0,1.0,5.0,2.0,2.0,3.0,1.0,1.0,1.0,1.0,2.0,1.0,1.0,1.0,1.0,1.0,5.0,2.0,3.0,2.0,2.0,3.0,1.0,2.0,4.0,1.0,2.0,2.0,2.0,1.0,1.0,1.0,1.0,1.0,3.0,2.0,1.0,1.0,13.0,3.0,1.0,1.0,1.0,7.0,4.0,1.0,1.0,1.0,8.0,1.0,1.0,6.0,2.0,1.0,3.0,2.0,8.0,2.0,1.0,1.0,1.0,5.0,1.0,8.0,1.0,4.0,9.0,7.0,1.0,1.0,8.0,1.0,2.0,1.0,1.0,4.0,1.0,1.0,1.0,7.0,4.0,5.0,3.0,1.0,1.0,1.0,2.0,1.0,1.0,1.0,1.0,1.0,1.0,6.0,3.0,2.0,2.0,1.0,1.0,1.0,1.0,1.0,1.0,5.0,1.0,1.0,3.0,1.0,1.0,3.0,3.0,1.0,1.0,1.0,2.0,2.0,1.0,1.0,1.0,3.0,4.0,4.0,1.0,1.0,1.0,2.0,1.0,2.0,2.0,2.0,8.0,9.0,3.0,1.0,2.0,1.0,1.0,3.0,2.0,2.0,1.0,5.0,1.0,3.0,3.0,3.0,4.0,1.0,1.0,2.0,2.0,3.0,3.0,1.0,3.0,2.0,1.0,1.0,1.0,1.0,1.0,1.0,1.0,1.0,1.0,1.0,1.0,2.0,10.0,2.0,3.0,3.0,3.0,2.0,1.0,1.0,1.0,1.0,2.0,1.0,15.0,3.0,3.0,3.0,3.0,1.0,1.0,11.0,2.0,2.0,2.0,3.0,1.0,1.0,1.0,1.0,9.0,2.0,2.0,3.0,3.0,1.0,1.0,1.0,2.0,1.0,13.0,2.0,2.0,3.0,3.0,6.0,5.0,2.0,2.0,2.0,2.0,3.0,3.0,4.0,3.0,2.0,2.0,3.0,3.0,4.0,2.0,7.0,3.0,3.0,2.0,2.0,1.0,3.0,7.0,2.0,13.0,6.0,4.0,1.0,1.0,1.0,2.0,1.0,3.0,2.0,10.0,2.0,14.0,1.0,1.0,1.0,9.0,3.0,2.0,1.0,1.0,10.0,2.0,1.0,1.0,1.0,2.0,3.0,7.0,5.0,1.0,1.0,1.0,2.0,6.0,2.0,2.0,4.0,2.0,1.0,1.0,1.0,3.0,2.0,10.0,3.0,1.0,1.0,1.0,5.0,3.0,5.0,1.0,3.0,1.0,1.0,2.0,2.0,3.0,2.0,1.0,2.0,1.0,1.0,1.0,2.0,1.0,1.0,1.0,1.0,5.0,1.0,2.0,1.0,1.0,1.0,1.0,1.0,4.0,1.0,1.0,14.0,1.0,4.0,1.0,13.0,11.0,2.0,2.0,1.0,5.0,1.0,11.0,1.0,1.0,1.0,1.0,1.0,4.0,1.0,1.0,1.0,1.0,3.0,1.0,3.0,1.0,5.0,9.0,1.0,1.0,1.0,1.0,4.0,1.0,6.0,13.0,1.0,3.0,3.0,4.0,1.0,3.0,1.0,4.0,1.0,14.0,9.0,12.0,7.0,1.0,1.0,1.0,2.0,4.0,4.0,6.0,10.0,8.0,21.0,4.0,4.0,3.0,2.0,4.0,1.0,2.0,12.0,11.0,1.0,3.0,4.0,1.0,1.0,1.0,1.0,3.0,6.0,7.0,2.0,5.0,3.0,3.0,8.0,10.0,2.0,19.0,8.0,5.0,1.0,3.0,2.0,6.0,2.0,2.0,1.0,2.0,3.0,8.0,9.0,6.0,6.0,1.0,1.0,2.0,2.0,2.0,8.0,4.0,5.0,8.0,7.0,13.0,3.0,9.0,2.0,1.0,3.0,5.0,1.0,3.0,1.0,1.0,7.0,8.0,1.0,2.0,1.0,1.0,6.0,1.0,1.0,1.0,5.0,15.0,1.0,2.0,7.0,5.0,4.0,5.0,4.0,16.0,6.0,4.0,2.0,1.0,1.0,1.0,1.0,1.0,1.0,2.0,1.0,7.0,7.0,4.0,1.0,2.0,1.0,2.0,1.0,1.0,1.0,1.0,2.0,2.0,1.0,1.0,1.0,1.0,1.0,1.0,1.0,1.0,1.0,1.0,1.0,2.0,2.0,4.0,1.0,1.0,1.0,2.0,7.0,1.0,1.0,1.0,1.0,1.0,1.0,1.0,2.0,3.0,6.0,7.0,4.0,1.0,3.0,1.0,1.0,1.0,1.0,1.0,1.0,1.0,1.0,1.0,2.0,1.0,1.0,2.0,1.0,1.0,1.0,2.0,1.0,1.0,1.0,1.0,1.0,2.0,2.0,3.0,6.0,1.0,1.0,2.0,1.0,1.0,2.0,1.0,1.0,13.0,19.0,2.0,1.0,1.0,4.0,1.0,1.0,1.0,4.26507226805276,1.0,1.0,1.0,1.0,1.0,1.0,1.0,2.0,1.0,1.0,1.0,16.0,15.0,1.0,2.0,2.0,2.0,1.0,1.0,1.0,2.0,1.0,1.0,1.0,1.0,1.0,2.0,1.0,1.0,3.0,1.0,1.0,1.0,2.0,1.0,1.0,12.0,7.0,1.0,5.0,1.0,3.0,1.0,1.0,1.0,2.0,3.0,1.0,1.0,6.0,7.0,3.0,5.0,3.0,1.0,1.0,3.0,2.0,1.0,7.0,16.0,1.0,1.0,5.0,3.0,1.0,1.0,3.0,2.0,1.0,1.0,1.0,2.0,3.0,3.0,1.0,1.0,2.0,1.0,1.0,1.0,2.0,30.0,1.0,4.0,7.0,1.0,1.0,1.0,1.0,1.0,2.0,1.0,2.0,1.0,1.0,1.0,1.0,1.0,1.0,5.0,24.0,4.0,2.0,1.0,1.0,1.0,1.0,1.0,1.0,2.0,2.0,3.0,1.0,2.0,1.0,1.0,1.0,1.0,1.0,1.0,1.0,2.0,1.0,1.0,1.0,1.0,1.0,1.0,1.0,1.0,3.0,1.0,1.0,1.0,3.0,5.0,2.0,3.0,1.0,1.0,2.0,1.0,2.0,1.0,3.0,1.0,2.0,1.0,1.0,2.0,2.0,2.0,1.0,1.0,5.0,2.0,2.0,4.0,1.0,3.0,1.0,4.0,1.0,1.0,2.0,1.0,1.0,4.0,1.0,2.0,1.0,1.0,2.0,4.0,1.0,2.0,2.0,5.0,1.0,1.0,2.0,1.0,1.0,3.0,1.0,1.0,3.0,3.0,5.0,3.0,4.0,1.0,1.0,1.0,2.0,1.0,2.0,1.0,2.0,1.0,1.0,3.0,1.0,1.0,1.0,1.0,2.0,1.0,1.0,1.0,2.0,1.0,1.0,1.0,1.0,1.0,1.0,1.0,1.0,4.0,1.0,1.0,1.0,2.0,1.0,6.0,1.0,1.0,1.0,2.0,2.0,1.0,1.0,1.0,2.0,2.0,1.0,1.0,2.0,1.0,-1.0,-1.0,-1.0,-1.0,-2.0,1.0,9.0,-1.0,1.0,-1.0,-1.0,-5.0,-4.0,-3.0,-4.0,-5.0,-5.0,1.0,1.0,1.0,6.0,6.0,2.0,1.0,3.0,2.0,1.0,4.0,5.0,1.0,3.0,1.0,1.0,2.0,1.0,5.0,1.0,1.0,10.0,4.0,1.0,1.0,1.0,3.0,7.0,1.0,2.0,8.0,1.0,2.0,1.0,1.0,1.0,2.0,1.0,2.0,9.0,1.0,9.0,1.0,1.0,1.0,3.0,1.0,1.0,4.0,4.0,1.0,2.0,1.0,2.0,1.0,1.0,1.0,2.0,1.0,1.0,2.0,4.0,1.0,1.0,10.0,1.0,1.0,1.0,3.0,1.0,4.0,4.0,9.0,1.0,1.0,5.0,1.0,1.0,1.0,4.0,2.0,5.0,1.0,7.0,1.0,5.0,1.0,1.0,1.0,2.0,1.0,5.0,4.0,6.0,1.0,-3.0,-1.0,-1.0,-1.0,-2.0,-2.0,-1.0,-1.0,-1.0,-1.0,-3.0,-1.0,-2.0,-4.0,-1.0,-2.0,-1.0,-1.0,-1.0,5.0,4.0,2.0,7.0,2.0,1.0,2.0,1.0,2.0,1.0,3.0,4.0,4.0,1.0,1.0,2.0,4.0,2.0,6.0,1.0,5.0,1.0,8.0,7.0,1.0,4.0,3.0,1.0,1.0,1.0,2.0,1.0,4.0,1.0,1.0,1.0,1.0,2.0,1.0,1.0,3.0,2.0,4.0,7.0,7.0,4.0,1.0,1.0,4.0,1.0,1.0,2.0,1.0,1.0,5.0,1.0,2.0,7.0,4.0,2.0,2.0,1.0,1.0,1.0,2.0,2.0,2.0,1.0,1.0,2.0,6.0,1.0,4.0,2.0,3.0,17.0,1.0,8.0,8.0,1.0,1.0,2.0,2.0,1.0,1.0,2.0,2.0,11.0,5.0,2.0,1.0,2.0,2.0,2.0,2.0,2.0,2.0,2.0,2.0,2.0,1.0,1.0,25.0,6.0,5.0,5.0,5.0,5.0,5.0,5.0,3.0,2.0,1.0,1.0,2.0,1.0,1.0,12.0,15.0,4.0,4.0,5.0,4.0,4.0,5.0,2.0,1.0,5.0,1.0,1.0,2.0,1.0,16.0,5.0,4.0,5.0,4.0,10.0,2.0,4.0,3.0,3.0,6.0,4.0,4.0,4.0,4.0,4.0,4.0,4.0,4.0,4.0,2.0,4.0,4.0,4.0,4.0,4.0,4.0,1.0,1.0,4.0,4.0,4.0,4.0,4.0,4.0,1.0,1.0,1.0,1.0,1.0,1.0,4.0,4.0,4.0,4.0,4.0,4.0,4.0,4.0,4.0,4.0,1.0,1.0,1.0,1.0,3.0,1.0,1.0,10.0,1.0,1.0,1.0,1.0,1.0,21.0,15.0,1.0,1.0,1.0,1.0,1.0,1.0,5.0,1.0,6.0,2.0,2.0,23.0,14.0,1.0,3.0,3.0,3.0,3.0,3.0,3.0,3.0,3.0,1.0,1.0,1.0,1.0,1.0,6.0,1.0,4.0,10.0,9.0,26.0,7.0,3.0,3.0,4.0,3.0,3.0,3.0,4.0,3.0,1.0,1.0,1.0,1.0,3.0,1.0,1.0,13.0,2.0,2.0,2.0,2.0,2.0,2.0,2.0,1.0,1.0,2.0,2.0,2.0,2.0,2.0,2.0,3.0,2.0,1.0,2.0,2.0,2.0,2.0,2.0,2.0,2.0,1.0,2.0,2.0,2.0,2.0,2.0,2.0,2.0,2.0,2.0,2.0,2.0,1.0,-2.0,1.0,4.0,1.0,-4.0,-4.0,-5.0,-4.0,-4.0,-4.0,-5.0,-4.0,-1.0,1.0,2.0,-1.0,1.0,-4.0,-5.0,-4.0,-4.0,-5.0,-4.0,2.0,1.0,-5.0,-6.0,-5.0,-5.0,-6.0,-5.0,1.0,1.0,1.0,-5.0,-5.0,-5.0,-5.0,-5.0,-5.0,-1.0,1.0,-1.0,-5.0,-5.0,-5.0,-5.0,-5.0,-5.0,-3.0,-4.0,-1.0,-1.0,-3.0,-1.0,0.0,1.0,-9.0,-5.0,1.0,-1.0,-2.0,-1.0,-1.0,-2.0,-1.0,-3.0,-2.0,-1.0,-1.0,-1.0,-1.0,-1.0,-3.0,-1.0,-1.0,-1.0,-1.0,-3.0,-2.0,-3.0,-2.0,-1.0,-1.0,-1.0,-2.0,7.0,-4.0,-2.0,-3.0,-3.0,-1.0,-1.0,-1.0,1.0,1.0,0.0,-1.0,-5.0,-7.0,-1.0,-2.0,-1.0,9.0,2.0,13.0,-1.0,-1.0,-1.0,-5.0,-5.0,-2.0,-4.0,1.0,5.0,4.0,2.0,2.0,1.0,2.0,15.0,17.0,4.0,5.0,7.0,13.0,1.0,3.0,1.0,1.0,1.0,12.0,5.0,5.0,1.0,11.0,2.0,4.0,2.0,1.0,16.63346510062307,4.0,2.0,1.0,1.0,2.0,1.0,1.0,2.0,1.0,1.0,2.0,6.0,1.0,1.0,2.0,4.0,3.0,2.0,2.0,3.0,7.0,1.0,1.0,1.0,1.0,1.0,2.0,1.0,1.0,1.0,1.0,1.0,1.0,1.0,1.0,2.0,2.0,1.0,4.0,1.0,1.0,1.0,1.0,3.0,1.0,2.0,6.0,1.0,1.0,1.0,1.0,1.0,1.0,1.0,1.0,1.0,1.0,1.0,1.0,3.0,1.0,1.0,3.0,2.0,2.0,2.0,5.0,5.0,2.0,2.0,4.0,3.0,1.0,2.0,2.0,2.0,2.0,1.0,1.0,2.0,2.0,2.0,1.0,1.0,1.0,1.0,1.0,2.0,1.0,4.0,1.0,1.0,1.0,1.0,2.0,1.0,1.0,1.0,5.0,5.0,1.0,4.0,3.0,2.0,2.0,1.0,5.0,1.0,3.0,4.0,2.0,1.0,3.0,3.0,4.0,3.0,3.0,1.0,1.0,2.0,1.0,3.0,2.0,4.0,2.0,1.0,4.0,2.0,1.0,2.0,3.0,3.0,3.0,3.0,2.0,1.0,4.0,5.0,1.0,1.0,5.0,4.0,2.0,1.0,1.0,1.0,6.0,10.0,1.0,5.0,5.0,1.0,7.0,2.0,1.0,10.0,4.0,3.0,3.0,1.0,7.0,1.0,11.0,1.0,2.0,2.0,1.0,3.0,2.0,1.0,1.0,5.0,8.0,1.0,7.0,3.0,1.0,2.0,2.0,1.0,2.0,1.0,1.0,1.0,1.0,2.0,7.0,6.0,1.0,2.0,1.0,1.0,1.0,1.0,5.0,1.0,1.0,2.0,5.0,1.0,2.0,7.0,6.0,6.0,1.0,2.0,9.0,3.0,6.0,1.0,6.0,4.0,9.0,1.0,1.0,1.0,2.0,10.0,6.0,2.0,2.0,5.0,5.0,1.0,10.0,1.0,2.0,4.0,5.0,13.0,1.0,1.0,1.0,1.0,4.0,4.0,3.0,1.0,2.0,1.0,1.0,1.0,2.0,4.0,4.0,5.0,11.0,1.0,1.0,1.0,1.0,5.0,2.0,7.0,1.0,1.0,2.0,1.0,1.0,1.0,3.0,3.0,2.0,2.0,3.0,5.0,1.0,2.0,1.0,-2.0,1.0,1.0,7.0,-3.0,-3.0,-3.0,-3.0,1.0,0.0,4.0,-2.0,5.0,-6.0,-6.0,-6.0,-6.0,-2.0,-1.0,-1.0,-6.0,-6.0,-6.0,-6.0,-3.0,-2.0,-1.0,-1.0,-3.0,-3.0,-3.0,-3.0,-2.0,-1.0,-1.0,2.0,-1.0,-6.0,-6.0,-6.0,-6.0,-6.0,-6.0,-6.0,1.0,1.0,-3.0,-3.0,7.0,2.0,-5.0,-5.0,-5.0,-5.0,1.0,-2.0,-2.0,2.0,1.0,-5.0,-6.0,-5.0,-5.0,2.0,1.0,1.0,1.0,-6.0,-6.0,-6.0,-6.0,-1.0,1.0,-2.0,-2.0,1.0,2.0,-13.0,-13.0,-1.0,-1.0,-2.0,2.0,1.0,-5.0,-5.0,-5.0,-5.0,-5.0,-5.0,1.0,1.0,-5.0,-5.0,-5.0,-5.0,-5.0,0.0,-3.0,-12.0,-12.0,1.0,5.0,-7.0,-7.0,-7.0,-7.0,1.0,7.0,1.0,1.0,1.0,2.0,11.0,1.0,4.0,1.0,3.0,6.0,1.0,2.0,3.0,15.0,3.0,2.0,3.0,4.0,1.0,6.0,6.0,4.0,2.0,1.0,1.0,1.0,1.0,3.28292789266683,1.0,3.0,7.0,1.0,3.0,1.0,1.0,1.0,3.0,-7.34608005137223,1.0,2.0,2.0,1.0,1.0,3.0,3.0,3.0,1.0,1.0,2.0,3.0,3.0,3.0,1.0,1.0,1.0,3.0,4.0,4.0,2.0,3.0,1.0,1.0,1.0,1.0,1.0,1.0,2.0,3.0,4.0,4.0,2.0,6.0,3.0,1.0,1.0,1.0,1.0,1.0,1.0,2.0,3.0,1.0,13.0,3.0,1.0,1.0,6.0,1.0,1.0,1.0,4.0,1.0,1.0,2.0,2.0,4.0,3.0,3.0,1.0,1.0,1.0,1.0,2.0,2.0,3.0,3.0,1.0,1.0,2.0,2.0,1.0,2.0,6.0,6.0,2.0,3.0,2.0,2.0,1.0,1.0,2.0,2.0,6.0,6.0,2.0,3.0,2.0,2.0,1.0,1.0,21.0,3.0,4.0,1.0,2.0,2.0,8.0,1.0,7.0,2.0,1.0,2.0,3.0,4.0,4.0,1.0,16.0,1.0,6.0,3.0,1.0,1.0,2.0,10.0,1.0,10.0,3.0,3.0,2.0,1.0,4.0,3.0,1.0,2.0,1.0,1.0,4.0,1.0,3.0,1.0,2.0,2.0,1.0,1.0,1.0,1.0,3.0,1.0,1.0,2.0,1.0,1.0,1.0,1.0,1.0,1.0,1.0,1.0,1.0,1.0,1.0,4.0,3.0,1.0,1.0,1.0,1.0,1.0,1.0,2.0,2.0,1.0,4.0,1.0,4.0,1.0,1.0,2.0,1.0,1.0,3.0,2.0,2.0,2.0,2.0,1.0,1.0,6.0,24.0,4.0,1.0,3.0,2.0,1.0,1.0,16.0,35.0,3.0,1.0,1.0,1.0,1.0,1.0,1.0,3.0,5.0,1.0,1.0,2.0,7.0,5.0,5.0,2.0,3.0,1.0,1.0,1.0,8.0,1.0,5.0,3.0,2.0,9.0,6.0,1.0,4.0,13.0,1.0,7.0,7.0,1.0,1.0,1.0,1.0,1.0,4.0,6.0,3.0,2.0,1.0,8.0,6.0,1.0,1.0,13.9225778927412,2.0,3.0,1.0,2.0,8.0,1.0,2.0,9.0,2.0,1.0,1.0,1.0,1.0,1.0,4.0,1.0,1.0,4.0,5.0,1.0,1.0,2.0,3.0,2.0,1.0,2.0,5.0,6.0,4.0,6.0,8.0,11.0,7.0,6.0,1.0,1.0,1.0,4.0,1.0,3.0,4.0,5.0,12.0,5.0,2.0,2.0,1.0,4.0,2.0,1.0,1.0,1.0,3.0,4.0,3.0,2.0,2.0,3.0,5.0,1.0,7.0,5.0,2.0,2.0,3.0,1.0,1.0,1.0,1.0,2.0,1.0,2.0,1.0,1.0,12.0,10.0,8.0,6.0,5.0,1.0,1.0,1.0,3.0,1.0,1.0,1.0,3.0,4.0,1.0,2.0,1.0,1.0,1.0,2.0,1.0,1.0,8.0,1.0,1.0,2.0,2.0,5.0,2.0,2.0,1.0,1.0,3.0,2.0,3.0,1.0,6.0,6.0,1.0,1.0,6.0,1.0,6.0,9.0,3.0,13.0,10.0,1.0,1.0,11.0,1.0,1.0,3.0,8.0,9.0,2.0,1.0,2.0,3.0,3.0,3.0,1.0,1.0,1.0,5.0,5.0,2.0,1.0,2.0,2.0,1.0,1.0,5.0,1.0,1.0,1.0,1.0,3.0,2.0,1.0,2.0,1.0,3.0,4.0,1.0,2.0,1.0,2.0,1.0,2.0,2.0,1.0,1.0,2.0,2.0,1.0,1.0,1.0,1.0,1.0,1.0,2.0,1.0,8.0,2.0,1.0,5.0,6.0,2.0,1.0,1.0,1.0,6.0,2.0,3.0,4.0,3.0,1.0,1.0,2.0,2.0,1.0,1.0,11.0,1.0,1.0,2.0,4.0,5.0,3.0,1.0,4.0,1.0,14.0,4.0,7.0,1.0,1.0,2.0,1.0,1.0,1.0,1.0,1.0,1.0,3.0,1.0,9.0,2.0,2.0,1.0,1.0,7.0,1.0,8.0,1.0,1.0,1.0,1.0,2.0,1.0,1.0,1.0,1.0,2.0,1.0,1.0,1.0,1.0,1.0,1.0,4.0,4.0,3.0,2.0,1.0,1.0,1.0,1.0,3.0,1.0,1.0,1.0,1.0,1.0,1.0,1.0,1.0,2.0,1.0,3.0,3.0,1.0,1.0,3.0,5.0,9.0,7.0,2.0,2.0,1.0,1.0,1.0,2.0,3.0,1.0,1.0,2.0,3.0,1.0,1.0,2.0,2.0,1.0,1.0,1.0,1.0,2.0,1.0,1.0,-1.0,-1.0,-2.0,-4.0,-12.0,-7.0,-6.0,-6.0,-9.0,-11.0,-2.0,-8.0,-10.0,-6.0,-11.0,-1.0,-1.0,-4.0,-1.0,-10.0,-11.0,-3.0,-8.0,-12.0,-10.0,-1.0,-1.0,-1.0,-1.0,-7.0,-7.0,-13.0,-7.0,2.0,1.0,1.0,1.0,2.0,1.0,1.0,5.0,1.0,2.0,1.0,1.0,3.0,1.0,3.0,1.0,1.0,1.0,1.0,1.0,1.0,1.0,1.0,4.0,1.0,1.0,2.0,1.0,1.0,3.0,1.0,1.0,2.0,1.0,1.0,2.0,3.0,1.0,2.0,1.0,1.0,1.0,1.0,1.0,1.0,2.0,1.0,2.0,1.0,2.0,5.0,6.0,1.0,2.0,1.0,1.0,3.0,1.0,1.0,2.0,3.0,3.0,1.0,1.0,2.0,5.0,5.0,1.0,1.0,4.0,3.0,2.0,1.0,1.0,-1.0,1.0,2.0,-3.0,1.0,1.0,-4.0,-4.0,-3.0,2.0,-1.0,-1.0,-1.0,-2.0,2.0,10.0,1.0,1.0,1.0,2.0,3.0,4.0,1.0,2.0,1.0,17.0,1.0,1.0,1.0,1.0,2.0,1.0,1.0,1.0,4.0,4.0,1.0,3.0,1.0,1.0,2.0,1.0,1.0,1.0,2.0,2.0,1.0,1.0,1.0,1.0,2.0,3.0,2.0,1.0,1.0,3.0,1.0,1.0,1.0,2.0,3.0,1.0,1.0,2.0,4.0,2.0,1.0,1.0,1.0,1.0,2.0,3.0,1.0,4.0,1.0,1.0,1.0,4.0,4.0,8.29083083375076,1.0,2.0,2.0,2.0,2.0,1.0,2.0,1.0,2.0,3.0,1.0,6.0,11.0,8.0,5.0,4.0,5.0,3.0,2.0,1.0,1.0,1.0,1.0,1.0,2.0,2.0,3.0,2.0,3.0,1.0,1.0,1.0,1.0,1.0,1.0,3.0,2.0,5.0,1.0,2.0,2.0,1.0,5.0,1.0,5.0,1.0,2.0,5.0,3.0,2.0,1.0,1.0,1.0,2.0,3.0,1.0,1.0,1.0,3.0,3.0,2.0,4.0,1.0,1.0,1.0,1.0,1.0,1.0,1.0,1.0,1.0,1.0,1.0,3.0,5.0,1.0,1.0,1.0,2.0,2.0,1.0,1.0,5.0,1.0,1.0,5.0,1.0,1.0,-7.0,-7.0,1.0,-1.0,-4.0,-2.0,-1.0,-2.0,-1.0,1.0,-1.0,-3.0,-5.0,0.0,-3.0,-1.0,-2.0,-4.0,1.0,-1.0,1.0,-1.0,-1.0,1.0,-1.0,-1.0,2.0,-2.0,-3.0,2.0,-2.0,-1.0,1.0,-1.0,-1.0,-2.0,1.0,-2.0,-1.0,2.0,-1.0,-1.0,-1.0,-1.0,-2.0,2.0,-2.0,-2.0,0.0,-1.0,-1.0,-1.0,-1.0,-1.0,1.0,1.0,1.0,7.0,1.0,1.0,1.0,1.0,1.0,2.0,1.0,1.0,12.0,1.0,1.0,1.0,1.0,1.0,1.0,2.0,1.0,1.0,1.0,1.0,2.0,4.0,3.0,1.0,1.0,3.0,1.0,1.0,1.0,1.0,2.0,1.0,1.0,1.0,1.0,1.0,2.0,1.0,1.0,3.0,7.0,2.0,1.0,1.0,1.0,1.0,1.0,1.0,1.0,1.0,1.0,1.0,1.0,1.0,6.0,1.0,1.0,1.0,1.0,1.0,1.0,1.0,1.0,1.0,1.0,1.0,1.0,1.0,1.0,1.0,1.0,4.0,1.0,1.0,1.0,1.0,1.0,1.0,1.0,1.0,1.0,1.0,1.0,1.0,1.0,1.0,1.0,1.0,1.0,1.0,1.0,-1.0,-1.0,1.0,1.0,2.0,-2.0,-2.0,-2.0,-2.0,-2.0,1.0,1.0,-3.0,-3.0,-3.0,-3.0,1.0,-5.0,-5.0,-5.0,1.0,1.0,1.0,1.0,2.0,1.0,1.0,-1.0,-1.0,-1.0,-1.0,-1.0,-1.0,4.0,4.0,1.0,1.0,3.0,1.0,1.0,1.0,1.0,1.0,3.0,3.0,2.0,1.0,1.0,1.0,1.0,1.0,2.0,1.0,1.0,2.0,2.0,1.0,1.0,1.0,1.0,1.0,3.0,3.0,3.0,1.0,1.0,2.0,1.0,1.0,2.0,2.0,2.0,1.0,1.0,1.0,2.0,1.0,1.0,1.0,1.0,3.0,1.0,1.0,1.0,1.0,4.0,2.0,5.0,1.0,2.0,1.0,1.0,1.0,1.0,3.0,1.0,2.0,3.0,2.0,1.0,1.0,1.0,2.0,2.0,2.0,2.0,1.0,6.0,3.0,6.0,1.0,1.0,1.0,3.0,1.0,4.0,5.0,1.0,1.0,1.0,1.0,1.0,17.0,1.0,2.0,12.0,1.0,2.0,3.0,8.0,13.0,5.0,2.0,1.0,2.0,6.0,4.0,4.0,2.0,1.0,3.0,2.0,1.0,1.0,1.0,9.85328613108487,1.0,1.0,1.0,3.0,1.0,1.0,1.0,3.0,1.0,1.0,1.0,2.0,3.0,7.0,4.0,3.0,1.0,2.0,2.0,2.0,1.0,1.0,1.0,1.0,1.0,1.0,1.0,1.0,1.0,1.0,1.0,1.0,1.0,1.0,1.0,1.0,1.0,1.0,1.0,1.0,1.0,1.0,1.0,1.0,1.0,3.0,1.0,1.0,2.0,2.0,2.0,2.0,3.0,1.0,1.0,1.0,2.0,1.0,4.0,3.0,1.0,1.0,1.0,2.0,1.0,1.0,1.0,5.0,3.0,2.0,1.0,1.0,1.0,1.0,1.0,1.0,1.0,1.0,1.0,3.0,4.0,3.0,1.0,1.0,1.0,1.0,1.0,1.0,1.0,1.0,1.0,1.0,1.0,1.0,2.0,1.0,1.0,1.0,1.0,1.0,1.0,1.0,1.0,1.0,1.0,1.0,2.0,1.0,1.0,1.0,1.0,1.0,1.0,1.0,1.0,1.0,1.0,1.0,1.0,1.0,3.0,8.0,2.0,1.0,2.0,1.0,1.0,4.0,1.0,1.0,1.0,1.0,1.0,1.0,1.0,7.0,5.0,2.0,3.0,1.0,1.0,2.0,1.0,1.0,1.0,1.0,1.0,1.0,2.0,3.0,1.0,2.0,2.0,2.0,1.0,3.0,1.0,1.0,1.0,1.0,3.0,2.0,3.0,3.0,1.0,1.0,2.0,2.0,2.0,3.0,2.0,1.0,3.0,1.0,2.0,2.0,2.0,2.0,2.0,2.0,1.0,1.0,1.0,1.0,1.0,1.0,1.0,1.0,1.0,2.0,1.0,1.0,1.0,3.0,1.0,1.0,1.0,1.0,1.0,1.0,1.0,2.0,1.0,6.0,1.0,5.0,1.0,4.0,1.0,8.0,1.0,3.0,3.0,4.0,1.0,2.0,2.0,1.0,1.0,3.0,2.0,3.0,1.0,2.0,1.0,1.0,2.0,1.0,1.0,4.0,6.0,1.0,1.0,1.0,2.0,2.0,1.0,1.0,3.0,5.0,4.0,1.0,1.0,5.0,1.0,1.0,2.0,1.0,1.0,1.0,4.0,-9.97710440214218,1.0,4.0,2.0,6.0,1.0,1.0,1.0,1.0,6.0,4.0,1.0,1.0,3.0,3.0,2.0,9.0,2.0,3.0,3.0,3.0,3.0,1.0,1.0,5.0,5.0,5.0,5.0,1.0,7.0,10.0,2.0,1.0,4.0,5.0,5.0,5.0,5.0,2.0,1.0,3.0,5.0,4.0,2.0,2.0,1.0,1.0,2.0,3.0,1.0,1.0,3.0,11.0,5.0,5.0,5.0,5.0,5.0,5.0,5.0,5.0,13.0,3.0,2.0,2.0,3.0,11.0,5.0,5.0,5.0,5.0,1.0,1.0,2.0,18.0,11.0,2.0,1.0,3.0,3.0,5.0,5.0,5.0,5.0,5.0,5.0,2.0,1.0,3.0,1.0,1.0,21.0,1.0,2.0,3.0,6.0,6.0,6.0,6.0,2.0,5.0,3.0,2.0,5.0,13.0,2.0,5.0,5.0,5.0,5.0,6.0,2.0,24.0,2.0,1.0,2.0,5.0,5.0,5.0,5.0,1.0,2.0,4.0,3.0,12.0,1.0,9.0,4.0,4.0,4.0,4.0,4.0,4.0,4.0,1.0,10.0,4.0,1.0,21.0,1.0,2.0,1.0,1.0,1.0,4.0,3.0,5.0,6.0,6.0,6.0,6.0,6.0,1.0,1.0,3.0,15.0,1.0,1.0,1.0,1.0,7.0,4.0,1.0,10.0,5.0,5.0,5.0,5.0,1.0,1.0,4.0,2.0,1.0,1.0,2.0,2.0,9.0,2.0,1.0,1.0,3.0,1.0,4.0,3.0,1.0,1.0,1.0,1.0,1.0,2.0,1.0,1.0,9.0,1.0,1.0,1.0,2.0,5.0,5.0,5.0,5.0,2.0,1.0,7.0,1.0,2.0,5.0,5.0,5.0,5.0,5.0,5.0,5.0,3.0,1.0,1.0,20.0,1.0,1.0,1.0,4.0,1.0,1.0,2.0,1.0,9.0,3.0,4.0,4.0,4.0,4.0,4.0,4.0,4.0,4.0,1.0,1.0,37.0,1.0,1.0,1.0,6.0,6.0,6.0,6.0,6.0,6.0,1.0,1.0,1.0,1.0,6.0,16.0,1.0,5.0,5.0,5.0,5.0,1.0,27.0,1.0,1.0,1.0,7.0,6.0,6.0,6.0,6.0,1.0,2.0,1.0,30.0,1.0,1.0,1.0,1.0,8.0,6.0,6.0,6.0,6.0,6.0,2.0,2.0,2.0,2.0,5.0,5.0,7.0,3.0,30.0,3.0,10.0,6.0,1.0,10.0,5.0,5.0,5.0,5.0,5.0,5.0,5.0,4.0,1.0,6.0,8.0,1.0,2.0,3.0,4.0,4.0,5.0,6.0,6.0,6.0,6.0,-5.0,-5.0,-5.0,-5.0,-5.0,-5.0,-5.0,-5.0,-5.0,-5.0,1.0
1.0,1.0,1.0,2.0,1.0,2.0,4.0,7.0,1.0,2.0,1.0,5.0,1.0,1.0,1.0,1.0,3.0,1.0,2.0,1.0,1.0,1.0,1.0,1.0,1.0,1.0,5.0,2.0,1.0,3.0,1.0,1.0,5.0,1.0,1.0,2.0,1.0,1.0,1.0,2.0,3.0,1.0,1.0,1.0,1.0,1.0,1.0,1.0,1.0,1.0,1.0,1.0,5.0,3.0,2.0,1.0,1.0,2.0,1.0,1.0,1.0,1.0,1.0,1.0,1.0,1.0,2.0,1.0,5.0,1.0,2.0,1.0,1.0,2.0,1.0,1.0,1.0,1.0,2.0,1.0,7.0,4.0,1.0,2.0,1.0,2.0,12.0,5.0,1.0,15.0,1.0,2.0,2.0,2.0,1.0,1.0,8.0,1.0,4.0,1.0,1.0,16.0,3.0,3.0,1.0,2.0,1.0,1.0,6.0,7.0,1.0,2.0,3.0,2.0,2.0,3.0,2.0,1.0,5.0,1.0,3.0,2.0,2.0,1.0,1.0,1.0,10.0,10.0,1.0,3.0,2.0,1.0,2.0,5.0,2.0,1.0,3.0,1.0,1.0,1.0,1.0,1.0,1.0,1.0,7.0,1.0,1.0,13.0,1.0,1.0,1.0,10.0,2.0,1.0,3.0,1.0,1.0,2.0,3.0,1.0,1.0,1.0,1.0,1.0,1.0,1.0,2.0,1.0,14.0,1.0,1.0,1.0,2.0,2.0,1.0,3.0,2.0,1.0,1.0,1.0,2.0,5.0,1.0,1.0,1.0,4.0,1.0,4.0,2.0,14.0,1.0,2.0,2.0,4.0,1.0,1.0,3.0,1.0,1.0,2.0,1.0,1.0,4.0,3.0,17.0,1.0,1.0,1.0,1.0,3.0,1.0,3.0,5.0,1.0,2.0,2.0,2.0,1.0,1.0,1.0,4.0,1.0,2.0,1.0,1.0,1.0,1.0,1.0,1.0,5.0,2.0,2.0,3.0,1.0,1.0,1.0,1.0,2.0,1.0,1.0,1.0,1.0,1.0,5.0,2.0,3.0,2.0,2.0,3.0,1.0,2.0,4.0,1.0,2.0,2.0,2.0,1.0,1.0,1.0,1.0,1.0,3.0,2.0,1.0,1.0,13.0,3.0,1.0,1.0,1.0,7.0,4.0,1.0,1.0,1.0,8.0,1.0,1.0,6.0,2.0,1.0,3.0,2.0,8.0,2.0,1.0,1.0,1.0,5.0,1.0,8.0,1.0,4.0,9.0,7.0,1.0,1.0,8.0,1.0,2.0,1.0,1.0,4.0,1.0,1.0,1.0,7.0,4.0,5.0,3.0,1.0,1.0,1.0,2.0,1.0,1.0,1.0,1.0,1.0,1.0,6.0,3.0,2.0,2.0,1.0,1.0,1.0,1.0,1.0,1.0,5.0,1.0,1.0,3.0,1.0,1.0,3.0,3.0,1.0,1.0,1.0,2.0,2.0,1.0,1.0,1.0,3.0,4.0,4.0,1.0,1.0,1.0,2.0,1.0,2.0,2.0,2.0,8.0,9.0,3.0,1.0,2.0,1.0,1.0,3.0,2.0,2.0,1.0,5.0,1.0,3.0,3.0,3.0,4.0,1.0,1.0,2.0,2.0,3.0,3.0,1.0,3.0,2.0,1.0,1.0,1.0,1.0,1.0,1.0,1.0,1.0,1.0,1.0,1.0,2.0,10.0,2.0,3.0,3.0,3.0,2.0,1.0,1.0,1.0,1.0,2.0,1.0,15.0,3.0,3.0,3.0,3.0,1.0,1.0,11.0,2.0,2.0,2.0,3.0,1.0,1.0,1.0,1.0,9.0,2.0,2.0,3.0,3.0,1.0,1.0,1.0,2.0,1.0,13.0,2.0,2.0,3.0,3.0,6.0,5.0,2.0,2.0,2.0,2.0,3.0,3.0,4.0,3.0,2.0,2.0,3.0,3.0,4.0,2.0,7.0,3.0,3.0,2.0,2.0,1.0,3.0,7.0,2.0,13.0,6.0,4.0,1.0,1.0,1.0,2.0,1.0,3.0,2.0,10.0,2.0,14.0,1.0,1.0,1.0,9.0,3.0,2.0,1.0,1.0,10.0,2.0,1.0,1.0,1.0,2.0,3.0,7.0,5.0,1.0,1.0,1.0,2.0,6.0,2.0,2.0,4.0,2.0,1.0,1.0,1.0,3.0,2.0,10.0,3.0,1.0,1.0,1.0,5.0,3.0,5.0,1.0,3.0,1.0,1.0,2.0,2.0,3.0,2.0,1.0,2.0,1.0,1.0,1.0,2.0,1.0,1.0,1.0,1.0,5.0,1.0,2.0,1.0,1.0,1.0,1.0,1.0,4.0,1.0,1.0,14.0,1.0,4.0,1.0,13.0,11.0,2.0,2.0,1.0,5.0,1.0,11.0,1.0,1.0,1.0,1.0,1.0,4.0,1.0,1.0,1.0,1.0,3.0,1.0,3.0,1.0,5.0,9.0,1.0,1.0,1.0,1.0,4.0,1.0,6.0,13.0,1.0,3.0,3.0,4.0,1.0,3.0,1.0,4.0,1.0,14.0,9.0,12.0,7.0,1.0,1.0,1.0,2.0,4.0,4.0,6.0,10.0,8.0,21.0,4.0,4.0,3.0,2.0,4.0,1.0,2.0,12.0,11.0,1.0,3.0,4.0,1.0,1.0,1.0,1.0,3.0,6.0,7.0,2.0,5.0,3.0,3.0,8.0,10.0,2.0,19.0,8.0,5.0,1.0,3.0,2.0,6.0,2.0,2.0,1.0,2.0,3.0,8.0,9.0,6.0,6.0,1.0,1.0,2.0,2.0,2.0,8.0,4.0,5.0,8.0,7.0,13.0,3.0,9.0,2.0,1.0,3.0,5.0,1.0,3.0,1.0,1.0,7.0,8.0,1.0,2.0,1.0,1.0,6.0,1.0,1.0,1.0,5.0,15.0,1.0,2.0,7.0,5.0,4.0,5.0,4.0,16.0,6.0,4.0,2.0,1.0,1.0,1.0,1.0,1.0,1.0,2.0,1.0,7.0,7.0,4.0,1.0,2.0,1.0,2.0,1.0,1.0,1.0,1.0,2.0,2.0,1.0,1.0,1.0,1.0,1.0,1.0,1.0,1.0,1.0,1.0,1.0,2.0,2.0,4.0,1.0,1.0,1.0,2.0,7.0,1.0,1.0,1.0,1.0,1.0,1.0,1.0,2.0,3.0,6.0,7.0,4.0,1.0,3.0,1.0,1.0,1.0,1.0,1.0,1.0,1.0,1.0,1.0,2.0,1.0,1.0,2.0,1.0,1.0,1.0,2.0,1.0,1.0,1.0,1.0,1.0,2.0,2.0,3.0,6.0,1.0,1.0,2.0,1.0,1.0,2.0,1.0,1.0,13.0,19.0,2.0,1.0,1.0,4.0,1.0,1.0,1.0,3.01507226805276,1.0,1.0,1.0,1.0,1.0,1.0,1.0,2.0,1.0,1.0,1.0,16.0,15.0,1.0,2.0,2.0,2.0,1.0,1.0,1.0,2.0,1.0,1.0,1.0,1.0,1.0,2.0,1.0,1.0,3.0,1.0,1.0,1.0,2.0,1.0,1.0,12.0,7.0,1.0,5.0,1.0,3.0,1.0,1.0,1.0,2.0,3.0,1.0,1.0,6.0,7.0,3.0,5.0,3.0,1.0,1.0,3.0,2.0,1.0,7.0,16.0,1.0,1.0,5.0,3.0,1.0,1.0,3.0,2.0,1.0,1.0,1.0,2.0,3.0,3.0,1.0,1.0,2.0,1.0,1.0,1.0,2.0,30.0,1.0,4.0,7.0,1.0,1.0,1.0,1.0,1.0,2.0,1.0,2.0,1.0,1.0,1.0,1.0,1.0,1.0,5.0,24.0,4.0,2.0,1.0,1.0,1.0,1.0,1.0,1.0,2.0,2.0,3.0,1.0,2.0,1.0,1.0,1.0,1.0,1.0,1.0,1.0,2.0,1.0,1.0,1.0,1.0,1.0,1.0,1.0,1.0,3.0,1.0,1.0,1.0,3.0,5.0,2.0,3.0,1.0,1.0,2.0,1.0,2.0,1.0,3.0,1.0,2.0,1.0,1.0,2.0,2.0,2.0,1.0,1.0,5.0,2.0,2.0,4.0,1.0,3.0,1.0,4.0,1.0,1.0,2.0,1.0,1.0,4.0,1.0,2.0,1.0,1.0,2.0,4.0,1.0,2.0,2.0,5.0,1.0,1.0,2.0,1.0,1.0,3.0,1.0,1.0,3.0,3.0,5.0,3.0,4.0,1.0,1.0,1.0,2.0,1.0,2.0,1.0,2.0,1.0,1.0,3.0,1.0,1.0,1.0,1.0,2.0,1.0,1.0,1.0,2.0,1.0,1.0,1.0,1.0,1.0,1.0,1.0,1.0,4.0,1.0,1.0,1.0,2.0,1.0,6.0,1.0,1.0,1.0,2.0,2.0,1.0,1.0,1.0,2.0,2.0,1.0,1.0,2.0,1.0,-1.0,-1.0,-1.0,-1.0,-2.0,1.0,9.0,-1.0,1.0,-1.0,-1.0,-5.0,-4.0,-3.0,-4.0,-5.0,-5.0,1.0,1.0,1.0,6.0,6.0,2.0,1.0,3.0,2.0,1.0,4.0,5.0,1.0,3.0,1.0,1.0,2.0,1.0,5.0,1.0,1.0,10.0,4.0,1.0,1.0,1.0,3.0,7.0,1.0,2.0,8.0,1.0,2.0,1.0,1.0,1.0,2.0,1.0,2.0,9.0,1.0,9.0,1.0,1.0,1.0,3.0,1.0,1.0,4.0,4.0,1.0,2.0,1.0,2.0,1.0,1.0,1.0,2.0,1.0,1.0,2.0,4.0,1.0,1.0,10.0,1.0,1.0,1.0,3.0,1.0,4.0,4.0,9.0,1.0,1.0,5.0,1.0,1.0,1.0,4.0,2.0,5.0,1.0,7.0,1.0,5.0,1.0,1.0,1.0,2.0,1.0,5.0,4.0,6.0,1.0,-3.0,-1.0,-1.0,-1.0,-2.0,-2.0,-1.0,-1.0,-1.0,-1.0,-3.0,-1.0,-2.0,-4.0,-1.0,-2.0,-1.0,-1.0,-1.0,5.0,4.0,2.0,7.0,2.0,1.0,2.0,1.0,2.0,1.0,3.0,4.0,4.0,1.0,1.0,2.0,4.0,2.0,6.0,1.0,5.0,1.0,8.0,7.0,1.0,4.0,3.0,1.0,1.0,1.0,2.0,1.0,4.0,1.0,1.0,1.0,1.0,2.0,1.0,1.0,3.0,2.0,4.0,7.0,7.0,4.0,1.0,1.0,4.0,1.0,1.0,2.0,1.0,1.0,5.0,1.0,2.0,7.0,4.0,2.0,2.0,1.0,1.0,1.0,2.0,2.0,2.0,1.0,1.0,2.0,6.0,1.0,4.0,2.0,3.0,17.0,1.0,8.0,8.0,1.0,1.0,2.0,2.0,1.0,1.0,2.0,2.0,11.0,5.0,2.0,1.0,2.0,2.0,2.0,2.0,2.0,2.0,2.0,2.0,2.0,1.0,1.0,25.0,6.0,5.0,5.0,5.0,5.0,5.0,5.0,3.0,2.0,1.0,1.0,2.0,1.0,1.0,12.0,15.0,4.0,4.0,5.0,4.0,4.0,5.0,2.0,1.0,5.0,1.0,1.0,2.0,1.0,16.0,5.0,4.0,5.0,4.0,10.0,2.0,4.0,3.0,3.0,6.0,4.0,4.0,4.0,4.0,4.0,4.0,4.0,4.0,4.0,2.0,4.0,4.0,4.0,4.0,4.0,4.0,1.0,1.0,4.0,4.0,4.0,4.0,4.0,4.0,1.0,1.0,1.0,1.0,1.0,1.0,4.0,4.0,4.0,4.0,4.0,4.0,4.0,4.0,4.0,4.0,1.0,1.0,1.0,1.0,3.0,1.0,1.0,10.0,1.0,1.0,1.0,1.0,1.0,21.0,15.0,1.0,1.0,1.0,1.0,1.0,1.0,5.0,1.0,6.0,2.0,2.0,23.0,14.0,1.0,3.0,3.0,3.0,3.0,3.0,3.0,3.0,3.0,1.0,1.0,1.0,1.0,1.0,6.0,1.0,4.0,10.0,9.0,26.0,7.0,3.0,3.0,4.0,3.0,3.0,3.0,4.0,3.0,1.0,1.0,1.0,1.0,3.0,1.0,1.0,13.0,2.0,2.0,2.0,2.0,2.0,2.0,2.0,1.0,1.0,2.0,2.0,2.0,2.0,2.0,2.0,3.0,2.0,1.0,2.0,2.0,2.0,2.0,2.0,2.0,2.0,1.0,2.0,2.0,2.0,2.0,2.0,2.0,2.0,2.0,2.0,2.0,2.0,1.0,-2.0,1.0,4.0,1.0,-4.0,-4.0,-5.0,-4.0,-4.0,-4.0,-5.0,-4.0,-1.0,1.0,2.0,-1.0,1.0,-4.0,-5.0,-4.0,-4.0,-5.0,-4.0,2.0,1.0,-5.0,-6.0,-5.0,-5.0,-6.0,-5.0,1.0,1.0,1.0,-5.0,-5.0,-5.0,-5.0,-5.0,-5.0,-1.0,1.0,-1.0,-5.0,-5.0,-5.0,-5.0,-5.0,-5.0,-3.0,-4.0,-1.0,-1.0,-3.0,-1.0,0.0,1.0,-9.0,-5.0,1.0,-1.0,-2.0,-1.0,-1.0,-2.0,-1.0,-3.0,-2.0,-1.0,-1.0,-1.0,-1.0,-1.0,-3.0,-1.0,-1.0,-1.0,-1.0,-3.0,-2.0,-3.0,-2.0,-1.0,-1.0,-1.0,-2.0,7.0,-4.0,-2.0,-3.0,-3.0,-1.0,-1.0,-1.0,1.0,1.0,0.0,-1.0,-5.0,-7.0,-1.0,-2.0,-1.0,9.0,2.0,13.0,-1.0,-1.0,-1.0,-5.0,-5.0,-2.0,-4.0,1.0,5.0,4.0,2.0,2.0,1.0,2.0,15.0,17.0,4.0,5.0,7.0,13.0,1.0,3.0,1.0,1.0,1.0,12.0,5.0,5.0,1.0,11.0,2.0,4.0,2.0,1.0,16.63346510062307,4.0,2.0,1.0,1.0,2.0,1.0,1.0,2.0,1.0,1.0,2.0,6.0,1.0,1.0,2.0,4.0,3.0,2.0,2.0,3.0,7.0,1.0,1.0,1.0,1.0,1.0,2.0,1.0,1.0,1.0,1.0,1.0,1.0,1.0,1.0,2.0,2.0,1.0,4.0,1.0,1.0,1.0,1.0,3.0,1.0,2.0,6.0,1.0,1.0,1.0,1.0,1.0,1.0,1.0,1.0,1.0,1.0,1.0,1.0,3.0,1.0,1.0,3.0,2.0,2.0,2.0,5.0,5.0,2.0,2.0,4.0,3.0,1.0,2.0,2.0,2.0,2.0,1.0,1.0,2.0,2.0,2.0,1.0,1.0,1.0,1.0,1.0,2.0,1.0,4.0,1.0,1.0,1.0,1.0,2.0,1.0,1.0,1.0,5.0,5.0,1.0,4.0,3.0,2.0,2.0,1.0,5.0,1.0,3.0,4.0,2.0,1.0,3.0,3.0,4.0,3.0,3.0,1.0,1.0,2.0,1.0,3.0,2.0,4.0,2.0,1.0,4.0,2.0,1.0,2.0,3.0,3.0,3.0,3.0,2.0,1.0,4.0,5.0,1.0,1.0,5.0,4.0,2.0,1.0,1.0,1.0,6.0,10.0,1.0,5.0,5.0,1.0,7.0,2.0,1.0,10.0,4.0,3.0,3.0,1.0,7.0,1.0,11.0,1.0,2.0,2.0,1.0,3.0,2.0,1.0,1.0,5.0,8.0,1.0,7.0,3.0,1.0,2.0,2.0,1.0,2.0,1.0,1.0,1.0,1.0,2.0,7.0,6.0,1.0,2.0,1.0,1.0,1.0,1.0,5.0,1.0,1.0,2.0,5.0,1.0,2.0,7.0,6.0,6.0,1.0,2.0,9.0,3.0,6.0,1.0,6.0,4.0,9.0,1.0,1.0,1.0,2.0,10.0,6.0,2.0,2.0,5.0,5.0,1.0,10.0,1.0,2.0,4.0,5.0,13.0,1.0,1.0,1.0,1.0,4.0,4.0,3.0,1.0,2.0,1.0,1.0,1.0,2.0,4.0,4.0,5.0,11.0,1.0,1.0,1.0,1.0,5.0,2.0,7.0,1.0,1.0,2.0,1.0,1.0,1.0,3.0,3.0,2.0,2.0,3.0,5.0,1.0,2.0,1.0,-2.0,1.0,1.0,7.0,-3.0,-3.0,-3.0,-3.0,1.0,0.0,4.0,-2.0,5.0,-6.0,-6.0,-6.0,-6.0,-2.0,-1.0,-1.0,-6.0,-6.0,-6.0,-6.0,-3.0,-2.0,-1.0,-1.0,-3.0,-3.0,-3.0,-3.0,-2.0,-1.0,-1.0,2.0,-1.0,-6.0,-6.0,-6.0,-6.0,-6.0,-6.0,-6.0,1.0,1.0,-3.0,-3.0,7.0,2.0,-5.0,-5.0,-5.0,-5.0,1.0,-2.0,-2.0,2.0,1.0,-5.0,-6.0,-5.0,-5.0,2.0,1.0,1.0,1.0,-6.0,-6.0,-6.0,-6.0,-1.0,1.0,-2.0,-2.0,1.0,2.0,-13.0,-13.0,-1.0,-1.0,-2.0,2.0,1.0,-5.0,-5.0,-5.0,-5.0,-5.0,-5.0,1.0,1.0,-5.0,-5.0,-5.0,-5.0,-5.0,0.0,-3.0,-12.0,-12.0,1.0,5.0,-7.0,-7.0,-7.0,-7.0,1.0,7.0,1.0,1.0,1.0,2.0,11.0,1.0,4.0,1.0,3.0,6.0,1.0,2.0,3.0,15.0,3.0,2.0,3.0,4.0,1.0,6.0,6.0,4.0,2.0,1.0,1.0,1.0,1.0,3.28292789266683,1.0,3.0,7.0,1.0,3.0,1.0,1.0,1.0,3.0,-7.34608005137223,1.0,2.0,2.0,1.0,1.0,3.0,3.0,3.0,1.0,1.0,2.0,3.0,3.0,3.0,1.0,1.0,1.0,3.0,4.0,4.0,2.0,3.0,1.0,1.0,1.0,1.0,1.0,1.0,2.0,3.0,4.0,4.0,2.0,6.0,3.0,1.0,1.0,1.0,1.0,1.0,1.0,2.0,3.0,1.0,13.0,3.0,1.0,1.0,6.0,1.0,1.0,1.0,4.0,1.0,1.0,2.0,2.0,4.0,3.0,3.0,1.0,1.0,1.0,1.0,2.0,2.0,3.0,3.0,1.0,1.0,2.0,2.0,1.0,2.0,6.0,6.0,2.0,3.0,2.0,2.0,1.0,1.0,2.0,2.0,6.0,6.0,2.0,3.0,2.0,2.0,1.0,1.0,21.0,3.0,4.0,1.0,2.0,2.0,8.0,1.0,7.0,2.0,1.0,2.0,3.0,4.0,4.0,1.0,16.0,1.0,6.0,3.0,1.0,1.0,2.0,10.0,1.0,10.0,3.0,3.0,2.0,1.0,4.0,3.0,1.0,2.0,1.0,1.0,4.0,1.0,3.0,1.0,2.0,2.0,1.0,1.0,1.0,1.0,3.0,1.0,1.0,2.0,1.0,1.0,1.0,1.0,1.0,1.0,1.0,1.0,1.0,1.0,1.0,4.0,3.0,1.0,1.0,1.0,1.0,1.0,1.0,2.0,2.0,1.0,4.0,1.0,4.0,1.0,1.0,2.0,1.0,1.0,3.0,2.0,2.0,2.0,2.0,1.0,1.0,6.0,24.0,4.0,1.0,3.0,2.0,1.0,1.0,16.0,35.0,3.0,1.0,1.0,1.0,1.0,1.0,1.0,3.0,5.0,1.0,1.0,2.0,7.0,5.0,5.0,2.0,3.0,1.0,1.0,1.0,8.0,1.0,5.0,3.0,2.0,9.0,6.0,1.0,4.0,13.0,1.0,7.0,7.0,1.0,1.0,1.0,1.0,1.0,4.0,6.0,3.0,2.0,1.0,8.0,6.0,1.0,1.0,13.9225778927412,2.0,3.0,1.0,2.0,8.0,1.0,2.0,9.0,2.0,1.0,1.0,1.0,1.0,1.0,4.0,1.0,1.0,4.0,5.0,1.0,1.0,2.0,3.0,2.0,1.0,2.0,5.0,6.0,4.0,6.0,8.0,11.0,7.0,6.0,1.0,1.0,1.0,4.0,1.0,3.0,4.0,5.0,12.0,5.0,2.0,2.0,1.0,4.0,2.0,1.0,1.0,1.0,3.0,4.0,3.0,2.0,2.0,3.0,5.0,1.0,7.0,5.0,2.0,2.0,3.0,1.0,1.0,1.0,1.0,2.0,1.0,2.0,1.0,1.0,12.0,10.0,8.0,6.0,5.0,1.0,1.0,1.0,3.0,1.0,1.0,1.0,3.0,4.0,1.0,2.0,1.0,1.0,1.0,2.0,1.0,1.0,8.0,1.0,1.0,2.0,2.0,5.0,2.0,2.0,1.0,1.0,3.0,2.0,3.0,1.0,6.0,6.0,1.0,1.0,6.0,1.0,6.0,9.0,3.0,13.0,10.0,1.0,1.0,11.0,1.0,1.0,3.0,8.0,9.0,2.0,1.0,2.0,3.0,3.0,3.0,1.0,1.0,1.0,5.0,5.0,2.0,1.0,2.0,2.0,1.0,1.0,5.0,1.0,1.0,1.0,1.0,3.0,2.0,1.0,2.0,1.0,3.0,4.0,1.0,2.0,1.0,2.0,1.0,2.0,2.0,1.0,1.0,2.0,2.0,1.0,1.0,1.0,1.0,1.0,1.0,2.0,1.0,8.0,2.0,1.0,5.0,6.0,2.0,1.0,1.0,1.0,6.0,2.0,3.0,4.0,3.0,1.0,1.0,2.0,2.0,1.0,1.0,11.0,1.0,1.0,2.0,4.0,5.0,3.0,1.0,4.0,1.0,14.0,4.0,7.0,1.0,1.0,2.0,1.0,1.0,1.0,1.0,1.0,1.0,3.0,1.0,9.0,2.0,2.0,1.0,1.0,7.0,1.0,8.0,1.0,1.0,1.0,1.0,2.0,1.0,1.0,1.0,1.0,2.0,1.0,1.0,1.0,1.0,1.0,1.0,4.0,4.0,3.0,2.0,1.0,1.0,1.0,1.0,3.0,1.0,1.0,1.0,1.0,1.0,1.0,1.0,1.0,2.0,1.0,3.0,3.0,1.0,1.0,3.0,5.0,9.0,7.0,2.0,2.0,1.0,1.0,1.0,2.0,3.0,1.0,1.0,2.0,3.0,1.0,1.0,2.0,2.0,1.0,1.0,1.0,1.0,2.0,1.0,1.0,-1.0,-1.0,-2.0,-4.0,-12.0,-7.0,-6.0,-6.0,-9.0,-11.0,-2.0,-8.0,-10.0,-6.0,-11.0,-1.0,-1.0,-4.0,-1.0,-10.0,-11.0,-3.0,-8.0,-12.0,-10.0,-1.0,-1.0,-1.0,-1.0,-7.0,-7.0,-13.0,-7.0,2.0,1.0,1.0,1.0,2.0,1.0,1.0,5.0,1.0,2.0,1.0,1.0,3.0,1.0,3.0,1.0,1.0,1.0,1.0,1.0,1.0,1.0,1.0,4.0,1.0,1.0,2.0,1.0,1.0,3.0,1.0,1.0,2.0,1.0,1.0,2.0,3.0,1.0,2.0,1.0,1.0,1.0,1.0,1.0,1.0,2.0,1.0,2.0,1.0,2.0,5.0,6.0,1.0,2.0,1.0,1.0,3.0,1.0,1.0,2.0,3.0,3.0,1.0,1.0,2.0,5.0,5.0,1.0,1.0,4.0,3.0,2.0,1.0,1.0,-1.0,1.0,2.0,-3.0,1.0,1.0,-4.0,-4.0,-3.0,2.0,-1.0,-1.0,-1.0,-2.0,2.0,10.0,1.0,1.0,1.0,2.0,3.0,4.0,1.0,2.0,1.0,17.0,1.0,1.0,1.0,1.0,2.0,1.0,1.0,1.0,4.0,4.0,1.0,3.0,1.0,1.0,2.0,1.0,1.0,1.0,2.0,2.0,1.0,1.0,1.0,1.0,2.0,3.0,2.0,1.0,1.0,3.0,1.0,1.0,1.0,2.0,3.0,1.0,1.0,2.0,4.0,2.0,1.0,1.0,1.0,1.0,2.0,3.0,1.0,4.0,1.0,1.0,1.0,4.0,4.0,8.29083083375076,1.0,2.0,2.0,2.0,2.0,1.0,2.0,1.0,2.0,3.0,1.0,6.0,11.0,8.0,5.0,4.0,5.0,3.0,2.0,1.0,1.0,1.0,1.0,1.0,2.0,2.0,3.0,2.0,3.0,1.0,1.0,1.0,1.0,1.0,1.0,3.0,2.0,5.0,1.0,2.0,2.0,1.0,5.0,1.0,5.0,1.0,2.0,5.0,3.0,2.0,1.0,1.0,1.0,2.0,3.0,1.0,1.0,1.0,3.0,3.0,2.0,4.0,1.0,1.0,1.0,1.0,1.0,1.0,1.0,1.0,1.0,1.0,1.0,3.0,5.0,1.0,1.0,1.0,2.0,2.0,1.0,1.0,5.0,1.0,1.0,5.0,1.0,1.0,-7.0,-7.0,1.0,-1.0,-4.0,-2.0,-1.0,-2.0,-1.0,1.0,-1.0,-3.0,-5.0,0.0,-3.0,-1.0,-2.0,-4.0,1.0,-1.0,1.0,-1.0,-1.0,1.0,-1.0,-1.0,2.0,-2.0,-3.0,2.0,-2.0,-1.0,1.0,-1.0,-1.0,-2.0,1.0,-2.0,-1.0,2.0,-1.0,-1.0,-1.0,-1.0,-2.0,2.0,-2.0,-2.0,0.0,-1.0,-1.0,-1.0,-1.0,-1.0,1.0,1.0,1.0,7.0,1.0,1.0,1.0,1.0,1.0,2.0,1.0,1.0,12.0,1.0,1.0,1.0,1.0,1.0,1.0,2.0,1.0,1.0,1.0,1.0,2.0,4.0,3.0,1.0,1.0,3.0,1.0,1.0,1.0,1.0,2.0,1.0,1.0,1.0,1.0,1.0,2.0,1.0,1.0,3.0,7.0,2.0,1.0,1.0,1.0,1.0,1.0,1.0,1.0,1.0,1.0,1.0,1.0,1.0,6.0,1.0,1.0,1.0,1.0,1.0,1.0,1.0,1.0,1.0,1.0,1.0,1.0,1.0,1.0,1.0,1.0,4.0,1.0,1.0,1.0,1.0,1.0,1.0,1.0,1.0,1.0,1.0,1.0,1.0,1.0,1.0,1.0,1.0,1.0,1.0,1.0,-1.0,-1.0,1.0,1.0,2.0,-2.0,-2.0,-2.0,-2.0,-2.0,1.0,1.0,-3.0,-3.0,-3.0,-3.0,1.0,-5.0,-5.0,-5.0,1.0,1.0,1.0,1.0,2.0,1.0,1.0,-1.0,-1.0,-1.0,-1.0,-1.0,-1.0,4.0,4.0,1.0,1.0,3.0,1.0,1.0,1.0,1.0,1.0,3.0,3.0,2.0,1.0,1.0,1.0,1.0,1.0,2.0,1.0,1.0,2.0,2.0,1.0,1.0,1.0,1.0,1.0,3.0,3.0,3.0,1.0,1.0,2.0,1.0,1.0,2.0,2.0,2.0,1.0,1.0,1.0,2.0,1.0,1.0,1.0,1.0,3.0,1.0,1.0,1.0,1.0,4.0,2.0,5.0,1.0,2.0,1.0,1.0,1.0,1.0,3.0,1.0,2.0,3.0,2.0,1.0,1.0,1.0,2.0,2.0,2.0,2.0,1.0,6.0,3.0,6.0,1.0,1.0,1.0,3.0,1.0,4.0,5.0,1.0,1.0,1.0,1.0,1.0,17.0,1.0,2.0,12.0,1.0,2.0,3.0,8.0,13.0,5.0,2.0,1.0,2.0,6.0,4.0,4.0,2.0,1.0,3.0,2.0,1.0,1.0,1.0,7.85328613108487,1.0,1.0,1.0,3.0,1.0,1.0,1.0,3.0,1.0,1.0,1.0,2.0,3.0,7.0,4.0,3.0,1.0,2.0,2.0,2.0,1.0,1.0,1.0,1.0,1.0,1.0,1.0,1.0,1.0,1.0,1.0,1.0,1.0,1.0,1.0,1.0,1.0,1.0,1.0,1.0,1.0,1.0,1.0,1.0,1.0,3.0,1.0,1.0,2.0,2.0,2.0,2.0,3.0,1.0,1.0,1.0,2.0,1.0,4.0,3.0,1.0,1.0,1.0,2.0,1.0,1.0,1.0,5.0,3.0,2.0,1.0,1.0,1.0,1.0,1.0,1.0,1.0,1.0,1.0,3.0,4.0,3.0,1.0,1.0,1.0,1.0,1.0,1.0,1.0,1.0,1.0,1.0,1.0,1.0,2.0,1.0,1.0,1.0,1.0,1.0,1.0,1.0,1.0,1.0,1.0,1.0,2.0,1.0,1.0,1.0,1.0,1.0,1.0,1.0,1.0,1.0,1.0,1.0,1.0,1.0,3.0,8.0,2.0,1.0,2.0,1.0,1.0,4.0,1.0,1.0,1.0,1.0,1.0,1.0,1.0,7.0,5.0,2.0,3.0,1.0,1.0,2.0,1.0,1.0,1.0,1.0,1.0,1.0,2.0,3.0,1.0,2.0,2.0,2.0,1.0,3.0,1.0,1.0,1.0,1.0,3.0,2.0,3.0,3.0,1.0,1.0,2.0,2.0,2.0,3.0,2.0,1.0,3.0,1.0,2.0,2.0,2.0,2.0,2.0,2.0,1.0,1.0,1.0,1.0,1.0,1.0,1.0,1.0,1.0,2.0,1.0,1.0,1.0,3.0,1.0,1.0,1.0,1.0,1.0,1.0,1.0,2.0,1.0,6.0,1.0,5.0,1.0,4.0,1.0,8.0,1.0,3.0,3.0,4.0,1.0,2.0,2.0,1.0,1.0,3.0,2.0,3.0,1.0,2.0,1.0,1.0,2.0,1.0,1.0,4.0,6.0,1.0,1.0,1.0,2.0,2.0,1.0,1.0,3.0,5.0,4.0,1.0,1.0,5.0,1.0,1.0,2.0,1.0,1.0,1.0,4.0,-11.22710440214218,1.0,4.0,2.0,6.0,1.0,1.0,1.0,1.0,6.0,4.0,1.0,1.0,3.0,3.0,2.0,9.0,2.0,3.0,3.0,3.0,3.0,1.0,1.0,5.0,5.0,5.0,5.0,1.0,7.0,10.0,2.0,1.0,4.0,5.0,5.0,5.0,5.0,2.0,1.0,3.0,5.0,4.0,2.0,2.0,1.0,1.0,2.0,3.0,1.0,1.0,3.0,11.0,5.0,5.0,5.0,5.0,5.0,5.0,5.0,5.0,13.0,3.0,2.0,2.0,3.0,11.0,5.0,5.0,5.0,5.0,1.0,1.0,2.0,18.0,11.0,2.0,1.0,3.0,3.0,5.0,5.0,5.0,5.0,5.0,5.0,2.0,1.0,3.0,1.0,1.0,21.0,1.0,2.0,3.0,6.0,6.0,6.0,6.0,2.0,5.0,3.0,2.0,5.0,13.0,2.0,5.0,5.0,5.0,5.0,6.0,2.0,24.0,2.0,1.0,2.0,5.0,5.0,5.0,5.0,1.0,2.0,4.0,3.0,12.0,1.0,9.0,4.0,4.0,4.0,4.0,4.0,4.0,4.0,1.0,10.0,4.0,1.0,21.0,1.0,2.0,1.0,1.0,1.0,4.0,3.0,5.0,6.0,6.0,6.0,6.0,6.0,1.0,1.0,3.0,15.0,1.0,1.0,1.0,1.0,7.0,4.0,1.0,10.0,5.0,5.0,5.0,5.0,1.0,1.0,4.0,2.0,1.0,1.0,2.0,2.0,9.0,2.0,1.0,1.0,3.0,1.0,4.0,3.0,1.0,1.0,1.0,1.0,1.0,2.0,1.0,1.0,9.0,1.0,1.0,1.0,2.0,5.0,5.0,5.0,5.0,2.0,1.0,7.0,1.0,2.0,5.0,5.0,5.0,5.0,5.0,5.0,5.0,3.0,1.0,1.0,20.0,1.0,1.0,1.0,4.0,1.0,1.0,2.0,1.0,9.0,3.0,4.0,4.0,4.0,4.0,4.0,4.0,4.0,4.0,1.0,1.0,37.0,1.0,1.0,1.0,6.0,6.0,6.0,6.0,6.0,6.0,1.0,1.0,1.0,1.0,6.0,16.0,1.0,5.0,5.0,5.0,5.0,1.0,27.0,1.0,1.0,1.0,7.0,6.0,6.0,6.0,6.0,1.0,2.0,1.0,30.0,1.0,1.0,1.0,1.0,8.0,6.0,6.0,6.0,6.0,6.0,2.0,2.0,2.0,2.0,5.0,5.0,7.0,3.0,30.0,3.0,10.0,6.0,1.0,10.0,5.0,5.0,5.0,5.0,5.0,5.0,5.0,4.0,1.0,6.0,8.0,1.0,2.0,3.0,4.0,4.0,5.0,6.0,6.0,6.0,6.0,-5.0,-5.0,-5.0,-5.0,-5.0,-5.0,-5.0,-5.0,-5.0,-5.0,1.0
1.0,1.0,1.0,2.0,1.0,2.0,4.0,7.0,1.0,2.0,1.0,5.0,1.0,1.0,1.0,1.0,3.0,1.0,2.0,1.0,1.0,1.0,1.0,1.0,1.0,1.0,5.0,2.0,1.0,3.0,1.0,1.0,5.0,1.0,1.0,2.0,1.0,1.0,1.0,2.0,3.0,1.0,1.0,1.0,1.0,1.0,1.0,1.0,1.0,1.0,1.0,1.0,5.0,3.0,2.0,1.0,1.0,2.0,1.0,1.0,1.0,1.0,1.0,1.0,1.0,1.0,2.0,1.0,5.0,1.0,2.0,1.0,1.0,2.0,1.0,1.0,1.0,1.0,2.0,1.0,7.0,4.0,1.0,2.0,1.0,2.0,12.0,5.0,1.0,15.0,1.0,2.0,2.0,2.0,1.0,1.0,8.0,1.0,4.0,1.0,1.0,16.0,3.0,3.0,1.0,2.0,1.0,1.0,6.0,7.0,1.0,2.0,3.0,2.0,2.0,3.0,2.0,1.0,5.0,1.0,3.0,2.0,2.0,1.0,1.0,1.0,10.0,10.0,1.0,3.0,2.0,1.0,2.0,5.0,2.0,1.0,3.0,1.0,1.0,1.0,1.0,1.0,1.0,1.0,7.0,1.0,1.0,13.0,1.0,1.0,1.0,10.0,2.0,1.0,3.0,1.0,1.0,2.0,3.0,1.0,1.0,1.0,1.0,1.0,1.0,1.0,2.0,1.0,14.0,1.0,1.0,1.0,2.0,2.0,1.0,3.0,2.0,1.0,1.0,1.0,2.0,5.0,1.0,1.0,1.0,4.0,1.0,4.0,2.0,14.0,1.0,2.0,2.0,4.0,1.0,1.0,3.0,1.0,1.0,2.0,1.0,1.0,4.0,3.0,17.0,1.0,1.0,1.0,1.0,3.0,1.0,3.0,5.0,1.0,2.0,2.0,2.0,1.0,1.0,1.0,4.0,1.0,2.0,1.0,1.0,1.0,1.0,1.0,1.0,5.0,2.0,2.0,3.0,1.0,1.0,1.0,1.0,2.0,1.0,1.0,1.0,1.0,1.0,5.0,2.0,3.0,2.0,2.0,3.0,1.0,2.0,4.0,1.0,2.0,2.0,2.0,1.0,1.0,1.0,1.0,1.0,3.0,2.0,1.0,1.0,13.0,3.0,1.0,1.0,1.0,7.0,4.0,1.0,1.0,1.0,8.0,1.0,1.0,6.0,2.0,1.0,3.0,2.0,8.0,2.0,1.0,1.0,1.0,5.0,1.0,8.0,1.0,4.0,9.0,7.0,1.0,1.0,8.0,1.0,2.0,1.0,1.0,4.0,1.0,1.0,1.0,7.0,4.0,5.0,3.0,1.0,1.0,1.0,2.0,1.0,1.0,1.0,1.0,1.0,1.0,6.0,3.0,2.0,2.0,1.0,1.0,1.0,1.0,1.0,1.0,5.0,1.0,1.0,3.0,1.0,1.0,3.0,3.0,1.0,1.0,1.0,2.0,2.0,1.0,1.0,1.0,3.0,4.0,4.0,1.0,1.0,1.0,2.0,1.0,2.0,2.0,2.0,8.0,9.0,3.0,1.0,2.0,1.0,1.0,3.0,2.0,2.0,1.0,5.0,1.0,3.0,3.0,3.0,4.0,1.0,1.0,2.0,2.0,3.0,3.0,1.0,3.0,2.0,1.0,1.0,1.0,1.0,1.0,1.0,1.0,1.0,1.0,1.0,1.0,2.0,10.0,2.0,3.0,3.0,3.0,2.0,1.0,1.0,1.0,1.0,2.0,1.0,15.0,3.0,3.0,3.0,3.0,1.0,1.0,11.0,2.0,2.0,2.0,3.0,1.0,1.0,1.0,1.0,9.0,2.0,2.0,3.0,3.0,1.0,1.0,1.0,2.0,1.0,13.0,2.0,2.0,3.0,3.0,6.0,5.0,2.0,2.0,2.0,2.0,3.0,3.0,4.0,3.0,2.0,2.0,3.0,3.0,4.0,2.0,7.0,3.0,3.0,2.0,2.0,1.0,3.0,7.0,2.0,13.0,6.0,4.0,1.0,1.0,1.0,2.0,1.0,3.0,2.0,10.0,2.0,14.0,1.0,1.0,1.0,9.0,3.0,2.0,1.0,1.0,10.0,2.0,1.0,1.0,1.0,2.0,3.0,7.0,5.0,1.0,1.0,1.0,2.0,6.0,2.0,2.0,4.0,2.0,1.0,1.0,1.0,3.0,2.0,10.0,3.0,1.0,1.0,1.0,5.0,3.0,5.0,1.0,3.0,1.0,1.0,2.0,2.0,3.0,2.0,1.0,2.0,1.0,1.0,1.0,2.0,1.0,1.0,1.0,1.0,5.0,1.0,2.0,1.0,1.0,1.0,1.0,1.0,4.0,1.0,1.0,14.0,1.0,4.0,1.0,13.0,11.0,2.0,2.0,1.0,5.0,1.0,11.0,1.0,1.0,1.0,1.0,1.0,4.0,1.0,1.0,1.0,1.0,3.0,1.0,3.0,1.0,5.0,9.0,1.0,1.0,1.0,1.0,4.0,1.0,6.0,13.0,1.0,3.0,3.0,4.0,1.0,3.0,1.0,4.0,1.0,14.0,9.0,12.0,7.0,1.0,1.0,1.0,2.0,4.0,4.0,6.0,10.0,8.0,21.0,4.0,4.0,3.0,2.0,4.0,1.0,2.0,12.0,11.0,1.0,3.0,4.0,1.0,1.0,1.0,1.0,3.0,6.0,7.0,2.0,5.0,3.0,3.0,8.0,10.0,2.0,19.0,8.0,5.0,1.0,3.0,2.0,6.0,2.0,2.0,1.0,2.0,3.0,8.0,9.0,6.0,6.0,1.0,1.0,2.0,2.0,2.0,8.0,4.0,5.0,8.0,7.0,13.0,3.0,9.0,2.0,1.0,3.0,5.0,1.0,3.0,1.0,1.0,7.0,8.0,1.0,2.0,1.0,1.0,6.0,1.0,1.0,1.0,5.0,15.0,1.0,2.0,7.0,5.0,4.0,5.0,4.0,16.0,6.0,4.0,2.0,1.0,1.0,1.0,1.0,1.0,1.0,2.0,1.0,7.0,7.0,4.0,1.0,2.0,1.0,2.0,1.0,1.0,1.0,1.0,2.0,2.0,1.0,1.0,1.0,1.0,1.0,1.0,1.0,1.0,1.0,1.0,1.0,2.0,2.0,4.0,1.0,1.0,1.0,2.0,7.0,1.0,1.0,1.0,1.0,1.0,1.0,1.0,2.0,3.0,6.0,7.0,4.0,1.0,3.0,1.0,1.0,1.0,1.0,1.0,1.0,1.0,1.0,1.0,2.0,1.0,1.0,2.0,1.0,1.0,1.0,2.0,1.0,1.0,1.0,1.0,1.0,2.0,2.0,3.0,6.0,1.0,1.0,2.0,1.0,1.0,2.0,1.0,1.0,13.0,19.0,2.0,1.0,1.0,4.0,1.0,1.0,1.0,3.02507226805276,1.0,1.0,1.0,1.0,1.0,1.0,1.0,2.0,1.0,1.0,1.0,16.0,15.0,1.0,2.0,2.0,2.0,1.0,1.0,1.0,2.0,1.0,1.0,1.0,1.0,1.0,2.0,1.0,1.0,3.0,1.0,1.0,1.0,2.0,1.0,1.0,12.0,7.0,1.0,5.0,1.0,3.0,1.0,1.0,1.0,2.0,3.0,1.0,1.0,6.0,7.0,3.0,5.0,3.0,1.0,1.0,3.0,2.0,1.0,7.0,16.0,1.0,1.0,5.0,3.0,1.0,1.0,3.0,2.0,1.0,2.42952489648403,1.0,2.0,3.0,3.0,1.0,1.0,2.0,1.0,1.0,1.0,2.0,30.0,1.0,4.0,7.0,1.0,1.0,1.0,1.0,1.0,2.0,1.0,2.0,1.0,1.0,1.0,1.0,1.0,1.0,5.0,24.0,4.0,2.0,1.0,1.0,1.0,1.0,1.0,1.0,2.0,2.0,3.0,1.0,2.0,1.0,1.0,1.0,1.0,1.0,1.0,1.0,2.0,1.0,1.0,1.0,1.0,1.0,1.0,1.0,1.0,3.0,1.0,1.0,1.0,3.0,5.0,2.0,3.0,1.0,1.0,2.0,1.0,2.0,1.0,3.0,1.0,2.0,1.0,1.0,2.0,2.0,2.0,1.0,1.0,5.0,2.0,2.0,4.0,1.0,3.0,1.0,4.0,1.0,1.0,2.0,1.0,1.0,4.0,1.0,2.0,1.0,1.0,2.0,4.0,1.0,2.0,2.0,5.0,1.0,1.0,2.0,1.0,1.0,3.0,1.0,1.0,3.0,3.0,5.0,3.0,4.0,1.0,1.0,1.0,2.0,1.0,2.0,1.0,2.0,1.0,1.0,3.0,1.0,1.0,1.0,1.0,2.0,1.0,1.0,1.0,2.0,1.0,1.0,1.0,1.0,1.0,1.0,1.0,1.0,4.0,1.0,1.0,1.0,2.0,1.0,6.0,1.0,1.0,1.0,2.0,2.0,1.0,1.0,1.0,-1.4723449689335,2.0,1.0,1.0,2.0,1.0,-1.0,-1.0,-1.0,-1.0,-2.0,1.0,9.0,-1.0,1.0,-1.0,-1.0,-5.0,-4.0,-3.0,-4.0,-5.0,-5.0,1.0,1.0,1.0,6.0,6.0,2.0,1.0,3.0,2.0,1.0,4.0,5.0,1.0,3.0,1.0,1.0,2.0,1.0,5.0,1.0,1.0,10.0,4.0,1.0,1.0,1.0,3.0,7.0,1.0,2.0,8.0,1.0,2.0,1.0,1.0,1.0,2.0,1.0,2.0,9.0,1.0,9.0,1.0,1.0,1.0,3.0,1.0,1.0,4.0,4.0,1.0,2.0,1.0,2.0,1.0,1.0,1.0,2.0,1.0,1.0,2.0,4.0,1.0,1.0,10.0,1.0,1.0,1.0,3.0,1.0,4.0,4.0,9.0,1.0,1.0,5.0,1.0,1.0,1.0,4.0,2.0,5.0,1.0,7.0,1.0,5.0,1.0,1.0,1.0,2.0,1.0,5.0,4.0,6.0,1.0,-3.0,-1.0,-1.0,-14.90931735451625,-2.0,-2.0,-1.0,-1.0,-1.0,-1.0,-3.0,-1.0,-2.0,-4.0,-1.0,-2.0,-1.0,-1.0,-1.0,5.0,4.0,2.0,7.0,2.0,1.0,2.0,1.0,2.0,1.0,3.0,4.0,4.0,1.0,1.0,2.0,4.0,2.0,6.0,1.0,5.0,1.0,8.0,7.0,1.0,4.0,3.0,1.0,1.0,1.0,2.0,1.0,4.0,1.0,1.0,1.0,1.0,2.0,1.0,1.0,3.0,2.0,4.0,7.0,7.0,4.0,1.0,1.0,4.0,1.0,1.0,2.0,1.0,1.0,5.0,1.0,2.0,7.0,4.0,2.0,2.0,1.0,1.0,1.0,2.0,2.0,2.0,1.0,1.0,2.0,6.0,1.0,4.0,2.0,3.0,17.0,1.0,8.0,8.0,1.0,1.0,2.0,2.0,1.0,1.0,2.0,2.0,11.0,5.0,2.0,1.0,2.0,2.0,2.0,2.0,2.0,2.0,2.0,2.0,2.0,1.0,1.0,25.0,6.0,5.0,5.0,5.0,5.0,5.0,5.0,3.0,2.0,1.0,1.0,2.0,1.0,1.0,12.0,15.0,4.0,4.0,5.0,4.0,4.0,5.0,2.0,1.0,5.0,1.0,1.0,2.0,1.0,16.0,5.0,4.0,5.0,4.0,10.0,2.0,4.0,3.0,3.0,6.0,4.0,4.0,4.0,4.0,4.0,4.0,4.0,4.0,4.0,2.0,4.0,4.0,4.0,4.0,4.0,4.0,1.0,0.98841487884133,4.0,4.0,4.0,4.0,4.0,4.0,1.0,1.0,1.0,1.0,1.0,1.0,4.0,4.0,4.0,4.0,4.0,4.0,4.0,4.0,4.0,4.0,1.0,1.0,1.0,1.0,3.0,1.0,1.0,10.0,1.0,1.0,1.0,1.0,1.0,21.0,15.0,1.0,1.0,1.0,1.0,1.0,1.0,5.0,1.0,6.0,2.0,2.0,23.0,14.0,1.0,3.0,3.0,3.0,3.0,3.0,3.0,3.0,3.0,1.0,1.0,1.0,1.0,1.0,6.0,1.0,4.0,10.0,9.0,26.0,7.0,3.0,3.0,4.0,3.0,3.0,3.0,4.0,3.0,1.0,1.0,1.0,1.0,3.0,1.0,1.0,13.0,2.0,2.0,2.0,2.0,2.0,2.0,2.0,1.0,1.0,2.0,2.0,2.0,2.0,2.0,2.0,3.0,2.0,1.0,2.0,2.0,2.0,2.0,2.0,2.0,2.0,1.0,2.0,2.0,2.0,2.0,2.0,2.0,2.0,2.0,2.0,2.0,2.0,1.0,-2.0,1.0,4.0,1.0,-4.0,-4.0,-5.0,-4.0,-4.0,-4.0,-5.0,-4.0,-1.0,1.0,2.0,-1.0,1.0,-4.0,-5.0,-4.0,-4.0,-5.0,-4.0,2.0,1.0,-5.0,-6.0,-5.0,-5.0,-6.0,-5.0,1.0,1.0,1.0,-5.0,-5.0,-5.0,-5.0,-5.0,-5.0,-1.0,1.0,-1.0,-5.0,-5.0,-5.0,-5.0,-5.0,-5.0,-3.0,-4.0,-1.0,-1.0,-3.0,-1.0,0.0,1.0,-9.0,-5.0,1.0,-1.0,-2.0,-1.0,-1.0,-2.0,-1.0,-3.0,-2.0,-1.0,-1.0,-1.0,-1.0,-1.0,-3.0,-1.0,-1.0,-1.0,-1.0,-3.0,-2.0,-3.0,-2.0,-1.0,-1.0,-1.0,-2.0,7.0,-4.0,-2.0,-3.0,-3.0,-1.0,-1.0,-1.0,1.0,1.0,0.0,-1.0,-5.0,-7.0,-1.0,-2.0,-1.0,9.0,2.0,13.0,-1.0,-1.0,-1.0,-5.0,-5.0,-2.0,-4.0,1.0,5.0,4.0,2.0,2.0,1.0,2.0,15.0,17.0,4.0,5.0,7.0,13.0,1.0,3.0,1.0,1.0,1.0,12.0,5.0,5.0,1.0,11.0,2.0,4.0,2.0,1.0,14.35346510062307,4.0,2.0,1.0,1.0,2.0,1.0,1.0,2.0,1.0,1.0,2.0,6.0,1.0,1.0,2.0,4.0,3.0,2.0,2.0,3.0,7.0,1.0,1.0,1.0,1.0,1.0,2.0,1.0,1.0,1.0,1.0,1.0,1.0,1.0,1.0,2.0,2.0,1.0,4.0,1.0,1.0,1.0,1.0,3.0,1.0,2.0,6.0,1.0,1.0,1.0,1.0,1.0,1.0,1.0,1.0,1.0,1.0,1.0,1.0,3.0,1.0,1.0,3.0,2.0,2.0,2.0,5.0,-20.94157324031526,2.0,2.0,4.0,3.0,1.0,2.0,2.0,2.0,2.0,1.0,1.0,2.0,2.0,2.0,1.0,1.0,1.0,1.0,1.0,2.0,1.0,4.0,1.0,1.0,1.0,1.0,2.0,1.0,1.0,1.0,5.0,5.0,1.0,4.0,3.0,2.0,2.0,1.0,5.0,1.0,3.0,4.0,2.0,1.0,3.0,3.0,4.0,3.0,3.0,1.0,1.0,2.0,1.0,3.0,2.0,4.0,2.0,1.0,4.0,2.0,1.0,2.0,3.0,3.0,3.0,3.0,2.0,1.0,4.0,5.0,1.0,1.0,5.0,4.0,2.0,1.0,1.0,1.0,6.0,10.0,1.0,5.0,5.0,1.0,7.0,2.0,1.0,10.0,4.0,3.0,3.0,1.0,7.0,1.0,11.0,1.0,2.0,2.0,1.0,3.0,2.0,1.0,1.0,5.0,8.0,1.0,7.0,3.0,1.0,2.0,2.0,1.0,2.0,1.0,1.0,1.0,1.0,2.0,7.0,6.0,1.0,2.0,1.0,1.0,1.0,1.0,5.0,1.0,1.0,2.0,5.0,1.0,2.0,7.0,6.0,6.0,1.0,2.0,9.0,3.0,6.0,1.0,6.0,4.0,9.0,1.0,1.0,1.0,2.0,10.0,6.0,2.0,2.0,5.0,5.0,1.0,10.0,1.0,2.0,4.0,5.0,13.0,1.0,1.0,1.0,1.0,4.0,4.0,3.0,1.0,2.0,1.0,1.0,1.0,2.0,4.0,4.0,5.0,11.0,1.0,1.0,1.0,1.0,5.0,2.0,7.0,1.0,1.0,2.0,1.0,1.0,1.0,3.0,3.0,2.0,2.0,3.0,5.0,1.0,2.0,1.0,-2.0,1.0,1.0,7.0,-3.0,-3.0,-3.0,-3.0,1.0,0.0,4.0,-2.0,5.0,-6.0,-6.0,-6.0,-6.0,-2.0,-1.0,-1.0,-6.0,-6.0,-6.0,-6.0,-3.0,-2.0,-1.0,-1.0,-3.0,-3.0,-3.0,-3.0,-2.0,-1.0,-1.0,2.0,-1.0,-6.0,-6.0,-6.0,-6.0,-6.0,-6.0,-6.0,1.0,1.0,-3.0,-3.0,7.0,2.0,-5.0,-5.0,-5.0,-5.0,1.0,-2.0,-2.0,2.0,1.0,-5.0,-6.0,-5.0,-5.0,2.0,1.0,1.0,1.0,-6.0,-6.0,-6.0,-6.0,-1.0,1.0,-2.0,-2.0,1.0,2.0,-13.0,-13.0,-1.0,-1.0,-2.0,2.0,1.0,-5.0,-5.0,-5.0,-5.0,-5.0,-5.0,1.0,1.0,-5.0,-5.0,-5.0,-5.0,-5.0,0.0,-3.0,-12.0,-12.0,1.0,5.0,-7.0,-7.0,-7.0,-7.0,1.0,7.0,1.0,1.0,1.0,2.0,11.0,1.0,4.0,1.0,3.0,6.0,1.0,2.0,3.0,15.0,3.0,2.0,3.0,4.0,1.0,6.0,6.0,4.0,2.0,1.0,1.0,1.0,1.0,1.0,1.0,3.0,7.0,1.0,3.0,1.0,1.0,1.0,3.0,2.0,1.0,2.0,2.0,1.0,1.0,3.0,3.0,3.0,1.0,1.0,2.0,3.0,3.0,3.0,1.0,1.0,1.0,3.0,4.0,4.0,2.0,3.0,1.0,1.0,1.0,1.0,1.0,1.0,2.0,3.0,4.0,4.0,2.0,6.0,3.0,1.0,1.0,1.0,1.0,1.0,1.0,2.0,3.0,1.0,13.0,3.0,1.0,1.0,6.0,1.0,1.0,1.0,4.0,1.0,1.0,2.0,2.0,4.0,3.0,3.0,1.0,1.0,1.0,1.0,2.0,2.0,3.0,3.0,1.0,1.0,2.0,2.0,1.0,2.0,6.0,6.0,2.0,3.0,2.0,2.0,1.0,1.0,2.0,2.0,6.0,6.0,2.0,3.0,2.0,2.0,1.0,1.0,21.0,3.0,4.0,1.0,2.0,2.0,8.0,1.0,7.0,2.0,1.0,2.0,3.0,4.0,4.0,1.0,16.0,1.0,6.0,3.0,1.0,1.0,2.0,10.0,1.0,10.0,3.0,3.0,2.0,1.0,4.0,3.0,1.0,2.0,1.0,1.0,4.0,1.0,3.0,1.0,2.0,2.0,1.0,1.0,1.0,1.0,3.0,1.0,1.0,2.0,1.0,1.0,1.0,1.0,1.0,1.0,1.0,1.0,1.0,1.0,1.0,4.0,3.0,1.0,1.0,1.0,1.0,1.0,1.0,2.0,2.0,1.0,4.0,1.0,4.0,1.0,1.0,2.0,1.0,1.0,3.0,2.0,2.0,2.0,2.0,1.0,1.0,6.0,24.0,4.0,1.0,3.0,2.0,1.0,1.0,16.0,35.0,3.0,1.0,1.0,1.0,1.0,1.0,1.0,3.0,5.0,1.0,1.0,2.0,7.0,5.0,5.0,2.0,3.0,1.0,1.0,1.0,8.0,1.0,5.0,3.0,2.0,9.0,6.0,1.0,4.0,13.0,1.0,7.0,7.0,1.0,1.0,1.0,1.0,1.0,4.0,6.0,3.0,2.0,1.0,8.0,6.0,1.0,1.0,1.0,2.0,3.0,1.0,2.0,8.0,1.0,2.0,9.0,2.0,1.0,1.0,1.0,1.0,1.0,4.0,1.0,1.0,4.0,5.0,1.0,1.0,2.0,3.0,2.0,1.0,2.0,5.0,6.0,4.0,6.0,8.0,11.0,7.0,6.0,1.0,1.0,1.0,4.0,1.0,3.0,4.0,5.0,12.0,5.0,2.0,2.0,1.0,4.0,2.0,1.0,1.0,1.0,3.0,4.0,3.0,2.0,2.0,3.0,5.0,1.0,7.0,5.0,2.0,2.0,3.0,1.0,1.0,1.0,1.0,2.0,1.0,2.0,1.0,1.0,12.0,10.0,8.0,6.0,5.0,1.0,1.0,1.0,3.0,1.0,1.0,1.0,3.0,4.0,1.0,2.0,1.0,1.0,1.0,2.0,1.0,1.0,8.0,1.0,1.0,2.0,2.0,5.0,2.0,2.0,1.0,1.0,3.0,2.0,3.0,1.0,6.0,6.0,1.0,1.0,6.0,1.0,6.0,9.0,3.0,13.0,10.0,1.0,1.0,11.0,1.0,1.0,3.0,8.0,9.0,2.0,1.0,2.0,3.0,3.0,3.0,1.0,1.0,1.0,5.0,5.0,2.0,1.0,2.0,2.0,1.0,1.0,5.0,1.0,1.0,1.0,1.0,3.0,2.0,1.0,2.0,1.0,3.0,4.0,1.0,2.0,1.0,2.0,1.0,2.0,2.0,1.0,1.0,2.0,2.0,1.0,1.0,1.0,1.0,1.0,1.0,2.0,1.0,8.0,2.0,1.0,5.0,6.0,2.0,1.0,1.0,1.0,6.0,2.0,3.0,4.0,3.0,1.0,1.0,2.0,2.0,1.0,1.0,11.0,1.0,1.0,2.0,4.0,5.0,3.0,1.0,4.0,1.0,14.0,4.0,7.0,1.0,1.0,2.0,1.0,1.0,1.0,1.0,1.0,1.0,3.0,1.0,9.0,2.0,2.0,1.0,1.0,7.0,1.0,8.0,1.0,1.0,1.0,1.0,2.0,1.0,1.0,1.0,1.0,2.0,1.0,1.0,1.0,1.0,1.0,1.0,4.0,4.0,3.0,2.0,1.0,1.0,1.0,1.0,3.0,1.0,1.0,1.0,1.0,1.0,1.0,1.0,1.0,2.0,1.0,3.0,3.0,1.0,1.0,3.0,5.0,9.0,7.0,2.0,2.0,1.0,1.0,1.0,2.0,3.0,1.0,1.0,2.0,3.0,1.0,1.0,2.0,2.0,1.0,1.0,1.0,1.0,2.0,1.0,1.0,-1.0,-1.0,-2.0,-4.0,-12.0,-7.0,-6.0,-6.0,-9.0,-11.0,-2.0,-8.0,-10.0,-6.0,-11.0,-1.0,-1.0,-4.0,-1.0,-10.0,-11.0,-3.0,-8.0,-12.0,-10.0,-1.0,-1.0,-1.0,-1.0,-7.0,-7.0,-13.0,-7.0,2.0,1.0,1.0,1.0,2.0,1.0,1.0,5.0,1.0,2.0,1.0,1.0,3.0,1.0,3.0,1.0,1.0,1.0,1.0,1.0,1.0,1.0,1.0,4.0,1.0,1.0,2.0,1.0,1.0,3.0,1.0,1.0,2.0,1.0,1.0,2.0,3.0,1.0,2.0,1.0,1.0,1.0,1.0,1.0,1.0,2.0,1.0,2.0,1.0,2.0,5.0,6.0,1.0,2.0,1.0,1.0,3.0,1.0,1.0,2.0,3.0,3.0,1.0,1.0,2.0,5.0,5.0,1.0,1.0,4.0,3.0,2.0,1.0,1.0,-1.0,1.0,2.0,-3.0,1.0,1.0,-4.0,-4.0,-3.0,2.0,-1.0,-1.0,-1.0,-2.0,2.0,10.0,1.0,1.0,1.0,2.0,3.0,4.0,1.0,2.0,1.0,17.0,1.0,1.0,1.0,1.0,2.0,1.0,1.0,1.0,4.0,4.0,1.0,3.0,1.0,1.0,2.0,1.0,1.0,1.0,2.0,2.0,1.0,1.0,1.0,1.0,2.0,3.0,2.0,1.0,1.0,3.0,1.0,1.0,1.0,2.0,3.0,1.0,1.0,2.0,4.0,2.0,1.0,1.0,1.0,1.0,2.0,3.0,1.0,4.0,1.0,1.0,1.0,4.0,4.0,1.0,1.0,2.0,2.0,2.0,2.0,1.0,2.0,1.0,2.0,3.0,1.0,6.0,11.0,8.0,5.0,4.0,5.0,3.0,2.0,1.0,1.0,1.0,1.0,1.0,2.0,2.0,3.0,2.0,3.0,1.0,1.0,1.0,1.0,1.0,1.0,3.0,2.0,5.0,1.0,2.0,2.0,1.0,5.0,1.0,5.0,1.0,2.0,5.0,3.0,2.0,1.0,1.0,1.0,2.0,3.0,1.0,1.0,1.0,3.0,3.0,2.0,4.0,1.0,1.0,1.0,1.0,1.0,1.0,1.0,1.0,1.0,1.0,1.0,3.0,5.0,1.0,1.0,1.0,2.0,2.0,1.0,1.0,5.0,1.0,1.0,5.0,1.0,1.0,-7.0,-7.0,1.0,-1.0,-4.0,-2.0,-1.0,-2.0,-1.0,1.0,-1.0,-3.0,-5.0,0.0,-3.0,-1.0,-2.0,-4.0,1.0,-1.0,1.0,-1.0,-1.0,1.0,-1.0,-1.0,2.0,-2.0,-3.0,2.0,-2.0,-1.0,1.0,-1.0,-1.0,-2.0,1.0,-2.0,-1.0,2.0,-1.0,-1.0,-1.0,-1.0,-2.0,2.0,-2.0,-2.0,0.0,-1.0,-1.0,-1.0,-1.0,-1.0,1.0,1.0,1.0,7.0,1.0,1.0,1.0,1.0,1.0,2.0,1.0,1.0,12.0,1.0,1.0,1.0,1.0,1.0,1.0,2.0,1.0,1.0,1.0,1.0,2.0,4.0,3.0,1.0,1.0,3.0,1.0,1.0,1.0,1.0,2.0,1.0,1.0,1.0,1.0,1.0,2.0,1.0,1.0,3.0,7.0,2.0,1.0,1.0,1.0,1.0,1.0,1.0,1.0,1.0,1.0,1.0,1.0,1.0,6.0,1.0,1.0,1.0,1.0,1.0,1.0,1.0,1.0,1.0,1.0,1.0,1.0,1.0,1.0,1.0,1.0,4.0,1.0,1.0,1.0,1.0,1.0,1.0,1.0,1.0,1.0,1.0,1.0,1.0,1.0,1.0,1.0,1.0,1.0,1.0,1.0,-1.0,-1.0,1.0,1.0,2.0,-2.0,-2.0,-2.0,-2.0,-2.0,1.0,1.0,-3.0,-3.0,-3.0,-3.0,1.0,-5.0,-5.0,-5.0,1.0,1.0,1.0,1.0,2.0,1.0,1.0,-1.0,-1.0,-1.0,-1.0,-1.0,-1.0,4.0,4.0,1.0,1.0,3.0,1.0,1.0,1.0,1.0,1.0,3.0,3.0,2.0,1.0,1.0,1.0,1.0,1.0,2.0,1.0,1.0,2.0,2.0,1.0,1.0,1.0,1.0,1.0,3.0,3.0,3.0,1.0,1.0,2.0,1.0,1.0,2.0,2.0,2.0,1.0,1.0,1.0,2.0,1.0,1.0,1.0,1.0,3.0,1.0,1.0,1.0,1.0,4.0,2.0,5.0,1.0,2.0,1.0,1.0,1.0,1.0,3.0,1.0,2.0,3.0,2.0,1.0,1.0,1.0,2.0,2.0,2.0,2.0,1.0,6.0,3.0,6.0,1.0,1.0,1.0,3.0,1.0,4.0,5.0,1.0,1.0,1.0,1.0,1.0,17.0,1.0,2.0,12.0,1.0,2.0,3.0,8.0,13.0,5.0,2.0,1.0,2.0,6.0,4.0,4.0,2.0,1.0,3.0,2.0,1.0,1.0,1.0,3.0,1.0,1.0,1.0,3.0,1.0,1.0,1.0,3.0,1.0,1.0,1.0,2.0,3.0,7.0,4.0,3.0,1.0,2.0,2.0,2.0,1.0,1.0,1.0,1.0,1.0,1.0,1.0,1.0,1.0,1.0,1.0,1.0,1.0,1.0,1.0,1.0,1.0,1.0,1.0,1.0,1.0,1.0,1.0,1.0,1.0,3.0,1.0,1.0,2.0,2.0,2.0,2.0,3.0,1.0,1.0,1.0,2.0,1.0,4.0,3.0,1.0,1.0,1.0,2.0,1.0,8.83298284432326,1.0,5.0,3.0,2.0,1.0,1.0,1.0,1.0,1.0,1.0,1.0,1.0,1.0,3.0,4.0,3.0,1.0,1.0,1.0,1.0,1.0,1.0,1.0,1.0,1.0,1.0,1.0,1.0,2.0,1.0,1.0,1.0,1.0,1.0,1.0,1.0,1.0,1.0,1.0,1.0,2.0,1.0,1.0,1.0,1.0,1.0,1.0,1.0,1.0,1.0,1.0,1.0,1.0,1.0,3.0,8.0,2.0,1.0,2.0,1.0,1.0,4.0,1.0,1.0,1.0,1.0,1.0,1.0,1.0,7.0,5.0,2.0,3.0,1.0,1.0,2.0,1.0,1.0,1.0,1.0,1.0,1.0,2.0,3.0,1.0,2.0,2.0,2.0,1.0,3.0,1.0,1.0,1.0,1.0,3.0,2.0,3.0,3.0,1.0,1.0,2.0,2.0,2.0,3.0,2.0,1.0,3.0,1.0,2.0,2.0,2.0,2.0,2.0,2.0,1.0,1.0,1.0,1.0,1.0,1.0,1.0,1.0,1.0,2.0,1.0,1.0,1.0,3.0,1.0,1.0,1.0,1.0,1.0,1.0,1.0,2.0,1.0,6.0,1.0,5.0,1.0,4.0,1.0,8.0,1.0,3.0,3.0,4.0,1.0,2.0,2.0,1.0,1.0,3.0,2.0,3.0,1.0,2.0,1.0,1.0,2.0,1.0,1.0,4.0,6.0,1.0,1.0,1.0,2.0,2.0,1.0,1.0,3.0,5.0,4.0,1.0,1.0,5.0,1.0,1.0,2.0,1.0,1.0,1.0,4.0,2.0,1.0,4.0,2.0,6.0,1.0,1.0,1.0,1.0,6.0,4.0,1.0,1.0,3.0,3.0,2.0,9.0,2.0,3.0,3.0,3.0,3.0,1.0,1.0,5.0,5.0,5.0,5.0,1.0,7.0,10.0,2.0,1.0,4.0,5.0,5.0,5.0,5.0,2.0,1.0,3.0,5.0,4.0,2.0,2.0,1.0,1.0,2.0,3.0,1.0,1.0,3.0,11.0,5.0,5.0,5.0,5.0,5.0,5.0,5.0,5.0,13.0,3.0,2.0,2.0,3.0,11.0,5.0,5.0,5.0,5.0,1.0,1.0,2.0,18.0,11.0,2.0,1.0,3.0,3.0,5.0,5.0,5.0,5.0,5.0,5.0,2.0,1.0,3.0,1.0,1.0,21.0,1.0,2.0,3.0,6.0,6.0,6.0,6.0,2.0,5.0,3.0,2.0,5.0,13.0,2.0,5.0,5.0,5.0,5.0,6.0,2.0,24.0,2.0,1.0,2.0,5.0,5.0,5.0,5.0,1.0,2.0,4.0,3.0,12.0,1.0,9.0,4.0,4.0,4.0,4.0,4.0,4.0,4.0,1.0,10.0,4.0,1.0,21.0,1.0,2.0,1.0,1.0,1.0,4.0,3.0,5.0,6.0,6.0,6.0,6.0,6.0,1.0,1.0,3.0,15.0,1.0,1.0,1.0,1.0,7.0,4.0,1.0,10.0,5.0,5.0,5.0,5.0,1.0,1.0,4.0,2.0,1.0,1.0,2.0,2.0,9.0,2.0,1.0,1.0,3.0,1.0,4.0,3.0,1.0,1.0,1.0,1.0,1.0,2.0,1.0,1.0,9.0,1.0,1.0,1.0,2.0,5.0,5.0,5.0,5.0,2.0,1.0,7.0,1.0,2.0,5.0,5.0,5.0,5.0,5.0,5.0,5.0,3.0,1.0,1.0,20.0,1.0,1.0,1.0,4.0,1.0,1.0,2.0,1.0,9.0,3.0,4.0,4.0,4.0,4.0,4.0,4.0,4.0,4.0,1.0,1.0,37.0,1.0,1.0,1.0,6.0,6.0,6.0,6.0,6.0,6.0,1.0,1.0,1.0,1.0,6.0,16.0,1.0,5.0,5.0,5.0,5.0,1.0,27.0,1.0,1.0,1.0,7.0,6.0,6.0,6.0,6.0,1.0,2.0,1.0,30.0,1.0,1.0,1.0,1.0,8.0,6.0,6.0,6.0,6.0,6.0,2.0,2.0,2.0,2.0,5.0,5.0,7.0,3.0,30.0,3.0,10.0,6.0,1.0,10.0,5.0,5.0,5.0,5.0,5.0,5.0,5.0,4.0,1.0,6.0,8.0,1.0,2.0,3.0,4.0,4.0,5.0,6.0,6.0,6.0,6.0,-5.0,-5.0,-5.0,-5.0,-5.0,-5.0,-5.0,-5.0,-5.0,-5.0,1.0
1.0,1.0,1.0,2.0,1.0,2.0,4.0,7.0,1.0,2.0,1.0,5.0,1.0,1.0,1.0,1.0,3.0,1.0,2.0,1.0,1.0,1.0,1.0,1.0,1.0,1.0,5.0,2.0,1.0,3.0,1.0,1.0,5.0,1.0,1.0,2.0,1.0,1.0,1.0,2.0,3.0,1.0,1.0,1.0,1.0,1.0,1.0,1.0,1.0,1.0,1.0,1.0,5.0,3.0,2.0,1.0,1.0,2.0,1.0,1.0,1.0,1.0,1.0,1.0,1.0,1.0,2.0,1.0,5.0,1.0,2.0,1.0,1.0,2.0,1.0,1.0,1.0,1.0,2.0,1.0,7.0,4.0,1.0,2.0,1.0,2.0,12.0,5.0,1.0,15.0,1.0,2.0,2.0,2.0,1.0,1.0,8.0,1.0,4.0,1.0,1.0,16.0,3.0,3.0,1.0,2.0,1.0,1.0,6.0,7.0,1.0,2.0,3.0,2.0,2.0,3.0,2.0,1.0,5.0,1.0,3.0,2.0,2.0,1.0,1.0,1.0,10.0,10.0,1.0,3.0,2.0,1.0,2.0,5.0,2.0,1.0,3.0,1.0,1.0,1.0,1.0,1.0,1.0,1.0,7.0,1.0,1.0,13.0,1.0,1.0,1.0,10.0,2.0,1.0,3.0,1.0,1.0,2.0,3.0,1.0,1.0,1.0,1.0,1.0,1.0,1.0,2.0,1.0,14.0,1.0,1.0,1.0,2.0,2.0,1.0,3.0,2.0,1.0,1.0,1.0,2.0,5.0,1.0,1.0,1.0,4.0,1.0,4.0,2.0,14.0,1.0,2.0,2.0,4.0,1.0,1.0,3.0,1.0,1.0,2.0,1.0,1.0,4.0,3.0,17.0,1.0,1.0,1.0,1.0,3.0,1.0,3.0,5.0,1.0,2.0,2.0,2.0,1.0,1.0,1.0,4.0,1.0,2.0,1.0,1.0,1.0,1.0,1.0,1.0,5.0,2.0,2.0,3.0,1.0,1.0,1.0,1.0,2.0,1.0,1.0,1.0,1.0,1.0,5.0,2.0,3.0,2.0,2.0,3.0,1.0,2.0,4.0,1.0,2.0,2.0,2.0,1.0,1.0,1.0,1.0,1.0,3.0,2.0,1.0,1.0,13.0,3.0,1.0,1.0,1.0,7.0,4.0,1.0,1.0,1.0,8.0,1.0,1.0,6.0,2.0,1.0,3.0,2.0,8.0,2.0,1.0,1.0,1.0,5.0,1.0,8.0,1.0,4.0,9.0,7.0,1.0,1.0,8.0,1.0,2.0,1.0,1.0,4.0,1.0,1.0,1.0,7.0,4.0,5.0,3.0,1.0,1.0,1.0,2.0,1.0,1.0,1.0,1.0,1.0,1.0,6.0,3.0,2.0,2.0,1.0,1.0,1.0,1.0,1.0,1.0,5.0,1.0,1.0,3.0,1.0,1.0,3.0,3.0,1.0,1.0,1.0,2.0,2.0,1.0,1.0,1.0,3.0,4.0,4.0,1.0,1.0,1.0,2.0,1.0,2.0,2.0,2.0,8.0,9.0,3.0,1.0,2.0,1.0,1.0,3.0,2.0,2.0,1.0,5.0,1.0,3.0,3.0,3.0,4.0,1.0,1.0,2.0,2.0,3.0,3.0,1.0,3.0,2.0,1.0,1.0,1.0,1.0,1.0,1.0,1.0,1.0,1.0,1.0,1.0,2.0,10.0,2.0,3.0,3.0,3.0,2.0,1.0,1.0,1.0,1.0,2.0,1.0,15.0,3.0,3.0,3.0,3.0,1.0,1.0,11.0,2.0,2.0,2.0,3.0,1.0,1.0,1.0,1.0,9.0,2.0,2.0,3.0,3.0,1.0,1.0,1.0,2.0,1.0,13.0,2.0,2.0,3.0,3.0,6.0,5.0,2.0,2.0,2.0,2.0,3.0,3.0,4.0,3.0,2.0,2.0,3.0,3.0,4.0,2.0,7.0,3.0,3.0,2.0,2.0,1.0,3.0,7.0,2.0,13.0,6.0,4.0,1.0,1.0,1.0,2.0,1.0,3.0,2.0,10.0,2.0,14.0,1.0,1.0,1.0,9.0,3.0,2.0,1.0,1.0,10.0,2.0,1.0,1.0,1.0,2.0,3.0,7.0,5.0,1.0,1.0,1.0,2.0,6.0,2.0,2.0,4.0,2.0,1.0,1.0,1.0,3.0,2.0,10.0,3.0,1.0,1.0,1.0,5.0,3.0,5.0,1.0,3.0,1.0,1.0,2.0,2.0,3.0,2.0,1.0,2.0,1.0,1.0,1.0,2.0,1.0,1.0,1.0,1.0,5.0,1.0,2.0,1.0,1.0,1.0,1.0,1.0,4.0,1.0,1.0,14.0,1.0,4.0,1.0,13.0,11.0,2.0,2.0,1.0,5.0,1.0,11.0,1.0,1.0,1.0,1.0,1.0,4.0,1.0,1.0,1.0,1.0,3.0,1.0,3.0,1.0,5.0,9.0,1.0,1.0,1.0,1.0,4.0,1.0,6.0,13.0,1.0,3.0,3.0,4.0,1.0,3.0,1.0,4.0,1.0,14.0,9.0,12.0,7.0,1.0,1.0,1.0,2.0,4.0,4.0,6.0,10.0,8.0,21.0,4.0,4.0,3.0,2.0,4.0,1.0,2.0,12.0,11.0,1.0,3.0,4.0,1.0,1.0,1.0,1.0,3.0,6.0,7.0,2.0,5.0,3.0,3.0,8.0,10.0,2.0,19.0,8.0,5.0,1.0,3.0,2.0,6.0,2.0,2.0,1.0,2.0,3.0,8.0,9.0,6.0,6.0,1.0,1.0,2.0,2.0,2.0,8.0,4.0,5.0,8.0,7.0,13.0,3.0,9.0,2.0,1.0,3.0,5.0,1.0,3.0,1.0,1.0,7.0,8.0,1.0,2.0,1.0,1.0,6.0,1.0,1.0,1.0,5.0,15.0,1.0,2.0,7.0,5.0,4.0,5.0,4.0,16.0,6.0,4.0,2.0,1.0,1.0,1.0,1.0,1.0,1.0,2.0,1.0,7.0,7.0,4.0,1.0,2.0,1.0,2.0,1.0,1.0,1.0,1.0,2.0,2.0,1.0,1.0,1.0,1.0,1.0,1.0,1.0,1.0,1.0,1.0,1.0,2.0,2.0,4.0,1.0,1.0,1.0,2.0,7.0,1.0,1.0,1.0,1.0,1.0,1.0,1.0,2.0,3.0,6.0,7.0,4.0,1.0,3.0,1.0,1.0,1.0,1.0,1.0,1.0,1.0,1.0,1.0,2.0,1.0,1.0,2.0,1.0,1.0,1.0,2.0,1.0,1.0,1.0,1.0,1.0,2.0,2.0,3.0,6.0,1.0,1.0,2.0,1.0,1.0,2.0,1.0,1.0,13.0,19.0,2.0,1.0,1.0,4.0,1.0,1.0,1.0,2.24507226805276,1.0,1.0,1.0,1.0,1.0,1.0,1.0,2.0,1.0,1.0,1.0,16.0,15.0,1.0,2.0,2.0,2.0,1.0,1.0,1.0,2.0,1.0,1.0,1.0,1.0,1.0,2.0,1.0,1.0,3.0,1.0,1.0,1.0,2.0,1.0,1.0,12.0,7.0,1.0,5.0,1.0,3.0,1.0,1.0,1.0,2.0,3.0,1.0,1.0,6.0,7.0,3.0,5.0,3.0,1.0,1.0,3.0,2.0,1.0,7.0,16.0,1.0,1.0,5.0,3.0,1.0,1.0,3.0,2.0,1.0,1.96952489648403,1.0,2.0,3.0,3.0,1.0,1.0,2.0,1.0,1.0,1.0,2.0,30.0,1.0,4.0,7.0,1.0,1.0,1.0,1.0,1.0,2.0,1.0,2.0,1.0,1.0,1.0,1.0,1.0,1.0,5.0,24.0,4.0,2.0,1.0,1.0,1.0,1.0,1.0,1.0,2.0,2.0,3.0,1.0,2.0,1.0,1.0,1.0,1.0,1.0,1.0,1.0,2.0,1.0,1.0,1.0,1.0,1.0,1.0,1.0,1.0,3.0,1.0,1.0,1.0,3.0,5.0,2.0,3.0,1.0,1.0,2.0,1.0,2.0,1.0,3.0,1.0,2.0,1.0,1.0,2.0,2.0,2.0,1.0,1.0,5.0,2.0,2.0,4.0,1.0,3.0,1.0,4.0,1.0,1.0,2.0,1.0,1.0,4.0,1.0,2.0,1.0,1.0,2.0,4.0,1.0,2.0,2.0,5.0,1.0,1.0,2.0,1.0,1.0,3.0,1.0,1.0,3.0,3.0,5.0,3.0,4.0,1.0,1.0,1.0,2.0,1.0,2.0,1.0,2.0,1.0,1.0,3.0,1.0,1.0,1.0,1.0,2.0,1.0,1.0,1.0,2.0,1.0,1.0,1.0,1.0,1.0,1.0,1.0,1.0,4.0,1.0,1.0,1.0,2.0,1.0,6.0,1.0,1.0,1.0,2.0,2.0,1.0,1.0,1.0,-1.1923449689335,2.0,1.0,1.0,2.0,1.0,-1.0,-1.0,-1.0,-1.0,-2.0,1.0,9.0,-1.0,1.0,-1.0,-1.0,-5.0,-4.0,-3.0,-4.0,-5.0,-5.0,1.0,1.0,1.0,6.0,6.0,2.0,1.0,3.0,2.0,1.0,4.0,5.0,1.0,3.0,1.0,1.0,2.0,1.0,5.0,1.0,1.0,10.0,4.0,1.0,1.0,1.0,3.0,7.0,1.0,2.0,8.0,1.0,2.0,1.0,1.0,1.0,2.0,1.0,2.0,9.0,1.0,9.0,1.0,1.0,1.0,3.0,1.0,1.0,4.0,4.0,1.0,2.0,1.0,2.0,1.0,1.0,1.0,2.0,1.0,1.0,2.0,4.0,1.0,1.0,10.0,1.0,1.0,1.0,3.0,1.0,4.0,4.0,9.0,1.0,1.0,5.0,1.0,1.0,1.0,4.0,2.0,5.0,1.0,7.0,1.0,5.0,1.0,1.0,1.0,2.0,1.0,5.0,4.0,6.0,1.0,-3.0,-1.0,-1.0,-14.71931735451625,-2.0,-2.0,-1.0,-1.0,-1.0,-1.0,-3.0,-1.0,-2.0,-4.0,-1.0,-2.0,-1.0,-1.0,-1.0,5.0,4.0,2.0,7.0,2.0,1.0,2.0,1.0,2.0,1.0,3.0,4.0,4.0,1.0,1.0,2.0,4.0,2.0,6.0,1.0,5.0,1.0,8.0,7.0,1.0,4.0,3.0,1.0,1.0,1.0,2.0,1.0,4.0,1.0,1.0,1.0,1.0,2.0,1.0,1.0,3.0,2.0,4.0,7.0,7.0,4.0,1.0,1.0,4.0,1.0,1.0,2.0,1.0,1.0,5.0,1.0,2.0,7.0,4.0,2.0,2.0,1.0,1.0,1.0,2.0,2.0,2.0,1.0,1.0,2.0,6.0,1.0,4.0,2.0,3.0,17.0,1.0,8.0,8.0,1.0,1.0,2.0,2.0,1.0,1.0,2.0,2.0,11.0,5.0,2.0,1.0,2.0,2.0,2.0,2.0,2.0,2.0,2.0,2.0,2.0,1.0,1.0,25.0,6.0,5.0,5.0,5.0,5.0,5.0,5.0,3.0,2.0,1.0,1.0,2.0,1.0,1.0,12.0,15.0,4.0,4.0,5.0,4.0,4.0,5.0,2.0,1.0,5.0,1.0,1.0,2.0,1.0,16.0,5.0,4.0,5.0,4.0,10.0,2.0,4.0,3.0,3.0,6.0,4.0,4.0,4.0,4.0,4.0,4.0,4.0,4.0,4.0,2.0,4.0,4.0,4.0,4.0,4.0,4.0,1.0,0.01841487884133,4.0,4.0,4.0,4.0,4.0,4.0,1.0,1.0,1.0,1.0,1.0,1.0,4.0,4.0,4.0,4.0,4.0,4.0,4.0,4.0,4.0,4.0,1.0,1.0,1.0,1.0,3.0,1.0,1.0,10.0,1.0,1.0,1.0,1.0,1.0,21.0,15.0,1.0,1.0,1.0,1.0,1.0,1.0,5.0,1.0,6.0,2.0,2.0,23.0,14.0,1.0,3.0,3.0,3.0,3.0,3.0,3.0,3.0,3.0,1.0,1.0,1.0,1.0,1.0,6.0,1.0,4.0,10.0,9.0,26.0,7.0,3.0,3.0,4.0,3.0,3.0,3.0,4.0,3.0,1.0,1.0,1.0,1.0,3.0,1.0,1.0,13.0,2.0,2.0,2.0,2.0,2.0,2.0,2.0,1.0,1.0,2.0,2.0,2.0,2.0,2.0,2.0,3.0,2.0,1.0,2.0,2.0,2.0,2.0,2.0,2.0,2.0,1.0,2.0,2.0,2.0,2.0,2.0,2.0,2.0,2.0,2.0,2.0,2.0,1.0,-2.0,1.0,4.0,1.0,-4.0,-4.0,-5.0,-4.0,-4.0,-4.0,-5.0,-4.0,-1.0,1.0,2.0,-1.0,1.0,-4.0,-5.0,-4.0,-4.0,-5.0,-4.0,2.0,1.0,-5.0,-6.0,-5.0,-5.0,-6.0,-5.0,1.0,1.0,1.0,-5.0,-5.0,-5.0,-5.0,-5.0,-5.0,-1.0,1.0,-1.0,-5.0,-5.0,-5.0,-5.0,-5.0,-5.0,-3.0,-4.0,-1.0,-1.0,-3.0,-1.0,0.0,1.0,-9.0,-5.0,1.0,-1.0,-2.0,-1.0,-1.0,-2.0,-1.0,-3.0,-2.0,-1.0,-1.0,-1.0,-1.0,-1.0,-3.0,-1.0,-1.0,-1.0,-1.0,-3.0,-2.0,-3.0,-2.0,-1.0,-1.0,-1.0,-2.0,7.0,-4.0,-2.0,-3.0,-3.0,-1.0,-1.0,-1.0,1.0,1.0,0.0,-1.0,-5.0,-7.0,-1.0,-2.0,-1.0,9.0,2.0,13.0,-1.0,-1.0,-1.0,-5.0,-5.0,-2.0,-4.0,1.0,5.0,4.0,2.0,2.0,1.0,2.0,15.0,17.0,4.0,5.0,7.0,13.0,1.0,3.0,1.0,1.0,1.0,12.0,5.0,5.0,1.0,11.0,2.0,4.0,2.0,1.0,14.54346510062307,4.0,2.0,1.0,1.0,2.0,1.0,1.0,2.0,1.0,1.0,2.0,6.0,1.0,1.0,2.0,4.0,3.0,2.0,2.0,3.0,7.0,1.0,1.0,1.0,1.0,1.0,2.0,1.0,1.0,1.0,1.0,1.0,1.0,1.0,1.0,2.0,2.0,1.0,4.0,1.0,1.0,1.0,1.0,3.0,1.0,2.0,6.0,1.0,1.0,1.0,1.0,1.0,1.0,1.0,1.0,1.0,1.0,1.0,1.0,3.0,1.0,1.0,3.0,2.0,2.0,2.0,5.0,-20.80157324031526,2.0,2.0,4.0,3.0,1.0,2.0,2.0,2.0,2.0,1.0,1.0,2.0,2.0,2.0,1.0,1.0,1.0,1.0,1.0,2.0,1.0,4.0,1.0,1.0,1.0,1.0,2.0,1.0,1.0,1.0,5.0,5.0,1.0,4.0,3.0,2.0,2.0,1.0,5.0,1.0,3.0,4.0,2.0,1.0,3.0,3.0,4.0,3.0,3.0,1.0,1.0,2.0,1.0,3.0,2.0,4.0,2.0,1.0,4.0,2.0,1.0,2.0,3.0,3.0,3.0,3.0,2.0,1.0,4.0,5.0,1.0,1.0,5.0,4.0,2.0,1.0,1.0,1.0,6.0,10.0,1.0,5.0,5.0,1.0,7.0,2.0,1.0,10.0,4.0,3.0,3.0,1.0,7.0,1.0,11.0,1.0,2.0,2.0,1.0,3.0,2.0,1.0,1.0,5.0,8.0,1.0,7.0,3.0,1.0,2.0,2.0,1.0,2.0,1.0,1.0,1.0,1.0,2.0,7.0,6.0,1.0,2.0,1.0,1.0,1.0,1.0,5.0,1.0,1.0,2.0,5.0,1.0,2.0,7.0,6.0,6.0,1.0,2.0,9.0,3.0,6.0,1.0,6.0,4.0,9.0,1.0,1.0,1.0,2.0,10.0,6.0,2.0,2.0,5.0,5.0,1.0,10.0,1.0,2.0,4.0,5.0,13.0,1.0,1.0,1.0,1.0,4.0,4.0,3.0,1.0,2.0,1.0,1.0,1.0,2.0,4.0,4.0,5.0,11.0,1.0,1.0,1.0,1.0,5.0,2.0,7.0,1.0,1.0,2.0,1.0,1.0,1.0,3.0,3.0,2.0,2.0,3.0,5.0,1.0,2.0,1.0,-2.0,1.0,1.0,7.0,-3.0,-3.0,-3.0,-3.0,1.0,0.0,4.0,-2.0,5.0,-6.0,-6.0,-6.0,-6.0,-2.0,-1.0,-1.0,-6.0,-6.0,-6.0,-6.0,-3.0,-2.0,-1.0,-1.0,-3.0,-3.0,-3.0,-3.0,-2.0,-1.0,-1.0,2.0,-1.0,-6.0,-6.0,-6.0,-6.0,-6.0,-6.0,-6.0,1.0,1.0,-3.0,-3.0,7.0,2.0,-5.0,-5.0,-5.0,-5.0,1.0,-2.0,-2.0,2.0,1.0,-5.0,-6.0,-5.0,-5.0,2.0,1.0,1.0,1.0,-6.0,-6.0,-6.0,-6.0,-1.0,1.0,-2.0,-2.0,1.0,2.0,-13.0,-13.0,-1.0,-1.0,-2.0,2.0,1.0,-5.0,-5.0,-5.0,-5.0,-5.0,-5.0,1.0,1.0,-5.0,-5.0,-5.0,-5.0,-5.0,0.0,-3.0,-12.0,-12.0,1.0,5.0,-7.0,-7.0,-7.0,-7.0,1.0,7.0,1.0,1.0,1.0,2.0,11.0,1.0,4.0,1.0,3.0,6.0,1.0,2.0,3.0,15.0,3.0,2.0,3.0,4.0,1.0,6.0,6.0,4.0,2.0,1.0,1.0,1.0,1.0,1.0,1.0,3.0,7.0,1.0,3.0,1.0,1.0,1.0,3.0,2.0,1.0,2.0,2.0,1.0,1.0,3.0,3.0,3.0,1.0,1.0,2.0,3.0,3.0,3.0,1.0,1.0,1.0,3.0,4.0,4.0,2.0,3.0,1.0,1.0,1.0,1.0,1.0,1.0,2.0,3.0,4.0,4.0,2.0,6.0,3.0,1.0,1.0,1.0,1.0,1.0,1.0,2.0,3.0,1.0,13.0,3.0,1.0,1.0,6.0,1.0,1.0,1.0,4.0,1.0,1.0,2.0,2.0,4.0,3.0,3.0,1.0,1.0,1.0,1.0,2.0,2.0,3.0,3.0,1.0,1.0,2.0,2.0,1.0,2.0,6.0,6.0,2.0,3.0,2.0,2.0,1.0,1.0,2.0,2.0,6.0,6.0,2.0,3.0,2.0,2.0,1.0,1.0,21.0,3.0,4.0,1.0,2.0,2.0,8.0,1.0,7.0,2.0,1.0,2.0,3.0,4.0,4.0,1.0,16.0,1.0,6.0,3.0,1.0,1.0,2.0,10.0,1.0,10.0,3.0,3.0,2.0,1.0,4.0,3.0,1.0,2.0,1.0,1.0,4.0,1.0,3.0,1.0,2.0,2.0,1.0,1.0,1.0,1.0,3.0,1.0,1.0,2.0,1.0,1.0,1.0,1.0,1.0,1.0,1.0,1.0,1.0,1.0,1.0,4.0,3.0,1.0,1.0,1.0,1.0,1.0,1.0,2.0,2.0,1.0,4.0,1.0,4.0,1.0,1.0,2.0,1.0,1.0,3.0,2.0,2.0,2.0,2.0,1.0,1.0,6.0,24.0,4.0,1.0,3.0,2.0,1.0,1.0,16.0,35.0,3.0,1.0,1.0,1.0,1.0,1.0,1.0,3.0,5.0,1.0,1.0,2.0,7.0,5.0,5.0,2.0,3.0,1.0,1.0,1.0,8.0,1.0,5.0,3.0,2.0,9.0,6.0,1.0,4.0,13.0,1.0,7.0,7.0,1.0,1.0,1.0,1.0,1.0,4.0,6.0,3.0,2.0,1.0,8.0,6.0,1.0,1.0,1.0,2.0,3.0,1.0,2.0,8.0,1.0,2.0,9.0,2.0,1.0,1.0,1.0,1.0,1.0,4.0,1.0,1.0,4.0,5.0,1.0,1.0,2.0,3.0,2.0,1.0,2.0,5.0,6.0,4.0,6.0,8.0,11.0,7.0,6.0,1.0,1.0,1.0,4.0,1.0,3.0,4.0,5.0,12.0,5.0,2.0,2.0,1.0,4.0,2.0,1.0,1.0,1.0,3.0,4.0,3.0,2.0,2.0,3.0,5.0,1.0,7.0,5.0,2.0,2.0,3.0,1.0,1.0,1.0,1.0,2.0,1.0,2.0,1.0,1.0,12.0,10.0,8.0,6.0,5.0,1.0,1.0,1.0,3.0,1.0,1.0,1.0,3.0,4.0,1.0,2.0,1.0,1.0,1.0,2.0,1.0,1.0,8.0,1.0,1.0,2.0,2.0,5.0,2.0,2.0,1.0,1.0,3.0,2.0,3.0,1.0,6.0,6.0,1.0,1.0,6.0,1.0,6.0,9.0,3.0,13.0,10.0,1.0,1.0,11.0,1.0,1.0,3.0,8.0,9.0,2.0,1.0,2.0,3.0,3.0,3.0,1.0,1.0,1.0,5.0,5.0,2.0,1.0,2.0,2.0,1.0,1.0,5.0,1.0,1.0,1.0,1.0,3.0,2.0,1.0,2.0,1.0,3.0,4.0,1.0,2.0,1.0,2.0,1.0,2.0,2.0,1.0,1.0,2.0,2.0,1.0,1.0,1.0,1.0,1.0,1.0,2.0,1.0,8.0,2.0,1.0,5.0,6.0,2.0,1.0,1.0,1.0,6.0,2.0,3.0,4.0,3.0,1.0,1.0,2.0,2.0,1.0,1.0,11.0,1.0,1.0,2.0,4.0,5.0,3.0,1.0,4.0,1.0,14.0,4.0,7.0,1.0,1.0,2.0,1.0,1.0,1.0,1.0,1.0,1.0,3.0,1.0,9.0,2.0,2.0,1.0,1.0,7.0,1.0,8.0,1.0,1.0,1.0,1.0,2.0,1.0,1.0,1.0,1.0,2.0,1.0,1.0,1.0,1.0,1.0,1.0,4.0,4.0,3.0,2.0,1.0,1.0,1.0,1.0,3.0,1.0,1.0,1.0,1.0,1.0,1.0,1.0,1.0,2.0,1.0,3.0,3.0,1.0,1.0,3.0,5.0,9.0,7.0,2.0,2.0,1.0,1.0,1.0,2.0,3.0,1.0,1.0,2.0,3.0,1.0,1.0,2.0,2.0,1.0,1.0,1.0,1.0,2.0,1.0,1.0,-1.0,-1.0,-2.0,-4.0,-12.0,-7.0,-6.0,-6.0,-9.0,-11.0,-2.0,-8.0,-10.0,-6.0,-11.0,-1.0,-1.0,-4.0,-1.0,-10.0,-11.0,-3.0,-8.0,-12.0,-10.0,-1.0,-1.0,-1.0,-1.0,-7.0,-7.0,-13.0,-7.0,2.0,1.0,1.0,1.0,2.0,1.0,1.0,5.0,1.0,2.0,1.0,1.0,3.0,1.0,3.0,1.0,1.0,1.0,1.0,1.0,1.0,1.0,1.0,4.0,1.0,1.0,2.0,1.0,1.0,3.0,1.0,1.0,2.0,1.0,1.0,2.0,3.0,1.0,2.0,1.0,1.0,1.0,1.0,1.0,1.0,2.0,1.0,2.0,1.0,2.0,5.0,6.0,1.0,2.0,1.0,1.0,3.0,1.0,1.0,2.0,3.0,3.0,1.0,1.0,2.0,5.0,5.0,1.0,1.0,4.0,3.0,2.0,1.0,1.0,-1.0,1.0,2.0,-3.0,1.0,1.0,-4.0,-4.0,-3.0,2.0,-1.0,-1.0,-1.0,-2.0,2.0,10.0,1.0,1.0,1.0,2.0,3.0,4.0,1.0,2.0,1.0,17.0,1.0,1.0,1.0,1.0,2.0,1.0,1.0,1.0,4.0,4.0,1.0,3.0,1.0,1.0,2.0,1.0,1.0,1.0,2.0,2.0,1.0,1.0,1.0,1.0,2.0,3.0,2.0,1.0,1.0,3.0,1.0,1.0,1.0,2.0,3.0,1.0,1.0,2.0,4.0,2.0,1.0,1.0,1.0,1.0,2.0,3.0,1.0,4.0,1.0,1.0,1.0,4.0,4.0,1.0,1.0,2.0,2.0,2.0,2.0,1.0,2.0,1.0,2.0,3.0,1.0,6.0,11.0,8.0,5.0,4.0,5.0,3.0,2.0,1.0,1.0,1.0,1.0,1.0,2.0,2.0,3.0,2.0,3.0,1.0,1.0,1.0,1.0,1.0,1.0,3.0,2.0,5.0,1.0,2.0,2.0,1.0,5.0,1.0,5.0,1.0,2.0,5.0,3.0,2.0,1.0,1.0,1.0,2.0,3.0,1.0,1.0,1.0,3.0,3.0,2.0,4.0,1.0,1.0,1.0,1.0,1.0,1.0,1.0,1.0,1.0,1.0,1.0,3.0,5.0,1.0,1.0,1.0,2.0,2.0,1.0,1.0,5.0,1.0,1.0,5.0,1.0,1.0,-7.0,-7.0,1.0,-1.0,-4.0,-2.0,-1.0,-2.0,-1.0,1.0,-1.0,-3.0,-5.0,0.0,-3.0,-1.0,-2.0,-4.0,1.0,-1.0,1.0,-1.0,-1.0,1.0,-1.0,-1.0,2.0,-2.0,-3.0,2.0,-2.0,-1.0,1.0,-1.0,-1.0,-2.0,1.0,-2.0,-1.0,2.0,-1.0,-1.0,-1.0,-1.0,-2.0,2.0,-2.0,-2.0,0.0,-1.0,-1.0,-1.0,-1.0,-1.0,1.0,1.0,1.0,7.0,1.0,1.0,1.0,1.0,1.0,2.0,1.0,1.0,12.0,1.0,1.0,1.0,1.0,1.0,1.0,2.0,1.0,1.0,1.0,1.0,2.0,4.0,3.0,1.0,1.0,3.0,1.0,1.0,1.0,1.0,2.0,1.0,1.0,1.0,1.0,1.0,2.0,1.0,1.0,3.0,7.0,2.0,1.0,1.0,1.0,1.0,1.0,1.0,1.0,1.0,1.0,1.0,1.0,1.0,6.0,1.0,1.0,1.0,1.0,1.0,1.0,1.0,1.0,1.0,1.0,1.0,1.0,1.0,1.0,1.0,1.0,4.0,1.0,1.0,1.0,1.0,1.0,1.0,1.0,1.0,1.0,1.0,1.0,1.0,1.0,1.0,1.0,1.0,1.0,1.0,1.0,-1.0,-1.0,1.0,1.0,2.0,-2.0,-2.0,-2.0,-2.0,-2.0,1.0,1.0,-3.0,-3.0,-3.0,-3.0,1.0,-5.0,-5.0,-5.0,1.0,1.0,1.0,1.0,2.0,1.0,1.0,-1.0,-1.0,-1.0,-1.0,-1.0,-1.0,4.0,4.0,1.0,1.0,3.0,1.0,1.0,1.0,1.0,1.0,3.0,3.0,2.0,1.0,1.0,1.0,1.0,1.0,2.0,1.0,1.0,2.0,2.0,1.0,1.0,1.0,1.0,1.0,3.0,3.0,3.0,1.0,1.0,2.0,1.0,1.0,2.0,2.0,2.0,1.0,1.0,1.0,2.0,1.0,1.0,1.0,1.0,3.0,1.0,1.0,1.0,1.0,4.0,2.0,5.0,1.0,2.0,1.0,1.0,1.0,1.0,3.0,1.0,2.0,3.0,2.0,1.0,1.0,1.0,2.0,2.0,2.0,2.0,1.0,6.0,3.0,6.0,1.0,1.0,1.0,3.0,1.0,4.0,5.0,1.0,1.0,1.0,1.0,1.0,17.0,1.0,2.0,12.0,1.0,2.0,3.0,8.0,13.0,5.0,2.0,1.0,2.0,6.0,4.0,4.0,2.0,1.0,3.0,2.0,1.0,1.0,1.0,3.0,1.0,1.0,1.0,3.0,1.0,1.0,1.0,3.0,1.0,1.0,1.0,2.0,3.0,7.0,4.0,3.0,1.0,2.0,2.0,2.0,1.0,1.0,1.0,1.0,1.0,1.0,1.0,1.0,1.0,1.0,1.0,1.0,1.0,1.0,1.0,1.0,1.0,1.0,1.0,1.0,1.0,1.0,1.0,1.0,1.0,3.0,1.0,1.0,2.0,2.0,2.0,2.0,3.0,1.0,1.0,1.0,2.0,1.0,4.0,3.0,1.0,1.0,1.0,2.0,1.0,7.39298284432326,1.0,5.0,3.0,2.0,1.0,1.0,1.0,1.0,1.0,1.0,1.0,1.0,1.0,3.0,4.0,3.0,1.0,1.0,1.0,1.0,1.0,1.0,1.0,1.0,1.0,1.0,1.0,1.0,2.0,1.0,1.0,1.0,1.0,1.0,1.0,1.0,1.0,1.0,1.0,1.0,2.0,1.0,1.0,1.0,1.0,1.0,1.0,1.0,1.0,1.0,1.0,1.0,1.0,1.0,3.0,8.0,2.0,1.0,2.0,1.0,1.0,4.0,1.0,1.0,1.0,1.0,1.0,1.0,1.0,7.0,5.0,2.0,3.0,1.0,1.0,2.0,1.0,1.0,1.0,1.0,1.0,1.0,2.0,3.0,1.0,2.0,2.0,2.0,1.0,3.0,1.0,1.0,1.0,1.0,3.0,2.0,3.0,3.0,1.0,1.0,2.0,2.0,2.0,3.0,2.0,1.0,3.0,1.0,2.0,2.0,2.0,2.0,2.0,2.0,1.0,1.0,1.0,1.0,1.0,1.0,1.0,1.0,1.0,2.0,1.0,1.0,1.0,3.0,1.0,1.0,1.0,1.0,1.0,1.0,1.0,2.0,1.0,6.0,1.0,5.0,1.0,4.0,1.0,8.0,1.0,3.0,3.0,4.0,1.0,2.0,2.0,1.0,1.0,3.0,2.0,3.0,1.0,2.0,1.0,1.0,2.0,1.0,1.0,4.0,6.0,1.0,1.0,1.0,2.0,2.0,1.0,1.0,3.0,5.0,4.0,1.0,1.0,5.0,1.0,1.0,2.0,1.0,1.0,1.0,4.0,2.0,1.0,4.0,2.0,6.0,1.0,1.0,1.0,1.0,6.0,4.0,1.0,1.0,3.0,3.0,2.0,9.0,2.0,3.0,3.0,3.0,3.0,1.0,1.0,5.0,5.0,5.0,5.0,1.0,7.0,10.0,2.0,1.0,4.0,5.0,5.0,5.0,5.0,2.0,1.0,3.0,5.0,4.0,2.0,2.0,1.0,1.0,2.0,3.0,1.0,1.0,3.0,11.0,5.0,5.0,5.0,5.0,5.0,5.0,5.0,5.0,13.0,3.0,2.0,2.0,3.0,11.0,5.0,5.0,5.0,5.0,1.0,1.0,2.0,18.0,11.0,2.0,1.0,3.0,3.0,5.0,5.0,5.0,5.0,5.0,5.0,2.0,1.0,3.0,1.0,1.0,21.0,1.0,2.0,3.0,6.0,6.0,6.0,6.0,2.0,5.0,3.0,2.0,5.0,13.0,2.0,5.0,5.0,5.0,5.0,6.0,2.0,24.0,2.0,1.0,2.0,5.0,5.0,5.0,5.0,1.0,2.0,4.0,3.0,12.0,1.0,9.0,4.0,4.0,4.0,4.0,4.0,4.0,4.0,1.0,10.0,4.0,1.0,21.0,1.0,2.0,1.0,1.0,1.0,4.0,3.0,5.0,6.0,6.0,6.0,6.0,6.0,1.0,1.0,3.0,15.0,1.0,1.0,1.0,1.0,7.0,4.0,1.0,10.0,5.0,5.0,5.0,5.0,1.0,1.0,4.0,2.0,1.0,1.0,2.0,2.0,9.0,2.0,1.0,1.0,3.0,1.0,4.0,3.0,1.0,1.0,1.0,1.0,1.0,2.0,1.0,1.0,9.0,1.0,1.0,1.0,2.0,5.0,5.0,5.0,5.0,2.0,1.0,7.0,1.0,2.0,5.0,5.0,5.0,5.0,5.0,5.0,5.0,3.0,1.0,1.0,20.0,1.0,1.0,1.0,4.0,1.0,1.0,2.0,1.0,9.0,3.0,4.0,4.0,4.0,4.0,4.0,4.0,4.0,4.0,1.0,1.0,37.0,1.0,1.0,1.0,6.0,6.0,6.0,6.0,6.0,6.0,1.0,1.0,1.0,1.0,6.0,16.0,1.0,5.0,5.0,5.0,5.0,1.0,27.0,1.0,1.0,1.0,7.0,6.0,6.0,6.0,6.0,1.0,2.0,1.0,30.0,1.0,1.0,1.0,1.0,8.0,6.0,6.0,6.0,6.0,6.0,2.0,2.0,2.0,2.0,5.0,5.0,7.0,3.0,30.0,3.0,10.0,6.0,1.0,10.0,5.0,5.0,5.0,5.0,5.0,5.0,5.0,4.0,1.0,6.0,8.0,1.0,2.0,3.0,4.0,4.0,5.0,6.0,6.0,6.0,6.0,-5.0,-5.0,-5.0,-5.0,-5.0,-5.0,-5.0,-5.0,-5.0,-5.0,1.0
1.0,1.0,1.0,2.0,1.0,2.0,4.0,7.0,1.0,2.0,1.0,5.0,1.0,1.0,1.0,1.0,3.0,1.0,2.0,1.0,1.0,1.0,1.0,1.0,1.0,1.0,5.0,2.0,1.0,3.0,1.0,1.0,5.0,1.0,1.0,2.0,1.0,1.0,1.0,2.0,3.0,1.0,1.0,1.0,1.0,1.0,1.0,1.0,1.0,1.0,1.0,1.0,5.0,3.0,2.0,1.0,1.0,2.0,1.0,1.0,1.0,1.0,1.0,1.0,1.0,1.0,2.0,1.0,5.0,1.0,2.0,1.0,1.0,2.0,1.0,1.0,1.0,1.0,2.0,1.0,7.0,4.0,1.0,2.0,1.0,2.0,12.0,5.0,1.0,15.0,1.0,2.0,2.0,2.0,1.0,1.0,8.0,1.0,4.0,1.0,1.0,16.0,3.0,3.0,1.0,2.0,1.0,1.0,6.0,7.0,1.0,2.0,3.0,2.0,2.0,3.0,2.0,1.0,5.0,1.0,3.0,2.0,2.0,1.0,1.0,1.0,10.0,10.0,1.0,3.0,2.0,1.0,2.0,5.0,2.0,1.0,3.0,1.0,1.0,1.0,1.0,1.0,1.0,1.0,7.0,1.0,1.0,13.0,1.0,1.0,1.0,10.0,2.0,1.0,3.0,1.0,1.0,2.0,3.0,1.0,1.0,1.0,1.0,1.0,1.0,1.0,2.0,1.0,14.0,1.0,1.0,1.0,2.0,2.0,1.0,3.0,2.0,1.0,1.0,1.0,2.0,5.0,1.0,1.0,1.0,4.0,1.0,4.0,2.0,14.0,1.0,2.0,2.0,4.0,1.0,1.0,3.0,1.0,1.0,2.0,1.0,1.0,4.0,3.0,17.0,1.0,1.0,1.0,1.0,3.0,1.0,3.0,5.0,1.0,2.0,2.0,2.0,1.0,1.0,1.0,4.0,1.0,2.0,1.0,1.0,1.0,1.0,1.0,1.0,5.0,2.0,2.0,3.0,1.0,1.0,1.0,1.0,2.0,1.0,1.0,1.0,1.0,1.0,5.0,2.0,3.0,2.0,2.0,3.0,1.0,2.0,4.0,1.0,2.0,2.0,2.0,1.0,1.0,1.0,1.0,1.0,3.0,2.0,1.0,1.0,13.0,3.0,1.0,1.0,1.0,7.0,4.0,1.0,1.0,1.0,8.0,1.0,1.0,6.0,2.0,1.0,3.0,2.0,8.0,2.0,1.0,1.0,1.0,5.0,1.0,8.0,1.0,4.0,9.0,7.0,1.0,1.0,8.0,1.0,2.0,1.0,1.0,4.0,1.0,1.0,1.0,7.0,4.0,5.0,3.0,1.0,1.0,1.0,2.0,1.0,1.0,1.0,1.0,1.0,1.0,6.0,3.0,2.0,2.0,1.0,1.0,1.0,1.0,1.0,1.0,5.0,1.0,1.0,3.0,1.0,1.0,3.0,3.0,1.0,1.0,1.0,2.0,2.0,1.0,1.0,1.0,3.0,4.0,4.0,1.0,1.0,1.0,2.0,1.0,2.0,2.0,2.0,8.0,9.0,3.0,1.0,2.0,1.0,1.0,3.0,2.0,2.0,1.0,5.0,1.0,3.0,3.0,3.0,4.0,1.0,1.0,2.0,2.0,3.0,3.0,1.0,3.0,2.0,1.0,1.0,1.0,1.0,1.0,1.0,1.0,1.0,1.0,1.0,1.0,2.0,10.0,2.0,3.0,3.0,3.0,2.0,1.0,1.0,1.0,1.0,2.0,1.0,15.0,3.0,3.0,3.0,3.0,1.0,1.0,11.0,2.0,2.0,2.0,3.0,1.0,1.0,1.0,1.0,9.0,2.0,2.0,3.0,3.0,1.0,1.0,1.0,2.0,1.0,13.0,2.0,2.0,3.0,3.0,6.0,5.0,2.0,2.0,2.0,2.0,3.0,3.0,4.0,3.0,2.0,2.0,3.0,3.0,4.0,2.0,7.0,3.0,3.0,2.0,2.0,1.0,3.0,7.0,2.0,13.0,6.0,4.0,1.0,1.0,1.0,2.0,1.0,3.0,2.0,10.0,2.0,14.0,1.0,1.0,1.0,9.0,3.0,2.0,1.0,1.0,10.0,2.0,1.0,1.0,1.0,2.0,3.0,7.0,5.0,1.0,1.0,1.0,2.0,6.0,2.0,2.0,4.0,2.0,1.0,1.0,1.0,3.0,2.0,10.0,3.0,1.0,1.0,1.0,5.0,3.0,5.0,1.0,3.0,1.0,1.0,2.0,2.0,3.0,2.0,1.0,2.0,1.0,1.0,1.0,2.0,1.0,1.0,1.0,1.0,5.0,1.0,2.0,1.0,1.0,1.0,1.0,1.0,4.0,1.0,1.0,14.0,1.0,4.0,1.0,13.0,11.0,2.0,2.0,1.0,5.0,1.0,11.0,1.0,1.0,1.0,1.0,1.0,4.0,1.0,1.0,1.0,1.0,3.0,1.0,3.0,1.0,5.0,9.0,1.0,1.0,1.0,1.0,4.0,1.0,6.0,13.0,1.0,3.0,3.0,4.0,1.0,3.0,1.0,4.0,1.0,14.0,9.0,12.0,7.0,1.0,1.0,1.0,2.0,4.0,4.0,6.0,10.0,8.0,21.0,4.0,4.0,3.0,2.0,4.0,1.0,2.0,12.0,11.0,1.0,3.0,4.0,1.0,1.0,1.0,1.0,3.0,6.0,7.0,2.0,5.0,3.0,3.0,8.0,10.0,2.0,19.0,8.0,5.0,1.0,3.0,2.0,6.0,2.0,2.0,1.0,2.0,3.0,8.0,9.0,6.0,6.0,1.0,1.0,2.0,2.0,2.0,8.0,4.0,5.0,8.0,7.0,13.0,3.0,9.0,2.0,1.0,3.0,5.0,1.0,3.0,1.0,1.0,7.0,8.0,1.0,2.0,1.0,1.0,6.0,1.0,1.0,1.0,5.0,15.0,1.0,2.0,7.0,5.0,4.0,5.0,4.0,16.0,6.0,4.0,2.0,1.0,1.0,1.0,1.0,1.0,1.0,2.0,1.0,7.0,7.0,4.0,1.0,2.0,1.0,2.0,1.0,1.0,1.0,1.0,2.0,2.0,1.0,1.0,1.0,1.0,1.0,1.0,1.0,1.0,1.0,1.0,1.0,2.0,2.0,4.0,1.0,1.0,1.0,2.0,7.0,1.0,1.0,1.0,1.0,1.0,1.0,1.0,2.0,3.0,6.0,7.0,4.0,1.0,3.0,1.0,1.0,1.0,1.0,1.0,1.0,1.0,1.0,1.0,2.0,1.0,1.0,2.0,1.0,1.0,1.0,2.0,1.0,1.0,1.0,1.0,1.0,2.0,2.0,3.0,6.0,1.0,1.0,2.0,1.0,1.0,2.0,1.0,1.0,13.0,19.0,2.0,1.0,1.0,4.0,1.0,1.0,1.0,2.24507226805276,1.0,1.0,1.0,1.0,1.0,1.0,1.0,2.0,1.0,1.0,1.0,16.0,15.0,1.0,2.0,2.0,2.0,1.0,1.0,1.0,2.0,1.0,1.0,1.0,1.0,1.0,2.0,1.0,1.0,3.0,1.0,1.0,1.0,2.0,1.0,1.0,12.0,7.0,1.0,5.0,1.0,3.0,1.0,1.0,1.0,2.0,3.0,1.0,1.0,6.0,7.0,3.0,5.0,3.0,1.0,1.0,3.0,2.0,1.0,7.0,16.0,1.0,1.0,5.0,3.0,1.0,1.0,3.0,2.0,1.0,1.96952489648403,1.0,2.0,3.0,3.0,1.0,1.0,2.0,1.0,1.0,1.0,2.0,30.0,1.0,4.0,7.0,1.0,1.0,1.0,1.0,1.0,2.0,1.0,2.0,1.0,1.0,1.0,1.0,1.0,1.0,5.0,24.0,4.0,2.0,1.0,1.0,1.0,1.0,1.0,1.0,2.0,2.0,3.0,1.0,2.0,1.0,1.0,1.0,1.0,1.0,1.0,1.0,2.0,1.0,1.0,1.0,1.0,1.0,1.0,1.0,1.0,3.0,1.0,1.0,1.0,3.0,5.0,2.0,3.0,1.0,1.0,2.0,1.0,2.0,1.0,3.0,1.0,2.0,1.0,1.0,2.0,2.0,2.0,1.0,1.0,5.0,2.0,2.0,4.0,1.0,3.0,1.0,4.0,1.0,1.0,2.0,1.0,1.0,4.0,1.0,2.0,1.0,1.0,2.0,4.0,1.0,2.0,2.0,5.0,1.0,1.0,2.0,1.0,1.0,3.0,1.0,1.0,3.0,3.0,5.0,3.0,4.0,1.0,1.0,1.0,2.0,1.0,2.0,1.0,2.0,1.0,1.0,3.0,1.0,1.0,1.0,1.0,2.0,1.0,1.0,1.0,2.0,1.0,1.0,1.0,1.0,1.0,1.0,1.0,1.0,4.0,1.0,1.0,1.0,2.0,1.0,6.0,1.0,1.0,1.0,2.0,2.0,1.0,1.0,1.0,-1.1923449689335,2.0,1.0,1.0,2.0,1.0,-1.0,-1.0,-1.0,-1.0,-2.0,1.0,9.0,-1.0,1.0,-1.0,-1.0,-5.0,-4.0,-3.0,-4.0,-5.0,-5.0,1.0,1.0,1.0,6.0,6.0,2.0,1.0,3.0,2.0,1.0,4.0,5.0,1.0,3.0,1.0,1.0,2.0,1.0,5.0,1.0,1.0,10.0,4.0,1.0,1.0,1.0,3.0,7.0,1.0,2.0,8.0,1.0,2.0,1.0,1.0,1.0,2.0,1.0,2.0,9.0,1.0,9.0,1.0,1.0,1.0,3.0,1.0,1.0,4.0,4.0,1.0,2.0,1.0,2.0,1.0,1.0,1.0,2.0,1.0,1.0,2.0,4.0,1.0,1.0,10.0,1.0,1.0,1.0,3.0,1.0,4.0,4.0,9.0,1.0,1.0,5.0,1.0,1.0,1.0,4.0,2.0,5.0,1.0,7.0,1.0,5.0,1.0,1.0,1.0,2.0,1.0,5.0,4.0,6.0,1.0,-3.0,-1.0,-1.0,-13.71931735451625,-2.0,-2.0,-1.0,-1.0,-1.0,-1.0,-3.0,-1.0,-2.0,-4.0,-1.0,-2.0,-1.0,-1.0,-1.0,5.0,4.0,2.0,7.0,2.0,1.0,2.0,1.0,2.0,1.0,3.0,4.0,4.0,1.0,1.0,2.0,4.0,2.0,6.0,1.0,5.0,1.0,8.0,7.0,1.0,4.0,3.0,1.0,1.0,1.0,2.0,1.0,4.0,1.0,1.0,1.0,1.0,2.0,1.0,1.0,3.0,2.0,4.0,7.0,7.0,4.0,1.0,1.0,4.0,1.0,1.0,2.0,1.0,1.0,5.0,1.0,2.0,7.0,4.0,2.0,2.0,1.0,1.0,1.0,2.0,2.0,2.0,1.0,1.0,2.0,6.0,1.0,4.0,2.0,3.0,17.0,1.0,8.0,8.0,1.0,1.0,2.0,2.0,1.0,1.0,2.0,2.0,11.0,5.0,2.0,1.0,2.0,2.0,2.0,2.0,2.0,2.0,2.0,2.0,2.0,1.0,1.0,25.0,6.0,5.0,5.0,5.0,5.0,5.0,5.0,3.0,2.0,1.0,1.0,2.0,1.0,1.0,12.0,15.0,4.0,4.0,5.0,4.0,4.0,5.0,2.0,1.0,5.0,1.0,1.0,2.0,1.0,16.0,5.0,4.0,5.0,4.0,10.0,2.0,4.0,3.0,3.0,6.0,4.0,4.0,4.0,4.0,4.0,4.0,4.0,4.0,4.0,2.0,4.0,4.0,4.0,4.0,4.0,4.0,1.0,0.01841487884133,4.0,4.0,4.0,4.0,4.0,4.0,1.0,1.0,1.0,1.0,1.0,1.0,4.0,4.0,4.0,4.0,4.0,4.0,4.0,4.0,4.0,4.0,1.0,1.0,1.0,1.0,3.0,1.0,1.0,10.0,1.0,1.0,1.0,1.0,1.0,21.0,15.0,1.0,1.0,1.0,1.0,1.0,1.0,5.0,1.0,6.0,2.0,2.0,23.0,14.0,1.0,3.0,3.0,3.0,3.0,3.0,3.0,3.0,3.0,1.0,1.0,1.0,1.0,1.0,6.0,1.0,4.0,10.0,9.0,26.0,7.0,3.0,3.0,4.0,3.0,3.0,3.0,4.0,3.0,1.0,1.0,1.0,1.0,3.0,1.0,1.0,13.0,2.0,2.0,2.0,2.0,2.0,2.0,2.0,1.0,1.0,2.0,2.0,2.0,2.0,2.0,2.0,3.0,2.0,1.0,2.0,2.0,2.0,2.0,2.0,2.0,2.0,1.0,2.0,2.0,2.0,2.0,2.0,2.0,2.0,2.0,2.0,2.0,2.0,1.0,-2.0,1.0,4.0,1.0,-4.0,-4.0,-5.0,-4.0,-4.0,-4.0,-5.0,-4.0,-1.0,1.0,2.0,-1.0,1.0,-4.0,-5.0,-4.0,-4.0,-5.0,-4.0,2.0,1.0,-5.0,-6.0,-5.0,-5.0,-6.0,-5.0,1.0,1.0,1.0,-5.0,-5.0,-5.0,-5.0,-5.0,-5.0,-1.0,1.0,-1.0,-5.0,-5.0,-5.0,-5.0,-5.0,-5.0,-3.0,-4.0,-1.0,-1.0,-3.0,-1.0,0.0,1.0,-9.0,-5.0,1.0,-1.0,-2.0,-1.0,-1.0,-2.0,-1.0,-3.0,-2.0,-1.0,-1.0,-1.0,-1.0,-1.0,-3.0,-1.0,-1.0,-1.0,-1.0,-3.0,-2.0,-3.0,-2.0,-1.0,-1.0,-1.0,-2.0,7.0,-4.0,-2.0,-3.0,-3.0,-1.0,-1.0,-1.0,1.0,1.0,0.0,-1.0,-5.0,-7.0,-1.0,-2.0,-1.0,9.0,2.0,13.0,-1.0,-1.0,-1.0,-5.0,-5.0,-2.0,-4.0,1.0,5.0,4.0,2.0,2.0,1.0,2.0,15.0,17.0,4.0,5.0,7.0,13.0,1.0,3.0,1.0,1.0,1.0,12.0,5.0,5.0,1.0,11.0,2.0,4.0,2.0,1.0,14.54346510062307,4.0,2.0,1.0,1.0,2.0,1.0,1.0,2.0,1.0,1.0,2.0,6.0,1.0,1.0,2.0,4.0,3.0,2.0,2.0,3.0,7.0,1.0,1.0,1.0,1.0,1.0,2.0,1.0,1.0,1.0,1.0,1.0,1.0,1.0,1.0,2.0,2.0,1.0,4.0,1.0,1.0,1.0,1.0,3.0,1.0,2.0,6.0,1.0,1.0,1.0,1.0,1.0,1.0,1.0,1.0,1.0,1.0,1.0,1.0,3.0,1.0,1.0,3.0,2.0,2.0,2.0,5.0,-20.80157324031526,2.0,2.0,4.0,3.0,1.0,2.0,2.0,2.0,2.0,1.0,1.0,2.0,2.0,2.0,1.0,1.0,1.0,1.0,1.0,2.0,1.0,4.0,1.0,1.0,1.0,1.0,2.0,1.0,1.0,1.0,5.0,5.0,1.0,4.0,3.0,2.0,2.0,1.0,5.0,1.0,3.0,4.0,2.0,1.0,3.0,3.0,4.0,3.0,3.0,1.0,1.0,2.0,1.0,3.0,2.0,4.0,2.0,1.0,4.0,2.0,1.0,2.0,3.0,3.0,3.0,3.0,2.0,1.0,4.0,5.0,1.0,1.0,5.0,4.0,2.0,1.0,1.0,1.0,6.0,10.0,1.0,5.0,5.0,1.0,7.0,2.0,1.0,10.0,4.0,3.0,3.0,1.0,7.0,1.0,11.0,1.0,2.0,2.0,1.0,3.0,2.0,1.0,1.0,5.0,8.0,1.0,7.0,3.0,1.0,2.0,2.0,1.0,2.0,1.0,1.0,1.0,1.0,2.0,7.0,6.0,1.0,2.0,1.0,1.0,1.0,1.0,5.0,1.0,1.0,2.0,5.0,1.0,2.0,7.0,6.0,6.0,1.0,2.0,9.0,3.0,6.0,1.0,6.0,4.0,9.0,1.0,1.0,1.0,2.0,10.0,6.0,2.0,2.0,5.0,5.0,1.0,10.0,1.0,2.0,4.0,5.0,13.0,1.0,1.0,1.0,1.0,4.0,4.0,3.0,1.0,2.0,1.0,1.0,1.0,2.0,4.0,4.0,5.0,11.0,1.0,1.0,1.0,1.0,5.0,2.0,7.0,1.0,1.0,2.0,1.0,1.0,1.0,3.0,3.0,2.0,2.0,3.0,5.0,1.0,2.0,1.0,-2.0,1.0,1.0,7.0,-3.0,-3.0,-3.0,-3.0,1.0,0.0,4.0,-2.0,5.0,-6.0,-6.0,-6.0,-6.0,-2.0,-1.0,-1.0,-6.0,-6.0,-6.0,-6.0,-3.0,-2.0,-1.0,-1.0,-3.0,-3.0,-3.0,-3.0,-2.0,-1.0,-1.0,2.0,-1.0,-6.0,-6.0,-6.0,-6.0,-6.0,-6.0,-6.0,1.0,1.0,-3.0,-3.0,7.0,2.0,-5.0,-5.0,-5.0,-5.0,1.0,-2.0,-2.0,2.0,1.0,-5.0,-6.0,-5.0,-5.0,2.0,1.0,1.0,1.0,-6.0,-6.0,-6.0,-6.0,-1.0,1.0,-2.0,-2.0,1.0,2.0,-13.0,-13.0,-1.0,-1.0,-2.0,2.0,1.0,-5.0,-5.0,-5.0,-5.0,-5.0,-5.0,1.0,1.0,-5.0,-5.0,-5.0,-5.0,-5.0,0.0,-3.0,-12.0,-12.0,1.0,5.0,-7.0,-7.0,-7.0,-7.0,1.0,7.0,1.0,1.0,1.0,2.0,11.0,1.0,4.0,1.0,3.0,6.0,1.0,2.0,3.0,15.0,3.0,2.0,3.0,4.0,1.0,6.0,6.0,4.0,2.0,1.0,1.0,1.0,1.0,1.0,1.0,3.0,7.0,1.0,3.0,1.0,1.0,1.0,3.0,2.0,1.0,2.0,2.0,1.0,1.0,3.0,3.0,3.0,1.0,1.0,2.0,3.0,3.0,3.0,1.0,1.0,1.0,3.0,4.0,4.0,2.0,3.0,1.0,1.0,1.0,1.0,1.0,1.0,2.0,3.0,4.0,4.0,2.0,6.0,3.0,1.0,1.0,1.0,1.0,1.0,1.0,2.0,3.0,1.0,13.0,3.0,1.0,1.0,6.0,1.0,1.0,1.0,4.0,1.0,1.0,2.0,2.0,4.0,3.0,3.0,1.0,1.0,1.0,1.0,2.0,2.0,3.0,3.0,1.0,1.0,2.0,2.0,1.0,2.0,6.0,6.0,2.0,3.0,2.0,2.0,1.0,1.0,2.0,2.0,6.0,6.0,2.0,3.0,2.0,2.0,1.0,1.0,21.0,3.0,4.0,1.0,2.0,2.0,8.0,1.0,7.0,2.0,1.0,2.0,3.0,4.0,4.0,1.0,16.0,1.0,6.0,3.0,1.0,1.0,2.0,10.0,1.0,10.0,3.0,3.0,2.0,1.0,4.0,3.0,1.0,2.0,1.0,1.0,4.0,1.0,3.0,1.0,2.0,2.0,1.0,1.0,1.0,1.0,3.0,1.0,1.0,2.0,1.0,1.0,1.0,1.0,1.0,1.0,1.0,1.0,1.0,1.0,1.0,4.0,3.0,1.0,1.0,1.0,1.0,1.0,1.0,2.0,2.0,1.0,4.0,1.0,4.0,1.0,1.0,2.0,1.0,1.0,3.0,2.0,2.0,2.0,2.0,1.0,1.0,6.0,24.0,4.0,1.0,3.0,2.0,1.0,1.0,16.0,35.0,3.0,1.0,1.0,1.0,1.0,1.0,1.0,3.0,5.0,1.0,1.0,2.0,7.0,5.0,5.0,2.0,3.0,1.0,1.0,1.0,8.0,1.0,5.0,3.0,2.0,9.0,6.0,1.0,4.0,13.0,1.0,7.0,7.0,1.0,1.0,1.0,1.0,1.0,4.0,6.0,3.0,2.0,1.0,8.0,6.0,1.0,1.0,1.0,2.0,3.0,1.0,2.0,8.0,1.0,2.0,9.0,2.0,1.0,1.0,1.0,1.0,1.0,4.0,1.0,1.0,4.0,5.0,1.0,1.0,2.0,3.0,2.0,1.0,2.0,5.0,6.0,4.0,6.0,8.0,11.0,7.0,6.0,1.0,1.0,1.0,4.0,1.0,3.0,4.0,5.0,12.0,5.0,2.0,2.0,1.0,4.0,2.0,1.0,1.0,1.0,3.0,4.0,3.0,2.0,2.0,3.0,5.0,1.0,7.0,5.0,2.0,2.0,3.0,1.0,1.0,1.0,1.0,2.0,1.0,2.0,1.0,1.0,12.0,10.0,8.0,6.0,5.0,1.0,1.0,1.0,3.0,1.0,1.0,1.0,3.0,4.0,1.0,2.0,1.0,1.0,1.0,2.0,1.0,1.0,8.0,1.0,1.0,2.0,2.0,5.0,2.0,2.0,1.0,1.0,3.0,2.0,3.0,1.0,6.0,6.0,1.0,1.0,6.0,1.0,6.0,9.0,3.0,13.0,10.0,1.0,1.0,11.0,1.0,1.0,3.0,8.0,9.0,2.0,1.0,2.0,3.0,3.0,3.0,1.0,1.0,1.0,5.0,5.0,2.0,1.0,2.0,2.0,1.0,1.0,5.0,1.0,1.0,1.0,1.0,3.0,2.0,1.0,2.0,1.0,3.0,4.0,1.0,2.0,1.0,2.0,1.0,2.0,2.0,1.0,1.0,2.0,2.0,1.0,1.0,1.0,1.0,1.0,1.0,2.0,1.0,8.0,2.0,1.0,5.0,6.0,2.0,1.0,1.0,1.0,6.0,2.0,3.0,4.0,3.0,1.0,1.0,2.0,2.0,1.0,1.0,11.0,1.0,1.0,2.0,4.0,5.0,3.0,1.0,4.0,1.0,14.0,4.0,7.0,1.0,1.0,2.0,1.0,1.0,1.0,1.0,1.0,1.0,3.0,1.0,9.0,2.0,2.0,1.0,1.0,7.0,1.0,8.0,1.0,1.0,1.0,1.0,2.0,1.0,1.0,1.0,1.0,2.0,1.0,1.0,1.0,1.0,1.0,1.0,4.0,4.0,3.0,2.0,1.0,1.0,1.0,1.0,3.0,1.0,1.0,1.0,1.0,1.0,1.0,1.0,1.0,2.0,1.0,3.0,3.0,1.0,1.0,3.0,5.0,9.0,7.0,2.0,2.0,1.0,1.0,1.0,2.0,3.0,1.0,1.0,2.0,3.0,1.0,1.0,2.0,2.0,1.0,1.0,1.0,1.0,2.0,1.0,1.0,-1.0,-1.0,-2.0,-4.0,-12.0,-7.0,-6.0,-6.0,-9.0,-11.0,-2.0,-8.0,-10.0,-6.0,-11.0,-1.0,-1.0,-4.0,-1.0,-10.0,-11.0,-3.0,-8.0,-12.0,-10.0,-1.0,-1.0,-1.0,-1.0,-7.0,-7.0,-13.0,-7.0,2.0,1.0,1.0,1.0,2.0,1.0,1.0,5.0,1.0,2.0,1.0,1.0,3.0,1.0,3.0,1.0,1.0,1.0,1.0,1.0,1.0,1.0,1.0,4.0,1.0,1.0,2.0,1.0,1.0,3.0,1.0,1.0,2.0,1.0,1.0,2.0,3.0,1.0,2.0,1.0,1.0,1.0,1.0,1.0,1.0,2.0,1.0,2.0,1.0,2.0,5.0,6.0,1.0,2.0,1.0,1.0,3.0,1.0,1.0,2.0,3.0,3.0,1.0,1.0,2.0,5.0,5.0,1.0,1.0,4.0,3.0,2.0,1.0,1.0,-1.0,1.0,2.0,-3.0,1.0,1.0,-4.0,-4.0,-3.0,2.0,-1.0,-1.0,-1.0,-2.0,2.0,10.0,1.0,1.0,1.0,2.0,3.0,4.0,1.0,2.0,1.0,17.0,1.0,1.0,1.0,1.0,2.0,1.0,1.0,1.0,4.0,4.0,1.0,3.0,1.0,1.0,2.0,1.0,1.0,1.0,2.0,2.0,1.0,1.0,1.0,1.0,2.0,3.0,2.0,1.0,1.0,3.0,1.0,1.0,1.0,2.0,3.0,1.0,1.0,2.0,4.0,2.0,1.0,1.0,1.0,1.0,2.0,3.0,1.0,4.0,1.0,1.0,1.0,4.0,4.0,1.0,1.0,2.0,2.0,2.0,2.0,1.0,2.0,1.0,2.0,3.0,1.0,6.0,11.0,8.0,5.0,4.0,5.0,3.0,2.0,1.0,1.0,1.0,1.0,1.0,2.0,2.0,3.0,2.0,3.0,1.0,1.0,1.0,1.0,1.0,1.0,3.0,2.0,5.0,1.0,2.0,2.0,1.0,5.0,1.0,5.0,1.0,2.0,5.0,3.0,2.0,1.0,1.0,1.0,2.0,3.0,1.0,1.0,1.0,3.0,3.0,2.0,4.0,1.0,1.0,1.0,1.0,1.0,1.0,1.0,1.0,1.0,1.0,1.0,3.0,5.0,1.0,1.0,1.0,2.0,2.0,1.0,1.0,5.0,1.0,1.0,5.0,1.0,1.0,-7.0,-7.0,1.0,-1.0,-4.0,-2.0,-1.0,-2.0,-1.0,1.0,-1.0,-3.0,-5.0,0.0,-3.0,-1.0,-2.0,-4.0,1.0,-1.0,1.0,-1.0,-1.0,1.0,-1.0,-1.0,2.0,-2.0,-3.0,2.0,-2.0,-1.0,1.0,-1.0,-1.0,-2.0,1.0,-2.0,-1.0,2.0,-1.0,-1.0,-1.0,-1.0,-2.0,2.0,-2.0,-2.0,0.0,-1.0,-1.0,-1.0,-1.0,-1.0,1.0,1.0,1.0,7.0,1.0,1.0,1.0,1.0,1.0,2.0,1.0,1.0,12.0,1.0,1.0,1.0,1.0,1.0,1.0,2.0,1.0,1.0,1.0,1.0,2.0,4.0,3.0,1.0,1.0,3.0,1.0,1.0,1.0,1.0,2.0,1.0,1.0,1.0,1.0,1.0,2.0,1.0,1.0,3.0,7.0,2.0,1.0,1.0,1.0,1.0,1.0,1.0,1.0,1.0,1.0,1.0,1.0,1.0,6.0,1.0,1.0,1.0,1.0,1.0,1.0,1.0,1.0,1.0,1.0,1.0,1.0,1.0,1.0,1.0,1.0,4.0,1.0,1.0,1.0,1.0,1.0,1.0,1.0,1.0,1.0,1.0,1.0,1.0,1.0,1.0,1.0,1.0,1.0,1.0,1.0,-1.0,-1.0,1.0,1.0,2.0,-2.0,-2.0,-2.0,-2.0,-2.0,1.0,1.0,-3.0,-3.0,-3.0,-3.0,1.0,-5.0,-5.0,-5.0,1.0,1.0,1.0,1.0,2.0,1.0,1.0,-1.0,-1.0,-1.0,-1.0,-1.0,-1.0,4.0,4.0,1.0,1.0,3.0,1.0,1.0,1.0,1.0,1.0,3.0,3.0,2.0,1.0,1.0,1.0,1.0,1.0,2.0,1.0,1.0,2.0,2.0,1.0,1.0,1.0,1.0,1.0,3.0,3.0,3.0,1.0,1.0,2.0,1.0,1.0,2.0,2.0,2.0,1.0,1.0,1.0,2.0,1.0,1.0,1.0,1.0,3.0,1.0,1.0,1.0,1.0,4.0,2.0,5.0,1.0,2.0,1.0,1.0,1.0,1.0,3.0,1.0,2.0,3.0,2.0,1.0,1.0,1.0,2.0,2.0,2.0,2.0,1.0,6.0,3.0,6.0,1.0,1.0,1.0,3.0,1.0,4.0,5.0,1.0,1.0,1.0,1.0,1.0,17.0,1.0,2.0,12.0,1.0,2.0,3.0,8.0,13.0,5.0,2.0,1.0,2.0,6.0,4.0,4.0,2.0,1.0,3.0,2.0,1.0,1.0,1.0,3.0,1.0,1.0,1.0,3.0,1.0,1.0,1.0,3.0,1.0,1.0,1.0,2.0,3.0,7.0,4.0,3.0,1.0,2.0,2.0,2.0,1.0,1.0,1.0,1.0,1.0,1.0,1.0,1.0,1.0,1.0,1.0,1.0,1.0,1.0,1.0,1.0,1.0,1.0,1.0,1.0,1.0,1.0,1.0,1.0,1.0,3.0,1.0,1.0,2.0,2.0,2.0,2.0,3.0,1.0,1.0,1.0,2.0,1.0,4.0,3.0,1.0,1.0,1.0,2.0,1.0,7.39298284432326,1.0,5.0,3.0,2.0,1.0,1.0,1.0,1.0,1.0,1.0,1.0,1.0,1.0,3.0,4.0,3.0,1.0,1.0,1.0,1.0,1.0,1.0,1.0,1.0,1.0,1.0,1.0,1.0,2.0,1.0,1.0,1.0,1.0,1.0,1.0,1.0,1.0,1.0,1.0,1.0,2.0,1.0,1.0,1.0,1.0,1.0,1.0,1.0,1.0,1.0,1.0,1.0,1.0,1.0,3.0,8.0,2.0,1.0,2.0,1.0,1.0,4.0,1.0,1.0,1.0,1.0,1.0,1.0,1.0,7.0,5.0,2.0,3.0,1.0,1.0,2.0,1.0,1.0,1.0,1.0,1.0,1.0,2.0,3.0,1.0,2.0,2.0,2.0,1.0,3.0,1.0,1.0,1.0,1.0,3.0,2.0,3.0,3.0,1.0,1.0,2.0,2.0,2.0,3.0,2.0,1.0,3.0,1.0,2.0,2.0,2.0,2.0,2.0,2.0,1.0,1.0,1.0,1.0,1.0,1.0,1.0,1.0,1.0,2.0,1.0,1.0,1.0,3.0,1.0,1.0,1.0,1.0,1.0,1.0,1.0,2.0,1.0,6.0,1.0,5.0,1.0,4.0,1.0,8.0,1.0,3.0,3.0,4.0,1.0,2.0,2.0,1.0,1.0,3.0,2.0,3.0,1.0,2.0,1.0,1.0,2.0,1.0,1.0,4.0,6.0,1.0,1.0,1.0,2.0,2.0,1.0,1.0,3.0,5.0,4.0,1.0,1.0,5.0,1.0,1.0,2.0,1.0,1.0,1.0,4.0,2.0,1.0,4.0,2.0,6.0,1.0,1.0,1.0,1.0,6.0,4.0,1.0,1.0,3.0,3.0,2.0,9.0,2.0,3.0,3.0,3.0,3.0,1.0,1.0,5.0,5.0,5.0,5.0,1.0,7.0,10.0,2.0,1.0,4.0,5.0,5.0,5.0,5.0,2.0,1.0,3.0,5.0,4.0,2.0,2.0,1.0,1.0,2.0,3.0,1.0,1.0,3.0,11.0,5.0,5.0,5.0,5.0,5.0,5.0,5.0,5.0,13.0,3.0,2.0,2.0,3.0,11.0,5.0,5.0,5.0,5.0,1.0,1.0,2.0,18.0,11.0,2.0,1.0,3.0,3.0,5.0,5.0,5.0,5.0,5.0,5.0,2.0,1.0,3.0,1.0,1.0,21.0,1.0,2.0,3.0,6.0,6.0,6.0,6.0,2.0,5.0,3.0,2.0,5.0,13.0,2.0,5.0,5.0,5.0,5.0,6.0,2.0,24.0,2.0,1.0,2.0,5.0,5.0,5.0,5.0,1.0,2.0,4.0,3.0,12.0,1.0,9.0,4.0,4.0,4.0,4.0,4.0,4.0,4.0,1.0,10.0,4.0,1.0,21.0,1.0,2.0,1.0,1.0,1.0,4.0,3.0,5.0,6.0,6.0,6.0,6.0,6.0,1.0,1.0,3.0,15.0,1.0,1.0,1.0,1.0,7.0,4.0,1.0,10.0,5.0,5.0,5.0,5.0,1.0,1.0,4.0,2.0,1.0,1.0,2.0,2.0,9.0,2.0,1.0,1.0,3.0,1.0,4.0,3.0,1.0,1.0,1.0,1.0,1.0,2.0,1.0,1.0,9.0,1.0,1.0,1.0,2.0,5.0,5.0,5.0,5.0,2.0,1.0,7.0,1.0,2.0,5.0,5.0,5.0,5.0,5.0,5.0,5.0,3.0,1.0,1.0,20.0,1.0,1.0,1.0,4.0,1.0,1.0,2.0,1.0,9.0,3.0,4.0,4.0,4.0,4.0,4.0,4.0,4.0,4.0,1.0,1.0,37.0,1.0,1.0,1.0,6.0,6.0,6.0,6.0,6.0,6.0,1.0,1.0,1.0,1.0,6.0,16.0,1.0,5.0,5.0,5.0,5.0,1.0,27.0,1.0,1.0,1.0,7.0,6.0,6.0,6.0,6.0,1.0,2.0,1.0,30.0,1.0,1.0,1.0,1.0,8.0,6.0,6.0,6.0,6.0,6.0,2.0,2.0,2.0,2.0,5.0,5.0,7.0,3.0,30.0,3.0,10.0,6.0,1.0,10.0,5.0,5.0,5.0,5.0,5.0,5.0,5.0,4.0,1.0,6.0,8.0,1.0,2.0,3.0,4.0,4.0,5.0,6.0,6.0,6.0,6.0,-5.0,-5.0,-5.0,-5.0,-5.0,-5.0,-5.0,-5.0,-5.0,-5.0,1.0
1.0,1.0,1.0,2.0,1.0,2.0,4.0,7.0,1.0,2.0,1.0,5.0,1.0,1.0,1.0,1.0,3.0,1.0,2.0,1.0,1.0,1.0,1.0,1.0,1.0,1.0,5.0,2.0,1.0,3.0,1.0,1.0,5.0,1.0,1.0,2.0,1.0,1.0,1.0,2.0,3.0,1.0,1.0,1.0,1.0,1.0,1.0,1.0,1.0,1.0,1.0,1.0,5.0,3.0,2.0,1.0,1.0,2.0,1.0,1.0,1.0,1.0,1.0,1.0,1.0,1.0,2.0,1.0,5.0,1.0,2.0,1.0,1.0,2.0,1.0,1.0,1.0,1.0,2.0,1.0,7.0,4.0,1.0,2.0,1.0,2.0,12.0,5.0,1.0,15.0,1.0,2.0,2.0,2.0,1.0,1.0,8.0,1.0,4.0,1.0,1.0,16.0,3.0,3.0,1.0,2.0,1.0,1.0,6.0,7.0,1.0,2.0,3.0,2.0,2.0,3.0,2.0,1.0,5.0,1.0,3.0,2.0,2.0,1.0,1.0,1.0,10.0,10.0,1.0,3.0,2.0,1.0,2.0,5.0,2.0,1.0,3.0,1.0,1.0,1.0,1.0,1.0,1.0,1.0,7.0,1.0,1.0,13.0,1.0,1.0,1.0,10.0,2.0,1.0,3.0,1.0,1.0,2.0,3.0,1.0,1.0,1.0,1.0,1.0,1.0,1.0,2.0,1.0,14.0,1.0,1.0,1.0,2.0,2.0,1.0,3.0,2.0,1.0,1.0,1.0,2.0,5.0,1.0,1.0,1.0,4.0,1.0,4.0,2.0,14.0,1.0,2.0,2.0,4.0,1.0,1.0,3.0,1.0,1.0,2.0,1.0,1.0,4.0,3.0,17.0,1.0,1.0,1.0,1.0,3.0,1.0,3.0,5.0,1.0,2.0,2.0,2.0,1.0,1.0,1.0,4.0,1.0,2.0,1.0,1.0,1.0,1.0,1.0,1.0,5.0,2.0,2.0,3.0,1.0,1.0,1.0,1.0,2.0,1.0,1.0,1.0,1.0,1.0,5.0,2.0,3.0,2.0,2.0,3.0,1.0,2.0,4.0,1.0,2.0,2.0,2.0,1.0,1.0,1.0,1.0,1.0,3.0,2.0,1.0,1.0,13.0,3.0,1.0,1.0,1.0,7.0,4.0,1.0,1.0,1.0,8.0,1.0,1.0,6.0,2.0,1.0,3.0,2.0,8.0,2.0,1.0,1.0,1.0,5.0,1.0,8.0,1.0,4.0,9.0,7.0,1.0,1.0,8.0,1.0,2.0,1.0,1.0,4.0,1.0,1.0,1.0,7.0,4.0,5.0,3.0,1.0,1.0,1.0,2.0,1.0,1.0,1.0,1.0,1.0,1.0,6.0,3.0,2.0,2.0,1.0,1.0,1.0,1.0,1.0,1.0,5.0,1.0,1.0,3.0,1.0,1.0,3.0,3.0,1.0,1.0,1.0,2.0,2.0,1.0,1.0,1.0,3.0,4.0,4.0,1.0,1.0,1.0,2.0,1.0,2.0,2.0,2.0,8.0,9.0,3.0,1.0,2.0,1.0,1.0,3.0,2.0,2.0,1.0,5.0,1.0,3.0,3.0,3.0,4.0,1.0,1.0,2.0,2.0,3.0,3.0,1.0,3.0,2.0,1.0,1.0,1.0,1.0,1.0,1.0,1.0,1.0,1.0,1.0,1.0,2.0,10.0,2.0,3.0,3.0,3.0,2.0,1.0,1.0,1.0,1.0,2.0,1.0,15.0,3.0,3.0,3.0,3.0,1.0,1.0,11.0,2.0,2.0,2.0,3.0,1.0,1.0,1.0,1.0,9.0,2.0,2.0,3.0,3.0,1.0,1.0,1.0,2.0,1.0,13.0,2.0,2.0,3.0,3.0,6.0,5.0,2.0,2.0,2.0,2.0,3.0,3.0,4.0,3.0,2.0,2.0,3.0,3.0,4.0,2.0,7.0,3.0,3.0,2.0,2.0,1.0,3.0,7.0,2.0,13.0,6.0,4.0,1.0,1.0,1.0,2.0,1.0,3.0,2.0,10.0,2.0,14.0,1.0,1.0,1.0,9.0,3.0,2.0,1.0,1.0,10.0,2.0,1.0,1.0,1.0,2.0,3.0,7.0,5.0,1.0,1.0,1.0,2.0,6.0,2.0,2.0,4.0,2.0,1.0,1.0,1.0,3.0,2.0,10.0,3.0,1.0,1.0,1.0,5.0,3.0,5.0,1.0,3.0,1.0,1.0,2.0,2.0,3.0,2.0,1.0,2.0,1.0,1.0,1.0,2.0,1.0,1.0,1.0,1.0,5.0,1.0,2.0,1.0,1.0,1.0,1.0,1.0,4.0,1.0,1.0,14.0,1.0,4.0,1.0,13.0,11.0,2.0,2.0,1.0,5.0,1.0,11.0,1.0,1.0,1.0,1.0,1.0,4.0,1.0,1.0,1.0,1.0,3.0,1.0,3.0,1.0,5.0,9.0,1.0,1.0,1.0,1.0,4.0,1.0,6.0,13.0,1.0,3.0,3.0,4.0,1.0,3.0,1.0,4.0,1.0,14.0,9.0,12.0,7.0,1.0,1.0,1.0,2.0,4.0,4.0,6.0,10.0,8.0,21.0,4.0,4.0,3.0,2.0,4.0,1.0,2.0,12.0,11.0,1.0,3.0,4.0,1.0,1.0,1.0,1.0,3.0,6.0,7.0,2.0,5.0,3.0,3.0,8.0,10.0,2.0,19.0,8.0,5.0,1.0,3.0,2.0,6.0,2.0,2.0,1.0,2.0,3.0,8.0,9.0,6.0,6.0,1.0,1.0,2.0,2.0,2.0,8.0,4.0,5.0,8.0,7.0,13.0,3.0,9.0,2.0,1.0,3.0,5.0,1.0,3.0,1.0,1.0,7.0,8.0,1.0,2.0,1.0,1.0,6.0,1.0,1.0,1.0,5.0,15.0,1.0,2.0,7.0,5.0,4.0,5.0,4.0,16.0,6.0,4.0,2.0,1.0,1.0,1.0,1.0,1.0,1.0,2.0,1.0,7.0,7.0,4.0,1.0,2.0,1.0,2.0,1.0,1.0,1.0,1.0,2.0,2.0,1.0,1.0,1.0,1.0,1.0,1.0,1.0,1.0,1.0,1.0,1.0,2.0,2.0,4.0,1.0,1.0,1.0,2.0,7.0,1.0,1.0,1.0,1.0,1.0,1.0,1.0,2.0,3.0,6.0,7.0,4.0,1.0,3.0,1.0,1.0,1.0,1.0,1.0,1.0,1.0,1.0,1.0,2.0,1.0,1.0,2.0,1.0,1.0,1.0,2.0,1.0,1.0,1.0,1.0,1.0,2.0,2.0,3.0,6.0,1.0,1.0,2.0,1.0,1.0,2.0,1.0,1.0,13.0,19.0,2.0,1.0,1.0,4.0,1.0,1.0,1.0,2.28507226805276,1.0,1.0,1.0,1.0,1.0,1.0,1.0,2.0,1.0,1.0,1.0,16.0,15.0,1.0,2.0,2.0,2.0,1.0,1.0,1.0,2.0,1.0,1.0,1.0,1.0,1.0,2.0,1.0,1.0,3.0,1.0,1.0,1.0,2.0,1.0,1.0,12.0,7.0,1.0,5.0,1.0,3.0,1.0,1.0,1.0,2.0,3.0,1.0,1.0,6.0,7.0,3.0,5.0,3.0,1.0,1.0,3.0,2.0,1.0,7.0,16.0,1.0,1.0,5.0,3.0,1.0,1.0,3.0,2.0,1.0,1.46952489648403,1.0,2.0,3.0,3.0,1.0,1.0,2.0,1.0,1.0,1.0,2.0,30.0,1.0,4.0,7.0,1.0,1.0,1.0,1.0,1.0,2.0,1.0,2.0,1.0,1.0,1.0,1.0,1.0,1.0,5.0,24.0,4.0,2.0,1.0,1.0,1.0,1.0,1.0,1.0,2.0,2.0,3.0,1.0,2.0,1.0,1.0,1.0,1.0,1.0,1.0,1.0,2.0,1.0,1.0,1.0,1.0,1.0,1.0,1.0,1.0,3.0,1.0,1.0,1.0,3.0,5.0,2.0,3.0,1.0,1.0,2.0,1.0,2.0,1.0,3.0,1.0,2.0,1.0,1.0,2.0,2.0,2.0,1.0,1.0,5.0,2.0,2.0,4.0,1.0,3.0,1.0,4.0,1.0,1.0,2.0,1.0,1.0,4.0,1.0,2.0,1.0,1.0,2.0,4.0,1.0,2.0,2.0,5.0,1.0,1.0,2.0,1.0,1.0,3.0,1.0,1.0,3.0,3.0,5.0,3.0,4.0,1.0,1.0,1.0,2.0,1.0,2.0,1.0,2.0,1.0,1.0,3.0,1.0,1.0,1.0,1.0,2.0,1.0,1.0,1.0,2.0,1.0,1.0,1.0,1.0,1.0,1.0,1.0,1.0,4.0,1.0,1.0,1.0,2.0,1.0,6.0,1.0,1.0,1.0,2.0,2.0,1.0,1.0,1.0,-1.2523449689335,2.0,1.0,1.0,2.0,1.0,-1.0,-1.0,-1.0,-1.0,-2.0,1.0,9.0,-1.0,1.0,-1.0,-1.0,-5.0,-4.0,-3.0,-4.0,-5.0,-5.0,1.0,1.0,1.0,6.0,6.0,2.0,1.0,3.0,2.0,1.0,4.0,5.0,1.0,3.0,1.0,1.0,2.0,1.0,5.0,1.0,1.0,10.0,4.0,1.0,1.0,1.0,3.0,7.0,1.0,2.0,8.0,1.0,2.0,1.0,1.0,1.0,2.0,1.0,2.0,9.0,1.0,9.0,1.0,1.0,1.0,3.0,1.0,1.0,4.0,4.0,1.0,2.0,1.0,2.0,1.0,1.0,1.0,2.0,1.0,1.0,2.0,4.0,1.0,1.0,10.0,1.0,1.0,1.0,3.0,1.0,4.0,4.0,9.0,1.0,1.0,5.0,1.0,1.0,1.0,4.0,2.0,5.0,1.0,7.0,1.0,5.0,1.0,1.0,1.0,2.0,1.0,5.0,4.0,6.0,1.0,-3.0,-1.0,-1.0,-13.70931735451625,-2.0,-2.0,-1.0,-1.0,-1.0,-1.0,-3.0,-1.0,-2.0,-4.0,-1.0,-2.0,-1.0,-1.0,-1.0,5.0,4.0,2.0,7.0,2.0,1.0,2.0,1.0,2.0,1.0,3.0,4.0,4.0,1.0,1.0,2.0,4.0,2.0,6.0,1.0,5.0,1.0,8.0,7.0,1.0,4.0,3.0,1.0,1.0,1.0,2.0,1.0,4.0,1.0,1.0,1.0,1.0,2.0,1.0,1.0,3.0,2.0,4.0,7.0,7.0,4.0,1.0,1.0,4.0,1.0,1.0,2.0,1.0,1.0,5.0,1.0,2.0,7.0,4.0,2.0,2.0,1.0,1.0,1.0,2.0,2.0,2.0,1.0,1.0,2.0,6.0,1.0,4.0,2.0,3.0,17.0,1.0,8.0,8.0,1.0,1.0,2.0,2.0,1.0,1.0,2.0,2.0,11.0,5.0,2.0,1.0,2.0,2.0,2.0,2.0,2.0,2.0,2.0,2.0,2.0,1.0,1.0,25.0,6.0,5.0,5.0,5.0,5.0,5.0,5.0,3.0,2.0,1.0,1.0,2.0,1.0,1.0,12.0,15.0,4.0,4.0,5.0,4.0,4.0,5.0,2.0,1.0,5.0,1.0,1.0,2.0,1.0,16.0,5.0,4.0,5.0,4.0,10.0,2.0,4.0,3.0,3.0,6.0,4.0,4.0,4.0,4.0,4.0,4.0,4.0,4.0,4.0,2.0,4.0,4.0,4.0,4.0,4.0,4.0,1.0,0.04841487884133,4.0,4.0,4.0,4.0,4.0,4.0,1.0,1.0,1.0,1.0,1.0,1.0,4.0,4.0,4.0,4.0,4.0,4.0,4.0,4.0,4.0,4.0,1.0,1.0,1.0,1.0,3.0,1.0,1.0,10.0,1.0,1.0,1.0,1.0,1.0,21.0,15.0,1.0,1.0,1.0,1.0,1.0,1.0,5.0,1.0,6.0,2.0,2.0,23.0,14.0,1.0,3.0,3.0,3.0,3.0,3.0,3.0,3.0,3.0,1.0,1.0,1.0,1.0,1.0,6.0,1.0,4.0,10.0,9.0,26.0,7.0,3.0,3.0,4.0,3.0,3.0,3.0,4.0,3.0,1.0,1.0,1.0,1.0,3.0,1.0,1.0,13.0,2.0,2.0,2.0,2.0,2.0,2.0,2.0,1.0,1.0,2.0,2.0,2.0,2.0,2.0,2.0,3.0,2.0,1.0,2.0,2.0,2.0,2.0,2.0,2.0,2.0,1.0,2.0,2.0,2.0,2.0,2.0,2.0,2.0,2.0,2.0,2.0,2.0,1.0,-2.0,1.0,4.0,1.0,-4.0,-4.0,-5.0,-4.0,-4.0,-4.0,-5.0,-4.0,-1.0,1.0,2.0,-1.0,1.0,-4.0,-5.0,-4.0,-4.0,-5.0,-4.0,2.0,1.0,-5.0,-6.0,-5.0,-5.0,-6.0,-5.0,1.0,1.0,1.0,-5.0,-5.0,-5.0,-5.0,-5.0,-5.0,-1.0,1.0,-1.0,-5.0,-5.0,-5.0,-5.0,-5.0,-5.0,-3.0,-4.0,-1.0,-1.0,-3.0,-1.0,0.0,1.0,-9.0,-5.0,1.0,-1.0,-2.0,-1.0,-1.0,-2.0,-1.0,-3.0,-2.0,-1.0,-1.0,-1.0,-1.0,-1.0,-3.0,-1.0,-1.0,-1.0,-1.0,-3.0,-2.0,-3.0,-2.0,-1.0,-1.0,-1.0,-2.0,7.0,-4.0,-2.0,-3.0,-3.0,-1.0,-1.0,-1.0,1.0,1.0,0.0,-1.0,-5.0,-7.0,-1.0,-2.0,-1.0,9.0,2.0,13.0,-1.0,-1.0,-1.0,-5.0,-5.0,-2.0,-4.0,1.0,5.0,4.0,2.0,2.0,1.0,2.0,15.0,17.0,4.0,5.0,7.0,13.0,1.0,3.0,1.0,1.0,1.0,12.0,5.0,5.0,1.0,11.0,2.0,4.0,2.0,1.0,14.57346510062307,4.0,2.0,1.0,1.0,2.0,1.0,1.0,2.0,1.0,1.0,2.0,6.0,1.0,1.0,2.0,4.0,3.0,2.0,2.0,3.0,7.0,1.0,1.0,1.0,1.0,1.0,2.0,1.0,1.0,1.0,1.0,1.0,1.0,1.0,1.0,2.0,2.0,1.0,4.0,1.0,1.0,1.0,1.0,3.0,1.0,2.0,6.0,1.0,1.0,1.0,1.0,1.0,1.0,1.0,1.0,1.0,1.0,1.0,1.0,3.0,1.0,1.0,3.0,2.0,2.0,2.0,5.0,-20.76157324031526,2.0,2.0,4.0,3.0,1.0,2.0,2.0,2.0,2.0,1.0,1.0,2.0,2.0,2.0,1.0,1.0,1.0,1.0,1.0,2.0,1.0,4.0,1.0,1.0,1.0,1.0,2.0,1.0,1.0,1.0,5.0,5.0,1.0,4.0,3.0,2.0,2.0,1.0,5.0,1.0,3.0,4.0,2.0,1.0,3.0,3.0,4.0,3.0,3.0,1.0,1.0,2.0,1.0,3.0,2.0,4.0,2.0,1.0,4.0,2.0,1.0,2.0,3.0,3.0,3.0,3.0,2.0,1.0,4.0,5.0,1.0,1.0,5.0,4.0,2.0,1.0,1.0,1.0,6.0,10.0,1.0,5.0,5.0,1.0,7.0,2.0,1.0,10.0,4.0,3.0,3.0,1.0,7.0,1.0,11.0,1.0,2.0,2.0,1.0,3.0,2.0,1.0,1.0,5.0,8.0,1.0,7.0,3.0,1.0,2.0,2.0,1.0,2.0,1.0,1.0,1.0,1.0,2.0,7.0,6.0,1.0,2.0,1.0,1.0,1.0,1.0,5.0,1.0,1.0,2.0,5.0,1.0,2.0,7.0,6.0,6.0,1.0,2.0,9.0,3.0,6.0,1.0,6.0,4.0,9.0,1.0,1.0,1.0,2.0,10.0,6.0,2.0,2.0,5.0,5.0,1.0,10.0,1.0,2.0,4.0,5.0,13.0,1.0,1.0,1.0,1.0,4.0,4.0,3.0,1.0,2.0,1.0,1.0,1.0,2.0,4.0,4.0,5.0,11.0,1.0,1.0,1.0,1.0,5.0,2.0,7.0,1.0,1.0,2.0,1.0,1.0,1.0,3.0,3.0,2.0,2.0,3.0,5.0,1.0,2.0,1.0,-2.0,1.0,1.0,7.0,-3.0,-3.0,-3.0,-3.0,1.0,0.0,4.0,-2.0,5.0,-6.0,-6.0,-6.0,-6.0,-2.0,-1.0,-1.0,-6.0,-6.0,-6.0,-6.0,-3.0,-2.0,-1.0,-1.0,-3.0,-3.0,-3.0,-3.0,-2.0,-1.0,-1.0,2.0,-1.0,-6.0,-6.0,-6.0,-6.0,-6.0,-6.0,-6.0,1.0,1.0,-3.0,-3.0,7.0,2.0,-5.0,-5.0,-5.0,-5.0,1.0,-2.0,-2.0,2.0,1.0,-5.0,-6.0,-5.0,-5.0,2.0,1.0,1.0,1.0,-6.0,-6.0,-6.0,-6.0,-1.0,1.0,-2.0,-2.0,1.0,2.0,-13.0,-13.0,-1.0,-1.0,-2.0,2.0,1.0,-5.0,-5.0,-5.0,-5.0,-5.0,-5.0,1.0,1.0,-5.0,-5.0,-5.0,-5.0,-5.0,0.0,-3.0,-12.0,-12.0,1.0,5.0,-7.0,-7.0,-7.0,-7.0,1.0,7.0,1.0,1.0,1.0,2.0,11.0,1.0,4.0,1.0,3.0,6.0,1.0,2.0,3.0,15.0,3.0,2.0,3.0,4.0,1.0,6.0,6.0,4.0,2.0,1.0,1.0,1.0,1.0,1.0,1.0,3.0,7.0,1.0,3.0,1.0,1.0,1.0,3.0,2.0,1.0,2.0,2.0,1.0,1.0,3.0,3.0,3.0,1.0,1.0,2.0,3.0,3.0,3.0,1.0,1.0,1.0,3.0,4.0,4.0,2.0,3.0,1.0,1.0,1.0,1.0,1.0,1.0,2.0,3.0,4.0,4.0,2.0,6.0,3.0,1.0,1.0,1.0,1.0,1.0,1.0,2.0,3.0,1.0,13.0,3.0,1.0,1.0,6.0,1.0,1.0,1.0,4.0,1.0,1.0,2.0,2.0,4.0,3.0,3.0,1.0,1.0,1.0,1.0,2.0,2.0,3.0,3.0,1.0,1.0,2.0,2.0,1.0,2.0,6.0,6.0,2.0,3.0,2.0,2.0,1.0,1.0,2.0,2.0,6.0,6.0,2.0,3.0,2.0,2.0,1.0,1.0,21.0,3.0,4.0,1.0,2.0,2.0,8.0,1.0,7.0,2.0,1.0,2.0,3.0,4.0,4.0,1.0,16.0,1.0,6.0,3.0,1.0,1.0,2.0,10.0,1.0,10.0,3.0,3.0,2.0,1.0,4.0,3.0,1.0,2.0,1.0,1.0,4.0,1.0,3.0,1.0,2.0,2.0,1.0,1.0,1.0,1.0,3.0,1.0,1.0,2.0,1.0,1.0,1.0,1.0,1.0,1.0,1.0,1.0,1.0,1.0,1.0,4.0,3.0,1.0,1.0,1.0,1.0,1.0,1.0,2.0,2.0,1.0,4.0,1.0,4.0,1.0,1.0,2.0,1.0,1.0,3.0,2.0,2.0,2.0,2.0,1.0,1.0,6.0,24.0,4.0,1.0,3.0,2.0,1.0,1.0,16.0,35.0,3.0,1.0,1.0,1.0,1.0,1.0,1.0,3.0,5.0,1.0,1.0,2.0,7.0,5.0,5.0,2.0,3.0,1.0,1.0,1.0,8.0,1.0,5.0,3.0,2.0,9.0,6.0,1.0,4.0,13.0,1.0,7.0,7.0,1.0,1.0,1.0,1.0,1.0,4.0,6.0,3.0,2.0,1.0,8.0,6.0,1.0,1.0,1.0,2.0,3.0,1.0,2.0,8.0,1.0,2.0,9.0,2.0,1.0,1.0,1.0,1.0,1.0,4.0,1.0,1.0,4.0,5.0,1.0,1.0,2.0,3.0,2.0,1.0,2.0,5.0,6.0,4.0,6.0,8.0,11.0,7.0,6.0,1.0,1.0,1.0,4.0,1.0,3.0,4.0,5.0,12.0,5.0,2.0,2.0,1.0,4.0,2.0,1.0,1.0,1.0,3.0,4.0,3.0,2.0,2.0,3.0,5.0,1.0,7.0,5.0,2.0,2.0,3.0,1.0,1.0,1.0,1.0,2.0,1.0,2.0,1.0,1.0,12.0,10.0,8.0,6.0,5.0,1.0,1.0,1.0,3.0,1.0,1.0,1.0,3.0,4.0,1.0,2.0,1.0,1.0,1.0,2.0,1.0,1.0,8.0,1.0,1.0,2.0,2.0,5.0,2.0,2.0,1.0,1.0,3.0,2.0,3.0,1.0,6.0,6.0,1.0,1.0,6.0,1.0,6.0,9.0,3.0,13.0,10.0,1.0,1.0,11.0,1.0,1.0,3.0,8.0,9.0,2.0,1.0,2.0,3.0,3.0,3.0,1.0,1.0,1.0,5.0,5.0,2.0,1.0,2.0,2.0,1.0,1.0,5.0,1.0,1.0,1.0,1.0,3.0,2.0,1.0,2.0,1.0,3.0,4.0,1.0,2.0,1.0,2.0,1.0,2.0,2.0,1.0,1.0,2.0,2.0,1.0,1.0,1.0,1.0,1.0,1.0,2.0,1.0,8.0,2.0,1.0,5.0,6.0,2.0,1.0,1.0,1.0,6.0,2.0,3.0,4.0,3.0,1.0,1.0,2.0,2.0,1.0,1.0,11.0,1.0,1.0,2.0,4.0,5.0,3.0,1.0,4.0,1.0,14.0,4.0,7.0,1.0,1.0,2.0,1.0,1.0,1.0,1.0,1.0,1.0,3.0,1.0,9.0,2.0,2.0,1.0,1.0,7.0,1.0,8.0,1.0,1.0,1.0,1.0,2.0,1.0,1.0,1.0,1.0,2.0,1.0,1.0,1.0,1.0,1.0,1.0,4.0,4.0,3.0,2.0,1.0,1.0,1.0,1.0,3.0,1.0,1.0,1.0,1.0,1.0,1.0,1.0,1.0,2.0,1.0,3.0,3.0,1.0,1.0,3.0,5.0,9.0,7.0,2.0,2.0,1.0,1.0,1.0,2.0,3.0,1.0,1.0,2.0,3.0,1.0,1.0,2.0,2.0,1.0,1.0,1.0,1.0,2.0,1.0,1.0,-1.0,-1.0,-2.0,-4.0,-12.0,-7.0,-6.0,-6.0,-9.0,-11.0,-2.0,-8.0,-10.0,-6.0,-11.0,-1.0,-1.0,-4.0,-1.0,-10.0,-11.0,-3.0,-8.0,-12.0,-10.0,-1.0,-1.0,-1.0,-1.0,-7.0,-7.0,-13.0,-7.0,2.0,1.0,1.0,1.0,2.0,1.0,1.0,5.0,1.0,2.0,1.0,1.0,3.0,1.0,3.0,1.0,1.0,1.0,1.0,1.0,1.0,1.0,1.0,4.0,1.0,1.0,2.0,1.0,1.0,3.0,1.0,1.0,2.0,1.0,1.0,2.0,3.0,1.0,2.0,1.0,1.0,1.0,1.0,1.0,1.0,2.0,1.0,2.0,1.0,2.0,5.0,6.0,1.0,2.0,1.0,1.0,3.0,1.0,1.0,2.0,3.0,3.0,1.0,1.0,2.0,5.0,5.0,1.0,1.0,4.0,3.0,2.0,1.0,1.0,-1.0,1.0,2.0,-3.0,1.0,1.0,-4.0,-4.0,-3.0,2.0,-1.0,-1.0,-1.0,-2.0,2.0,10.0,1.0,1.0,1.0,2.0,3.0,4.0,1.0,2.0,1.0,17.0,1.0,1.0,1.0,1.0,2.0,1.0,1.0,1.0,4.0,4.0,1.0,3.0,1.0,1.0,2.0,1.0,1.0,1.0,2.0,2.0,1.0,1.0,1.0,1.0,2.0,3.0,2.0,1.0,1.0,3.0,1.0,1.0,1.0,2.0,3.0,1.0,1.0,2.0,4.0,2.0,1.0,1.0,1.0,1.0,2.0,3.0,1.0,4.0,1.0,1.0,1.0,4.0,4.0,1.0,1.0,2.0,2.0,2.0,2.0,1.0,2.0,1.0,2.0,3.0,1.0,6.0,11.0,8.0,5.0,4.0,5.0,3.0,2.0,1.0,1.0,1.0,1.0,1.0,2.0,2.0,3.0,2.0,3.0,1.0,1.0,1.0,1.0,1.0,1.0,3.0,2.0,5.0,1.0,2.0,2.0,1.0,5.0,1.0,5.0,1.0,2.0,5.0,3.0,2.0,1.0,1.0,1.0,2.0,3.0,1.0,1.0,1.0,3.0,3.0,2.0,4.0,1.0,1.0,1.0,1.0,1.0,1.0,1.0,1.0,1.0,1.0,1.0,3.0,5.0,1.0,1.0,1.0,2.0,2.0,1.0,1.0,5.0,1.0,1.0,5.0,1.0,1.0,-7.0,-7.0,1.0,-1.0,-4.0,-2.0,-1.0,-2.0,-1.0,1.0,-1.0,-3.0,-5.0,0.0,-3.0,-1.0,-2.0,-4.0,1.0,-1.0,1.0,-1.0,-1.0,1.0,-1.0,-1.0,2.0,-2.0,-3.0,2.0,-2.0,-1.0,1.0,-1.0,-1.0,-2.0,1.0,-2.0,-1.0,2.0,-1.0,-1.0,-1.0,-1.0,-2.0,2.0,-2.0,-2.0,0.0,-1.0,-1.0,-1.0,-1.0,-1.0,1.0,1.0,1.0,7.0,1.0,1.0,1.0,1.0,1.0,2.0,1.0,1.0,12.0,1.0,1.0,1.0,1.0,1.0,1.0,2.0,1.0,1.0,1.0,1.0,2.0,4.0,3.0,1.0,1.0,3.0,1.0,1.0,1.0,1.0,2.0,1.0,1.0,1.0,1.0,1.0,2.0,1.0,1.0,3.0,7.0,2.0,1.0,1.0,1.0,1.0,1.0,1.0,1.0,1.0,1.0,1.0,1.0,1.0,6.0,1.0,1.0,1.0,1.0,1.0,1.0,1.0,1.0,1.0,1.0,1.0,1.0,1.0,1.0,1.0,1.0,4.0,1.0,1.0,1.0,1.0,1.0,1.0,1.0,1.0,1.0,1.0,1.0,1.0,1.0,1.0,1.0,1.0,1.0,1.0,1.0,-1.0,-1.0,1.0,1.0,2.0,-2.0,-2.0,-2.0,-2.0,-2.0,1.0,1.0,-3.0,-3.0,-3.0,-3.0,1.0,-5.0,-5.0,-5.0,1.0,1.0,1.0,1.0,2.0,1.0,1.0,-1.0,-1.0,-1.0,-1.0,-1.0,-1.0,4.0,4.0,1.0,1.0,3.0,1.0,1.0,1.0,1.0,1.0,3.0,3.0,2.0,1.0,1.0,1.0,1.0,1.0,2.0,1.0,1.0,2.0,2.0,1.0,1.0,1.0,1.0,1.0,3.0,3.0,3.0,1.0,1.0,2.0,1.0,1.0,2.0,2.0,2.0,1.0,1.0,1.0,2.0,1.0,1.0,1.0,1.0,3.0,1.0,1.0,1.0,1.0,4.0,2.0,5.0,1.0,2.0,1.0,1.0,1.0,1.0,3.0,1.0,2.0,3.0,2.0,1.0,1.0,1.0,2.0,2.0,2.0,2.0,1.0,6.0,3.0,6.0,1.0,1.0,1.0,3.0,1.0,4.0,5.0,1.0,1.0,1.0,1.0,1.0,17.0,1.0,2.0,12.0,1.0,2.0,3.0,8.0,13.0,5.0,2.0,1.0,2.0,6.0,4.0,4.0,2.0,1.0,3.0,2.0,1.0,1.0,1.0,3.0,1.0,1.0,1.0,3.0,1.0,1.0,1.0,3.0,1.0,1.0,1.0,2.0,3.0,7.0,4.0,3.0,1.0,2.0,2.0,2.0,1.0,1.0,1.0,1.0,1.0,1.0,1.0,1.0,1.0,1.0,1.0,1.0,1.0,1.0,1.0,1.0,1.0,1.0,1.0,1.0,1.0,1.0,1.0,1.0,1.0,3.0,1.0,1.0,2.0,2.0,2.0,2.0,3.0,1.0,1.0,1.0,2.0,1.0,4.0,3.0,1.0,1.0,1.0,2.0,1.0,7.40298284432326,1.0,5.0,3.0,2.0,1.0,1.0,1.0,1.0,1.0,1.0,1.0,1.0,1.0,3.0,4.0,3.0,1.0,1.0,1.0,1.0,1.0,1.0,1.0,1.0,1.0,1.0,1.0,1.0,2.0,1.0,1.0,1.0,1.0,1.0,1.0,1.0,1.0,1.0,1.0,1.0,2.0,1.0,1.0,1.0,1.0,1.0,1.0,1.0,1.0,1.0,1.0,1.0,1.0,1.0,3.0,8.0,2.0,1.0,2.0,1.0,1.0,4.0,1.0,1.0,1.0,1.0,1.0,1.0,1.0,7.0,5.0,2.0,3.0,1.0,1.0,2.0,1.0,1.0,1.0,1.0,1.0,1.0,2.0,3.0,1.0,2.0,2.0,2.0,1.0,3.0,1.0,1.0,1.0,1.0,3.0,2.0,3.0,3.0,1.0,1.0,2.0,2.0,2.0,3.0,2.0,1.0,3.0,1.0,2.0,2.0,2.0,2.0,2.0,2.0,1.0,1.0,1.0,1.0,1.0,1.0,1.0,1.0,1.0,2.0,1.0,1.0,1.0,3.0,1.0,1.0,1.0,1.0,1.0,1.0,1.0,2.0,1.0,6.0,1.0,5.0,1.0,4.0,1.0,8.0,1.0,3.0,3.0,4.0,1.0,2.0,2.0,1.0,1.0,3.0,2.0,3.0,1.0,2.0,1.0,1.0,2.0,1.0,1.0,4.0,6.0,1.0,1.0,1.0,2.0,2.0,1.0,1.0,3.0,5.0,4.0,1.0,1.0,5.0,1.0,1.0,2.0,1.0,1.0,1.0,4.0,2.0,1.0,4.0,2.0,6.0,1.0,1.0,1.0,1.0,6.0,4.0,1.0,1.0,3.0,3.0,2.0,9.0,2.0,3.0,3.0,3.0,3.0,1.0,1.0,5.0,5.0,5.0,5.0,1.0,7.0,10.0,2.0,1.0,4.0,5.0,5.0,5.0,5.0,2.0,1.0,3.0,5.0,4.0,2.0,2.0,1.0,1.0,2.0,3.0,1.0,1.0,3.0,11.0,5.0,5.0,5.0,5.0,5.0,5.0,5.0,5.0,13.0,3.0,2.0,2.0,3.0,11.0,5.0,5.0,5.0,5.0,1.0,1.0,2.0,18.0,11.0,2.0,1.0,3.0,3.0,5.0,5.0,5.0,5.0,5.0,5.0,2.0,1.0,3.0,1.0,1.0,21.0,1.0,2.0,3.0,6.0,6.0,6.0,6.0,2.0,5.0,3.0,2.0,5.0,13.0,2.0,5.0,5.0,5.0,5.0,6.0,2.0,24.0,2.0,1.0,2.0,5.0,5.0,5.0,5.0,1.0,2.0,4.0,3.0,12.0,1.0,9.0,4.0,4.0,4.0,4.0,4.0,4.0,4.0,1.0,10.0,4.0,1.0,21.0,1.0,2.0,1.0,1.0,1.0,4.0,3.0,5.0,6.0,6.0,6.0,6.0,6.0,1.0,1.0,3.0,15.0,1.0,1.0,1.0,1.0,7.0,4.0,1.0,10.0,5.0,5.0,5.0,5.0,1.0,1.0,4.0,2.0,1.0,1.0,2.0,2.0,9.0,2.0,1.0,1.0,3.0,1.0,4.0,3.0,1.0,1.0,1.0,1.0,1.0,2.0,1.0,1.0,9.0,1.0,1.0,1.0,2.0,5.0,5.0,5.0,5.0,2.0,1.0,7.0,1.0,2.0,5.0,5.0,5.0,5.0,5.0,5.0,5.0,3.0,1.0,1.0,20.0,1.0,1.0,1.0,4.0,1.0,1.0,2.0,1.0,9.0,3.0,4.0,4.0,4.0,4.0,4.0,4.0,4.0,4.0,1.0,1.0,37.0,1.0,1.0,1.0,6.0,6.0,6.0,6.0,6.0,6.0,1.0,1.0,1.0,1.0,6.0,16.0,1.0,5.0,5.0,5.0,5.0,1.0,27.0,1.0,1.0,1.0,7.0,6.0,6.0,6.0,6.0,1.0,2.0,1.0,30.0,1.0,1.0,1.0,1.0,8.0,6.0,6.0,6.0,6.0,6.0,2.0,2.0,2.0,2.0,5.0,5.0,7.0,3.0,30.0,3.0,10.0,6.0,1.0,10.0,5.0,5.0,5.0,5.0,5.0,5.0,5.0,4.0,1.0,6.0,8.0,1.0,2.0,3.0,4.0,4.0,5.0,6.0,6.0,6.0,6.0,-5.0,-5.0,-5.0,-5.0,-5.0,-5.0,-5.0,-5.0,-5.0,-5.0,1.0
1.0,1.0,1.0,2.0,1.0,2.0,4.0,7.0,1.0,2.0,1.0,5.0,1.0,1.0,1.0,1.0,3.0,1.0,2.0,1.0,1.0,1.0,1.0,1.0,1.0,1.0,5.0,2.0,1.0,3.0,1.0,1.0,5.0,1.0,1.0,2.0,1.0,1.0,1.0,2.0,3.0,1.0,1.0,1.0,1.0,1.0,1.0,1.0,1.0,1.0,1.0,1.0,5.0,3.0,2.0,1.0,1.0,2.0,1.0,1.0,1.0,1.0,1.0,1.0,1.0,1.0,2.0,1.0,5.0,1.0,2.0,1.0,1.0,2.0,1.0,1.0,1.0,1.0,2.0,1.0,7.0,4.0,1.0,2.0,1.0,2.0,12.0,5.0,1.0,15.0,1.0,2.0,2.0,2.0,1.0,1.0,8.0,1.0,4.0,1.0,1.0,16.0,3.0,3.0,1.0,2.0,1.0,1.0,6.0,7.0,1.0,2.0,3.0,2.0,2.0,3.0,2.0,1.0,5.0,1.0,3.0,2.0,2.0,1.0,1.0,1.0,10.0,10.0,1.0,3.0,2.0,1.0,2.0,5.0,2.0,1.0,3.0,1.0,1.0,1.0,1.0,1.0,1.0,1.0,7.0,1.0,1.0,13.0,1.0,1.0,1.0,10.0,2.0,1.0,3.0,1.0,1.0,2.0,3.0,1.0,1.0,1.0,1.0,1.0,1.0,1.0,2.0,1.0,14.0,1.0,1.0,1.0,2.0,2.0,1.0,3.0,2.0,1.0,1.0,1.0,2.0,5.0,1.0,1.0,1.0,4.0,1.0,4.0,2.0,14.0,1.0,2.0,2.0,4.0,1.0,1.0,3.0,1.0,1.0,2.0,1.0,1.0,4.0,3.0,17.0,1.0,1.0,1.0,1.0,3.0,1.0,3.0,5.0,1.0,2.0,2.0,2.0,1.0,1.0,1.0,4.0,1.0,2.0,1.0,1.0,1.0,1.0,1.0,1.0,5.0,2.0,2.0,3.0,1.0,1.0,1.0,1.0,2.0,1.0,1.0,1.0,1.0,1.0,5.0,2.0,3.0,2.0,2.0,3.0,1.0,2.0,4.0,1.0,2.0,2.0,2.0,1.0,1.0,1.0,1.0,1.0,3.0,2.0,1.0,1.0,13.0,3.0,1.0,1.0,1.0,7.0,4.0,1.0,1.0,1.0,8.0,1.0,1.0,6.0,2.0,1.0,3.0,2.0,8.0,2.0,1.0,1.0,1.0,5.0,1.0,8.0,1.0,4.0,9.0,7.0,1.0,1.0,8.0,1.0,2.0,1.0,1.0,4.0,1.0,1.0,1.0,7.0,4.0,5.0,3.0,1.0,1.0,1.0,2.0,1.0,1.0,1.0,1.0,1.0,1.0,6.0,3.0,2.0,2.0,1.0,1.0,1.0,1.0,1.0,1.0,5.0,1.0,1.0,3.0,1.0,1.0,3.0,3.0,1.0,1.0,1.0,2.0,2.0,1.0,1.0,1.0,3.0,4.0,4.0,1.0,1.0,1.0,2.0,1.0,2.0,2.0,2.0,8.0,9.0,3.0,1.0,2.0,1.0,1.0,3.0,2.0,2.0,1.0,5.0,1.0,3.0,3.0,3.0,4.0,1.0,1.0,2.0,2.0,3.0,3.0,1.0,3.0,2.0,1.0,1.0,1.0,1.0,1.0,1.0,1.0,1.0,1.0,1.0,1.0,2.0,10.0,2.0,3.0,3.0,3.0,2.0,1.0,1.0,1.0,1.0,2.0,1.0,15.0,3.0,3.0,3.0,3.0,1.0,1.0,11.0,2.0,2.0,2.0,3.0,1.0,1.0,1.0,1.0,9.0,2.0,2.0,3.0,3.0,1.0,1.0,1.0,2.0,1.0,13.0,2.0,2.0,3.0,3.0,6.0,5.0,2.0,2.0,2.0,2.0,3.0,3.0,4.0,3.0,2.0,2.0,3.0,3.0,4.0,2.0,7.0,3.0,3.0,2.0,2.0,1.0,3.0,7.0,2.0,13.0,6.0,4.0,1.0,1.0,1.0,2.0,1.0,3.0,2.0,10.0,2.0,14.0,1.0,1.0,1.0,9.0,3.0,2.0,1.0,1.0,10.0,2.0,1.0,1.0,1.0,2.0,3.0,7.0,5.0,1.0,1.0,1.0,2.0,6.0,2.0,2.0,4.0,2.0,1.0,1.0,1.0,3.0,2.0,10.0,3.0,1.0,1.0,1.0,5.0,3.0,5.0,1.0,3.0,1.0,1.0,2.0,2.0,3.0,2.0,1.0,2.0,1.0,1.0,1.0,2.0,1.0,1.0,1.0,1.0,5.0,1.0,2.0,1.0,1.0,1.0,1.0,1.0,4.0,1.0,1.0,14.0,1.0,4.0,1.0,13.0,11.0,2.0,2.0,1.0,5.0,1.0,11.0,1.0,1.0,1.0,1.0,1.0,4.0,1.0,1.0,1.0,1.0,3.0,1.0,3.0,1.0,5.0,9.0,1.0,1.0,1.0,1.0,4.0,1.0,6.0,13.0,1.0,3.0,3.0,4.0,1.0,3.0,1.0,4.0,1.0,14.0,9.0,12.0,7.0,1.0,1.0,1.0,2.0,4.0,4.0,6.0,10.0,8.0,21.0,4.0,4.0,3.0,2.0,4.0,1.0,2.0,12.0,11.0,1.0,3.0,4.0,1.0,1.0,1.0,1.0,3.0,6.0,7.0,2.0,5.0,3.0,3.0,8.0,10.0,2.0,19.0,8.0,5.0,1.0,3.0,2.0,6.0,2.0,2.0,1.0,2.0,3.0,8.0,9.0,6.0,6.0,1.0,1.0,2.0,2.0,2.0,8.0,4.0,5.0,8.0,7.0,13.0,3.0,9.0,2.0,1.0,3.0,5.0,1.0,3.0,1.0,1.0,7.0,8.0,1.0,2.0,1.0,1.0,6.0,1.0,1.0,1.0,5.0,15.0,1.0,2.0,7.0,5.0,4.0,5.0,4.0,16.0,6.0,4.0,2.0,1.0,1.0,1.0,1.0,1.0,1.0,2.0,1.0,7.0,7.0,4.0,1.0,2.0,1.0,2.0,1.0,1.0,1.0,1.0,2.0,2.0,1.0,1.0,1.0,1.0,1.0,1.0,1.0,1.0,1.0,1.0,1.0,2.0,2.0,4.0,1.0,1.0,1.0,2.0,7.0,1.0,1.0,1.0,1.0,1.0,1.0,1.0,2.0,3.0,6.0,7.0,4.0,1.0,3.0,1.0,1.0,1.0,1.0,1.0,1.0,1.0,1.0,1.0,2.0,1.0,1.0,2.0,1.0,1.0,1.0,2.0,1.0,1.0,1.0,1.0,1.0,2.0,2.0,3.0,6.0,1.0,1.0,2.0,1.0,1.0,2.0,1.0,1.0,13.0,19.0,2.0,1.0,1.0,4.0,1.0,1.0,1.0,2.28507226805276,1.0,1.0,1.0,1.0,1.0,1.0,1.0,2.0,1.0,1.0,1.0,16.0,15.0,1.0,2.0,2.0,2.0,1.0,1.0,1.0,2.0,1.0,1.0,1.0,1.0,1.0,2.0,1.0,1.0,3.0,1.0,1.0,1.0,2.0,1.0,1.0,12.0,7.0,1.0,5.0,1.0,3.0,1.0,1.0,1.0,2.0,3.0,1.0,1.0,6.0,7.0,3.0,5.0,3.0,1.0,1.0,3.0,2.0,1.0,7.0,16.0,1.0,1.0,5.0,3.0,1.0,1.0,3.0,2.0,1.0,1.46952489648403,1.0,2.0,3.0,3.0,1.0,1.0,2.0,1.0,1.0,1.0,2.0,30.0,1.0,4.0,7.0,1.0,1.0,1.0,1.0,1.0,2.0,1.0,2.0,1.0,1.0,1.0,1.0,1.0,1.0,5.0,24.0,4.0,2.0,1.0,1.0,1.0,1.0,1.0,1.0,2.0,2.0,3.0,1.0,2.0,1.0,1.0,1.0,1.0,1.0,1.0,1.0,2.0,1.0,1.0,1.0,1.0,1.0,1.0,1.0,1.0,3.0,1.0,1.0,1.0,3.0,5.0,2.0,3.0,1.0,1.0,2.0,1.0,2.0,1.0,3.0,1.0,2.0,1.0,1.0,2.0,2.0,2.0,1.0,1.0,5.0,2.0,2.0,4.0,1.0,3.0,1.0,4.0,1.0,1.0,2.0,1.0,1.0,4.0,1.0,2.0,1.0,1.0,2.0,4.0,1.0,2.0,2.0,5.0,1.0,1.0,2.0,1.0,1.0,3.0,1.0,1.0,3.0,3.0,5.0,3.0,4.0,1.0,1.0,1.0,2.0,1.0,2.0,1.0,2.0,1.0,1.0,3.0,1.0,1.0,1.0,1.0,2.0,1.0,1.0,1.0,2.0,1.0,1.0,1.0,1.0,1.0,1.0,1.0,1.0,4.0,1.0,1.0,1.0,2.0,1.0,6.0,1.0,1.0,1.0,2.0,2.0,1.0,1.0,1.0,-1.2523449689335,2.0,1.0,1.0,2.0,1.0,-1.0,-1.0,-1.0,-1.0,-2.0,1.0,9.0,-1.0,1.0,-1.0,-1.0,-5.0,-4.0,-3.0,-4.0,-5.0,-5.0,1.0,1.0,1.0,6.0,6.0,2.0,1.0,3.0,2.0,1.0,4.0,5.0,1.0,3.0,1.0,1.0,2.0,1.0,5.0,1.0,1.0,10.0,4.0,1.0,1.0,1.0,3.0,7.0,1.0,2.0,8.0,1.0,2.0,1.0,1.0,1.0,2.0,1.0,2.0,9.0,1.0,9.0,1.0,1.0,1.0,3.0,1.0,1.0,4.0,4.0,1.0,2.0,1.0,2.0,1.0,1.0,1.0,2.0,1.0,1.0,2.0,4.0,1.0,1.0,10.0,1.0,1.0,1.0,3.0,1.0,4.0,4.0,9.0,1.0,1.0,5.0,1.0,1.0,1.0,4.0,2.0,5.0,1.0,7.0,1.0,5.0,1.0,1.0,1.0,2.0,1.0,5.0,4.0,6.0,1.0,-3.0,-1.0,-1.0,-13.70931735451625,-2.0,-2.0,-1.0,-1.0,-1.0,-1.0,-3.0,-1.0,-2.0,-4.0,-1.0,-2.0,-1.0,-1.0,-1.0,5.0,4.0,2.0,7.0,2.0,1.0,2.0,1.0,2.0,1.0,3.0,4.0,4.0,1.0,1.0,2.0,4.0,2.0,6.0,1.0,5.0,1.0,8.0,7.0,1.0,4.0,3.0,1.0,1.0,1.0,2.0,1.0,4.0,1.0,1.0,1.0,1.0,2.0,1.0,1.0,3.0,2.0,4.0,7.0,7.0,4.0,1.0,1.0,4.0,1.0,1.0,2.0,1.0,1.0,5.0,1.0,2.0,7.0,4.0,2.0,2.0,1.0,1.0,1.0,2.0,2.0,2.0,1.0,1.0,2.0,6.0,1.0,4.0,2.0,3.0,17.0,1.0,8.0,8.0,1.0,1.0,2.0,2.0,1.0,1.0,2.0,2.0,11.0,5.0,2.0,1.0,2.0,2.0,2.0,2.0,2.0,2.0,2.0,2.0,2.0,1.0,1.0,25.0,6.0,5.0,5.0,5.0,5.0,5.0,5.0,3.0,2.0,1.0,1.0,2.0,1.0,1.0,12.0,15.0,4.0,4.0,5.0,4.0,4.0,5.0,2.0,1.0,5.0,1.0,1.0,2.0,1.0,16.0,5.0,4.0,5.0,4.0,10.0,2.0,4.0,3.0,3.0,6.0,4.0,4.0,4.0,4.0,4.0,4.0,4.0,4.0,4.0,2.0,4.0,4.0,4.0,4.0,4.0,4.0,1.0,0.04841487884133,4.0,4.0,4.0,4.0,4.0,4.0,1.0,1.0,1.0,1.0,1.0,1.0,4.0,4.0,4.0,4.0,4.0,4.0,4.0,4.0,4.0,4.0,1.0,1.0,1.0,1.0,3.0,1.0,1.0,10.0,1.0,1.0,1.0,1.0,1.0,21.0,15.0,1.0,1.0,1.0,1.0,1.0,1.0,5.0,1.0,6.0,2.0,2.0,23.0,14.0,1.0,3.0,3.0,3.0,3.0,3.0,3.0,3.0,3.0,1.0,1.0,1.0,1.0,1.0,6.0,1.0,4.0,10.0,9.0,26.0,7.0,3.0,3.0,4.0,3.0,3.0,3.0,4.0,3.0,1.0,1.0,1.0,1.0,3.0,1.0,1.0,13.0,2.0,2.0,2.0,2.0,2.0,2.0,2.0,1.0,1.0,2.0,2.0,2.0,2.0,2.0,2.0,3.0,2.0,1.0,2.0,2.0,2.0,2.0,2.0,2.0,2.0,1.0,2.0,2.0,2.0,2.0,2.0,2.0,2.0,2.0,2.0,2.0,2.0,1.0,-2.0,1.0,4.0,1.0,-4.0,-4.0,-5.0,-4.0,-4.0,-4.0,-5.0,-4.0,-1.0,1.0,2.0,-1.0,1.0,-4.0,-5.0,-4.0,-4.0,-5.0,-4.0,2.0,1.0,-5.0,-6.0,-5.0,-5.0,-6.0,-5.0,1.0,1.0,1.0,-5.0,-5.0,-5.0,-5.0,-5.0,-5.0,-1.0,1.0,-1.0,-5.0,-5.0,-5.0,-5.0,-5.0,-5.0,-3.0,-4.0,-1.0,-1.0,-3.0,-1.0,0.0,1.0,-9.0,-5.0,1.0,-1.0,-2.0,-1.0,-1.0,-2.0,-1.0,-3.0,-2.0,-1.0,-1.0,-1.0,-1.0,-1.0,-3.0,-1.0,-1.0,-1.0,-1.0,-3.0,-2.0,-3.0,-2.0,-1.0,-1.0,-1.0,-2.0,7.0,-4.0,-2.0,-3.0,-3.0,-1.0,-1.0,-1.0,1.0,1.0,0.0,-1.0,-5.0,-7.0,-1.0,-2.0,-1.0,9.0,2.0,13.0,-1.0,-1.0,-1.0,-5.0,-5.0,-2.0,-4.0,1.0,5.0,4.0,2.0,2.0,1.0,2.0,15.0,17.0,4.0,5.0,7.0,13.0,1.0,3.0,1.0,1.0,1.0,12.0,5.0,5.0,1.0,11.0,2.0,4.0,2.0,1.0,14.57346510062307,4.0,2.0,1.0,1.0,2.0,1.0,1.0,2.0,1.0,1.0,2.0,6.0,1.0,1.0,2.0,4.0,3.0,2.0,2.0,3.0,7.0,1.0,1.0,1.0,1.0,1.0,2.0,1.0,1.0,1.0,1.0,1.0,1.0,1.0,1.0,2.0,2.0,1.0,4.0,1.0,1.0,1.0,1.0,3.0,1.0,2.0,6.0,1.0,1.0,1.0,1.0,1.0,1.0,1.0,1.0,1.0,1.0,1.0,1.0,3.0,1.0,1.0,3.0,2.0,2.0,2.0,5.0,-20.76157324031526,2.0,2.0,4.0,3.0,1.0,2.0,2.0,2.0,2.0,1.0,1.0,2.0,2.0,2.0,1.0,1.0,1.0,1.0,1.0,2.0,1.0,4.0,1.0,1.0,1.0,1.0,2.0,1.0,1.0,1.0,5.0,5.0,1.0,4.0,3.0,2.0,2.0,1.0,5.0,1.0,3.0,4.0,2.0,1.0,3.0,3.0,4.0,3.0,3.0,1.0,1.0,2.0,1.0,3.0,2.0,4.0,2.0,1.0,4.0,2.0,1.0,2.0,3.0,3.0,3.0,3.0,2.0,1.0,4.0,5.0,1.0,1.0,5.0,4.0,2.0,1.0,1.0,1.0,6.0,10.0,1.0,5.0,5.0,1.0,7.0,2.0,1.0,10.0,4.0,3.0,3.0,1.0,7.0,1.0,11.0,1.0,2.0,2.0,1.0,3.0,2.0,1.0,1.0,5.0,8.0,1.0,7.0,3.0,1.0,2.0,2.0,1.0,2.0,1.0,1.0,1.0,1.0,2.0,7.0,6.0,1.0,2.0,1.0,1.0,1.0,1.0,5.0,1.0,1.0,2.0,5.0,1.0,2.0,7.0,6.0,6.0,1.0,2.0,9.0,3.0,6.0,1.0,6.0,4.0,9.0,1.0,1.0,1.0,2.0,10.0,6.0,2.0,2.0,5.0,5.0,1.0,10.0,1.0,2.0,4.0,5.0,13.0,1.0,1.0,1.0,1.0,4.0,4.0,3.0,1.0,2.0,1.0,1.0,1.0,2.0,4.0,4.0,5.0,11.0,1.0,1.0,1.0,1.0,5.0,2.0,7.0,1.0,1.0,2.0,1.0,1.0,1.0,3.0,3.0,2.0,2.0,3.0,5.0,1.0,2.0,1.0,-2.0,1.0,1.0,7.0,-3.0,-3.0,-3.0,-3.0,1.0,0.0,4.0,-2.0,5.0,-6.0,-6.0,-6.0,-6.0,-2.0,-1.0,-1.0,-6.0,-6.0,-6.0,-6.0,-3.0,-2.0,-1.0,-1.0,-3.0,-3.0,-3.0,-3.0,-2.0,-1.0,-1.0,2.0,-1.0,-6.0,-6.0,-6.0,-6.0,-6.0,-6.0,-6.0,1.0,1.0,-3.0,-3.0,7.0,2.0,-5.0,-5.0,-5.0,-5.0,1.0,-2.0,-2.0,2.0,1.0,-5.0,-6.0,-5.0,-5.0,2.0,1.0,1.0,1.0,-6.0,-6.0,-6.0,-6.0,-1.0,1.0,-2.0,-2.0,1.0,2.0,-13.0,-13.0,-1.0,-1.0,-2.0,2.0,1.0,-5.0,-5.0,-5.0,-5.0,-5.0,-5.0,1.0,1.0,-5.0,-5.0,-5.0,-5.0,-5.0,0.0,-3.0,-12.0,-12.0,1.0,5.0,-7.0,-7.0,-7.0,-7.0,1.0,7.0,1.0,1.0,1.0,2.0,11.0,1.0,4.0,1.0,3.0,6.0,1.0,2.0,3.0,15.0,3.0,2.0,3.0,4.0,1.0,6.0,6.0,4.0,2.0,1.0,1.0,1.0,1.0,1.0,1.0,3.0,7.0,1.0,3.0,1.0,1.0,1.0,3.0,2.0,1.0,2.0,2.0,1.0,1.0,3.0,3.0,3.0,1.0,1.0,2.0,3.0,3.0,3.0,1.0,1.0,1.0,3.0,4.0,4.0,2.0,3.0,1.0,1.0,1.0,1.0,1.0,1.0,2.0,3.0,4.0,4.0,2.0,6.0,3.0,1.0,1.0,1.0,1.0,1.0,1.0,2.0,3.0,1.0,13.0,3.0,1.0,1.0,6.0,1.0,1.0,1.0,4.0,1.0,1.0,2.0,2.0,4.0,3.0,3.0,1.0,1.0,1.0,1.0,2.0,2.0,3.0,3.0,1.0,1.0,2.0,2.0,1.0,2.0,6.0,6.0,2.0,3.0,2.0,2.0,1.0,1.0,2.0,2.0,6.0,6.0,2.0,3.0,2.0,2.0,1.0,1.0,21.0,3.0,4.0,1.0,2.0,2.0,8.0,1.0,7.0,2.0,1.0,2.0,3.0,4.0,4.0,1.0,16.0,1.0,6.0,3.0,1.0,1.0,2.0,10.0,1.0,10.0,3.0,3.0,2.0,1.0,4.0,3.0,1.0,2.0,1.0,1.0,4.0,1.0,3.0,1.0,2.0,2.0,1.0,1.0,1.0,1.0,3.0,1.0,1.0,2.0,1.0,1.0,1.0,1.0,1.0,1.0,1.0,1.0,1.0,1.0,1.0,4.0,3.0,1.0,1.0,1.0,1.0,1.0,1.0,2.0,2.0,1.0,4.0,1.0,4.0,1.0,1.0,2.0,1.0,1.0,3.0,2.0,2.0,2.0,2.0,1.0,1.0,6.0,24.0,4.0,1.0,3.0,2.0,1.0,1.0,16.0,35.0,3.0,1.0,1.0,1.0,1.0,1.0,1.0,3.0,5.0,1.0,1.0,2.0,7.0,5.0,5.0,2.0,3.0,1.0,1.0,1.0,8.0,1.0,5.0,3.0,2.0,9.0,6.0,1.0,4.0,13.0,1.0,7.0,7.0,1.0,1.0,1.0,1.0,1.0,4.0,6.0,3.0,2.0,1.0,8.0,6.0,1.0,1.0,1.0,2.0,3.0,1.0,2.0,8.0,1.0,2.0,9.0,2.0,1.0,1.0,1.0,1.0,1.0,4.0,1.0,1.0,4.0,5.0,1.0,1.0,2.0,3.0,2.0,1.0,2.0,5.0,6.0,4.0,6.0,8.0,11.0,7.0,6.0,1.0,1.0,1.0,4.0,1.0,3.0,4.0,5.0,12.0,5.0,2.0,2.0,1.0,4.0,2.0,1.0,1.0,1.0,3.0,4.0,3.0,2.0,2.0,3.0,5.0,1.0,7.0,5.0,2.0,2.0,3.0,1.0,1.0,1.0,1.0,2.0,1.0,2.0,1.0,1.0,12.0,10.0,8.0,6.0,5.0,1.0,1.0,1.0,3.0,1.0,1.0,1.0,3.0,4.0,1.0,2.0,1.0,1.0,1.0,2.0,1.0,1.0,8.0,1.0,1.0,2.0,2.0,5.0,2.0,2.0,1.0,1.0,3.0,2.0,3.0,1.0,6.0,6.0,1.0,1.0,6.0,1.0,6.0,9.0,3.0,13.0,10.0,1.0,1.0,11.0,1.0,1.0,3.0,8.0,9.0,2.0,1.0,2.0,3.0,3.0,3.0,1.0,1.0,1.0,5.0,5.0,2.0,1.0,2.0,2.0,1.0,1.0,5.0,1.0,1.0,1.0,1.0,3.0,2.0,1.0,2.0,1.0,3.0,4.0,1.0,2.0,1.0,2.0,1.0,2.0,2.0,1.0,1.0,2.0,2.0,1.0,1.0,1.0,1.0,1.0,1.0,2.0,1.0,8.0,2.0,1.0,5.0,6.0,2.0,1.0,1.0,1.0,6.0,2.0,3.0,4.0,3.0,1.0,1.0,2.0,2.0,1.0,1.0,11.0,1.0,1.0,2.0,4.0,5.0,3.0,1.0,4.0,1.0,14.0,4.0,7.0,1.0,1.0,2.0,1.0,1.0,1.0,1.0,1.0,1.0,3.0,1.0,9.0,2.0,2.0,1.0,1.0,7.0,1.0,8.0,1.0,1.0,1.0,1.0,2.0,1.0,1.0,1.0,1.0,2.0,1.0,1.0,1.0,1.0,1.0,1.0,4.0,4.0,3.0,2.0,1.0,1.0,1.0,1.0,3.0,1.0,1.0,1.0,1.0,1.0,1.0,1.0,1.0,2.0,1.0,3.0,3.0,1.0,1.0,3.0,5.0,9.0,7.0,2.0,2.0,1.0,1.0,1.0,2.0,3.0,1.0,1.0,2.0,3.0,1.0,1.0,2.0,2.0,1.0,1.0,1.0,1.0,2.0,1.0,1.0,-1.0,-1.0,-2.0,-4.0,-12.0,-7.0,-6.0,-6.0,-9.0,-11.0,-2.0,-8.0,-10.0,-6.0,-11.0,-1.0,-1.0,-4.0,-1.0,-10.0,-11.0,-3.0,-8.0,-12.0,-10.0,-1.0,-1.0,-1.0,-1.0,-7.0,-7.0,-13.0,-7.0,2.0,1.0,1.0,1.0,2.0,1.0,1.0,5.0,1.0,2.0,1.0,1.0,3.0,1.0,3.0,1.0,1.0,1.0,1.0,1.0,1.0,1.0,1.0,4.0,1.0,1.0,2.0,1.0,1.0,3.0,1.0,1.0,2.0,1.0,1.0,2.0,3.0,1.0,2.0,1.0,1.0,1.0,1.0,1.0,1.0,2.0,1.0,2.0,1.0,2.0,5.0,6.0,1.0,2.0,1.0,1.0,3.0,1.0,1.0,2.0,3.0,3.0,1.0,1.0,2.0,5.0,5.0,1.0,1.0,4.0,3.0,2.0,1.0,1.0,-1.0,1.0,2.0,-3.0,1.0,1.0,-4.0,-4.0,-3.0,2.0,-1.0,-1.0,-1.0,-2.0,2.0,10.0,1.0,1.0,1.0,2.0,3.0,4.0,1.0,2.0,1.0,17.0,1.0,1.0,1.0,1.0,2.0,1.0,1.0,1.0,4.0,4.0,1.0,3.0,1.0,1.0,2.0,1.0,1.0,1.0,2.0,2.0,1.0,1.0,1.0,1.0,2.0,3.0,2.0,1.0,1.0,3.0,1.0,1.0,1.0,2.0,3.0,1.0,1.0,2.0,4.0,2.0,1.0,1.0,1.0,1.0,2.0,3.0,1.0,4.0,1.0,1.0,1.0,4.0,4.0,1.0,1.0,2.0,2.0,2.0,2.0,1.0,2.0,1.0,2.0,3.0,1.0,6.0,11.0,8.0,5.0,4.0,5.0,3.0,2.0,1.0,1.0,1.0,1.0,1.0,2.0,2.0,3.0,2.0,3.0,1.0,1.0,1.0,1.0,1.0,1.0,3.0,2.0,5.0,1.0,2.0,2.0,1.0,5.0,1.0,5.0,1.0,2.0,5.0,3.0,2.0,1.0,1.0,1.0,2.0,3.0,1.0,1.0,1.0,3.0,3.0,2.0,4.0,1.0,1.0,1.0,1.0,1.0,1.0,1.0,1.0,1.0,1.0,1.0,3.0,5.0,1.0,1.0,1.0,2.0,2.0,1.0,1.0,5.0,1.0,1.0,5.0,1.0,1.0,-7.0,-7.0,1.0,-1.0,-4.0,-2.0,-1.0,-2.0,-1.0,1.0,-1.0,-3.0,-5.0,0.0,-3.0,-1.0,-2.0,-4.0,1.0,-1.0,1.0,-1.0,-1.0,1.0,-1.0,-1.0,2.0,-2.0,-3.0,2.0,-2.0,-1.0,1.0,-1.0,-1.0,-2.0,1.0,-2.0,-1.0,2.0,-1.0,-1.0,-1.0,-1.0,-2.0,2.0,-2.0,-2.0,0.0,-1.0,-1.0,-1.0,-1.0,-1.0,1.0,1.0,1.0,7.0,1.0,1.0,1.0,1.0,1.0,2.0,1.0,1.0,12.0,1.0,1.0,1.0,1.0,1.0,1.0,2.0,1.0,1.0,1.0,1.0,2.0,4.0,3.0,1.0,1.0,3.0,1.0,1.0,1.0,1.0,2.0,1.0,1.0,1.0,1.0,1.0,2.0,1.0,1.0,3.0,7.0,2.0,1.0,1.0,1.0,1.0,1.0,1.0,1.0,1.0,1.0,1.0,1.0,1.0,6.0,1.0,1.0,1.0,1.0,1.0,1.0,1.0,1.0,1.0,1.0,1.0,1.0,1.0,1.0,1.0,1.0,4.0,1.0,1.0,1.0,1.0,1.0,1.0,1.0,1.0,1.0,1.0,1.0,1.0,1.0,1.0,1.0,1.0,1.0,1.0,1.0,-1.0,-1.0,1.0,1.0,2.0,-2.0,-2.0,-2.0,-2.0,-2.0,1.0,1.0,-3.0,-3.0,-3.0,-3.0,1.0,-5.0,-5.0,-5.0,1.0,1.0,1.0,1.0,2.0,1.0,1.0,-1.0,-1.0,-1.0,-1.0,-1.0,-1.0,4.0,4.0,1.0,1.0,3.0,1.0,1.0,1.0,1.0,1.0,3.0,3.0,2.0,1.0,1.0,1.0,1.0,1.0,2.0,1.0,1.0,2.0,2.0,1.0,1.0,1.0,1.0,1.0,3.0,3.0,3.0,1.0,1.0,2.0,1.0,1.0,2.0,2.0,2.0,1.0,1.0,1.0,2.0,1.0,1.0,1.0,1.0,3.0,1.0,1.0,1.0,1.0,4.0,2.0,5.0,1.0,2.0,1.0,1.0,1.0,1.0,3.0,1.0,2.0,3.0,2.0,1.0,1.0,1.0,2.0,2.0,2.0,2.0,1.0,6.0,3.0,6.0,1.0,1.0,1.0,3.0,1.0,4.0,5.0,1.0,1.0,1.0,1.0,1.0,17.0,1.0,2.0,12.0,1.0,2.0,3.0,8.0,13.0,5.0,2.0,1.0,2.0,6.0,4.0,4.0,2.0,1.0,3.0,2.0,1.0,1.0,1.0,3.0,1.0,1.0,1.0,3.0,1.0,1.0,1.0,3.0,1.0,1.0,1.0,2.0,3.0,7.0,4.0,3.0,1.0,2.0,2.0,2.0,1.0,1.0,1.0,1.0,1.0,1.0,1.0,1.0,1.0,1.0,1.0,1.0,1.0,1.0,1.0,1.0,1.0,1.0,1.0,1.0,1.0,1.0,1.0,1.0,1.0,3.0,1.0,1.0,2.0,2.0,2.0,2.0,3.0,1.0,1.0,1.0,2.0,1.0,4.0,3.0,1.0,1.0,1.0,2.0,1.0,7.40298284432326,1.0,5.0,3.0,2.0,1.0,1.0,1.0,1.0,1.0,1.0,1.0,1.0,1.0,3.0,4.0,3.0,1.0,1.0,1.0,1.0,1.0,1.0,1.0,1.0,1.0,1.0,1.0,1.0,2.0,1.0,1.0,1.0,1.0,1.0,1.0,1.0,1.0,1.0,1.0,1.0,2.0,1.0,1.0,1.0,1.0,1.0,1.0,1.0,1.0,1.0,1.0,1.0,1.0,1.0,3.0,8.0,2.0,1.0,2.0,1.0,1.0,4.0,1.0,1.0,1.0,1.0,1.0,1.0,1.0,7.0,5.0,2.0,3.0,1.0,1.0,2.0,1.0,1.0,1.0,1.0,1.0,1.0,2.0,3.0,1.0,2.0,2.0,2.0,1.0,3.0,1.0,1.0,1.0,1.0,3.0,2.0,3.0,3.0,1.0,1.0,2.0,2.0,2.0,3.0,2.0,1.0,3.0,1.0,2.0,2.0,2.0,2.0,2.0,2.0,1.0,1.0,1.0,1.0,1.0,1.0,1.0,1.0,1.0,2.0,1.0,1.0,1.0,3.0,1.0,1.0,1.0,1.0,1.0,1.0,1.0,2.0,1.0,6.0,1.0,5.0,1.0,4.0,1.0,8.0,1.0,3.0,3.0,4.0,1.0,2.0,2.0,1.0,1.0,3.0,2.0,3.0,1.0,2.0,1.0,1.0,2.0,1.0,1.0,4.0,6.0,1.0,1.0,1.0,2.0,2.0,1.0,1.0,3.0,5.0,4.0,1.0,1.0,5.0,1.0,1.0,2.0,1.0,1.0,1.0,4.0,2.0,1.0,4.0,2.0,6.0,1.0,1.0,1.0,1.0,6.0,4.0,1.0,1.0,3.0,3.0,2.0,9.0,2.0,3.0,3.0,3.0,3.0,1.0,1.0,5.0,5.0,5.0,5.0,1.0,7.0,10.0,2.0,1.0,4.0,5.0,5.0,5.0,5.0,2.0,1.0,3.0,5.0,4.0,2.0,2.0,1.0,1.0,2.0,3.0,1.0,1.0,3.0,11.0,5.0,5.0,5.0,5.0,5.0,5.0,5.0,5.0,13.0,3.0,2.0,2.0,3.0,11.0,5.0,5.0,5.0,5.0,1.0,1.0,2.0,18.0,11.0,2.0,1.0,3.0,3.0,5.0,5.0,5.0,5.0,5.0,5.0,2.0,1.0,3.0,1.0,1.0,21.0,1.0,2.0,3.0,6.0,6.0,6.0,6.0,2.0,5.0,3.0,2.0,5.0,13.0,2.0,5.0,5.0,5.0,5.0,6.0,2.0,24.0,2.0,1.0,2.0,5.0,5.0,5.0,5.0,1.0,2.0,4.0,3.0,12.0,1.0,9.0,4.0,4.0,4.0,4.0,4.0,4.0,4.0,1.0,10.0,4.0,1.0,21.0,1.0,2.0,1.0,1.0,1.0,4.0,3.0,5.0,6.0,6.0,6.0,6.0,6.0,1.0,1.0,3.0,15.0,1.0,1.0,1.0,1.0,7.0,4.0,1.0,10.0,5.0,5.0,5.0,5.0,1.0,1.0,4.0,2.0,1.0,1.0,2.0,2.0,9.0,2.0,1.0,1.0,3.0,1.0,4.0,3.0,1.0,1.0,1.0,1.0,1.0,2.0,1.0,1.0,9.0,1.0,1.0,1.0,2.0,5.0,5.0,5.0,5.0,2.0,1.0,7.0,1.0,2.0,5.0,5.0,5.0,5.0,5.0,5.0,5.0,3.0,1.0,1.0,20.0,1.0,1.0,1.0,4.0,1.0,1.0,2.0,1.0,9.0,3.0,4.0,4.0,4.0,4.0,4.0,4.0,4.0,4.0,1.0,1.0,37.0,1.0,1.0,1.0,6.0,6.0,6.0,6.0,6.0,6.0,1.0,1.0,1.0,1.0,6.0,16.0,1.0,5.0,5.0,5.0,5.0,1.0,27.0,1.0,1.0,1.0,7.0,6.0,6.0,6.0,6.0,1.0,2.0,1.0,30.0,1.0,1.0,1.0,1.0,8.0,6.0,6.0,6.0,6.0,6.0,2.0,2.0,2.0,2.0,5.0,5.0,7.0,3.0,30.0,3.0,10.0,6.0,1.0,10.0,5.0,5.0,5.0,5.0,5.0,5.0,5.0,4.0,1.0,6.0,8.0,1.0,2.0,3.0,4.0,4.0,5.0,6.0,6.0,6.0,6.0,-5.0,-5.0,-5.0,-5.0,-5.0,-5.0,-5.0,-5.0,-5.0,-5.0,1.0
1.0,1.0,1.0,2.0,1.0,2.0,4.0,7.0,1.0,2.0,1.0,5.0,1.0,1.0,1.0,1.0,3.0,1.0,2.0,1.0,1.0,1.0,1.0,1.0,1.0,1.0,5.0,2.0,1.0,3.0,1.0,1.0,5.0,1.0,1.0,2.0,1.0,1.0,1.0,2.0,3.0,1.0,1.0,1.0,1.0,1.0,1.0,1.0,1.0,1.0,1.0,1.0,5.0,3.0,2.0,1.0,1.0,2.0,1.0,1.0,1.0,1.0,1.0,1.0,1.0,1.0,2.0,1.0,5.0,1.0,2.0,1.0,1.0,2.0,1.0,1.0,1.0,1.0,2.0,1.0,7.0,4.0,1.0,2.0,1.0,2.0,12.0,5.0,1.0,15.0,1.0,2.0,2.0,2.0,1.0,1.0,8.0,1.0,4.0,1.0,1.0,16.0,3.0,3.0,1.0,2.0,1.0,1.0,6.0,7.0,1.0,2.0,3.0,2.0,2.0,3.0,2.0,1.0,5.0,1.0,3.0,2.0,2.0,1.0,1.0,1.0,10.0,10.0,1.0,3.0,2.0,1.0,2.0,5.0,2.0,1.0,3.0,1.0,1.0,1.0,1.0,1.0,1.0,1.0,7.0,1.0,1.0,13.0,1.0,1.0,1.0,10.0,2.0,1.0,3.0,1.0,1.0,2.0,3.0,1.0,1.0,1.0,1.0,1.0,1.0,1.0,2.0,1.0,14.0,1.0,1.0,1.0,2.0,2.0,1.0,3.0,2.0,1.0,1.0,1.0,2.0,5.0,1.0,1.0,1.0,4.0,1.0,4.0,2.0,14.0,1.0,2.0,2.0,4.0,1.0,1.0,3.0,1.0,1.0,2.0,1.0,1.0,4.0,3.0,17.0,1.0,1.0,1.0,1.0,3.0,1.0,3.0,5.0,1.0,2.0,2.0,2.0,1.0,1.0,1.0,4.0,1.0,2.0,1.0,1.0,1.0,1.0,1.0,1.0,5.0,2.0,2.0,3.0,1.0,1.0,1.0,1.0,2.0,1.0,1.0,1.0,1.0,1.0,5.0,2.0,3.0,2.0,2.0,3.0,1.0,2.0,4.0,1.0,2.0,2.0,2.0,1.0,1.0,1.0,1.0,1.0,3.0,2.0,1.0,1.0,13.0,3.0,1.0,1.0,1.0,7.0,4.0,1.0,1.0,1.0,8.0,1.0,1.0,6.0,2.0,1.0,3.0,2.0,8.0,2.0,1.0,1.0,1.0,5.0,1.0,8.0,1.0,4.0,9.0,7.0,1.0,1.0,8.0,1.0,2.0,1.0,1.0,4.0,1.0,1.0,1.0,7.0,4.0,5.0,3.0,1.0,1.0,1.0,2.0,1.0,1.0,1.0,1.0,1.0,1.0,6.0,3.0,2.0,2.0,1.0,1.0,1.0,1.0,1.0,1.0,5.0,1.0,1.0,3.0,1.0,1.0,3.0,3.0,1.0,1.0,1.0,2.0,2.0,1.0,1.0,1.0,3.0,4.0,4.0,1.0,1.0,1.0,2.0,1.0,2.0,2.0,2.0,8.0,9.0,3.0,1.0,2.0,1.0,1.0,3.0,2.0,2.0,1.0,5.0,1.0,3.0,3.0,3.0,4.0,1.0,1.0,2.0,2.0,3.0,3.0,1.0,3.0,2.0,1.0,1.0,1.0,1.0,1.0,1.0,1.0,1.0,1.0,1.0,1.0,2.0,10.0,2.0,3.0,3.0,3.0,2.0,1.0,1.0,1.0,1.0,2.0,1.0,15.0,3.0,3.0,3.0,3.0,1.0,1.0,11.0,2.0,2.0,2.0,3.0,1.0,1.0,1.0,1.0,9.0,2.0,2.0,3.0,3.0,1.0,1.0,1.0,2.0,1.0,13.0,2.0,2.0,3.0,3.0,6.0,5.0,2.0,2.0,2.0,2.0,3.0,3.0,4.0,3.0,2.0,2.0,3.0,3.0,4.0,2.0,7.0,3.0,3.0,2.0,2.0,1.0,3.0,7.0,2.0,13.0,6.0,4.0,1.0,1.0,1.0,2.0,1.0,3.0,2.0,10.0,2.0,14.0,1.0,1.0,1.0,9.0,3.0,2.0,1.0,1.0,10.0,2.0,1.0,1.0,1.0,2.0,3.0,7.0,5.0,1.0,1.0,1.0,2.0,6.0,2.0,2.0,4.0,2.0,1.0,1.0,1.0,3.0,2.0,10.0,3.0,1.0,1.0,1.0,5.0,3.0,5.0,1.0,3.0,1.0,1.0,2.0,2.0,3.0,2.0,1.0,2.0,1.0,1.0,1.0,2.0,1.0,1.0,1.0,1.0,5.0,1.0,2.0,1.0,1.0,1.0,1.0,1.0,4.0,1.0,1.0,14.0,1.0,4.0,1.0,13.0,11.0,2.0,2.0,1.0,5.0,1.0,11.0,1.0,1.0,1.0,1.0,1.0,4.0,1.0,1.0,1.0,1.0,3.0,1.0,3.0,1.0,5.0,9.0,1.0,1.0,1.0,1.0,4.0,1.0,6.0,13.0,1.0,3.0,3.0,4.0,1.0,3.0,1.0,4.0,1.0,14.0,9.0,12.0,7.0,1.0,1.0,1.0,2.0,4.0,4.0,6.0,10.0,8.0,21.0,4.0,4.0,3.0,2.0,4.0,1.0,2.0,12.0,11.0,1.0,3.0,4.0,1.0,1.0,1.0,1.0,3.0,6.0,7.0,2.0,5.0,3.0,3.0,8.0,10.0,2.0,19.0,8.0,5.0,1.0,3.0,2.0,6.0,2.0,2.0,1.0,2.0,3.0,8.0,9.0,6.0,6.0,1.0,1.0,2.0,2.0,2.0,8.0,4.0,5.0,8.0,7.0,13.0,3.0,9.0,2.0,1.0,3.0,5.0,1.0,3.0,1.0,1.0,7.0,8.0,1.0,2.0,1.0,1.0,6.0,1.0,1.0,1.0,5.0,15.0,1.0,2.0,7.0,5.0,4.0,5.0,4.0,16.0,6.0,4.0,2.0,1.0,1.0,1.0,1.0,1.0,1.0,2.0,1.0,7.0,7.0,4.0,1.0,2.0,1.0,2.0,1.0,1.0,1.0,1.0,2.0,2.0,1.0,1.0,1.0,1.0,1.0,1.0,1.0,1.0,1.0,1.0,1.0,2.0,2.0,4.0,1.0,1.0,1.0,2.0,7.0,1.0,1.0,1.0,1.0,1.0,1.0,1.0,2.0,3.0,6.0,7.0,4.0,1.0,3.0,1.0,1.0,1.0,1.0,1.0,1.0,1.0,1.0,1.0,2.0,1.0,1.0,2.0,1.0,1.0,1.0,2.0,1.0,1.0,1.0,1.0,1.0,2.0,2.0,3.0,6.0,1.0,1.0,2.0,1.0,1.0,2.0,1.0,1.0,13.0,19.0,2.0,1.0,1.0,4.0,1.0,1.0,1.0,2.28507226805276,1.0,1.0,1.0,1.0,1.0,1.0,1.0,2.0,1.0,1.0,1.0,16.0,15.0,1.0,2.0,2.0,2.0,1.0,1.0,1.0,2.0,1.0,1.0,1.0,1.0,1.0,2.0,1.0,1.0,3.0,1.0,1.0,1.0,2.0,1.0,1.0,12.0,7.0,1.0,5.0,1.0,3.0,1.0,1.0,1.0,2.0,3.0,1.0,1.0,6.0,7.0,3.0,5.0,3.0,1.0,1.0,3.0,2.0,1.0,7.0,16.0,1.0,1.0,5.0,3.0,1.0,1.0,3.0,2.0,1.0,1.46952489648403,1.0,2.0,3.0,3.0,1.0,1.0,2.0,1.0,1.0,1.0,2.0,30.0,1.0,4.0,7.0,1.0,1.0,1.0,1.0,1.0,2.0,1.0,2.0,1.0,1.0,1.0,1.0,1.0,1.0,5.0,24.0,4.0,2.0,1.0,1.0,1.0,1.0,1.0,1.0,2.0,2.0,3.0,1.0,2.0,1.0,1.0,1.0,1.0,1.0,1.0,1.0,2.0,1.0,1.0,1.0,1.0,1.0,1.0,1.0,1.0,3.0,1.0,1.0,1.0,3.0,5.0,2.0,3.0,1.0,1.0,2.0,1.0,2.0,1.0,3.0,1.0,2.0,1.0,1.0,2.0,2.0,2.0,1.0,1.0,5.0,2.0,2.0,4.0,1.0,3.0,1.0,4.0,1.0,1.0,2.0,1.0,1.0,4.0,1.0,2.0,1.0,1.0,2.0,4.0,1.0,2.0,2.0,5.0,1.0,1.0,2.0,1.0,1.0,3.0,1.0,1.0,3.0,3.0,5.0,3.0,4.0,1.0,1.0,1.0,2.0,1.0,2.0,1.0,2.0,1.0,1.0,3.0,1.0,1.0,1.0,1.0,2.0,1.0,1.0,1.0,2.0,1.0,1.0,1.0,1.0,1.0,1.0,1.0,1.0,4.0,1.0,1.0,1.0,2.0,1.0,6.0,1.0,1.0,1.0,2.0,2.0,1.0,1.0,1.0,-1.2523449689335,2.0,1.0,1.0,2.0,1.0,-1.0,-1.0,-1.0,-1.0,-2.0,1.0,9.0,-1.0,1.0,-1.0,-1.0,-5.0,-4.0,-3.0,-4.0,-5.0,-5.0,1.0,1.0,1.0,6.0,6.0,2.0,1.0,3.0,2.0,1.0,4.0,5.0,1.0,3.0,1.0,1.0,2.0,1.0,5.0,1.0,1.0,10.0,4.0,1.0,1.0,1.0,3.0,7.0,1.0,2.0,8.0,1.0,2.0,1.0,1.0,1.0,2.0,1.0,2.0,9.0,1.0,9.0,1.0,1.0,1.0,3.0,1.0,1.0,4.0,4.0,1.0,2.0,1.0,2.0,1.0,1.0,1.0,2.0,1.0,1.0,2.0,4.0,1.0,1.0,10.0,1.0,1.0,1.0,3.0,1.0,4.0,4.0,9.0,1.0,1.0,5.0,1.0,1.0,1.0,4.0,2.0,5.0,1.0,7.0,1.0,5.0,1.0,1.0,1.0,2.0,1.0,5.0,4.0,6.0,1.0,-3.0,-1.0,-1.0,-13.70931735451625,-2.0,-2.0,-1.0,-1.0,-1.0,-1.0,-3.0,-1.0,-2.0,-4.0,-1.0,-2.0,-1.0,-1.0,-1.0,5.0,4.0,2.0,7.0,2.0,1.0,2.0,1.0,2.0,1.0,3.0,4.0,4.0,1.0,1.0,2.0,4.0,2.0,6.0,1.0,5.0,1.0,8.0,7.0,1.0,4.0,3.0,1.0,1.0,1.0,2.0,1.0,4.0,1.0,1.0,1.0,1.0,2.0,1.0,1.0,3.0,2.0,4.0,7.0,7.0,4.0,1.0,1.0,4.0,1.0,1.0,2.0,1.0,1.0,5.0,1.0,2.0,7.0,4.0,2.0,2.0,1.0,1.0,1.0,2.0,2.0,2.0,1.0,1.0,2.0,6.0,1.0,4.0,2.0,3.0,17.0,1.0,8.0,8.0,1.0,1.0,2.0,2.0,1.0,1.0,2.0,2.0,11.0,5.0,2.0,1.0,2.0,2.0,2.0,2.0,2.0,2.0,2.0,2.0,2.0,1.0,1.0,25.0,6.0,5.0,5.0,5.0,5.0,5.0,5.0,3.0,2.0,1.0,1.0,2.0,1.0,1.0,12.0,15.0,4.0,4.0,5.0,4.0,4.0,5.0,2.0,1.0,5.0,1.0,1.0,2.0,1.0,16.0,5.0,4.0,5.0,4.0,10.0,2.0,4.0,3.0,3.0,6.0,4.0,4.0,4.0,4.0,4.0,4.0,4.0,4.0,4.0,2.0,4.0,4.0,4.0,4.0,4.0,4.0,1.0,0.04841487884133,4.0,4.0,4.0,4.0,4.0,4.0,1.0,1.0,1.0,1.0,1.0,1.0,4.0,4.0,4.0,4.0,4.0,4.0,4.0,4.0,4.0,4.0,1.0,1.0,1.0,1.0,3.0,1.0,1.0,10.0,1.0,1.0,1.0,1.0,1.0,21.0,15.0,1.0,1.0,1.0,1.0,1.0,1.0,5.0,1.0,6.0,2.0,2.0,23.0,14.0,1.0,3.0,3.0,3.0,3.0,3.0,3.0,3.0,3.0,1.0,1.0,1.0,1.0,1.0,6.0,1.0,4.0,10.0,9.0,26.0,7.0,3.0,3.0,4.0,3.0,3.0,3.0,4.0,3.0,1.0,1.0,1.0,1.0,3.0,1.0,1.0,13.0,2.0,2.0,2.0,2.0,2.0,2.0,2.0,1.0,1.0,2.0,2.0,2.0,2.0,2.0,2.0,3.0,2.0,1.0,2.0,2.0,2.0,2.0,2.0,2.0,2.0,1.0,2.0,2.0,2.0,2.0,2.0,2.0,2.0,2.0,2.0,2.0,2.0,1.0,-2.0,1.0,4.0,1.0,-4.0,-4.0,-5.0,-4.0,-4.0,-4.0,-5.0,-4.0,-1.0,1.0,2.0,-1.0,1.0,-4.0,-5.0,-4.0,-4.0,-5.0,-4.0,2.0,1.0,-5.0,-6.0,-5.0,-5.0,-6.0,-5.0,1.0,1.0,1.0,-5.0,-5.0,-5.0,-5.0,-5.0,-5.0,-1.0,1.0,-1.0,-5.0,-5.0,-5.0,-5.0,-5.0,-5.0,-3.0,-4.0,-1.0,-1.0,-3.0,-1.0,0.0,1.0,-9.0,-5.0,1.0,-1.0,-2.0,-1.0,-1.0,-2.0,-1.0,-3.0,-2.0,-1.0,-1.0,-1.0,-1.0,-1.0,-3.0,-1.0,-1.0,-1.0,-1.0,-3.0,-2.0,-3.0,-2.0,-1.0,-1.0,-1.0,-2.0,7.0,-4.0,-2.0,-3.0,-3.0,-1.0,-1.0,-1.0,1.0,1.0,0.0,-1.0,-5.0,-7.0,-1.0,-2.0,-1.0,9.0,2.0,13.0,-1.0,-1.0,-1.0,-5.0,-5.0,-2.0,-4.0,1.0,5.0,4.0,2.0,2.0,1.0,2.0,15.0,17.0,4.0,5.0,7.0,13.0,1.0,3.0,1.0,1.0,1.0,12.0,5.0,5.0,1.0,11.0,2.0,4.0,2.0,1.0,14.57346510062307,4.0,2.0,1.0,1.0,2.0,1.0,1.0,2.0,1.0,1.0,2.0,6.0,1.0,1.0,2.0,4.0,3.0,2.0,2.0,3.0,7.0,1.0,1.0,1.0,1.0,1.0,2.0,1.0,1.0,1.0,1.0,1.0,1.0,1.0,1.0,2.0,2.0,1.0,4.0,1.0,1.0,1.0,1.0,3.0,1.0,2.0,6.0,1.0,1.0,1.0,1.0,1.0,1.0,1.0,1.0,1.0,1.0,1.0,1.0,3.0,1.0,1.0,3.0,2.0,2.0,2.0,5.0,-20.76157324031526,2.0,2.0,4.0,3.0,1.0,2.0,2.0,2.0,2.0,1.0,1.0,2.0,2.0,2.0,1.0,1.0,1.0,1.0,1.0,2.0,1.0,4.0,1.0,1.0,1.0,1.0,2.0,1.0,1.0,1.0,5.0,5.0,1.0,4.0,3.0,2.0,2.0,1.0,5.0,1.0,3.0,4.0,2.0,1.0,3.0,3.0,4.0,3.0,3.0,1.0,1.0,2.0,1.0,3.0,2.0,4.0,2.0,1.0,4.0,2.0,1.0,2.0,3.0,3.0,3.0,3.0,2.0,1.0,4.0,5.0,1.0,1.0,5.0,4.0,2.0,1.0,1.0,1.0,6.0,10.0,1.0,5.0,5.0,1.0,7.0,2.0,1.0,10.0,4.0,3.0,3.0,1.0,7.0,1.0,11.0,1.0,2.0,2.0,1.0,3.0,2.0,1.0,1.0,5.0,8.0,1.0,7.0,3.0,1.0,2.0,2.0,1.0,2.0,1.0,1.0,1.0,1.0,2.0,7.0,6.0,1.0,2.0,1.0,1.0,1.0,1.0,5.0,1.0,1.0,2.0,5.0,1.0,2.0,7.0,6.0,6.0,1.0,2.0,9.0,3.0,6.0,1.0,6.0,4.0,9.0,1.0,1.0,1.0,2.0,10.0,6.0,2.0,2.0,5.0,5.0,1.0,10.0,1.0,2.0,4.0,5.0,13.0,1.0,1.0,1.0,1.0,4.0,4.0,3.0,1.0,2.0,1.0,1.0,1.0,2.0,4.0,4.0,5.0,11.0,1.0,1.0,1.0,1.0,5.0,2.0,7.0,1.0,1.0,2.0,1.0,1.0,1.0,3.0,3.0,2.0,2.0,3.0,5.0,1.0,2.0,1.0,-2.0,1.0,1.0,7.0,-3.0,-3.0,-3.0,-3.0,1.0,0.0,4.0,-2.0,5.0,-6.0,-6.0,-6.0,-6.0,-2.0,-1.0,-1.0,-6.0,-6.0,-6.0,-6.0,-3.0,-2.0,-1.0,-1.0,-3.0,-3.0,-3.0,-3.0,-2.0,-1.0,-1.0,2.0,-1.0,-6.0,-6.0,-6.0,-6.0,-6.0,-6.0,-6.0,1.0,1.0,-3.0,-3.0,7.0,2.0,-5.0,-5.0,-5.0,-5.0,1.0,-2.0,-2.0,2.0,1.0,-5.0,-6.0,-5.0,-5.0,2.0,1.0,1.0,1.0,-6.0,-6.0,-6.0,-6.0,-1.0,1.0,-2.0,-2.0,1.0,2.0,-13.0,-13.0,-1.0,-1.0,-2.0,2.0,1.0,-5.0,-5.0,-5.0,-5.0,-5.0,-5.0,1.0,1.0,-5.0,-5.0,-5.0,-5.0,-5.0,0.0,-3.0,-12.0,-12.0,1.0,5.0,-7.0,-7.0,-7.0,-7.0,1.0,7.0,1.0,1.0,1.0,2.0,11.0,1.0,4.0,1.0,3.0,6.0,1.0,2.0,3.0,15.0,3.0,2.0,3.0,4.0,1.0,6.0,6.0,4.0,2.0,1.0,1.0,1.0,1.0,1.0,1.0,3.0,7.0,1.0,3.0,1.0,1.0,1.0,3.0,2.0,1.0,2.0,2.0,1.0,1.0,3.0,3.0,3.0,1.0,1.0,2.0,3.0,3.0,3.0,1.0,1.0,1.0,3.0,4.0,4.0,2.0,3.0,1.0,1.0,1.0,1.0,1.0,1.0,2.0,3.0,4.0,4.0,2.0,6.0,3.0,1.0,1.0,1.0,1.0,1.0,1.0,2.0,3.0,1.0,13.0,3.0,1.0,1.0,6.0,1.0,1.0,1.0,4.0,1.0,1.0,2.0,2.0,4.0,3.0,3.0,1.0,1.0,1.0,1.0,2.0,2.0,3.0,3.0,1.0,1.0,2.0,2.0,1.0,2.0,6.0,6.0,2.0,3.0,2.0,2.0,1.0,1.0,2.0,2.0,6.0,6.0,2.0,3.0,2.0,2.0,1.0,1.0,21.0,3.0,4.0,1.0,2.0,2.0,8.0,1.0,7.0,2.0,1.0,2.0,3.0,4.0,4.0,1.0,16.0,1.0,6.0,3.0,1.0,1.0,2.0,10.0,1.0,10.0,3.0,3.0,2.0,1.0,4.0,3.0,1.0,2.0,1.0,1.0,4.0,1.0,3.0,1.0,2.0,2.0,1.0,1.0,1.0,1.0,3.0,1.0,1.0,2.0,1.0,1.0,1.0,1.0,1.0,1.0,1.0,1.0,1.0,1.0,1.0,4.0,3.0,1.0,1.0,1.0,1.0,1.0,1.0,2.0,2.0,1.0,4.0,1.0,4.0,1.0,1.0,2.0,1.0,1.0,3.0,2.0,2.0,2.0,2.0,1.0,1.0,6.0,24.0,4.0,1.0,3.0,2.0,1.0,1.0,16.0,35.0,3.0,1.0,1.0,1.0,1.0,1.0,1.0,3.0,5.0,1.0,1.0,2.0,7.0,5.0,5.0,2.0,3.0,1.0,1.0,1.0,8.0,1.0,5.0,3.0,2.0,9.0,6.0,1.0,4.0,13.0,1.0,7.0,7.0,1.0,1.0,1.0,1.0,1.0,4.0,6.0,3.0,2.0,1.0,8.0,6.0,1.0,1.0,1.0,2.0,3.0,1.0,2.0,8.0,1.0,2.0,9.0,2.0,1.0,1.0,1.0,1.0,1.0,4.0,1.0,1.0,4.0,5.0,1.0,1.0,2.0,3.0,2.0,1.0,2.0,5.0,6.0,4.0,6.0,8.0,11.0,7.0,6.0,1.0,1.0,1.0,4.0,1.0,3.0,4.0,5.0,12.0,5.0,2.0,2.0,1.0,4.0,2.0,1.0,1.0,1.0,3.0,4.0,3.0,2.0,2.0,3.0,5.0,1.0,7.0,5.0,2.0,2.0,3.0,1.0,1.0,1.0,1.0,2.0,1.0,2.0,1.0,1.0,12.0,10.0,8.0,6.0,5.0,1.0,1.0,1.0,3.0,1.0,1.0,1.0,3.0,4.0,1.0,2.0,1.0,1.0,1.0,2.0,1.0,1.0,8.0,1.0,1.0,2.0,2.0,5.0,2.0,2.0,1.0,1.0,3.0,2.0,3.0,1.0,6.0,6.0,1.0,1.0,6.0,1.0,6.0,9.0,3.0,13.0,10.0,1.0,1.0,11.0,1.0,1.0,3.0,8.0,9.0,2.0,1.0,2.0,3.0,3.0,3.0,1.0,1.0,1.0,5.0,5.0,2.0,1.0,2.0,2.0,1.0,1.0,5.0,1.0,1.0,1.0,1.0,3.0,2.0,1.0,2.0,1.0,3.0,4.0,1.0,2.0,1.0,2.0,1.0,2.0,2.0,1.0,1.0,2.0,2.0,1.0,1.0,1.0,1.0,1.0,1.0,2.0,1.0,8.0,2.0,1.0,5.0,6.0,2.0,1.0,1.0,1.0,6.0,2.0,3.0,4.0,3.0,1.0,1.0,2.0,2.0,1.0,1.0,11.0,1.0,1.0,2.0,4.0,5.0,3.0,1.0,4.0,1.0,14.0,4.0,7.0,1.0,1.0,2.0,1.0,1.0,1.0,1.0,1.0,1.0,3.0,1.0,9.0,2.0,2.0,1.0,1.0,7.0,1.0,8.0,1.0,1.0,1.0,1.0,2.0,1.0,1.0,1.0,1.0,2.0,1.0,1.0,1.0,1.0,1.0,1.0,4.0,4.0,3.0,2.0,1.0,1.0,1.0,1.0,3.0,1.0,1.0,1.0,1.0,1.0,1.0,1.0,1.0,2.0,1.0,3.0,3.0,1.0,1.0,3.0,5.0,9.0,7.0,2.0,2.0,1.0,1.0,1.0,2.0,3.0,1.0,1.0,2.0,3.0,1.0,1.0,2.0,2.0,1.0,1.0,1.0,1.0,2.0,1.0,1.0,-1.0,-1.0,-2.0,-4.0,-12.0,-7.0,-6.0,-6.0,-9.0,-11.0,-2.0,-8.0,-10.0,-6.0,-11.0,-1.0,-1.0,-4.0,-1.0,-10.0,-11.0,-3.0,-8.0,-12.0,-10.0,-1.0,-1.0,-1.0,-1.0,-7.0,-7.0,-13.0,-7.0,2.0,1.0,1.0,1.0,2.0,1.0,1.0,5.0,1.0,2.0,1.0,1.0,3.0,1.0,3.0,1.0,1.0,1.0,1.0,1.0,1.0,1.0,1.0,4.0,1.0,1.0,2.0,1.0,1.0,3.0,1.0,1.0,2.0,1.0,1.0,2.0,3.0,1.0,2.0,1.0,1.0,1.0,1.0,1.0,1.0,2.0,1.0,2.0,1.0,2.0,5.0,6.0,1.0,2.0,1.0,1.0,3.0,1.0,1.0,2.0,3.0,3.0,1.0,1.0,2.0,5.0,5.0,1.0,1.0,4.0,3.0,2.0,1.0,1.0,-1.0,1.0,2.0,-3.0,1.0,1.0,-4.0,-4.0,-3.0,2.0,-1.0,-1.0,-1.0,-2.0,2.0,10.0,1.0,1.0,1.0,2.0,3.0,4.0,1.0,2.0,1.0,17.0,1.0,1.0,1.0,1.0,2.0,1.0,1.0,1.0,4.0,4.0,1.0,3.0,1.0,1.0,2.0,1.0,1.0,1.0,2.0,2.0,1.0,1.0,1.0,1.0,2.0,3.0,2.0,1.0,1.0,3.0,1.0,1.0,1.0,2.0,3.0,1.0,1.0,2.0,4.0,2.0,1.0,1.0,1.0,1.0,2.0,3.0,1.0,4.0,1.0,1.0,1.0,4.0,4.0,1.0,1.0,2.0,2.0,2.0,2.0,1.0,2.0,1.0,2.0,3.0,1.0,6.0,11.0,8.0,5.0,4.0,5.0,3.0,2.0,1.0,1.0,1.0,1.0,1.0,2.0,2.0,3.0,2.0,3.0,1.0,1.0,1.0,1.0,1.0,1.0,3.0,2.0,5.0,1.0,2.0,2.0,1.0,5.0,1.0,5.0,1.0,2.0,5.0,3.0,2.0,1.0,1.0,1.0,2.0,3.0,1.0,1.0,1.0,3.0,3.0,2.0,4.0,1.0,1.0,1.0,1.0,1.0,1.0,1.0,1.0,1.0,1.0,1.0,3.0,5.0,1.0,1.0,1.0,2.0,2.0,1.0,1.0,5.0,1.0,1.0,5.0,1.0,1.0,-7.0,-7.0,1.0,-1.0,-4.0,-2.0,-1.0,-2.0,-1.0,1.0,-1.0,-3.0,-5.0,0.0,-3.0,-1.0,-2.0,-4.0,1.0,-1.0,1.0,-1.0,-1.0,1.0,-1.0,-1.0,2.0,-2.0,-3.0,2.0,-2.0,-1.0,1.0,-1.0,-1.0,-2.0,1.0,-2.0,-1.0,2.0,-1.0,-1.0,-1.0,-1.0,-2.0,2.0,-2.0,-2.0,0.0,-1.0,-1.0,-1.0,-1.0,-1.0,1.0,1.0,1.0,7.0,1.0,1.0,1.0,1.0,1.0,2.0,1.0,1.0,12.0,1.0,1.0,1.0,1.0,1.0,1.0,2.0,1.0,1.0,1.0,1.0,2.0,4.0,3.0,1.0,1.0,3.0,1.0,1.0,1.0,1.0,2.0,1.0,1.0,1.0,1.0,1.0,2.0,1.0,1.0,3.0,7.0,2.0,1.0,1.0,1.0,1.0,1.0,1.0,1.0,1.0,1.0,1.0,1.0,1.0,6.0,1.0,1.0,1.0,1.0,1.0,1.0,1.0,1.0,1.0,1.0,1.0,1.0,1.0,1.0,1.0,1.0,4.0,1.0,1.0,1.0,1.0,1.0,1.0,1.0,1.0,1.0,1.0,1.0,1.0,1.0,1.0,1.0,1.0,1.0,1.0,1.0,-1.0,-1.0,1.0,1.0,2.0,-2.0,-2.0,-2.0,-2.0,-2.0,1.0,1.0,-3.0,-3.0,-3.0,-3.0,1.0,-5.0,-5.0,-5.0,1.0,1.0,1.0,1.0,2.0,1.0,1.0,-1.0,-1.0,-1.0,-1.0,-1.0,-1.0,4.0,4.0,1.0,1.0,3.0,1.0,1.0,1.0,1.0,1.0,3.0,3.0,2.0,1.0,1.0,1.0,1.0,1.0,2.0,1.0,1.0,2.0,2.0,1.0,1.0,1.0,1.0,1.0,3.0,3.0,3.0,1.0,1.0,2.0,1.0,1.0,2.0,2.0,2.0,1.0,1.0,1.0,2.0,1.0,1.0,1.0,1.0,3.0,1.0,1.0,1.0,1.0,4.0,2.0,5.0,1.0,2.0,1.0,1.0,1.0,1.0,3.0,1.0,2.0,3.0,2.0,1.0,1.0,1.0,2.0,2.0,2.0,2.0,1.0,6.0,3.0,6.0,1.0,1.0,1.0,3.0,1.0,4.0,5.0,1.0,1.0,1.0,1.0,1.0,17.0,1.0,2.0,12.0,1.0,2.0,3.0,8.0,13.0,5.0,2.0,1.0,2.0,6.0,4.0,4.0,2.0,1.0,3.0,2.0,1.0,1.0,1.0,3.0,1.0,1.0,1.0,3.0,1.0,1.0,1.0,3.0,1.0,1.0,1.0,2.0,3.0,7.0,4.0,3.0,1.0,2.0,2.0,2.0,1.0,1.0,1.0,1.0,1.0,1.0,1.0,1.0,1.0,1.0,1.0,1.0,1.0,1.0,1.0,1.0,1.0,1.0,1.0,1.0,1.0,1.0,1.0,1.0,1.0,3.0,1.0,1.0,2.0,2.0,2.0,2.0,3.0,1.0,1.0,1.0,2.0,1.0,4.0,3.0,1.0,1.0,1.0,2.0,1.0,7.40298284432326,1.0,5.0,3.0,2.0,1.0,1.0,1.0,1.0,1.0,1.0,1.0,1.0,1.0,3.0,4.0,3.0,1.0,1.0,1.0,1.0,1.0,1.0,1.0,1.0,1.0,1.0,1.0,1.0,2.0,1.0,1.0,1.0,1.0,1.0,1.0,1.0,1.0,1.0,1.0,1.0,2.0,1.0,1.0,1.0,1.0,1.0,1.0,1.0,1.0,1.0,1.0,1.0,1.0,1.0,3.0,8.0,2.0,1.0,2.0,1.0,1.0,4.0,1.0,1.0,1.0,1.0,1.0,1.0,1.0,7.0,5.0,2.0,3.0,1.0,1.0,2.0,1.0,1.0,1.0,1.0,1.0,1.0,2.0,3.0,1.0,2.0,2.0,2.0,1.0,3.0,1.0,1.0,1.0,1.0,3.0,2.0,3.0,3.0,1.0,1.0,2.0,2.0,2.0,3.0,2.0,1.0,3.0,1.0,2.0,2.0,2.0,2.0,2.0,2.0,1.0,1.0,1.0,1.0,1.0,1.0,1.0,1.0,1.0,2.0,1.0,1.0,1.0,3.0,1.0,1.0,1.0,1.0,1.0,1.0,1.0,2.0,1.0,6.0,1.0,5.0,1.0,4.0,1.0,8.0,1.0,3.0,3.0,4.0,1.0,2.0,2.0,1.0,1.0,3.0,2.0,3.0,1.0,2.0,1.0,1.0,2.0,1.0,1.0,4.0,6.0,1.0,1.0,1.0,2.0,2.0,1.0,1.0,3.0,5.0,4.0,1.0,1.0,5.0,1.0,1.0,2.0,1.0,1.0,1.0,4.0,2.0,1.0,4.0,2.0,6.0,1.0,1.0,1.0,1.0,6.0,4.0,1.0,1.0,3.0,3.0,2.0,9.0,2.0,3.0,3.0,3.0,3.0,1.0,1.0,5.0,5.0,5.0,5.0,1.0,7.0,10.0,2.0,1.0,4.0,5.0,5.0,5.0,5.0,2.0,1.0,3.0,5.0,4.0,2.0,2.0,1.0,1.0,2.0,3.0,1.0,1.0,3.0,11.0,5.0,5.0,5.0,5.0,5.0,5.0,5.0,5.0,13.0,3.0,2.0,2.0,3.0,11.0,5.0,5.0,5.0,5.0,1.0,1.0,2.0,18.0,11.0,2.0,1.0,3.0,3.0,5.0,5.0,5.0,5.0,5.0,5.0,2.0,1.0,3.0,1.0,1.0,21.0,1.0,2.0,3.0,6.0,6.0,6.0,6.0,2.0,5.0,3.0,2.0,5.0,13.0,2.0,5.0,5.0,5.0,5.0,6.0,2.0,24.0,2.0,1.0,2.0,5.0,5.0,5.0,5.0,1.0,2.0,4.0,3.0,12.0,1.0,9.0,4.0,4.0,4.0,4.0,4.0,4.0,4.0,1.0,10.0,4.0,1.0,21.0,1.0,2.0,1.0,1.0,1.0,4.0,3.0,5.0,6.0,6.0,6.0,6.0,6.0,1.0,1.0,3.0,15.0,1.0,1.0,1.0,1.0,7.0,4.0,1.0,10.0,5.0,5.0,5.0,5.0,1.0,1.0,4.0,2.0,1.0,1.0,2.0,2.0,9.0,2.0,1.0,1.0,3.0,1.0,4.0,3.0,1.0,1.0,1.0,1.0,1.0,2.0,1.0,1.0,9.0,1.0,1.0,1.0,2.0,5.0,5.0,5.0,5.0,2.0,1.0,7.0,1.0,2.0,5.0,5.0,5.0,5.0,5.0,5.0,5.0,3.0,1.0,1.0,20.0,1.0,1.0,1.0,4.0,1.0,1.0,2.0,1.0,9.0,3.0,4.0,4.0,4.0,4.0,4.0,4.0,4.0,4.0,1.0,1.0,37.0,1.0,1.0,1.0,6.0,6.0,6.0,6.0,6.0,6.0,1.0,1.0,1.0,1.0,6.0,16.0,1.0,5.0,5.0,5.0,5.0,1.0,27.0,1.0,1.0,1.0,7.0,6.0,6.0,6.0,6.0,1.0,2.0,1.0,30.0,1.0,1.0,1.0,1.0,8.0,6.0,6.0,6.0,6.0,6.0,2.0,2.0,2.0,2.0,5.0,5.0,7.0,3.0,30.0,3.0,10.0,6.0,1.0,10.0,5.0,5.0,5.0,5.0,5.0,5.0,5.0,4.0,1.0,6.0,8.0,1.0,2.0,3.0,4.0,4.0,5.0,6.0,6.0,6.0,6.0,-5.0,-5.0,-5.0,-5.0,-5.0,-5.0,-5.0,-5.0,-5.0,-5.0,1.0
1.0,1.0,1.0,2.0,1.0,2.0,4.0,7.0,1.0,2.0,1.0,5.0,1.0,1.0,1.0,1.0,3.0,1.0,2.0,1.0,1.0,1.0,1.0,1.0,1.0,1.0,5.0,2.0,1.0,3.0,1.0,1.0,5.0,1.0,1.0,2.0,1.0,1.0,1.0,2.0,3.0,1.0,1.0,1.0,1.0,1.0,1.0,1.0,1.0,1.0,1.0,1.0,5.0,3.0,2.0,1.0,1.0,2.0,1.0,1.0,1.0,1.0,1.0,1.0,1.0,1.0,2.0,1.0,5.0,1.0,2.0,1.0,1.0,2.0,1.0,1.0,1.0,1.0,2.0,1.0,7.0,4.0,1.0,2.0,1.0,2.0,12.0,5.0,1.0,15.0,1.0,2.0,2.0,2.0,1.0,1.0,8.0,1.0,4.0,1.0,1.0,16.0,3.0,3.0,1.0,2.0,1.0,1.0,6.0,7.0,1.0,2.0,3.0,2.0,2.0,3.0,2.0,1.0,5.0,1.0,3.0,2.0,2.0,1.0,1.0,1.0,10.0,10.0,1.0,3.0,2.0,1.0,2.0,5.0,2.0,1.0,3.0,1.0,1.0,1.0,1.0,1.0,1.0,1.0,7.0,1.0,1.0,13.0,1.0,1.0,1.0,10.0,2.0,1.0,3.0,1.0,1.0,2.0,3.0,1.0,1.0,1.0,1.0,1.0,1.0,1.0,2.0,1.0,14.0,1.0,1.0,1.0,2.0,2.0,1.0,3.0,2.0,1.0,1.0,1.0,2.0,5.0,1.0,1.0,1.0,4.0,1.0,4.0,2.0,14.0,1.0,2.0,2.0,4.0,1.0,1.0,3.0,1.0,1.0,2.0,1.0,1.0,4.0,3.0,17.0,1.0,1.0,1.0,1.0,3.0,1.0,3.0,5.0,1.0,2.0,2.0,2.0,1.0,1.0,1.0,4.0,1.0,2.0,1.0,1.0,1.0,1.0,1.0,1.0,5.0,2.0,2.0,3.0,1.0,1.0,1.0,1.0,2.0,1.0,1.0,1.0,1.0,1.0,5.0,2.0,3.0,2.0,2.0,3.0,1.0,2.0,4.0,1.0,2.0,2.0,2.0,1.0,1.0,1.0,1.0,1.0,3.0,2.0,1.0,1.0,13.0,3.0,1.0,1.0,1.0,7.0,4.0,1.0,1.0,1.0,8.0,1.0,1.0,6.0,2.0,1.0,3.0,2.0,8.0,2.0,1.0,1.0,1.0,5.0,1.0,8.0,1.0,4.0,9.0,7.0,1.0,1.0,8.0,1.0,2.0,1.0,1.0,4.0,1.0,1.0,1.0,7.0,4.0,5.0,3.0,1.0,1.0,1.0,2.0,1.0,1.0,1.0,1.0,1.0,1.0,6.0,3.0,2.0,2.0,1.0,1.0,1.0,1.0,1.0,1.0,5.0,1.0,1.0,3.0,1.0,1.0,3.0,3.0,1.0,1.0,1.0,2.0,2.0,1.0,1.0,1.0,3.0,4.0,4.0,1.0,1.0,1.0,2.0,1.0,2.0,2.0,2.0,8.0,9.0,3.0,1.0,2.0,1.0,1.0,3.0,2.0,2.0,1.0,5.0,1.0,3.0,3.0,3.0,4.0,1.0,1.0,2.0,2.0,3.0,3.0,1.0,3.0,2.0,1.0,1.0,1.0,1.0,1.0,1.0,1.0,1.0,1.0,1.0,1.0,2.0,10.0,2.0,3.0,3.0,3.0,2.0,1.0,1.0,1.0,1.0,2.0,1.0,15.0,3.0,3.0,3.0,3.0,1.0,1.0,11.0,2.0,2.0,2.0,3.0,1.0,1.0,1.0,1.0,9.0,2.0,2.0,3.0,3.0,1.0,1.0,1.0,2.0,1.0,13.0,2.0,2.0,3.0,3.0,6.0,5.0,2.0,2.0,2.0,2.0,3.0,3.0,4.0,3.0,2.0,2.0,3.0,3.0,4.0,2.0,7.0,3.0,3.0,2.0,2.0,1.0,3.0,7.0,2.0,13.0,6.0,4.0,1.0,1.0,1.0,2.0,1.0,3.0,2.0,10.0,2.0,14.0,1.0,1.0,1.0,9.0,3.0,2.0,1.0,1.0,10.0,2.0,1.0,1.0,1.0,2.0,3.0,7.0,5.0,1.0,1.0,1.0,2.0,6.0,2.0,2.0,4.0,2.0,1.0,1.0,1.0,3.0,2.0,10.0,3.0,1.0,1.0,1.0,5.0,3.0,5.0,1.0,3.0,1.0,1.0,2.0,2.0,3.0,2.0,1.0,2.0,1.0,1.0,1.0,2.0,1.0,1.0,1.0,1.0,5.0,1.0,2.0,1.0,1.0,1.0,1.0,1.0,4.0,1.0,1.0,14.0,1.0,4.0,1.0,13.0,11.0,2.0,2.0,1.0,5.0,1.0,11.0,1.0,1.0,1.0,1.0,1.0,4.0,1.0,1.0,1.0,1.0,3.0,1.0,3.0,1.0,5.0,9.0,1.0,1.0,1.0,1.0,4.0,1.0,6.0,13.0,1.0,3.0,3.0,4.0,1.0,3.0,1.0,4.0,1.0,14.0,9.0,12.0,7.0,1.0,1.0,1.0,2.0,4.0,4.0,6.0,10.0,8.0,21.0,4.0,4.0,3.0,2.0,4.0,1.0,2.0,12.0,11.0,1.0,3.0,4.0,1.0,1.0,1.0,1.0,3.0,6.0,7.0,2.0,5.0,3.0,3.0,8.0,10.0,2.0,19.0,8.0,5.0,1.0,3.0,2.0,6.0,2.0,2.0,1.0,2.0,3.0,8.0,9.0,6.0,6.0,1.0,1.0,2.0,2.0,2.0,8.0,4.0,5.0,8.0,7.0,13.0,3.0,9.0,2.0,1.0,3.0,5.0,1.0,3.0,1.0,1.0,7.0,8.0,1.0,2.0,1.0,1.0,6.0,1.0,1.0,1.0,5.0,15.0,1.0,2.0,7.0,5.0,4.0,5.0,4.0,16.0,6.0,4.0,2.0,1.0,1.0,1.0,1.0,1.0,1.0,2.0,1.0,7.0,7.0,4.0,1.0,2.0,1.0,2.0,1.0,1.0,1.0,1.0,2.0,2.0,1.0,1.0,1.0,1.0,1.0,1.0,1.0,1.0,1.0,1.0,1.0,2.0,2.0,4.0,1.0,1.0,1.0,2.0,7.0,1.0,1.0,1.0,1.0,1.0,1.0,1.0,2.0,3.0,6.0,7.0,4.0,1.0,3.0,1.0,1.0,1.0,1.0,1.0,1.0,1.0,1.0,1.0,2.0,1.0,1.0,2.0,1.0,1.0,1.0,2.0,1.0,1.0,1.0,1.0,1.0,2.0,2.0,3.0,6.0,1.0,1.0,2.0,1.0,1.0,2.0,1.0,1.0,13.0,19.0,2.0,1.0,1.0,4.0,1.0,1.0,1.0,2.28507226805276,1.0,1.0,1.0,1.0,1.0,1.0,1.0,2.0,1.0,1.0,1.0,16.0,15.0,1.0,2.0,2.0,2.0,1.0,1.0,1.0,2.0,1.0,1.0,1.0,1.0,1.0,2.0,1.0,1.0,3.0,1.0,1.0,1.0,2.0,1.0,1.0,12.0,7.0,1.0,5.0,1.0,3.0,1.0,1.0,1.0,2.0,3.0,1.0,1.0,6.0,7.0,3.0,5.0,3.0,1.0,1.0,3.0,2.0,1.0,7.0,16.0,1.0,1.0,5.0,3.0,1.0,1.0,3.0,2.0,1.0,1.46952489648403,1.0,2.0,3.0,3.0,1.0,1.0,2.0,1.0,1.0,1.0,2.0,30.0,1.0,4.0,7.0,1.0,1.0,1.0,1.0,1.0,2.0,1.0,2.0,1.0,1.0,1.0,1.0,1.0,1.0,5.0,24.0,4.0,2.0,1.0,1.0,1.0,1.0,1.0,1.0,2.0,2.0,3.0,1.0,2.0,1.0,1.0,1.0,1.0,1.0,1.0,1.0,2.0,1.0,1.0,1.0,1.0,1.0,1.0,1.0,1.0,3.0,1.0,1.0,1.0,3.0,5.0,2.0,3.0,1.0,1.0,2.0,1.0,2.0,1.0,3.0,1.0,2.0,1.0,1.0,2.0,2.0,2.0,1.0,1.0,5.0,2.0,2.0,4.0,1.0,3.0,1.0,4.0,1.0,1.0,2.0,1.0,1.0,4.0,1.0,2.0,1.0,1.0,2.0,4.0,1.0,2.0,2.0,5.0,1.0,1.0,2.0,1.0,1.0,3.0,1.0,1.0,3.0,3.0,5.0,3.0,4.0,1.0,1.0,1.0,2.0,1.0,2.0,1.0,2.0,1.0,1.0,3.0,1.0,1.0,1.0,1.0,2.0,1.0,1.0,1.0,2.0,1.0,1.0,1.0,1.0,1.0,1.0,1.0,1.0,4.0,1.0,1.0,1.0,2.0,1.0,6.0,1.0,1.0,1.0,2.0,2.0,1.0,1.0,1.0,-1.2523449689335,2.0,1.0,1.0,2.0,1.0,-1.0,-1.0,-1.0,-1.0,-2.0,1.0,9.0,-1.0,1.0,-1.0,-1.0,-5.0,-4.0,-3.0,-4.0,-5.0,-5.0,1.0,1.0,1.0,6.0,6.0,2.0,1.0,3.0,2.0,1.0,4.0,5.0,1.0,3.0,1.0,1.0,2.0,1.0,5.0,1.0,1.0,10.0,4.0,1.0,1.0,1.0,3.0,7.0,1.0,2.0,8.0,1.0,2.0,1.0,1.0,1.0,2.0,1.0,2.0,9.0,1.0,9.0,1.0,1.0,1.0,3.0,1.0,1.0,4.0,4.0,1.0,2.0,1.0,2.0,1.0,1.0,1.0,2.0,1.0,1.0,2.0,4.0,1.0,1.0,10.0,1.0,1.0,1.0,3.0,1.0,4.0,4.0,9.0,1.0,1.0,5.0,1.0,1.0,1.0,4.0,2.0,5.0,1.0,7.0,1.0,5.0,1.0,1.0,1.0,2.0,1.0,5.0,4.0,6.0,1.0,-3.0,-1.0,-1.0,-13.70931735451625,-2.0,-2.0,-1.0,-1.0,-1.0,-1.0,-3.0,-1.0,-2.0,-4.0,-1.0,-2.0,-1.0,-1.0,-1.0,5.0,4.0,2.0,7.0,2.0,1.0,2.0,1.0,2.0,1.0,3.0,4.0,4.0,1.0,1.0,2.0,4.0,2.0,6.0,1.0,5.0,1.0,8.0,7.0,1.0,4.0,3.0,1.0,1.0,1.0,2.0,1.0,4.0,1.0,1.0,1.0,1.0,2.0,1.0,1.0,3.0,2.0,4.0,7.0,7.0,4.0,1.0,1.0,4.0,1.0,1.0,2.0,1.0,1.0,5.0,1.0,2.0,7.0,4.0,2.0,2.0,1.0,1.0,1.0,2.0,2.0,2.0,1.0,1.0,2.0,6.0,1.0,4.0,2.0,3.0,17.0,1.0,8.0,8.0,1.0,1.0,2.0,2.0,1.0,1.0,2.0,2.0,11.0,5.0,2.0,1.0,2.0,2.0,2.0,2.0,2.0,2.0,2.0,2.0,2.0,1.0,1.0,25.0,6.0,5.0,5.0,5.0,5.0,5.0,5.0,3.0,2.0,1.0,1.0,2.0,1.0,1.0,12.0,15.0,4.0,4.0,5.0,4.0,4.0,5.0,2.0,1.0,5.0,1.0,1.0,2.0,1.0,16.0,5.0,4.0,5.0,4.0,10.0,2.0,4.0,3.0,3.0,6.0,4.0,4.0,4.0,4.0,4.0,4.0,4.0,4.0,4.0,2.0,4.0,4.0,4.0,4.0,4.0,4.0,1.0,0.04841487884133,4.0,4.0,4.0,4.0,4.0,4.0,1.0,1.0,1.0,1.0,1.0,1.0,4.0,4.0,4.0,4.0,4.0,4.0,4.0,4.0,4.0,4.0,1.0,1.0,1.0,1.0,3.0,1.0,1.0,10.0,1.0,1.0,1.0,1.0,1.0,21.0,15.0,1.0,1.0,1.0,1.0,1.0,1.0,5.0,1.0,6.0,2.0,2.0,23.0,14.0,1.0,3.0,3.0,3.0,3.0,3.0,3.0,3.0,3.0,1.0,1.0,1.0,1.0,1.0,6.0,1.0,4.0,10.0,9.0,26.0,7.0,3.0,3.0,4.0,3.0,3.0,3.0,4.0,3.0,1.0,1.0,1.0,1.0,3.0,1.0,1.0,13.0,2.0,2.0,2.0,2.0,2.0,2.0,2.0,1.0,1.0,2.0,2.0,2.0,2.0,2.0,2.0,3.0,2.0,1.0,2.0,2.0,2.0,2.0,2.0,2.0,2.0,1.0,2.0,2.0,2.0,2.0,2.0,2.0,2.0,2.0,2.0,2.0,2.0,1.0,-2.0,1.0,4.0,1.0,-4.0,-4.0,-5.0,-4.0,-4.0,-4.0,-5.0,-4.0,-1.0,1.0,2.0,-1.0,1.0,-4.0,-5.0,-4.0,-4.0,-5.0,-4.0,2.0,1.0,-5.0,-6.0,-5.0,-5.0,-6.0,-5.0,1.0,1.0,1.0,-5.0,-5.0,-5.0,-5.0,-5.0,-5.0,-1.0,1.0,-1.0,-5.0,-5.0,-5.0,-5.0,-5.0,-5.0,-3.0,-4.0,-1.0,-1.0,-3.0,-1.0,0.0,1.0,-9.0,-5.0,1.0,-1.0,-2.0,-1.0,-1.0,-2.0,-1.0,-3.0,-2.0,-1.0,-1.0,-1.0,-1.0,-1.0,-3.0,-1.0,-1.0,-1.0,-1.0,-3.0,-2.0,-3.0,-2.0,-1.0,-1.0,-1.0,-2.0,7.0,-4.0,-2.0,-3.0,-3.0,-1.0,-1.0,-1.0,1.0,1.0,0.0,-1.0,-5.0,-7.0,-1.0,-2.0,-1.0,9.0,2.0,13.0,-1.0,-1.0,-1.0,-5.0,-5.0,-2.0,-4.0,1.0,5.0,4.0,2.0,2.0,1.0,2.0,15.0,17.0,4.0,5.0,7.0,13.0,1.0,3.0,1.0,1.0,1.0,12.0,5.0,5.0,1.0,11.0,2.0,4.0,2.0,1.0,14.57346510062307,4.0,2.0,1.0,1.0,2.0,1.0,1.0,2.0,1.0,1.0,2.0,6.0,1.0,1.0,2.0,4.0,3.0,2.0,2.0,3.0,7.0,1.0,1.0,1.0,1.0,1.0,2.0,1.0,1.0,1.0,1.0,1.0,1.0,1.0,1.0,2.0,2.0,1.0,4.0,1.0,1.0,1.0,1.0,3.0,1.0,2.0,6.0,1.0,1.0,1.0,1.0,1.0,1.0,1.0,1.0,1.0,1.0,1.0,1.0,3.0,1.0,1.0,3.0,2.0,2.0,2.0,5.0,-20.76157324031526,2.0,2.0,4.0,3.0,1.0,2.0,2.0,2.0,2.0,1.0,1.0,2.0,2.0,2.0,1.0,1.0,1.0,1.0,1.0,2.0,1.0,4.0,1.0,1.0,1.0,1.0,2.0,1.0,1.0,1.0,5.0,5.0,1.0,4.0,3.0,2.0,2.0,1.0,5.0,1.0,3.0,4.0,2.0,1.0,3.0,3.0,4.0,3.0,3.0,1.0,1.0,2.0,1.0,3.0,2.0,4.0,2.0,1.0,4.0,2.0,1.0,2.0,3.0,3.0,3.0,3.0,2.0,1.0,4.0,5.0,1.0,1.0,5.0,4.0,2.0,1.0,1.0,1.0,6.0,10.0,1.0,5.0,5.0,1.0,7.0,2.0,1.0,10.0,4.0,3.0,3.0,1.0,7.0,1.0,11.0,1.0,2.0,2.0,1.0,3.0,2.0,1.0,1.0,5.0,8.0,1.0,7.0,3.0,1.0,2.0,2.0,1.0,2.0,1.0,1.0,1.0,1.0,2.0,7.0,6.0,1.0,2.0,1.0,1.0,1.0,1.0,5.0,1.0,1.0,2.0,5.0,1.0,2.0,7.0,6.0,6.0,1.0,2.0,9.0,3.0,6.0,1.0,6.0,4.0,9.0,1.0,1.0,1.0,2.0,10.0,6.0,2.0,2.0,5.0,5.0,1.0,10.0,1.0,2.0,4.0,5.0,13.0,1.0,1.0,1.0,1.0,4.0,4.0,3.0,1.0,2.0,1.0,1.0,1.0,2.0,4.0,4.0,5.0,11.0,1.0,1.0,1.0,1.0,5.0,2.0,7.0,1.0,1.0,2.0,1.0,1.0,1.0,3.0,3.0,2.0,2.0,3.0,5.0,1.0,2.0,1.0,-2.0,1.0,1.0,7.0,-3.0,-3.0,-3.0,-3.0,1.0,0.0,4.0,-2.0,5.0,-6.0,-6.0,-6.0,-6.0,-2.0,-1.0,-1.0,-6.0,-6.0,-6.0,-6.0,-3.0,-2.0,-1.0,-1.0,-3.0,-3.0,-3.0,-3.0,-2.0,-1.0,-1.0,2.0,-1.0,-6.0,-6.0,-6.0,-6.0,-6.0,-6.0,-6.0,1.0,1.0,-3.0,-3.0,7.0,2.0,-5.0,-5.0,-5.0,-5.0,1.0,-2.0,-2.0,2.0,1.0,-5.0,-6.0,-5.0,-5.0,2.0,1.0,1.0,1.0,-6.0,-6.0,-6.0,-6.0,-1.0,1.0,-2.0,-2.0,1.0,2.0,-13.0,-13.0,-1.0,-1.0,-2.0,2.0,1.0,-5.0,-5.0,-5.0,-5.0,-5.0,-5.0,1.0,1.0,-5.0,-5.0,-5.0,-5.0,-5.0,0.0,-3.0,-12.0,-12.0,1.0,5.0,-7.0,-7.0,-7.0,-7.0,1.0,7.0,1.0,1.0,1.0,2.0,11.0,1.0,4.0,1.0,3.0,6.0,1.0,2.0,3.0,15.0,3.0,2.0,3.0,4.0,1.0,6.0,6.0,4.0,2.0,1.0,1.0,1.0,1.0,1.0,1.0,3.0,7.0,1.0,3.0,1.0,1.0,1.0,3.0,2.0,1.0,2.0,2.0,1.0,1.0,3.0,3.0,3.0,1.0,1.0,2.0,3.0,3.0,3.0,1.0,1.0,1.0,3.0,4.0,4.0,2.0,3.0,1.0,1.0,1.0,1.0,1.0,1.0,2.0,3.0,4.0,4.0,2.0,6.0,3.0,1.0,1.0,1.0,1.0,1.0,1.0,2.0,3.0,1.0,13.0,3.0,1.0,1.0,6.0,1.0,1.0,1.0,4.0,1.0,1.0,2.0,2.0,4.0,3.0,3.0,1.0,1.0,1.0,1.0,2.0,2.0,3.0,3.0,1.0,1.0,2.0,2.0,1.0,2.0,6.0,6.0,2.0,3.0,2.0,2.0,1.0,1.0,2.0,2.0,6.0,6.0,2.0,3.0,2.0,2.0,1.0,1.0,21.0,3.0,4.0,1.0,2.0,2.0,8.0,1.0,7.0,2.0,1.0,2.0,3.0,4.0,4.0,1.0,16.0,1.0,6.0,3.0,1.0,1.0,2.0,10.0,1.0,10.0,3.0,3.0,2.0,1.0,4.0,3.0,1.0,2.0,1.0,1.0,4.0,1.0,3.0,1.0,2.0,2.0,1.0,1.0,1.0,1.0,3.0,1.0,1.0,2.0,1.0,1.0,1.0,1.0,1.0,1.0,1.0,1.0,1.0,1.0,1.0,4.0,3.0,1.0,1.0,1.0,1.0,1.0,1.0,2.0,2.0,1.0,4.0,1.0,4.0,1.0,1.0,2.0,1.0,1.0,3.0,2.0,2.0,2.0,2.0,1.0,1.0,6.0,24.0,4.0,1.0,3.0,2.0,1.0,1.0,16.0,35.0,3.0,1.0,1.0,1.0,1.0,1.0,1.0,3.0,5.0,1.0,1.0,2.0,7.0,5.0,5.0,2.0,3.0,1.0,1.0,1.0,8.0,1.0,5.0,3.0,2.0,9.0,6.0,1.0,4.0,13.0,1.0,7.0,7.0,1.0,1.0,1.0,1.0,1.0,4.0,6.0,3.0,2.0,1.0,8.0,6.0,1.0,1.0,1.0,2.0,3.0,1.0,2.0,8.0,1.0,2.0,9.0,2.0,1.0,1.0,1.0,1.0,1.0,4.0,1.0,1.0,4.0,5.0,1.0,1.0,2.0,3.0,2.0,1.0,2.0,5.0,6.0,4.0,6.0,8.0,11.0,7.0,6.0,1.0,1.0,1.0,4.0,1.0,3.0,4.0,5.0,12.0,5.0,2.0,2.0,1.0,4.0,2.0,1.0,1.0,1.0,3.0,4.0,3.0,2.0,2.0,3.0,5.0,1.0,7.0,5.0,2.0,2.0,3.0,1.0,1.0,1.0,1.0,2.0,1.0,2.0,1.0,1.0,12.0,10.0,8.0,6.0,5.0,1.0,1.0,1.0,3.0,1.0,1.0,1.0,3.0,4.0,1.0,2.0,1.0,1.0,1.0,2.0,1.0,1.0,8.0,1.0,1.0,2.0,2.0,5.0,2.0,2.0,1.0,1.0,3.0,2.0,3.0,1.0,6.0,6.0,1.0,1.0,6.0,1.0,6.0,9.0,3.0,13.0,10.0,1.0,1.0,11.0,1.0,1.0,3.0,8.0,9.0,2.0,1.0,2.0,3.0,3.0,3.0,1.0,1.0,1.0,5.0,5.0,2.0,1.0,2.0,2.0,1.0,1.0,5.0,1.0,1.0,1.0,1.0,3.0,2.0,1.0,2.0,1.0,3.0,4.0,1.0,2.0,1.0,2.0,1.0,2.0,2.0,1.0,1.0,2.0,2.0,1.0,1.0,1.0,1.0,1.0,1.0,2.0,1.0,8.0,2.0,1.0,5.0,6.0,2.0,1.0,1.0,1.0,6.0,2.0,3.0,4.0,3.0,1.0,1.0,2.0,2.0,1.0,1.0,11.0,1.0,1.0,2.0,4.0,5.0,3.0,1.0,4.0,1.0,14.0,4.0,7.0,1.0,1.0,2.0,1.0,1.0,1.0,1.0,1.0,1.0,3.0,1.0,9.0,2.0,2.0,1.0,1.0,7.0,1.0,8.0,1.0,1.0,1.0,1.0,2.0,1.0,1.0,1.0,1.0,2.0,1.0,1.0,1.0,1.0,1.0,1.0,4.0,4.0,3.0,2.0,1.0,1.0,1.0,1.0,3.0,1.0,1.0,1.0,1.0,1.0,1.0,1.0,1.0,2.0,1.0,3.0,3.0,1.0,1.0,3.0,5.0,9.0,7.0,2.0,2.0,1.0,1.0,1.0,2.0,3.0,1.0,1.0,2.0,3.0,1.0,1.0,2.0,2.0,1.0,1.0,1.0,1.0,2.0,1.0,1.0,-1.0,-1.0,-2.0,-4.0,-12.0,-7.0,-6.0,-6.0,-9.0,-11.0,-2.0,-8.0,-10.0,-6.0,-11.0,-1.0,-1.0,-4.0,-1.0,-10.0,-11.0,-3.0,-8.0,-12.0,-10.0,-1.0,-1.0,-1.0,-1.0,-7.0,-7.0,-13.0,-7.0,2.0,1.0,1.0,1.0,2.0,1.0,1.0,5.0,1.0,2.0,1.0,1.0,3.0,1.0,3.0,1.0,1.0,1.0,1.0,1.0,1.0,1.0,1.0,4.0,1.0,1.0,2.0,1.0,1.0,3.0,1.0,1.0,2.0,1.0,1.0,2.0,3.0,1.0,2.0,1.0,1.0,1.0,1.0,1.0,1.0,2.0,1.0,2.0,1.0,2.0,5.0,6.0,1.0,2.0,1.0,1.0,3.0,1.0,1.0,2.0,3.0,3.0,1.0,1.0,2.0,5.0,5.0,1.0,1.0,4.0,3.0,2.0,1.0,1.0,-1.0,1.0,2.0,-3.0,1.0,1.0,-4.0,-4.0,-3.0,2.0,-1.0,-1.0,-1.0,-2.0,2.0,10.0,1.0,1.0,1.0,2.0,3.0,4.0,1.0,2.0,1.0,17.0,1.0,1.0,1.0,1.0,2.0,1.0,1.0,1.0,4.0,4.0,1.0,3.0,1.0,1.0,2.0,1.0,1.0,1.0,2.0,2.0,1.0,1.0,1.0,1.0,2.0,3.0,2.0,1.0,1.0,3.0,1.0,1.0,1.0,2.0,3.0,1.0,1.0,2.0,4.0,2.0,1.0,1.0,1.0,1.0,2.0,3.0,1.0,4.0,1.0,1.0,1.0,4.0,4.0,1.0,1.0,2.0,2.0,2.0,2.0,1.0,2.0,1.0,2.0,3.0,1.0,6.0,11.0,8.0,5.0,4.0,5.0,3.0,2.0,1.0,1.0,1.0,1.0,1.0,2.0,2.0,3.0,2.0,3.0,1.0,1.0,1.0,1.0,1.0,1.0,3.0,2.0,5.0,1.0,2.0,2.0,1.0,5.0,1.0,5.0,1.0,2.0,5.0,3.0,2.0,1.0,1.0,1.0,2.0,3.0,1.0,1.0,1.0,3.0,3.0,2.0,4.0,1.0,1.0,1.0,1.0,1.0,1.0,1.0,1.0,1.0,1.0,1.0,3.0,5.0,1.0,1.0,1.0,2.0,2.0,1.0,1.0,5.0,1.0,1.0,5.0,1.0,1.0,-7.0,-7.0,1.0,-1.0,-4.0,-2.0,-1.0,-2.0,-1.0,1.0,-1.0,-3.0,-5.0,0.0,-3.0,-1.0,-2.0,-4.0,1.0,-1.0,1.0,-1.0,-1.0,1.0,-1.0,-1.0,2.0,-2.0,-3.0,2.0,-2.0,-1.0,1.0,-1.0,-1.0,-2.0,1.0,-2.0,-1.0,2.0,-1.0,-1.0,-1.0,-1.0,-2.0,2.0,-2.0,-2.0,0.0,-1.0,-1.0,-1.0,-1.0,-1.0,1.0,1.0,1.0,7.0,1.0,1.0,1.0,1.0,1.0,2.0,1.0,1.0,12.0,1.0,1.0,1.0,1.0,1.0,1.0,2.0,1.0,1.0,1.0,1.0,2.0,4.0,3.0,1.0,1.0,3.0,1.0,1.0,1.0,1.0,2.0,1.0,1.0,1.0,1.0,1.0,2.0,1.0,1.0,3.0,7.0,2.0,1.0,1.0,1.0,1.0,1.0,1.0,1.0,1.0,1.0,1.0,1.0,1.0,6.0,1.0,1.0,1.0,1.0,1.0,1.0,1.0,1.0,1.0,1.0,1.0,1.0,1.0,1.0,1.0,1.0,4.0,1.0,1.0,1.0,1.0,1.0,1.0,1.0,1.0,1.0,1.0,1.0,1.0,1.0,1.0,1.0,1.0,1.0,1.0,1.0,-1.0,-1.0,1.0,1.0,2.0,-2.0,-2.0,-2.0,-2.0,-2.0,1.0,1.0,-3.0,-3.0,-3.0,-3.0,1.0,-5.0,-5.0,-5.0,1.0,1.0,1.0,1.0,2.0,1.0,1.0,-1.0,-1.0,-1.0,-1.0,-1.0,-1.0,4.0,4.0,1.0,1.0,3.0,1.0,1.0,1.0,1.0,1.0,3.0,3.0,2.0,1.0,1.0,1.0,1.0,1.0,2.0,1.0,1.0,2.0,2.0,1.0,1.0,1.0,1.0,1.0,3.0,3.0,3.0,1.0,1.0,2.0,1.0,1.0,2.0,2.0,2.0,1.0,1.0,1.0,2.0,1.0,1.0,1.0,1.0,3.0,1.0,1.0,1.0,1.0,4.0,2.0,5.0,1.0,2.0,1.0,1.0,1.0,1.0,3.0,1.0,2.0,3.0,2.0,1.0,1.0,1.0,2.0,2.0,2.0,2.0,1.0,6.0,3.0,6.0,1.0,1.0,1.0,3.0,1.0,4.0,5.0,1.0,1.0,1.0,1.0,1.0,17.0,1.0,2.0,12.0,1.0,2.0,3.0,8.0,13.0,5.0,2.0,1.0,2.0,6.0,4.0,4.0,2.0,1.0,3.0,2.0,1.0,1.0,1.0,3.0,1.0,1.0,1.0,3.0,1.0,1.0,1.0,3.0,1.0,1.0,1.0,2.0,3.0,7.0,4.0,3.0,1.0,2.0,2.0,2.0,1.0,1.0,1.0,1.0,1.0,1.0,1.0,1.0,1.0,1.0,1.0,1.0,1.0,1.0,1.0,1.0,1.0,1.0,1.0,1.0,1.0,1.0,1.0,1.0,1.0,3.0,1.0,1.0,2.0,2.0,2.0,2.0,3.0,1.0,1.0,1.0,2.0,1.0,4.0,3.0,1.0,1.0,1.0,2.0,1.0,7.40298284432326,1.0,5.0,3.0,2.0,1.0,1.0,1.0,1.0,1.0,1.0,1.0,1.0,1.0,3.0,4.0,3.0,1.0,1.0,1.0,1.0,1.0,1.0,1.0,1.0,1.0,1.0,1.0,1.0,2.0,1.0,1.0,1.0,1.0,1.0,1.0,1.0,1.0,1.0,1.0,1.0,2.0,1.0,1.0,1.0,1.0,1.0,1.0,1.0,1.0,1.0,1.0,1.0,1.0,1.0,3.0,8.0,2.0,1.0,2.0,1.0,1.0,4.0,1.0,1.0,1.0,1.0,1.0,1.0,1.0,7.0,5.0,2.0,3.0,1.0,1.0,2.0,1.0,1.0,1.0,1.0,1.0,1.0,2.0,3.0,1.0,2.0,2.0,2.0,1.0,3.0,1.0,1.0,1.0,1.0,3.0,2.0,3.0,3.0,1.0,1.0,2.0,2.0,2.0,3.0,2.0,1.0,3.0,1.0,2.0,2.0,2.0,2.0,2.0,2.0,1.0,1.0,1.0,1.0,1.0,1.0,1.0,1.0,1.0,2.0,1.0,1.0,1.0,3.0,1.0,1.0,1.0,1.0,1.0,1.0,1.0,2.0,1.0,6.0,1.0,5.0,1.0,4.0,1.0,8.0,1.0,3.0,3.0,4.0,1.0,2.0,2.0,1.0,1.0,3.0,2.0,3.0,1.0,2.0,1.0,1.0,2.0,1.0,1.0,4.0,6.0,1.0,1.0,1.0,2.0,2.0,1.0,1.0,3.0,5.0,4.0,1.0,1.0,5.0,1.0,1.0,2.0,1.0,1.0,1.0,4.0,2.0,1.0,4.0,2.0,6.0,1.0,1.0,1.0,1.0,6.0,4.0,1.0,1.0,3.0,3.0,2.0,9.0,2.0,3.0,3.0,3.0,3.0,1.0,1.0,5.0,5.0,5.0,5.0,1.0,7.0,10.0,2.0,1.0,4.0,5.0,5.0,5.0,5.0,2.0,1.0,3.0,5.0,4.0,2.0,2.0,1.0,1.0,2.0,3.0,1.0,1.0,3.0,11.0,5.0,5.0,5.0,5.0,5.0,5.0,5.0,5.0,13.0,3.0,2.0,2.0,3.0,11.0,5.0,5.0,5.0,5.0,1.0,1.0,2.0,18.0,11.0,2.0,1.0,3.0,3.0,5.0,5.0,5.0,5.0,5.0,5.0,2.0,1.0,3.0,1.0,1.0,21.0,1.0,2.0,3.0,6.0,6.0,6.0,6.0,2.0,5.0,3.0,2.0,5.0,13.0,2.0,5.0,5.0,5.0,5.0,6.0,2.0,24.0,2.0,1.0,2.0,5.0,5.0,5.0,5.0,1.0,2.0,4.0,3.0,12.0,1.0,9.0,4.0,4.0,4.0,4.0,4.0,4.0,4.0,1.0,10.0,4.0,1.0,21.0,1.0,2.0,1.0,1.0,1.0,4.0,3.0,5.0,6.0,6.0,6.0,6.0,6.0,1.0,1.0,3.0,15.0,1.0,1.0,1.0,1.0,7.0,4.0,1.0,10.0,5.0,5.0,5.0,5.0,1.0,1.0,4.0,2.0,1.0,1.0,2.0,2.0,9.0,2.0,1.0,1.0,3.0,1.0,4.0,3.0,1.0,1.0,1.0,1.0,1.0,2.0,1.0,1.0,9.0,1.0,1.0,1.0,2.0,5.0,5.0,5.0,5.0,2.0,1.0,7.0,1.0,2.0,5.0,5.0,5.0,5.0,5.0,5.0,5.0,3.0,1.0,1.0,20.0,1.0,1.0,1.0,4.0,1.0,1.0,2.0,1.0,9.0,3.0,4.0,4.0,4.0,4.0,4.0,4.0,4.0,4.0,1.0,1.0,37.0,1.0,1.0,1.0,6.0,6.0,6.0,6.0,6.0,6.0,1.0,1.0,1.0,1.0,6.0,16.0,1.0,5.0,5.0,5.0,5.0,1.0,27.0,1.0,1.0,1.0,7.0,6.0,6.0,6.0,6.0,1.0,2.0,1.0,30.0,1.0,1.0,1.0,1.0,8.0,6.0,6.0,6.0,6.0,6.0,2.0,2.0,2.0,2.0,5.0,5.0,7.0,3.0,30.0,3.0,10.0,6.0,1.0,10.0,5.0,5.0,5.0,5.0,5.0,5.0,5.0,4.0,1.0,6.0,8.0,1.0,2.0,3.0,4.0,4.0,5.0,6.0,6.0,6.0,6.0,-5.0,-5.0,-5.0,-5.0,-5.0,-5.0,-5.0,-5.0,-5.0,-5.0,1.0
1.0,1.0,1.0,2.0,1.0,2.0,4.0,7.0,1.0,2.0,1.0,5.0,1.0,1.0,1.0,1.0,3.0,1.0,2.0,1.0,1.0,1.0,1.0,1.0,1.0,1.0,5.0,2.0,1.0,3.0,1.0,1.0,5.0,1.0,1.0,2.0,1.0,1.0,1.0,2.0,3.0,1.0,1.0,1.0,1.0,1.0,1.0,1.0,1.0,1.0,1.0,1.0,5.0,3.0,2.0,1.0,1.0,2.0,1.0,1.0,1.0,1.0,1.0,1.0,1.0,1.0,2.0,1.0,5.0,1.0,2.0,1.0,1.0,2.0,1.0,1.0,1.0,1.0,2.0,1.0,7.0,4.0,1.0,2.0,1.0,2.0,12.0,5.0,1.0,15.0,1.0,2.0,2.0,2.0,1.0,1.0,8.0,1.0,4.0,1.0,1.0,16.0,3.0,3.0,1.0,2.0,1.0,1.0,6.0,7.0,1.0,2.0,3.0,2.0,2.0,3.0,2.0,1.0,5.0,1.0,3.0,2.0,2.0,1.0,1.0,1.0,10.0,10.0,1.0,3.0,2.0,1.0,2.0,5.0,2.0,1.0,3.0,1.0,1.0,1.0,1.0,1.0,1.0,1.0,7.0,1.0,1.0,13.0,1.0,1.0,1.0,10.0,2.0,1.0,3.0,1.0,1.0,2.0,3.0,1.0,1.0,1.0,1.0,1.0,1.0,1.0,2.0,1.0,14.0,1.0,1.0,1.0,2.0,2.0,1.0,3.0,2.0,1.0,1.0,1.0,2.0,5.0,1.0,1.0,1.0,4.0,1.0,4.0,2.0,14.0,1.0,2.0,2.0,4.0,1.0,1.0,3.0,1.0,1.0,2.0,1.0,1.0,4.0,3.0,17.0,1.0,1.0,1.0,1.0,3.0,1.0,3.0,5.0,1.0,2.0,2.0,2.0,1.0,1.0,1.0,4.0,1.0,2.0,1.0,1.0,1.0,1.0,1.0,1.0,5.0,2.0,2.0,3.0,1.0,1.0,1.0,1.0,2.0,1.0,1.0,1.0,1.0,1.0,5.0,2.0,3.0,2.0,2.0,3.0,1.0,2.0,4.0,1.0,2.0,2.0,2.0,1.0,1.0,1.0,1.0,1.0,3.0,2.0,1.0,1.0,13.0,3.0,1.0,1.0,1.0,7.0,4.0,1.0,1.0,1.0,8.0,1.0,1.0,6.0,2.0,1.0,3.0,2.0,8.0,2.0,1.0,1.0,1.0,5.0,1.0,8.0,1.0,4.0,9.0,7.0,1.0,1.0,8.0,1.0,2.0,1.0,1.0,4.0,1.0,1.0,1.0,7.0,4.0,5.0,3.0,1.0,1.0,1.0,2.0,1.0,1.0,1.0,1.0,1.0,1.0,6.0,3.0,2.0,2.0,1.0,1.0,1.0,1.0,1.0,1.0,5.0,1.0,1.0,3.0,1.0,1.0,3.0,3.0,1.0,1.0,1.0,2.0,2.0,1.0,1.0,1.0,3.0,4.0,4.0,1.0,1.0,1.0,2.0,1.0,2.0,2.0,2.0,8.0,9.0,3.0,1.0,2.0,1.0,1.0,3.0,2.0,2.0,1.0,5.0,1.0,3.0,3.0,3.0,4.0,1.0,1.0,2.0,2.0,3.0,3.0,1.0,3.0,2.0,1.0,1.0,1.0,1.0,1.0,1.0,1.0,1.0,1.0,1.0,1.0,2.0,10.0,2.0,3.0,3.0,3.0,2.0,1.0,1.0,1.0,1.0,2.0,1.0,15.0,3.0,3.0,3.0,3.0,1.0,1.0,11.0,2.0,2.0,2.0,3.0,1.0,1.0,1.0,1.0,9.0,2.0,2.0,3.0,3.0,1.0,1.0,1.0,2.0,1.0,13.0,2.0,2.0,3.0,3.0,6.0,5.0,2.0,2.0,2.0,2.0,3.0,3.0,4.0,3.0,2.0,2.0,3.0,3.0,4.0,2.0,7.0,3.0,3.0,2.0,2.0,1.0,3.0,7.0,2.0,13.0,6.0,4.0,1.0,1.0,1.0,2.0,1.0,3.0,2.0,10.0,2.0,14.0,1.0,1.0,1.0,9.0,3.0,2.0,1.0,1.0,10.0,2.0,1.0,1.0,1.0,2.0,3.0,7.0,5.0,1.0,1.0,1.0,2.0,6.0,2.0,2.0,4.0,2.0,1.0,1.0,1.0,3.0,2.0,10.0,3.0,1.0,1.0,1.0,5.0,3.0,5.0,1.0,3.0,1.0,1.0,2.0,2.0,3.0,2.0,1.0,2.0,1.0,1.0,1.0,2.0,1.0,1.0,1.0,1.0,5.0,1.0,2.0,1.0,1.0,1.0,1.0,1.0,4.0,1.0,1.0,14.0,1.0,4.0,1.0,13.0,11.0,2.0,2.0,1.0,5.0,1.0,11.0,1.0,1.0,1.0,1.0,1.0,4.0,1.0,1.0,1.0,1.0,3.0,1.0,3.0,1.0,5.0,9.0,1.0,1.0,1.0,1.0,4.0,1.0,6.0,13.0,1.0,3.0,3.0,4.0,1.0,3.0,1.0,4.0,1.0,14.0,9.0,12.0,7.0,1.0,1.0,1.0,2.0,4.0,4.0,6.0,10.0,8.0,21.0,4.0,4.0,3.0,2.0,4.0,1.0,2.0,12.0,11.0,1.0,3.0,4.0,1.0,1.0,1.0,1.0,3.0,6.0,7.0,2.0,5.0,3.0,3.0,8.0,10.0,2.0,19.0,8.0,5.0,1.0,3.0,2.0,6.0,2.0,2.0,1.0,2.0,3.0,8.0,9.0,6.0,6.0,1.0,1.0,2.0,2.0,2.0,8.0,4.0,5.0,8.0,7.0,13.0,3.0,9.0,2.0,1.0,3.0,5.0,1.0,3.0,1.0,1.0,7.0,8.0,1.0,2.0,1.0,1.0,6.0,1.0,1.0,1.0,5.0,15.0,1.0,2.0,7.0,5.0,4.0,5.0,4.0,16.0,6.0,4.0,2.0,1.0,1.0,1.0,1.0,1.0,1.0,2.0,1.0,7.0,7.0,4.0,1.0,2.0,1.0,2.0,1.0,1.0,1.0,1.0,2.0,2.0,1.0,1.0,1.0,1.0,1.0,1.0,1.0,1.0,1.0,1.0,1.0,2.0,2.0,4.0,1.0,1.0,1.0,2.0,7.0,1.0,1.0,1.0,1.0,1.0,1.0,1.0,2.0,3.0,6.0,7.0,4.0,1.0,3.0,1.0,1.0,1.0,1.0,1.0,1.0,1.0,1.0,1.0,2.0,1.0,1.0,2.0,1.0,1.0,1.0,2.0,1.0,1.0,1.0,1.0,1.0,2.0,2.0,3.0,6.0,1.0,1.0,2.0,1.0,1.0,2.0,1.0,1.0,13.0,19.0,2.0,1.0,1.0,4.0,1.0,1.0,1.0,2.28507226805276,1.0,1.0,1.0,1.0,1.0,1.0,1.0,2.0,1.0,1.0,1.0,16.0,15.0,1.0,2.0,2.0,2.0,1.0,1.0,1.0,2.0,1.0,1.0,1.0,1.0,1.0,2.0,1.0,1.0,3.0,1.0,1.0,1.0,2.0,1.0,1.0,12.0,7.0,1.0,5.0,1.0,3.0,1.0,1.0,1.0,2.0,3.0,1.0,1.0,6.0,7.0,3.0,5.0,3.0,1.0,1.0,3.0,2.0,1.0,7.0,16.0,1.0,1.0,5.0,3.0,1.0,1.0,3.0,2.0,1.0,1.46952489648403,1.0,2.0,3.0,3.0,1.0,1.0,2.0,1.0,1.0,1.0,2.0,30.0,1.0,4.0,7.0,1.0,1.0,1.0,1.0,1.0,2.0,1.0,2.0,1.0,1.0,1.0,1.0,1.0,1.0,5.0,24.0,4.0,2.0,1.0,1.0,1.0,1.0,1.0,1.0,2.0,2.0,3.0,1.0,2.0,1.0,1.0,1.0,1.0,1.0,1.0,1.0,2.0,1.0,1.0,1.0,1.0,1.0,1.0,1.0,1.0,3.0,1.0,1.0,1.0,3.0,5.0,2.0,3.0,1.0,1.0,2.0,1.0,2.0,1.0,3.0,1.0,2.0,1.0,1.0,2.0,2.0,2.0,1.0,1.0,5.0,2.0,2.0,4.0,1.0,3.0,1.0,4.0,1.0,1.0,2.0,1.0,1.0,4.0,1.0,2.0,1.0,1.0,2.0,4.0,1.0,2.0,2.0,5.0,1.0,1.0,2.0,1.0,1.0,3.0,1.0,1.0,3.0,3.0,5.0,3.0,4.0,1.0,1.0,1.0,2.0,1.0,2.0,1.0,2.0,1.0,1.0,3.0,1.0,1.0,1.0,1.0,2.0,1.0,1.0,1.0,2.0,1.0,1.0,1.0,1.0,1.0,1.0,1.0,1.0,4.0,1.0,1.0,1.0,2.0,1.0,6.0,1.0,1.0,1.0,2.0,2.0,1.0,1.0,1.0,-1.2523449689335,2.0,1.0,1.0,2.0,1.0,-1.0,-1.0,-1.0,-1.0,-2.0,1.0,9.0,-1.0,1.0,-1.0,-1.0,-5.0,-4.0,-3.0,-4.0,-5.0,-5.0,1.0,1.0,1.0,6.0,6.0,2.0,1.0,3.0,2.0,1.0,4.0,5.0,1.0,3.0,1.0,1.0,2.0,1.0,5.0,1.0,1.0,10.0,4.0,1.0,1.0,1.0,3.0,7.0,1.0,2.0,8.0,1.0,2.0,1.0,1.0,1.0,2.0,1.0,2.0,9.0,1.0,9.0,1.0,1.0,1.0,3.0,1.0,1.0,4.0,4.0,1.0,2.0,1.0,2.0,1.0,1.0,1.0,2.0,1.0,1.0,2.0,4.0,1.0,1.0,10.0,1.0,1.0,1.0,3.0,1.0,4.0,4.0,9.0,1.0,1.0,5.0,1.0,1.0,1.0,4.0,2.0,5.0,1.0,7.0,1.0,5.0,1.0,1.0,1.0,2.0,1.0,5.0,4.0,6.0,1.0,-3.0,-1.0,-1.0,-13.70931735451625,-2.0,-2.0,-1.0,-1.0,-1.0,-1.0,-3.0,-1.0,-2.0,-4.0,-1.0,-2.0,-1.0,-1.0,-1.0,5.0,4.0,2.0,7.0,2.0,1.0,2.0,1.0,2.0,1.0,3.0,4.0,4.0,1.0,1.0,2.0,4.0,2.0,6.0,1.0,5.0,1.0,8.0,7.0,1.0,4.0,3.0,1.0,1.0,1.0,2.0,1.0,4.0,1.0,1.0,1.0,1.0,2.0,1.0,1.0,3.0,2.0,4.0,7.0,7.0,4.0,1.0,1.0,4.0,1.0,1.0,2.0,1.0,1.0,5.0,1.0,2.0,7.0,4.0,2.0,2.0,1.0,1.0,1.0,2.0,2.0,2.0,1.0,1.0,2.0,6.0,1.0,4.0,2.0,3.0,17.0,1.0,8.0,8.0,1.0,1.0,2.0,2.0,1.0,1.0,2.0,2.0,11.0,5.0,2.0,1.0,2.0,2.0,2.0,2.0,2.0,2.0,2.0,2.0,2.0,1.0,1.0,25.0,6.0,5.0,5.0,5.0,5.0,5.0,5.0,3.0,2.0,1.0,1.0,2.0,1.0,1.0,12.0,15.0,4.0,4.0,5.0,4.0,4.0,5.0,2.0,1.0,5.0,1.0,1.0,2.0,1.0,16.0,5.0,4.0,5.0,4.0,10.0,2.0,4.0,3.0,3.0,6.0,4.0,4.0,4.0,4.0,4.0,4.0,4.0,4.0,4.0,2.0,4.0,4.0,4.0,4.0,4.0,4.0,1.0,0.04841487884133,4.0,4.0,4.0,4.0,4.0,4.0,1.0,1.0,1.0,1.0,1.0,1.0,4.0,4.0,4.0,4.0,4.0,4.0,4.0,4.0,4.0,4.0,1.0,1.0,1.0,1.0,3.0,1.0,1.0,10.0,1.0,1.0,1.0,1.0,1.0,21.0,15.0,1.0,1.0,1.0,1.0,1.0,1.0,5.0,1.0,6.0,2.0,2.0,23.0,14.0,1.0,3.0,3.0,3.0,3.0,3.0,3.0,3.0,3.0,1.0,1.0,1.0,1.0,1.0,6.0,1.0,4.0,10.0,9.0,26.0,7.0,3.0,3.0,4.0,3.0,3.0,3.0,4.0,3.0,1.0,1.0,1.0,1.0,3.0,1.0,1.0,13.0,2.0,2.0,2.0,2.0,2.0,2.0,2.0,1.0,1.0,2.0,2.0,2.0,2.0,2.0,2.0,3.0,2.0,1.0,2.0,2.0,2.0,2.0,2.0,2.0,2.0,1.0,2.0,2.0,2.0,2.0,2.0,2.0,2.0,2.0,2.0,2.0,2.0,1.0,-2.0,1.0,4.0,1.0,-4.0,-4.0,-5.0,-4.0,-4.0,-4.0,-5.0,-4.0,-1.0,1.0,2.0,-1.0,1.0,-4.0,-5.0,-4.0,-4.0,-5.0,-4.0,2.0,1.0,-5.0,-6.0,-5.0,-5.0,-6.0,-5.0,1.0,1.0,1.0,-5.0,-5.0,-5.0,-5.0,-5.0,-5.0,-1.0,1.0,-1.0,-5.0,-5.0,-5.0,-5.0,-5.0,-5.0,-3.0,-4.0,-1.0,-1.0,-3.0,-1.0,0.0,1.0,-9.0,-5.0,1.0,-1.0,-2.0,-1.0,-1.0,-2.0,-1.0,-3.0,-2.0,-1.0,-1.0,-1.0,-1.0,-1.0,-3.0,-1.0,-1.0,-1.0,-1.0,-3.0,-2.0,-3.0,-2.0,-1.0,-1.0,-1.0,-2.0,7.0,-4.0,-2.0,-3.0,-3.0,-1.0,-1.0,-1.0,1.0,1.0,0.0,-1.0,-5.0,-7.0,-1.0,-2.0,-1.0,9.0,2.0,13.0,-1.0,-1.0,-1.0,-5.0,-5.0,-2.0,-4.0,1.0,5.0,4.0,2.0,2.0,1.0,2.0,15.0,17.0,4.0,5.0,7.0,13.0,1.0,3.0,1.0,1.0,1.0,12.0,5.0,5.0,1.0,11.0,2.0,4.0,2.0,1.0,14.57346510062307,4.0,2.0,1.0,1.0,2.0,1.0,1.0,2.0,1.0,1.0,2.0,6.0,1.0,1.0,2.0,4.0,3.0,2.0,2.0,3.0,7.0,1.0,1.0,1.0,1.0,1.0,2.0,1.0,1.0,1.0,1.0,1.0,1.0,1.0,1.0,2.0,2.0,1.0,4.0,1.0,1.0,1.0,1.0,3.0,1.0,2.0,6.0,1.0,1.0,1.0,1.0,1.0,1.0,1.0,1.0,1.0,1.0,1.0,1.0,3.0,1.0,1.0,3.0,2.0,2.0,2.0,5.0,-20.76157324031526,2.0,2.0,4.0,3.0,1.0,2.0,2.0,2.0,2.0,1.0,1.0,2.0,2.0,2.0,1.0,1.0,1.0,1.0,1.0,2.0,1.0,4.0,1.0,1.0,1.0,1.0,2.0,1.0,1.0,1.0,5.0,5.0,1.0,4.0,3.0,2.0,2.0,1.0,5.0,1.0,3.0,4.0,2.0,1.0,3.0,3.0,4.0,3.0,3.0,1.0,1.0,2.0,1.0,3.0,2.0,4.0,2.0,1.0,4.0,2.0,1.0,2.0,3.0,3.0,3.0,3.0,2.0,1.0,4.0,5.0,1.0,1.0,5.0,4.0,2.0,1.0,1.0,1.0,6.0,10.0,1.0,5.0,5.0,1.0,7.0,2.0,1.0,10.0,4.0,3.0,3.0,1.0,7.0,1.0,11.0,1.0,2.0,2.0,1.0,3.0,2.0,1.0,1.0,5.0,8.0,1.0,7.0,3.0,1.0,2.0,2.0,1.0,2.0,1.0,1.0,1.0,1.0,2.0,7.0,6.0,1.0,2.0,1.0,1.0,1.0,1.0,5.0,1.0,1.0,2.0,5.0,1.0,2.0,7.0,6.0,6.0,1.0,2.0,9.0,3.0,6.0,1.0,6.0,4.0,9.0,1.0,1.0,1.0,2.0,10.0,6.0,2.0,2.0,5.0,5.0,1.0,10.0,1.0,2.0,4.0,5.0,13.0,1.0,1.0,1.0,1.0,4.0,4.0,3.0,1.0,2.0,1.0,1.0,1.0,2.0,4.0,4.0,5.0,11.0,1.0,1.0,1.0,1.0,5.0,2.0,7.0,1.0,1.0,2.0,1.0,1.0,1.0,3.0,3.0,2.0,2.0,3.0,5.0,1.0,2.0,1.0,-2.0,1.0,1.0,7.0,-3.0,-3.0,-3.0,-3.0,1.0,0.0,4.0,-2.0,5.0,-6.0,-6.0,-6.0,-6.0,-2.0,-1.0,-1.0,-6.0,-6.0,-6.0,-6.0,-3.0,-2.0,-1.0,-1.0,-3.0,-3.0,-3.0,-3.0,-2.0,-1.0,-1.0,2.0,-1.0,-6.0,-6.0,-6.0,-6.0,-6.0,-6.0,-6.0,1.0,1.0,-3.0,-3.0,7.0,2.0,-5.0,-5.0,-5.0,-5.0,1.0,-2.0,-2.0,2.0,1.0,-5.0,-6.0,-5.0,-5.0,2.0,1.0,1.0,1.0,-6.0,-6.0,-6.0,-6.0,-1.0,1.0,-2.0,-2.0,1.0,2.0,-13.0,-13.0,-1.0,-1.0,-2.0,2.0,1.0,-5.0,-5.0,-5.0,-5.0,-5.0,-5.0,1.0,1.0,-5.0,-5.0,-5.0,-5.0,-5.0,0.0,-3.0,-12.0,-12.0,1.0,5.0,-7.0,-7.0,-7.0,-7.0,1.0,7.0,1.0,1.0,1.0,2.0,11.0,1.0,4.0,1.0,3.0,6.0,1.0,2.0,3.0,15.0,3.0,2.0,3.0,4.0,1.0,6.0,6.0,4.0,2.0,1.0,1.0,1.0,1.0,1.0,1.0,3.0,7.0,1.0,3.0,1.0,1.0,1.0,3.0,2.0,1.0,2.0,2.0,1.0,1.0,3.0,3.0,3.0,1.0,1.0,2.0,3.0,3.0,3.0,1.0,1.0,1.0,3.0,4.0,4.0,2.0,3.0,1.0,1.0,1.0,1.0,1.0,1.0,2.0,3.0,4.0,4.0,2.0,6.0,3.0,1.0,1.0,1.0,1.0,1.0,1.0,2.0,3.0,1.0,13.0,3.0,1.0,1.0,6.0,1.0,1.0,1.0,4.0,1.0,1.0,2.0,2.0,4.0,3.0,3.0,1.0,1.0,1.0,1.0,2.0,2.0,3.0,3.0,1.0,1.0,2.0,2.0,1.0,2.0,6.0,6.0,2.0,3.0,2.0,2.0,1.0,1.0,2.0,2.0,6.0,6.0,2.0,3.0,2.0,2.0,1.0,1.0,21.0,3.0,4.0,1.0,2.0,2.0,8.0,1.0,7.0,2.0,1.0,2.0,3.0,4.0,4.0,1.0,16.0,1.0,6.0,3.0,1.0,1.0,2.0,10.0,1.0,10.0,3.0,3.0,2.0,1.0,4.0,3.0,1.0,2.0,1.0,1.0,4.0,1.0,3.0,1.0,2.0,2.0,1.0,1.0,1.0,1.0,3.0,1.0,1.0,2.0,1.0,1.0,1.0,1.0,1.0,1.0,1.0,1.0,1.0,1.0,1.0,4.0,3.0,1.0,1.0,1.0,1.0,1.0,1.0,2.0,2.0,1.0,4.0,1.0,4.0,1.0,1.0,2.0,1.0,1.0,3.0,2.0,2.0,2.0,2.0,1.0,1.0,6.0,24.0,4.0,1.0,3.0,2.0,1.0,1.0,16.0,35.0,3.0,1.0,1.0,1.0,1.0,1.0,1.0,3.0,5.0,1.0,1.0,2.0,7.0,5.0,5.0,2.0,3.0,1.0,1.0,1.0,8.0,1.0,5.0,3.0,2.0,9.0,6.0,1.0,4.0,13.0,1.0,7.0,7.0,1.0,1.0,1.0,1.0,1.0,4.0,6.0,3.0,2.0,1.0,8.0,6.0,1.0,1.0,1.0,2.0,3.0,1.0,2.0,8.0,1.0,2.0,9.0,2.0,1.0,1.0,1.0,1.0,1.0,4.0,1.0,1.0,4.0,5.0,1.0,1.0,2.0,3.0,2.0,1.0,2.0,5.0,6.0,4.0,6.0,8.0,11.0,7.0,6.0,1.0,1.0,1.0,4.0,1.0,3.0,4.0,5.0,12.0,5.0,2.0,2.0,1.0,4.0,2.0,1.0,1.0,1.0,3.0,4.0,3.0,2.0,2.0,3.0,5.0,1.0,7.0,5.0,2.0,2.0,3.0,1.0,1.0,1.0,1.0,2.0,1.0,2.0,1.0,1.0,12.0,10.0,8.0,6.0,5.0,1.0,1.0,1.0,3.0,1.0,1.0,1.0,3.0,4.0,1.0,2.0,1.0,1.0,1.0,2.0,1.0,1.0,8.0,1.0,1.0,2.0,2.0,5.0,2.0,2.0,1.0,1.0,3.0,2.0,3.0,1.0,6.0,6.0,1.0,1.0,6.0,1.0,6.0,9.0,3.0,13.0,10.0,1.0,1.0,11.0,1.0,1.0,3.0,8.0,9.0,2.0,1.0,2.0,3.0,3.0,3.0,1.0,1.0,1.0,5.0,5.0,2.0,1.0,2.0,2.0,1.0,1.0,5.0,1.0,1.0,1.0,1.0,3.0,2.0,1.0,2.0,1.0,3.0,4.0,1.0,2.0,1.0,2.0,1.0,2.0,2.0,1.0,1.0,2.0,2.0,1.0,1.0,1.0,1.0,1.0,1.0,2.0,1.0,8.0,2.0,1.0,5.0,6.0,2.0,1.0,1.0,1.0,6.0,2.0,3.0,4.0,3.0,1.0,1.0,2.0,2.0,1.0,1.0,11.0,1.0,1.0,2.0,4.0,5.0,3.0,1.0,4.0,1.0,14.0,4.0,7.0,1.0,1.0,2.0,1.0,1.0,1.0,1.0,1.0,1.0,3.0,1.0,9.0,2.0,2.0,1.0,1.0,7.0,1.0,8.0,1.0,1.0,1.0,1.0,2.0,1.0,1.0,1.0,1.0,2.0,1.0,1.0,1.0,1.0,1.0,1.0,4.0,4.0,3.0,2.0,1.0,1.0,1.0,1.0,3.0,1.0,1.0,1.0,1.0,1.0,1.0,1.0,1.0,2.0,1.0,3.0,3.0,1.0,1.0,3.0,5.0,9.0,7.0,2.0,2.0,1.0,1.0,1.0,2.0,3.0,1.0,1.0,2.0,3.0,1.0,1.0,2.0,2.0,1.0,1.0,1.0,1.0,2.0,1.0,1.0,-1.0,-1.0,-2.0,-4.0,-12.0,-7.0,-6.0,-6.0,-9.0,-11.0,-2.0,-8.0,-10.0,-6.0,-11.0,-1.0,-1.0,-4.0,-1.0,-10.0,-11.0,-3.0,-8.0,-12.0,-10.0,-1.0,-1.0,-1.0,-1.0,-7.0,-7.0,-13.0,-7.0,2.0,1.0,1.0,1.0,2.0,1.0,1.0,5.0,1.0,2.0,1.0,1.0,3.0,1.0,3.0,1.0,1.0,1.0,1.0,1.0,1.0,1.0,1.0,4.0,1.0,1.0,2.0,1.0,1.0,3.0,1.0,1.0,2.0,1.0,1.0,2.0,3.0,1.0,2.0,1.0,1.0,1.0,1.0,1.0,1.0,2.0,1.0,2.0,1.0,2.0,5.0,6.0,1.0,2.0,1.0,1.0,3.0,1.0,1.0,2.0,3.0,3.0,1.0,1.0,2.0,5.0,5.0,1.0,1.0,4.0,3.0,2.0,1.0,1.0,-1.0,1.0,2.0,-3.0,1.0,1.0,-4.0,-4.0,-3.0,2.0,-1.0,-1.0,-1.0,-2.0,2.0,10.0,1.0,1.0,1.0,2.0,3.0,4.0,1.0,2.0,1.0,17.0,1.0,1.0,1.0,1.0,2.0,1.0,1.0,1.0,4.0,4.0,1.0,3.0,1.0,1.0,2.0,1.0,1.0,1.0,2.0,2.0,1.0,1.0,1.0,1.0,2.0,3.0,2.0,1.0,1.0,3.0,1.0,1.0,1.0,2.0,3.0,1.0,1.0,2.0,4.0,2.0,1.0,1.0,1.0,1.0,2.0,3.0,1.0,4.0,1.0,1.0,1.0,4.0,4.0,1.0,1.0,2.0,2.0,2.0,2.0,1.0,2.0,1.0,2.0,3.0,1.0,6.0,11.0,8.0,5.0,4.0,5.0,3.0,2.0,1.0,1.0,1.0,1.0,1.0,2.0,2.0,3.0,2.0,3.0,1.0,1.0,1.0,1.0,1.0,1.0,3.0,2.0,5.0,1.0,2.0,2.0,1.0,5.0,1.0,5.0,1.0,2.0,5.0,3.0,2.0,1.0,1.0,1.0,2.0,3.0,1.0,1.0,1.0,3.0,3.0,2.0,4.0,1.0,1.0,1.0,1.0,1.0,1.0,1.0,1.0,1.0,1.0,1.0,3.0,5.0,1.0,1.0,1.0,2.0,2.0,1.0,1.0,5.0,1.0,1.0,5.0,1.0,1.0,-7.0,-7.0,1.0,-1.0,-4.0,-2.0,-1.0,-2.0,-1.0,1.0,-1.0,-3.0,-5.0,0.0,-3.0,-1.0,-2.0,-4.0,1.0,-1.0,1.0,-1.0,-1.0,1.0,-1.0,-1.0,2.0,-2.0,-3.0,2.0,-2.0,-1.0,1.0,-1.0,-1.0,-2.0,1.0,-2.0,-1.0,2.0,-1.0,-1.0,-1.0,-1.0,-2.0,2.0,-2.0,-2.0,0.0,-1.0,-1.0,-1.0,-1.0,-1.0,1.0,1.0,1.0,7.0,1.0,1.0,1.0,1.0,1.0,2.0,1.0,1.0,12.0,1.0,1.0,1.0,1.0,1.0,1.0,2.0,1.0,1.0,1.0,1.0,2.0,4.0,3.0,1.0,1.0,3.0,1.0,1.0,1.0,1.0,2.0,1.0,1.0,1.0,1.0,1.0,2.0,1.0,1.0,3.0,7.0,2.0,1.0,1.0,1.0,1.0,1.0,1.0,1.0,1.0,1.0,1.0,1.0,1.0,6.0,1.0,1.0,1.0,1.0,1.0,1.0,1.0,1.0,1.0,1.0,1.0,1.0,1.0,1.0,1.0,1.0,4.0,1.0,1.0,1.0,1.0,1.0,1.0,1.0,1.0,1.0,1.0,1.0,1.0,1.0,1.0,1.0,1.0,1.0,1.0,1.0,-1.0,-1.0,1.0,1.0,2.0,-2.0,-2.0,-2.0,-2.0,-2.0,1.0,1.0,-3.0,-3.0,-3.0,-3.0,1.0,-5.0,-5.0,-5.0,1.0,1.0,1.0,1.0,2.0,1.0,1.0,-1.0,-1.0,-1.0,-1.0,-1.0,-1.0,4.0,4.0,1.0,1.0,3.0,1.0,1.0,1.0,1.0,1.0,3.0,3.0,2.0,1.0,1.0,1.0,1.0,1.0,2.0,1.0,1.0,2.0,2.0,1.0,1.0,1.0,1.0,1.0,3.0,3.0,3.0,1.0,1.0,2.0,1.0,1.0,2.0,2.0,2.0,1.0,1.0,1.0,2.0,1.0,1.0,1.0,1.0,3.0,1.0,1.0,1.0,1.0,4.0,2.0,5.0,1.0,2.0,1.0,1.0,1.0,1.0,3.0,1.0,2.0,3.0,2.0,1.0,1.0,1.0,2.0,2.0,2.0,2.0,1.0,6.0,3.0,6.0,1.0,1.0,1.0,3.0,1.0,4.0,5.0,1.0,1.0,1.0,1.0,1.0,17.0,1.0,2.0,12.0,1.0,2.0,3.0,8.0,13.0,5.0,2.0,1.0,2.0,6.0,4.0,4.0,2.0,1.0,3.0,2.0,1.0,1.0,1.0,3.0,1.0,1.0,1.0,3.0,1.0,1.0,1.0,3.0,1.0,1.0,1.0,2.0,3.0,7.0,4.0,3.0,1.0,2.0,2.0,2.0,1.0,1.0,1.0,1.0,1.0,1.0,1.0,1.0,1.0,1.0,1.0,1.0,1.0,1.0,1.0,1.0,1.0,1.0,1.0,1.0,1.0,1.0,1.0,1.0,1.0,3.0,1.0,1.0,2.0,2.0,2.0,2.0,3.0,1.0,1.0,1.0,2.0,1.0,4.0,3.0,1.0,1.0,1.0,2.0,1.0,7.40298284432326,1.0,5.0,3.0,2.0,1.0,1.0,1.0,1.0,1.0,1.0,1.0,1.0,1.0,3.0,4.0,3.0,1.0,1.0,1.0,1.0,1.0,1.0,1.0,1.0,1.0,1.0,1.0,1.0,2.0,1.0,1.0,1.0,1.0,1.0,1.0,1.0,1.0,1.0,1.0,1.0,2.0,1.0,1.0,1.0,1.0,1.0,1.0,1.0,1.0,1.0,1.0,1.0,1.0,1.0,3.0,8.0,2.0,1.0,2.0,1.0,1.0,4.0,1.0,1.0,1.0,1.0,1.0,1.0,1.0,7.0,5.0,2.0,3.0,1.0,1.0,2.0,1.0,1.0,1.0,1.0,1.0,1.0,2.0,3.0,1.0,2.0,2.0,2.0,1.0,3.0,1.0,1.0,1.0,1.0,3.0,2.0,3.0,3.0,1.0,1.0,2.0,2.0,2.0,3.0,2.0,1.0,3.0,1.0,2.0,2.0,2.0,2.0,2.0,2.0,1.0,1.0,1.0,1.0,1.0,1.0,1.0,1.0,1.0,2.0,1.0,1.0,1.0,3.0,1.0,1.0,1.0,1.0,1.0,1.0,1.0,2.0,1.0,6.0,1.0,5.0,1.0,4.0,1.0,8.0,1.0,3.0,3.0,4.0,1.0,2.0,2.0,1.0,1.0,3.0,2.0,3.0,1.0,2.0,1.0,1.0,2.0,1.0,1.0,4.0,6.0,1.0,1.0,1.0,2.0,2.0,1.0,1.0,3.0,5.0,4.0,1.0,1.0,5.0,1.0,1.0,2.0,1.0,1.0,1.0,4.0,2.0,1.0,4.0,2.0,6.0,1.0,1.0,1.0,1.0,6.0,4.0,1.0,1.0,3.0,3.0,2.0,9.0,2.0,3.0,3.0,3.0,3.0,1.0,1.0,5.0,5.0,5.0,5.0,1.0,7.0,10.0,2.0,1.0,4.0,5.0,5.0,5.0,5.0,2.0,1.0,3.0,5.0,4.0,2.0,2.0,1.0,1.0,2.0,3.0,1.0,1.0,3.0,11.0,5.0,5.0,5.0,5.0,5.0,5.0,5.0,5.0,13.0,3.0,2.0,2.0,3.0,11.0,5.0,5.0,5.0,5.0,1.0,1.0,2.0,18.0,11.0,2.0,1.0,3.0,3.0,5.0,5.0,5.0,5.0,5.0,5.0,2.0,1.0,3.0,1.0,1.0,21.0,1.0,2.0,3.0,6.0,6.0,6.0,6.0,2.0,5.0,3.0,2.0,5.0,13.0,2.0,5.0,5.0,5.0,5.0,6.0,2.0,24.0,2.0,1.0,2.0,5.0,5.0,5.0,5.0,1.0,2.0,4.0,3.0,12.0,1.0,9.0,4.0,4.0,4.0,4.0,4.0,4.0,4.0,1.0,10.0,4.0,1.0,21.0,1.0,2.0,1.0,1.0,1.0,4.0,3.0,5.0,6.0,6.0,6.0,6.0,6.0,1.0,1.0,3.0,15.0,1.0,1.0,1.0,1.0,7.0,4.0,1.0,10.0,5.0,5.0,5.0,5.0,1.0,1.0,4.0,2.0,1.0,1.0,2.0,2.0,9.0,2.0,1.0,1.0,3.0,1.0,4.0,3.0,1.0,1.0,1.0,1.0,1.0,2.0,1.0,1.0,9.0,1.0,1.0,1.0,2.0,5.0,5.0,5.0,5.0,2.0,1.0,7.0,1.0,2.0,5.0,5.0,5.0,5.0,5.0,5.0,5.0,3.0,1.0,1.0,20.0,1.0,1.0,1.0,4.0,1.0,1.0,2.0,1.0,9.0,3.0,4.0,4.0,4.0,4.0,4.0,4.0,4.0,4.0,1.0,1.0,37.0,1.0,1.0,1.0,6.0,6.0,6.0,6.0,6.0,6.0,1.0,1.0,1.0,1.0,6.0,16.0,1.0,5.0,5.0,5.0,5.0,1.0,27.0,1.0,1.0,1.0,7.0,6.0,6.0,6.0,6.0,1.0,2.0,1.0,30.0,1.0,1.0,1.0,1.0,8.0,6.0,6.0,6.0,6.0,6.0,2.0,2.0,2.0,2.0,5.0,5.0,7.0,3.0,30.0,3.0,10.0,6.0,1.0,10.0,5.0,5.0,5.0,5.0,5.0,5.0,5.0,4.0,1.0,6.0,8.0,1.0,2.0,3.0,4.0,4.0,5.0,6.0,6.0,6.0,6.0,-5.0,-5.0,-5.0,-5.0,-5.0,-5.0,-5.0,-5.0,-5.0,-5.0,1.0
1.0,1.0,1.0,2.0,1.0,2.0,4.0,7.0,1.0,2.0,1.0,5.0,1.0,1.0,1.0,1.0,3.0,1.0,2.0,1.0,1.0,1.0,1.0,1.0,1.0,1.0,5.0,2.0,1.0,3.0,1.0,1.0,5.0,1.0,1.0,2.0,1.0,1.0,1.0,2.0,3.0,1.0,1.0,1.0,1.0,1.0,1.0,1.0,1.0,1.0,1.0,1.0,5.0,3.0,2.0,1.0,1.0,2.0,1.0,1.0,1.0,1.0,1.0,1.0,1.0,1.0,2.0,1.0,5.0,1.0,2.0,1.0,1.0,2.0,1.0,1.0,1.0,1.0,2.0,1.0,7.0,4.0,1.0,2.0,1.0,2.0,12.0,5.0,1.0,15.0,1.0,2.0,2.0,2.0,1.0,1.0,8.0,1.0,4.0,1.0,1.0,16.0,3.0,3.0,1.0,2.0,1.0,1.0,6.0,7.0,1.0,2.0,3.0,2.0,2.0,3.0,2.0,1.0,5.0,1.0,3.0,2.0,2.0,1.0,1.0,1.0,10.0,10.0,1.0,3.0,2.0,1.0,2.0,5.0,2.0,1.0,3.0,1.0,1.0,1.0,1.0,1.0,1.0,1.0,7.0,1.0,1.0,13.0,1.0,1.0,1.0,10.0,2.0,1.0,3.0,1.0,1.0,2.0,3.0,1.0,1.0,1.0,1.0,1.0,1.0,1.0,2.0,1.0,14.0,1.0,1.0,1.0,2.0,2.0,1.0,3.0,2.0,1.0,1.0,1.0,2.0,5.0,1.0,1.0,1.0,4.0,1.0,4.0,2.0,14.0,1.0,2.0,2.0,4.0,1.0,1.0,3.0,1.0,1.0,2.0,1.0,1.0,4.0,3.0,17.0,1.0,1.0,1.0,1.0,3.0,1.0,3.0,5.0,1.0,2.0,2.0,2.0,1.0,1.0,1.0,4.0,1.0,2.0,1.0,1.0,1.0,1.0,1.0,1.0,5.0,2.0,2.0,3.0,1.0,1.0,1.0,1.0,2.0,1.0,1.0,1.0,1.0,1.0,5.0,2.0,3.0,2.0,2.0,3.0,1.0,2.0,4.0,1.0,2.0,2.0,2.0,1.0,1.0,1.0,1.0,1.0,3.0,2.0,1.0,1.0,13.0,3.0,1.0,1.0,1.0,7.0,4.0,1.0,1.0,1.0,8.0,1.0,1.0,6.0,2.0,1.0,3.0,2.0,8.0,2.0,1.0,1.0,1.0,5.0,1.0,8.0,1.0,4.0,9.0,7.0,1.0,1.0,8.0,1.0,2.0,1.0,1.0,4.0,1.0,1.0,1.0,7.0,4.0,5.0,3.0,1.0,1.0,1.0,2.0,1.0,1.0,1.0,1.0,1.0,1.0,6.0,3.0,2.0,2.0,1.0,1.0,1.0,1.0,1.0,1.0,5.0,1.0,1.0,3.0,1.0,1.0,3.0,3.0,1.0,1.0,1.0,2.0,2.0,1.0,1.0,1.0,3.0,4.0,4.0,1.0,1.0,1.0,2.0,1.0,2.0,2.0,2.0,8.0,9.0,3.0,1.0,2.0,1.0,1.0,3.0,2.0,2.0,1.0,5.0,1.0,3.0,3.0,3.0,4.0,1.0,1.0,2.0,2.0,3.0,3.0,1.0,3.0,2.0,1.0,1.0,1.0,1.0,1.0,1.0,1.0,1.0,1.0,1.0,1.0,2.0,10.0,2.0,3.0,3.0,3.0,2.0,1.0,1.0,1.0,1.0,2.0,1.0,15.0,3.0,3.0,3.0,3.0,1.0,1.0,11.0,2.0,2.0,2.0,3.0,1.0,1.0,1.0,1.0,9.0,2.0,2.0,3.0,3.0,1.0,1.0,1.0,2.0,1.0,13.0,2.0,2.0,3.0,3.0,6.0,5.0,2.0,2.0,2.0,2.0,3.0,3.0,4.0,3.0,2.0,2.0,3.0,3.0,4.0,2.0,7.0,3.0,3.0,2.0,2.0,1.0,3.0,7.0,2.0,13.0,6.0,4.0,1.0,1.0,1.0,2.0,1.0,3.0,2.0,10.0,2.0,14.0,1.0,1.0,1.0,9.0,3.0,2.0,1.0,1.0,10.0,2.0,1.0,1.0,1.0,2.0,3.0,7.0,5.0,1.0,1.0,1.0,2.0,6.0,2.0,2.0,4.0,2.0,1.0,1.0,1.0,3.0,2.0,10.0,3.0,1.0,1.0,1.0,5.0,3.0,5.0,1.0,3.0,1.0,1.0,2.0,2.0,3.0,2.0,1.0,2.0,1.0,1.0,1.0,2.0,1.0,1.0,1.0,1.0,5.0,1.0,2.0,1.0,1.0,1.0,1.0,1.0,4.0,1.0,1.0,14.0,1.0,4.0,1.0,13.0,11.0,2.0,2.0,1.0,5.0,1.0,11.0,1.0,1.0,1.0,1.0,1.0,4.0,1.0,1.0,1.0,1.0,3.0,1.0,3.0,1.0,5.0,9.0,1.0,1.0,1.0,1.0,4.0,1.0,6.0,13.0,1.0,3.0,3.0,4.0,1.0,3.0,1.0,4.0,1.0,14.0,9.0,12.0,7.0,1.0,1.0,1.0,2.0,4.0,4.0,6.0,10.0,8.0,21.0,4.0,4.0,3.0,2.0,4.0,1.0,2.0,12.0,11.0,1.0,3.0,4.0,1.0,1.0,1.0,1.0,3.0,6.0,7.0,2.0,5.0,3.0,3.0,8.0,10.0,2.0,19.0,8.0,5.0,1.0,3.0,2.0,6.0,2.0,2.0,1.0,2.0,3.0,8.0,9.0,6.0,6.0,1.0,1.0,2.0,2.0,2.0,8.0,4.0,5.0,8.0,7.0,13.0,3.0,9.0,2.0,1.0,3.0,5.0,1.0,3.0,1.0,1.0,7.0,8.0,1.0,2.0,1.0,1.0,6.0,1.0,1.0,1.0,5.0,15.0,1.0,2.0,7.0,5.0,4.0,5.0,4.0,16.0,6.0,4.0,2.0,1.0,1.0,1.0,1.0,1.0,1.0,2.0,1.0,7.0,7.0,4.0,1.0,2.0,1.0,2.0,1.0,1.0,1.0,1.0,2.0,2.0,1.0,1.0,1.0,1.0,1.0,1.0,1.0,1.0,1.0,1.0,1.0,2.0,2.0,4.0,1.0,1.0,1.0,2.0,7.0,1.0,1.0,1.0,1.0,1.0,1.0,1.0,2.0,3.0,6.0,7.0,4.0,1.0,3.0,1.0,1.0,1.0,1.0,1.0,1.0,1.0,1.0,1.0,2.0,1.0,1.0,2.0,1.0,1.0,1.0,2.0,1.0,1.0,1.0,1.0,1.0,2.0,2.0,3.0,6.0,1.0,1.0,2.0,1.0,1.0,2.0,1.0,1.0,13.0,19.0,2.0,1.0,1.0,4.0,1.0,1.0,1.0,2.28507226805276,1.0,1.0,1.0,1.0,1.0,1.0,1.0,2.0,1.0,1.0,1.0,16.0,15.0,1.0,2.0,2.0,2.0,1.0,1.0,1.0,2.0,1.0,1.0,1.0,1.0,1.0,2.0,1.0,1.0,3.0,1.0,1.0,1.0,2.0,1.0,1.0,12.0,7.0,1.0,5.0,1.0,3.0,1.0,1.0,1.0,2.0,3.0,1.0,1.0,6.0,7.0,3.0,5.0,3.0,1.0,1.0,3.0,2.0,1.0,7.0,16.0,1.0,1.0,5.0,3.0,1.0,1.0,3.0,2.0,1.0,1.46952489648403,1.0,2.0,3.0,3.0,1.0,1.0,2.0,1.0,1.0,1.0,2.0,30.0,1.0,4.0,7.0,1.0,1.0,1.0,1.0,1.0,2.0,1.0,2.0,1.0,1.0,1.0,1.0,1.0,1.0,5.0,24.0,4.0,2.0,1.0,1.0,1.0,1.0,1.0,1.0,2.0,2.0,3.0,1.0,2.0,1.0,1.0,1.0,1.0,1.0,1.0,1.0,2.0,1.0,1.0,1.0,1.0,1.0,1.0,1.0,1.0,3.0,1.0,1.0,1.0,3.0,5.0,2.0,3.0,1.0,1.0,2.0,1.0,2.0,1.0,3.0,1.0,2.0,1.0,1.0,2.0,2.0,2.0,1.0,1.0,5.0,2.0,2.0,4.0,1.0,3.0,1.0,4.0,1.0,1.0,2.0,1.0,1.0,4.0,1.0,2.0,1.0,1.0,2.0,4.0,1.0,2.0,2.0,5.0,1.0,1.0,2.0,1.0,1.0,3.0,1.0,1.0,3.0,3.0,5.0,3.0,4.0,1.0,1.0,1.0,2.0,1.0,2.0,1.0,2.0,1.0,1.0,3.0,1.0,1.0,1.0,1.0,2.0,1.0,1.0,1.0,2.0,1.0,1.0,1.0,1.0,1.0,1.0,1.0,1.0,4.0,1.0,1.0,1.0,2.0,1.0,6.0,1.0,1.0,1.0,2.0,2.0,1.0,1.0,1.0,-1.2523449689335,2.0,1.0,1.0,2.0,1.0,-1.0,-1.0,-1.0,-1.0,-2.0,1.0,9.0,-1.0,1.0,-1.0,-1.0,-5.0,-4.0,-3.0,-4.0,-5.0,-5.0,1.0,1.0,1.0,6.0,6.0,2.0,1.0,3.0,2.0,1.0,4.0,5.0,1.0,3.0,1.0,1.0,2.0,1.0,5.0,1.0,1.0,10.0,4.0,1.0,1.0,1.0,3.0,7.0,1.0,2.0,8.0,1.0,2.0,1.0,1.0,1.0,2.0,1.0,2.0,9.0,1.0,9.0,1.0,1.0,1.0,3.0,1.0,1.0,4.0,4.0,1.0,2.0,1.0,2.0,1.0,1.0,1.0,2.0,1.0,1.0,2.0,4.0,1.0,1.0,10.0,1.0,1.0,1.0,3.0,1.0,4.0,4.0,9.0,1.0,1.0,5.0,1.0,1.0,1.0,4.0,2.0,5.0,1.0,7.0,1.0,5.0,1.0,1.0,1.0,2.0,1.0,5.0,4.0,6.0,1.0,-3.0,-1.0,-1.0,-13.70931735451625,-2.0,-2.0,-1.0,-1.0,-1.0,-1.0,-3.0,-1.0,-2.0,-4.0,-1.0,-2.0,-1.0,-1.0,-1.0,5.0,4.0,2.0,7.0,2.0,1.0,2.0,1.0,2.0,1.0,3.0,4.0,4.0,1.0,1.0,2.0,4.0,2.0,6.0,1.0,5.0,1.0,8.0,7.0,1.0,4.0,3.0,1.0,1.0,1.0,2.0,1.0,4.0,1.0,1.0,1.0,1.0,2.0,1.0,1.0,3.0,2.0,4.0,7.0,7.0,4.0,1.0,1.0,4.0,1.0,1.0,2.0,1.0,1.0,5.0,1.0,2.0,7.0,4.0,2.0,2.0,1.0,1.0,1.0,2.0,2.0,2.0,1.0,1.0,2.0,6.0,1.0,4.0,2.0,3.0,17.0,1.0,8.0,8.0,1.0,1.0,2.0,2.0,1.0,1.0,2.0,2.0,11.0,5.0,2.0,1.0,2.0,2.0,2.0,2.0,2.0,2.0,2.0,2.0,2.0,1.0,1.0,25.0,6.0,5.0,5.0,5.0,5.0,5.0,5.0,3.0,2.0,1.0,1.0,2.0,1.0,1.0,12.0,15.0,4.0,4.0,5.0,4.0,4.0,5.0,2.0,1.0,5.0,1.0,1.0,2.0,1.0,16.0,5.0,4.0,5.0,4.0,10.0,2.0,4.0,3.0,3.0,6.0,4.0,4.0,4.0,4.0,4.0,4.0,4.0,4.0,4.0,2.0,4.0,4.0,4.0,4.0,4.0,4.0,1.0,0.04841487884133,4.0,4.0,4.0,4.0,4.0,4.0,1.0,1.0,1.0,1.0,1.0,1.0,4.0,4.0,4.0,4.0,4.0,4.0,4.0,4.0,4.0,4.0,1.0,1.0,1.0,1.0,3.0,1.0,1.0,10.0,1.0,1.0,1.0,1.0,1.0,21.0,15.0,1.0,1.0,1.0,1.0,1.0,1.0,5.0,1.0,6.0,2.0,2.0,23.0,14.0,1.0,3.0,3.0,3.0,3.0,3.0,3.0,3.0,3.0,1.0,1.0,1.0,1.0,1.0,6.0,1.0,4.0,10.0,9.0,26.0,7.0,3.0,3.0,4.0,3.0,3.0,3.0,4.0,3.0,1.0,1.0,1.0,1.0,3.0,1.0,1.0,13.0,2.0,2.0,2.0,2.0,2.0,2.0,2.0,1.0,1.0,2.0,2.0,2.0,2.0,2.0,2.0,3.0,2.0,1.0,2.0,2.0,2.0,2.0,2.0,2.0,2.0,1.0,2.0,2.0,2.0,2.0,2.0,2.0,2.0,2.0,2.0,2.0,2.0,1.0,-2.0,1.0,4.0,1.0,-4.0,-4.0,-5.0,-4.0,-4.0,-4.0,-5.0,-4.0,-1.0,1.0,2.0,-1.0,1.0,-4.0,-5.0,-4.0,-4.0,-5.0,-4.0,2.0,1.0,-5.0,-6.0,-5.0,-5.0,-6.0,-5.0,1.0,1.0,1.0,-5.0,-5.0,-5.0,-5.0,-5.0,-5.0,-1.0,1.0,-1.0,-5.0,-5.0,-5.0,-5.0,-5.0,-5.0,-3.0,-4.0,-1.0,-1.0,-3.0,-1.0,0.0,1.0,-9.0,-5.0,1.0,-1.0,-2.0,-1.0,-1.0,-2.0,-1.0,-3.0,-2.0,-1.0,-1.0,-1.0,-1.0,-1.0,-3.0,-1.0,-1.0,-1.0,-1.0,-3.0,-2.0,-3.0,-2.0,-1.0,-1.0,-1.0,-2.0,7.0,-4.0,-2.0,-3.0,-3.0,-1.0,-1.0,-1.0,1.0,1.0,0.0,-1.0,-5.0,-7.0,-1.0,-2.0,-1.0,9.0,2.0,13.0,-1.0,-1.0,-1.0,-5.0,-5.0,-2.0,-4.0,1.0,5.0,4.0,2.0,2.0,1.0,2.0,15.0,17.0,4.0,5.0,7.0,13.0,1.0,3.0,1.0,1.0,1.0,12.0,5.0,5.0,1.0,11.0,2.0,4.0,2.0,1.0,14.57346510062307,4.0,2.0,1.0,1.0,2.0,1.0,1.0,2.0,1.0,1.0,2.0,6.0,1.0,1.0,2.0,4.0,3.0,2.0,2.0,3.0,7.0,1.0,1.0,1.0,1.0,1.0,2.0,1.0,1.0,1.0,1.0,1.0,1.0,1.0,1.0,2.0,2.0,1.0,4.0,1.0,1.0,1.0,1.0,3.0,1.0,2.0,6.0,1.0,1.0,1.0,1.0,1.0,1.0,1.0,1.0,1.0,1.0,1.0,1.0,3.0,1.0,1.0,3.0,2.0,2.0,2.0,5.0,-20.76157324031526,2.0,2.0,4.0,3.0,1.0,2.0,2.0,2.0,2.0,1.0,1.0,2.0,2.0,2.0,1.0,1.0,1.0,1.0,1.0,2.0,1.0,4.0,1.0,1.0,1.0,1.0,2.0,1.0,1.0,1.0,5.0,5.0,1.0,4.0,3.0,2.0,2.0,1.0,5.0,1.0,3.0,4.0,2.0,1.0,3.0,3.0,4.0,3.0,3.0,1.0,1.0,2.0,1.0,3.0,2.0,4.0,2.0,1.0,4.0,2.0,1.0,2.0,3.0,3.0,3.0,3.0,2.0,1.0,4.0,5.0,1.0,1.0,5.0,4.0,2.0,1.0,1.0,1.0,6.0,10.0,1.0,5.0,5.0,1.0,7.0,2.0,1.0,10.0,4.0,3.0,3.0,1.0,7.0,1.0,11.0,1.0,2.0,2.0,1.0,3.0,2.0,1.0,1.0,5.0,8.0,1.0,7.0,3.0,1.0,2.0,2.0,1.0,2.0,1.0,1.0,1.0,1.0,2.0,7.0,6.0,1.0,2.0,1.0,1.0,1.0,1.0,5.0,1.0,1.0,2.0,5.0,1.0,2.0,7.0,6.0,6.0,1.0,2.0,9.0,3.0,6.0,1.0,6.0,4.0,9.0,1.0,1.0,1.0,2.0,10.0,6.0,2.0,2.0,5.0,5.0,1.0,10.0,1.0,2.0,4.0,5.0,13.0,1.0,1.0,1.0,1.0,4.0,4.0,3.0,1.0,2.0,1.0,1.0,1.0,2.0,4.0,4.0,5.0,11.0,1.0,1.0,1.0,1.0,5.0,2.0,7.0,1.0,1.0,2.0,1.0,1.0,1.0,3.0,3.0,2.0,2.0,3.0,5.0,1.0,2.0,1.0,-2.0,1.0,1.0,7.0,-3.0,-3.0,-3.0,-3.0,1.0,0.0,4.0,-2.0,5.0,-6.0,-6.0,-6.0,-6.0,-2.0,-1.0,-1.0,-6.0,-6.0,-6.0,-6.0,-3.0,-2.0,-1.0,-1.0,-3.0,-3.0,-3.0,-3.0,-2.0,-1.0,-1.0,2.0,-1.0,-6.0,-6.0,-6.0,-6.0,-6.0,-6.0,-6.0,1.0,1.0,-3.0,-3.0,7.0,2.0,-5.0,-5.0,-5.0,-5.0,1.0,-2.0,-2.0,2.0,1.0,-5.0,-6.0,-5.0,-5.0,2.0,1.0,1.0,1.0,-6.0,-6.0,-6.0,-6.0,-1.0,1.0,-2.0,-2.0,1.0,2.0,-13.0,-13.0,-1.0,-1.0,-2.0,2.0,1.0,-5.0,-5.0,-5.0,-5.0,-5.0,-5.0,1.0,1.0,-5.0,-5.0,-5.0,-5.0,-5.0,0.0,-3.0,-12.0,-12.0,1.0,5.0,-7.0,-7.0,-7.0,-7.0,1.0,7.0,1.0,1.0,1.0,2.0,11.0,1.0,4.0,1.0,3.0,6.0,1.0,2.0,3.0,15.0,3.0,2.0,3.0,4.0,1.0,6.0,6.0,4.0,2.0,1.0,1.0,1.0,1.0,1.0,1.0,3.0,7.0,1.0,3.0,1.0,1.0,1.0,3.0,2.0,1.0,2.0,2.0,1.0,1.0,3.0,3.0,3.0,1.0,1.0,2.0,3.0,3.0,3.0,1.0,1.0,1.0,3.0,4.0,4.0,2.0,3.0,1.0,1.0,1.0,1.0,1.0,1.0,2.0,3.0,4.0,4.0,2.0,6.0,3.0,1.0,1.0,1.0,1.0,1.0,1.0,2.0,3.0,1.0,13.0,3.0,1.0,1.0,6.0,1.0,1.0,1.0,4.0,1.0,1.0,2.0,2.0,4.0,3.0,3.0,1.0,1.0,1.0,1.0,2.0,2.0,3.0,3.0,1.0,1.0,2.0,2.0,1.0,2.0,6.0,6.0,2.0,3.0,2.0,2.0,1.0,1.0,2.0,2.0,6.0,6.0,2.0,3.0,2.0,2.0,1.0,1.0,21.0,3.0,4.0,1.0,2.0,2.0,8.0,1.0,7.0,2.0,1.0,2.0,3.0,4.0,4.0,1.0,16.0,1.0,6.0,3.0,1.0,1.0,2.0,10.0,1.0,10.0,3.0,3.0,2.0,1.0,4.0,3.0,1.0,2.0,1.0,1.0,4.0,1.0,3.0,1.0,2.0,2.0,1.0,1.0,1.0,1.0,3.0,1.0,1.0,2.0,1.0,1.0,1.0,1.0,1.0,1.0,1.0,1.0,1.0,1.0,1.0,4.0,3.0,1.0,1.0,1.0,1.0,1.0,1.0,2.0,2.0,1.0,4.0,1.0,4.0,1.0,1.0,2.0,1.0,1.0,3.0,2.0,2.0,2.0,2.0,1.0,1.0,6.0,24.0,4.0,1.0,3.0,2.0,1.0,1.0,16.0,35.0,3.0,1.0,1.0,1.0,1.0,1.0,1.0,3.0,5.0,1.0,1.0,2.0,7.0,5.0,5.0,2.0,3.0,1.0,1.0,1.0,8.0,1.0,5.0,3.0,2.0,9.0,6.0,1.0,4.0,13.0,1.0,7.0,7.0,1.0,1.0,1.0,1.0,1.0,4.0,6.0,3.0,2.0,1.0,8.0,6.0,1.0,1.0,1.0,2.0,3.0,1.0,2.0,8.0,1.0,2.0,9.0,2.0,1.0,1.0,1.0,1.0,1.0,4.0,1.0,1.0,4.0,5.0,1.0,1.0,2.0,3.0,2.0,1.0,2.0,5.0,6.0,4.0,6.0,8.0,11.0,7.0,6.0,1.0,1.0,1.0,4.0,1.0,3.0,4.0,5.0,12.0,5.0,2.0,2.0,1.0,4.0,2.0,1.0,1.0,1.0,3.0,4.0,3.0,2.0,2.0,3.0,5.0,1.0,7.0,5.0,2.0,2.0,3.0,1.0,1.0,1.0,1.0,2.0,1.0,2.0,1.0,1.0,12.0,10.0,8.0,6.0,5.0,1.0,1.0,1.0,3.0,1.0,1.0,1.0,3.0,4.0,1.0,2.0,1.0,1.0,1.0,2.0,1.0,1.0,8.0,1.0,1.0,2.0,2.0,5.0,2.0,2.0,1.0,1.0,3.0,2.0,3.0,1.0,6.0,6.0,1.0,1.0,6.0,1.0,6.0,9.0,3.0,13.0,10.0,1.0,1.0,11.0,1.0,1.0,3.0,8.0,9.0,2.0,1.0,2.0,3.0,3.0,3.0,1.0,1.0,1.0,5.0,5.0,2.0,1.0,2.0,2.0,1.0,1.0,5.0,1.0,1.0,1.0,1.0,3.0,2.0,1.0,2.0,1.0,3.0,4.0,1.0,2.0,1.0,2.0,1.0,2.0,2.0,1.0,1.0,2.0,2.0,1.0,1.0,1.0,1.0,1.0,1.0,2.0,1.0,8.0,2.0,1.0,5.0,6.0,2.0,1.0,1.0,1.0,6.0,2.0,3.0,4.0,3.0,1.0,1.0,2.0,2.0,1.0,1.0,11.0,1.0,1.0,2.0,4.0,5.0,3.0,1.0,4.0,1.0,14.0,4.0,7.0,1.0,1.0,2.0,1.0,1.0,1.0,1.0,1.0,1.0,3.0,1.0,9.0,2.0,2.0,1.0,1.0,7.0,1.0,8.0,1.0,1.0,1.0,1.0,2.0,1.0,1.0,1.0,1.0,2.0,1.0,1.0,1.0,1.0,1.0,1.0,4.0,4.0,3.0,2.0,1.0,1.0,1.0,1.0,3.0,1.0,1.0,1.0,1.0,1.0,1.0,1.0,1.0,2.0,1.0,3.0,3.0,1.0,1.0,3.0,5.0,9.0,7.0,2.0,2.0,1.0,1.0,1.0,2.0,3.0,1.0,1.0,2.0,3.0,1.0,1.0,2.0,2.0,1.0,1.0,1.0,1.0,2.0,1.0,1.0,-1.0,-1.0,-2.0,-4.0,-12.0,-7.0,-6.0,-6.0,-9.0,-11.0,-2.0,-8.0,-10.0,-6.0,-11.0,-1.0,-1.0,-4.0,-1.0,-10.0,-11.0,-3.0,-8.0,-12.0,-10.0,-1.0,-1.0,-1.0,-1.0,-7.0,-7.0,-13.0,-7.0,2.0,1.0,1.0,1.0,2.0,1.0,1.0,5.0,1.0,2.0,1.0,1.0,3.0,1.0,3.0,1.0,1.0,1.0,1.0,1.0,1.0,1.0,1.0,4.0,1.0,1.0,2.0,1.0,1.0,3.0,1.0,1.0,2.0,1.0,1.0,2.0,3.0,1.0,2.0,1.0,1.0,1.0,1.0,1.0,1.0,2.0,1.0,2.0,1.0,2.0,5.0,6.0,1.0,2.0,1.0,1.0,3.0,1.0,1.0,2.0,3.0,3.0,1.0,1.0,2.0,5.0,5.0,1.0,1.0,4.0,3.0,2.0,1.0,1.0,-1.0,1.0,2.0,-3.0,1.0,1.0,-4.0,-4.0,-3.0,2.0,-1.0,-1.0,-1.0,-2.0,2.0,10.0,1.0,1.0,1.0,2.0,3.0,4.0,1.0,2.0,1.0,17.0,1.0,1.0,1.0,1.0,2.0,1.0,1.0,1.0,4.0,4.0,1.0,3.0,1.0,1.0,2.0,1.0,1.0,1.0,2.0,2.0,1.0,1.0,1.0,1.0,2.0,3.0,2.0,1.0,1.0,3.0,1.0,1.0,1.0,2.0,3.0,1.0,1.0,2.0,4.0,2.0,1.0,1.0,1.0,1.0,2.0,3.0,1.0,4.0,1.0,1.0,1.0,4.0,4.0,1.0,1.0,2.0,2.0,2.0,2.0,1.0,2.0,1.0,2.0,3.0,1.0,6.0,11.0,8.0,5.0,4.0,5.0,3.0,2.0,1.0,1.0,1.0,1.0,1.0,2.0,2.0,3.0,2.0,3.0,1.0,1.0,1.0,1.0,1.0,1.0,3.0,2.0,5.0,1.0,2.0,2.0,1.0,5.0,1.0,5.0,1.0,2.0,5.0,3.0,2.0,1.0,1.0,1.0,2.0,3.0,1.0,1.0,1.0,3.0,3.0,2.0,4.0,1.0,1.0,1.0,1.0,1.0,1.0,1.0,1.0,1.0,1.0,1.0,3.0,5.0,1.0,1.0,1.0,2.0,2.0,1.0,1.0,5.0,1.0,1.0,5.0,1.0,1.0,-7.0,-7.0,1.0,-1.0,-4.0,-2.0,-1.0,-2.0,-1.0,1.0,-1.0,-3.0,-5.0,0.0,-3.0,-1.0,-2.0,-4.0,1.0,-1.0,1.0,-1.0,-1.0,1.0,-1.0,-1.0,2.0,-2.0,-3.0,2.0,-2.0,-1.0,1.0,-1.0,-1.0,-2.0,1.0,-2.0,-1.0,2.0,-1.0,-1.0,-1.0,-1.0,-2.0,2.0,-2.0,-2.0,0.0,-1.0,-1.0,-1.0,-1.0,-1.0,1.0,1.0,1.0,7.0,1.0,1.0,1.0,1.0,1.0,2.0,1.0,1.0,12.0,1.0,1.0,1.0,1.0,1.0,1.0,2.0,1.0,1.0,1.0,1.0,2.0,4.0,3.0,1.0,1.0,3.0,1.0,1.0,1.0,1.0,2.0,1.0,1.0,1.0,1.0,1.0,2.0,1.0,1.0,3.0,7.0,2.0,1.0,1.0,1.0,1.0,1.0,1.0,1.0,1.0,1.0,1.0,1.0,1.0,6.0,1.0,1.0,1.0,1.0,1.0,1.0,1.0,1.0,1.0,1.0,1.0,1.0,1.0,1.0,1.0,1.0,4.0,1.0,1.0,1.0,1.0,1.0,1.0,1.0,1.0,1.0,1.0,1.0,1.0,1.0,1.0,1.0,1.0,1.0,1.0,1.0,-1.0,-1.0,1.0,1.0,2.0,-2.0,-2.0,-2.0,-2.0,-2.0,1.0,1.0,-3.0,-3.0,-3.0,-3.0,1.0,-5.0,-5.0,-5.0,1.0,1.0,1.0,1.0,2.0,1.0,1.0,-1.0,-1.0,-1.0,-1.0,-1.0,-1.0,4.0,4.0,1.0,1.0,3.0,1.0,1.0,1.0,1.0,1.0,3.0,3.0,2.0,1.0,1.0,1.0,1.0,1.0,2.0,1.0,1.0,2.0,2.0,1.0,1.0,1.0,1.0,1.0,3.0,3.0,3.0,1.0,1.0,2.0,1.0,1.0,2.0,2.0,2.0,1.0,1.0,1.0,2.0,1.0,1.0,1.0,1.0,3.0,1.0,1.0,1.0,1.0,4.0,2.0,5.0,1.0,2.0,1.0,1.0,1.0,1.0,3.0,1.0,2.0,3.0,2.0,1.0,1.0,1.0,2.0,2.0,2.0,2.0,1.0,6.0,3.0,6.0,1.0,1.0,1.0,3.0,1.0,4.0,5.0,1.0,1.0,1.0,1.0,1.0,17.0,1.0,2.0,12.0,1.0,2.0,3.0,8.0,13.0,5.0,2.0,1.0,2.0,6.0,4.0,4.0,2.0,1.0,3.0,2.0,1.0,1.0,1.0,3.0,1.0,1.0,1.0,3.0,1.0,1.0,1.0,3.0,1.0,1.0,1.0,2.0,3.0,7.0,4.0,3.0,1.0,2.0,2.0,2.0,1.0,1.0,1.0,1.0,1.0,1.0,1.0,1.0,1.0,1.0,1.0,1.0,1.0,1.0,1.0,1.0,1.0,1.0,1.0,1.0,1.0,1.0,1.0,1.0,1.0,3.0,1.0,1.0,2.0,2.0,2.0,2.0,3.0,1.0,1.0,1.0,2.0,1.0,4.0,3.0,1.0,1.0,1.0,2.0,1.0,7.40298284432326,1.0,5.0,3.0,2.0,1.0,1.0,1.0,1.0,1.0,1.0,1.0,1.0,1.0,3.0,4.0,3.0,1.0,1.0,1.0,1.0,1.0,1.0,1.0,1.0,1.0,1.0,1.0,1.0,2.0,1.0,1.0,1.0,1.0,1.0,1.0,1.0,1.0,1.0,1.0,1.0,2.0,1.0,1.0,1.0,1.0,1.0,1.0,1.0,1.0,1.0,1.0,1.0,1.0,1.0,3.0,8.0,2.0,1.0,2.0,1.0,1.0,4.0,1.0,1.0,1.0,1.0,1.0,1.0,1.0,7.0,5.0,2.0,3.0,1.0,1.0,2.0,1.0,1.0,1.0,1.0,1.0,1.0,2.0,3.0,1.0,2.0,2.0,2.0,1.0,3.0,1.0,1.0,1.0,1.0,3.0,2.0,3.0,3.0,1.0,1.0,2.0,2.0,2.0,3.0,2.0,1.0,3.0,1.0,2.0,2.0,2.0,2.0,2.0,2.0,1.0,1.0,1.0,1.0,1.0,1.0,1.0,1.0,1.0,2.0,1.0,1.0,1.0,3.0,1.0,1.0,1.0,1.0,1.0,1.0,1.0,2.0,1.0,6.0,1.0,5.0,1.0,4.0,1.0,8.0,1.0,3.0,3.0,4.0,1.0,2.0,2.0,1.0,1.0,3.0,2.0,3.0,1.0,2.0,1.0,1.0,2.0,1.0,1.0,4.0,6.0,1.0,1.0,1.0,2.0,2.0,1.0,1.0,3.0,5.0,4.0,1.0,1.0,5.0,1.0,1.0,2.0,1.0,1.0,1.0,4.0,2.0,1.0,4.0,2.0,6.0,1.0,1.0,1.0,1.0,6.0,4.0,1.0,1.0,3.0,3.0,2.0,9.0,2.0,3.0,3.0,3.0,3.0,1.0,1.0,5.0,5.0,5.0,5.0,1.0,7.0,10.0,2.0,1.0,4.0,5.0,5.0,5.0,5.0,2.0,1.0,3.0,5.0,4.0,2.0,2.0,1.0,1.0,2.0,3.0,1.0,1.0,3.0,11.0,5.0,5.0,5.0,5.0,5.0,5.0,5.0,5.0,13.0,3.0,2.0,2.0,3.0,11.0,5.0,5.0,5.0,5.0,1.0,1.0,2.0,18.0,11.0,2.0,1.0,3.0,3.0,5.0,5.0,5.0,5.0,5.0,5.0,2.0,1.0,3.0,1.0,1.0,21.0,1.0,2.0,3.0,6.0,6.0,6.0,6.0,2.0,5.0,3.0,2.0,5.0,13.0,2.0,5.0,5.0,5.0,5.0,6.0,2.0,24.0,2.0,1.0,2.0,5.0,5.0,5.0,5.0,1.0,2.0,4.0,3.0,12.0,1.0,9.0,4.0,4.0,4.0,4.0,4.0,4.0,4.0,1.0,10.0,4.0,1.0,21.0,1.0,2.0,1.0,1.0,1.0,4.0,3.0,5.0,6.0,6.0,6.0,6.0,6.0,1.0,1.0,3.0,15.0,1.0,1.0,1.0,1.0,7.0,4.0,1.0,10.0,5.0,5.0,5.0,5.0,1.0,1.0,4.0,2.0,1.0,1.0,2.0,2.0,9.0,2.0,1.0,1.0,3.0,1.0,4.0,3.0,1.0,1.0,1.0,1.0,1.0,2.0,1.0,1.0,9.0,1.0,1.0,1.0,2.0,5.0,5.0,5.0,5.0,2.0,1.0,7.0,1.0,2.0,5.0,5.0,5.0,5.0,5.0,5.0,5.0,3.0,1.0,1.0,20.0,1.0,1.0,1.0,4.0,1.0,1.0,2.0,1.0,9.0,3.0,4.0,4.0,4.0,4.0,4.0,4.0,4.0,4.0,1.0,1.0,37.0,1.0,1.0,1.0,6.0,6.0,6.0,6.0,6.0,6.0,1.0,1.0,1.0,1.0,6.0,16.0,1.0,5.0,5.0,5.0,5.0,1.0,27.0,1.0,1.0,1.0,7.0,6.0,6.0,6.0,6.0,1.0,2.0,1.0,30.0,1.0,1.0,1.0,1.0,8.0,6.0,6.0,6.0,6.0,6.0,2.0,2.0,2.0,2.0,5.0,5.0,7.0,3.0,30.0,3.0,10.0,6.0,1.0,10.0,5.0,5.0,5.0,5.0,5.0,5.0,5.0,4.0,1.0,6.0,8.0,1.0,2.0,3.0,4.0,4.0,5.0,6.0,6.0,6.0,6.0,-5.0,-5.0,-5.0,-5.0,-5.0,-5.0,-5.0,-5.0,-5.0,-5.0,1.0
1.0,1.0,1.0,2.0,1.0,2.0,4.0,7.0,1.0,2.0,1.0,5.0,1.0,1.0,1.0,1.0,3.0,1.0,2.0,1.0,1.0,1.0,1.0,1.0,1.0,1.0,5.0,2.0,1.0,3.0,1.0,1.0,5.0,1.0,1.0,2.0,1.0,1.0,1.0,2.0,3.0,1.0,1.0,1.0,1.0,1.0,1.0,1.0,1.0,1.0,1.0,1.0,5.0,3.0,2.0,1.0,1.0,2.0,1.0,1.0,1.0,1.0,1.0,1.0,1.0,1.0,2.0,1.0,5.0,1.0,2.0,1.0,1.0,2.0,1.0,1.0,1.0,1.0,2.0,1.0,7.0,4.0,1.0,2.0,1.0,2.0,12.0,5.0,1.0,15.0,1.0,2.0,2.0,2.0,1.0,1.0,8.0,1.0,4.0,1.0,1.0,16.0,3.0,3.0,1.0,2.0,1.0,1.0,6.0,7.0,1.0,2.0,3.0,2.0,2.0,3.0,2.0,1.0,5.0,1.0,3.0,2.0,2.0,1.0,1.0,1.0,10.0,10.0,1.0,3.0,2.0,1.0,2.0,5.0,2.0,1.0,3.0,1.0,1.0,1.0,1.0,1.0,1.0,1.0,7.0,1.0,1.0,13.0,1.0,1.0,1.0,10.0,2.0,1.0,3.0,1.0,1.0,2.0,3.0,1.0,1.0,1.0,1.0,1.0,1.0,1.0,2.0,1.0,14.0,1.0,1.0,1.0,2.0,2.0,1.0,3.0,2.0,1.0,1.0,1.0,2.0,5.0,1.0,1.0,1.0,4.0,1.0,4.0,2.0,14.0,1.0,2.0,2.0,4.0,1.0,1.0,3.0,1.0,1.0,2.0,1.0,1.0,4.0,3.0,17.0,1.0,1.0,1.0,1.0,3.0,1.0,3.0,5.0,1.0,2.0,2.0,2.0,1.0,1.0,1.0,4.0,1.0,2.0,1.0,1.0,1.0,1.0,1.0,1.0,5.0,2.0,2.0,3.0,1.0,1.0,1.0,1.0,2.0,1.0,1.0,1.0,1.0,1.0,5.0,2.0,3.0,2.0,2.0,3.0,1.0,2.0,4.0,1.0,2.0,2.0,2.0,1.0,1.0,1.0,1.0,1.0,3.0,2.0,1.0,1.0,13.0,3.0,1.0,1.0,1.0,7.0,4.0,1.0,1.0,1.0,8.0,1.0,1.0,6.0,2.0,1.0,3.0,2.0,8.0,2.0,1.0,1.0,1.0,5.0,1.0,8.0,1.0,4.0,9.0,7.0,1.0,1.0,8.0,1.0,2.0,1.0,1.0,4.0,1.0,1.0,1.0,7.0,4.0,5.0,3.0,1.0,1.0,1.0,2.0,1.0,1.0,1.0,1.0,1.0,1.0,6.0,3.0,2.0,2.0,1.0,1.0,1.0,1.0,1.0,1.0,5.0,1.0,1.0,3.0,1.0,1.0,3.0,3.0,1.0,1.0,1.0,2.0,2.0,1.0,1.0,1.0,3.0,4.0,4.0,1.0,1.0,1.0,2.0,1.0,2.0,2.0,2.0,8.0,9.0,3.0,1.0,2.0,1.0,1.0,3.0,2.0,2.0,1.0,5.0,1.0,3.0,3.0,3.0,4.0,1.0,1.0,2.0,2.0,3.0,3.0,1.0,3.0,2.0,1.0,1.0,1.0,1.0,1.0,1.0,1.0,1.0,1.0,1.0,1.0,2.0,10.0,2.0,3.0,3.0,3.0,2.0,1.0,1.0,1.0,1.0,2.0,1.0,15.0,3.0,3.0,3.0,3.0,1.0,1.0,11.0,2.0,2.0,2.0,3.0,1.0,1.0,1.0,1.0,9.0,2.0,2.0,3.0,3.0,1.0,1.0,1.0,2.0,1.0,13.0,2.0,2.0,3.0,3.0,6.0,5.0,2.0,2.0,2.0,2.0,3.0,3.0,4.0,3.0,2.0,2.0,3.0,3.0,4.0,2.0,7.0,3.0,3.0,2.0,2.0,1.0,3.0,7.0,2.0,13.0,6.0,4.0,1.0,1.0,1.0,2.0,1.0,3.0,2.0,10.0,2.0,14.0,1.0,1.0,1.0,9.0,3.0,2.0,1.0,1.0,10.0,2.0,1.0,1.0,1.0,2.0,3.0,7.0,5.0,1.0,1.0,1.0,2.0,6.0,2.0,2.0,4.0,2.0,1.0,1.0,1.0,3.0,2.0,10.0,3.0,1.0,1.0,1.0,5.0,3.0,5.0,1.0,3.0,1.0,1.0,2.0,2.0,3.0,2.0,1.0,2.0,1.0,1.0,1.0,2.0,1.0,1.0,1.0,1.0,5.0,1.0,2.0,1.0,1.0,1.0,1.0,1.0,4.0,1.0,1.0,14.0,1.0,4.0,1.0,13.0,11.0,2.0,2.0,1.0,5.0,1.0,11.0,1.0,1.0,1.0,1.0,1.0,4.0,1.0,1.0,1.0,1.0,3.0,1.0,3.0,1.0,5.0,9.0,1.0,1.0,1.0,1.0,4.0,1.0,6.0,13.0,1.0,3.0,3.0,4.0,1.0,3.0,1.0,4.0,1.0,14.0,9.0,12.0,7.0,1.0,1.0,1.0,2.0,4.0,4.0,6.0,10.0,8.0,21.0,4.0,4.0,3.0,2.0,4.0,1.0,2.0,12.0,11.0,1.0,3.0,4.0,1.0,1.0,1.0,1.0,3.0,6.0,7.0,2.0,5.0,3.0,3.0,8.0,10.0,2.0,19.0,8.0,5.0,1.0,3.0,2.0,6.0,2.0,2.0,1.0,2.0,3.0,8.0,9.0,6.0,6.0,1.0,1.0,2.0,2.0,2.0,8.0,4.0,5.0,8.0,7.0,13.0,3.0,9.0,2.0,1.0,3.0,5.0,1.0,3.0,1.0,1.0,7.0,8.0,1.0,2.0,1.0,1.0,6.0,1.0,1.0,1.0,5.0,15.0,1.0,2.0,7.0,5.0,4.0,5.0,4.0,16.0,6.0,4.0,2.0,1.0,1.0,1.0,1.0,1.0,1.0,2.0,1.0,7.0,7.0,4.0,1.0,2.0,1.0,2.0,1.0,1.0,1.0,1.0,2.0,2.0,1.0,1.0,1.0,1.0,1.0,1.0,1.0,1.0,1.0,1.0,1.0,2.0,2.0,4.0,1.0,1.0,1.0,2.0,7.0,1.0,1.0,1.0,1.0,1.0,1.0,1.0,2.0,3.0,6.0,7.0,4.0,1.0,3.0,1.0,1.0,1.0,1.0,1.0,1.0,1.0,1.0,1.0,2.0,1.0,1.0,2.0,1.0,1.0,1.0,2.0,1.0,1.0,1.0,1.0,1.0,2.0,2.0,3.0,6.0,1.0,1.0,2.0,1.0,1.0,2.0,1.0,1.0,13.0,19.0,2.0,1.0,1.0,4.0,1.0,1.0,1.0,2.28507226805276,1.0,1.0,1.0,1.0,1.0,1.0,1.0,2.0,1.0,1.0,1.0,16.0,15.0,1.0,2.0,2.0,2.0,1.0,1.0,1.0,2.0,1.0,1.0,1.0,1.0,1.0,2.0,1.0,1.0,3.0,1.0,1.0,1.0,2.0,1.0,1.0,12.0,7.0,1.0,5.0,1.0,3.0,1.0,1.0,1.0,2.0,3.0,1.0,1.0,6.0,7.0,3.0,5.0,3.0,1.0,1.0,3.0,2.0,1.0,7.0,16.0,1.0,1.0,5.0,3.0,1.0,1.0,3.0,2.0,1.0,1.46952489648403,1.0,2.0,3.0,3.0,1.0,1.0,2.0,1.0,1.0,1.0,2.0,30.0,1.0,4.0,7.0,1.0,1.0,1.0,1.0,1.0,2.0,1.0,2.0,1.0,1.0,1.0,1.0,1.0,1.0,5.0,24.0,4.0,2.0,1.0,1.0,1.0,1.0,1.0,1.0,2.0,2.0,3.0,1.0,2.0,1.0,1.0,1.0,1.0,1.0,1.0,1.0,2.0,1.0,1.0,1.0,1.0,1.0,1.0,1.0,1.0,3.0,1.0,1.0,1.0,3.0,5.0,2.0,3.0,1.0,1.0,2.0,1.0,2.0,1.0,3.0,1.0,2.0,1.0,1.0,2.0,2.0,2.0,1.0,1.0,5.0,2.0,2.0,4.0,1.0,3.0,1.0,4.0,1.0,1.0,2.0,1.0,1.0,4.0,1.0,2.0,1.0,1.0,2.0,4.0,1.0,2.0,2.0,5.0,1.0,1.0,2.0,1.0,1.0,3.0,1.0,1.0,3.0,3.0,5.0,3.0,4.0,1.0,1.0,1.0,2.0,1.0,2.0,1.0,2.0,1.0,1.0,3.0,1.0,1.0,1.0,1.0,2.0,1.0,1.0,1.0,2.0,1.0,1.0,1.0,1.0,1.0,1.0,1.0,1.0,4.0,1.0,1.0,1.0,2.0,1.0,6.0,1.0,1.0,1.0,2.0,2.0,1.0,1.0,1.0,-1.2523449689335,2.0,1.0,1.0,2.0,1.0,-1.0,-1.0,-1.0,-1.0,-2.0,1.0,9.0,-1.0,1.0,-1.0,-1.0,-5.0,-4.0,-3.0,-4.0,-5.0,-5.0,1.0,1.0,1.0,6.0,6.0,2.0,1.0,3.0,2.0,1.0,4.0,5.0,1.0,3.0,1.0,1.0,2.0,1.0,5.0,1.0,1.0,10.0,4.0,1.0,1.0,1.0,3.0,7.0,1.0,2.0,8.0,1.0,2.0,1.0,1.0,1.0,2.0,1.0,2.0,9.0,1.0,9.0,1.0,1.0,1.0,3.0,1.0,1.0,4.0,4.0,1.0,2.0,1.0,2.0,1.0,1.0,1.0,2.0,1.0,1.0,2.0,4.0,1.0,1.0,10.0,1.0,1.0,1.0,3.0,1.0,4.0,4.0,9.0,1.0,1.0,5.0,1.0,1.0,1.0,4.0,2.0,5.0,1.0,7.0,1.0,5.0,1.0,1.0,1.0,2.0,1.0,5.0,4.0,6.0,1.0,-3.0,-1.0,-1.0,-13.70931735451625,-2.0,-2.0,-1.0,-1.0,-1.0,-1.0,-3.0,-1.0,-2.0,-4.0,-1.0,-2.0,-1.0,-1.0,-1.0,5.0,4.0,2.0,7.0,2.0,1.0,2.0,1.0,2.0,1.0,3.0,4.0,4.0,1.0,1.0,2.0,4.0,2.0,6.0,1.0,5.0,1.0,8.0,7.0,1.0,4.0,3.0,1.0,1.0,1.0,2.0,1.0,4.0,1.0,1.0,1.0,1.0,2.0,1.0,1.0,3.0,2.0,4.0,7.0,7.0,4.0,1.0,1.0,4.0,1.0,1.0,2.0,1.0,1.0,5.0,1.0,2.0,7.0,4.0,2.0,2.0,1.0,1.0,1.0,2.0,2.0,2.0,1.0,1.0,2.0,6.0,1.0,4.0,2.0,3.0,17.0,1.0,8.0,8.0,1.0,1.0,2.0,2.0,1.0,1.0,2.0,2.0,11.0,5.0,2.0,1.0,2.0,2.0,2.0,2.0,2.0,2.0,2.0,2.0,2.0,1.0,1.0,25.0,6.0,5.0,5.0,5.0,5.0,5.0,5.0,3.0,2.0,1.0,1.0,2.0,1.0,1.0,12.0,15.0,4.0,4.0,5.0,4.0,4.0,5.0,2.0,1.0,5.0,1.0,1.0,2.0,1.0,16.0,5.0,4.0,5.0,4.0,10.0,2.0,4.0,3.0,3.0,6.0,4.0,4.0,4.0,4.0,4.0,4.0,4.0,4.0,4.0,2.0,4.0,4.0,4.0,4.0,4.0,4.0,1.0,0.04841487884133,4.0,4.0,4.0,4.0,4.0,4.0,1.0,1.0,1.0,1.0,1.0,1.0,4.0,4.0,4.0,4.0,4.0,4.0,4.0,4.0,4.0,4.0,1.0,1.0,1.0,1.0,3.0,1.0,1.0,10.0,1.0,1.0,1.0,1.0,1.0,21.0,15.0,1.0,1.0,1.0,1.0,1.0,1.0,5.0,1.0,6.0,2.0,2.0,23.0,14.0,1.0,3.0,3.0,3.0,3.0,3.0,3.0,3.0,3.0,1.0,1.0,1.0,1.0,1.0,6.0,1.0,4.0,10.0,9.0,26.0,7.0,3.0,3.0,4.0,3.0,3.0,3.0,4.0,3.0,1.0,1.0,1.0,1.0,3.0,1.0,1.0,13.0,2.0,2.0,2.0,2.0,2.0,2.0,2.0,1.0,1.0,2.0,2.0,2.0,2.0,2.0,2.0,3.0,2.0,1.0,2.0,2.0,2.0,2.0,2.0,2.0,2.0,1.0,2.0,2.0,2.0,2.0,2.0,2.0,2.0,2.0,2.0,2.0,2.0,1.0,-2.0,1.0,4.0,1.0,-4.0,-4.0,-5.0,-4.0,-4.0,-4.0,-5.0,-4.0,-1.0,1.0,2.0,-1.0,1.0,-4.0,-5.0,-4.0,-4.0,-5.0,-4.0,2.0,1.0,-5.0,-6.0,-5.0,-5.0,-6.0,-5.0,1.0,1.0,1.0,-5.0,-5.0,-5.0,-5.0,-5.0,-5.0,-1.0,1.0,-1.0,-5.0,-5.0,-5.0,-5.0,-5.0,-5.0,-3.0,-4.0,-1.0,-1.0,-3.0,-1.0,0.0,1.0,-9.0,-5.0,1.0,-1.0,-2.0,-1.0,-1.0,-2.0,-1.0,-3.0,-2.0,-1.0,-1.0,-1.0,-1.0,-1.0,-3.0,-1.0,-1.0,-1.0,-1.0,-3.0,-2.0,-3.0,-2.0,-1.0,-1.0,-1.0,-2.0,7.0,-4.0,-2.0,-3.0,-3.0,-1.0,-1.0,-1.0,1.0,1.0,0.0,-1.0,-5.0,-7.0,-1.0,-2.0,-1.0,9.0,2.0,13.0,-1.0,-1.0,-1.0,-5.0,-5.0,-2.0,-4.0,1.0,5.0,4.0,2.0,2.0,1.0,2.0,15.0,17.0,4.0,5.0,7.0,13.0,1.0,3.0,1.0,1.0,1.0,12.0,5.0,5.0,1.0,11.0,2.0,4.0,2.0,1.0,14.57346510062307,4.0,2.0,1.0,1.0,2.0,1.0,1.0,2.0,1.0,1.0,2.0,6.0,1.0,1.0,2.0,4.0,3.0,2.0,2.0,3.0,7.0,1.0,1.0,1.0,1.0,1.0,2.0,1.0,1.0,1.0,1.0,1.0,1.0,1.0,1.0,2.0,2.0,1.0,4.0,1.0,1.0,1.0,1.0,3.0,1.0,2.0,6.0,1.0,1.0,1.0,1.0,1.0,1.0,1.0,1.0,1.0,1.0,1.0,1.0,3.0,1.0,1.0,3.0,2.0,2.0,2.0,5.0,-20.76157324031526,2.0,2.0,4.0,3.0,1.0,2.0,2.0,2.0,2.0,1.0,1.0,2.0,2.0,2.0,1.0,1.0,1.0,1.0,1.0,2.0,1.0,4.0,1.0,1.0,1.0,1.0,2.0,1.0,1.0,1.0,5.0,5.0,1.0,4.0,3.0,2.0,2.0,1.0,5.0,1.0,3.0,4.0,2.0,1.0,3.0,3.0,4.0,3.0,3.0,1.0,1.0,2.0,1.0,3.0,2.0,4.0,2.0,1.0,4.0,2.0,1.0,2.0,3.0,3.0,3.0,3.0,2.0,1.0,4.0,5.0,1.0,1.0,5.0,4.0,2.0,1.0,1.0,1.0,6.0,10.0,1.0,5.0,5.0,1.0,7.0,2.0,1.0,10.0,4.0,3.0,3.0,1.0,7.0,1.0,11.0,1.0,2.0,2.0,1.0,3.0,2.0,1.0,1.0,5.0,8.0,1.0,7.0,3.0,1.0,2.0,2.0,1.0,2.0,1.0,1.0,1.0,1.0,2.0,7.0,6.0,1.0,2.0,1.0,1.0,1.0,1.0,5.0,1.0,1.0,2.0,5.0,1.0,2.0,7.0,6.0,6.0,1.0,2.0,9.0,3.0,6.0,1.0,6.0,4.0,9.0,1.0,1.0,1.0,2.0,10.0,6.0,2.0,2.0,5.0,5.0,1.0,10.0,1.0,2.0,4.0,5.0,13.0,1.0,1.0,1.0,1.0,4.0,4.0,3.0,1.0,2.0,1.0,1.0,1.0,2.0,4.0,4.0,5.0,11.0,1.0,1.0,1.0,1.0,5.0,2.0,7.0,1.0,1.0,2.0,1.0,1.0,1.0,3.0,3.0,2.0,2.0,3.0,5.0,1.0,2.0,1.0,-2.0,1.0,1.0,7.0,-3.0,-3.0,-3.0,-3.0,1.0,0.0,4.0,-2.0,5.0,-6.0,-6.0,-6.0,-6.0,-2.0,-1.0,-1.0,-6.0,-6.0,-6.0,-6.0,-3.0,-2.0,-1.0,-1.0,-3.0,-3.0,-3.0,-3.0,-2.0,-1.0,-1.0,2.0,-1.0,-6.0,-6.0,-6.0,-6.0,-6.0,-6.0,-6.0,1.0,1.0,-3.0,-3.0,7.0,2.0,-5.0,-5.0,-5.0,-5.0,1.0,-2.0,-2.0,2.0,1.0,-5.0,-6.0,-5.0,-5.0,2.0,1.0,1.0,1.0,-6.0,-6.0,-6.0,-6.0,-1.0,1.0,-2.0,-2.0,1.0,2.0,-13.0,-13.0,-1.0,-1.0,-2.0,2.0,1.0,-5.0,-5.0,-5.0,-5.0,-5.0,-5.0,1.0,1.0,-5.0,-5.0,-5.0,-5.0,-5.0,0.0,-3.0,-12.0,-12.0,1.0,5.0,-7.0,-7.0,-7.0,-7.0,1.0,7.0,1.0,1.0,1.0,2.0,11.0,1.0,4.0,1.0,3.0,6.0,1.0,2.0,3.0,15.0,3.0,2.0,3.0,4.0,1.0,6.0,6.0,4.0,2.0,1.0,1.0,1.0,1.0,1.0,1.0,3.0,7.0,1.0,3.0,1.0,1.0,1.0,3.0,2.0,1.0,2.0,2.0,1.0,1.0,3.0,3.0,3.0,1.0,1.0,2.0,3.0,3.0,3.0,1.0,1.0,1.0,3.0,4.0,4.0,2.0,3.0,1.0,1.0,1.0,1.0,1.0,1.0,2.0,3.0,4.0,4.0,2.0,6.0,3.0,1.0,1.0,1.0,1.0,1.0,1.0,2.0,3.0,1.0,13.0,3.0,1.0,1.0,6.0,1.0,1.0,1.0,4.0,1.0,1.0,2.0,2.0,4.0,3.0,3.0,1.0,1.0,1.0,1.0,2.0,2.0,3.0,3.0,1.0,1.0,2.0,2.0,1.0,2.0,6.0,6.0,2.0,3.0,2.0,2.0,1.0,1.0,2.0,2.0,6.0,6.0,2.0,3.0,2.0,2.0,1.0,1.0,21.0,3.0,4.0,1.0,2.0,2.0,8.0,1.0,7.0,2.0,1.0,2.0,3.0,4.0,4.0,1.0,16.0,1.0,6.0,3.0,1.0,1.0,2.0,10.0,1.0,10.0,3.0,3.0,2.0,1.0,4.0,3.0,1.0,2.0,1.0,1.0,4.0,1.0,3.0,1.0,2.0,2.0,1.0,1.0,1.0,1.0,3.0,1.0,1.0,2.0,1.0,1.0,1.0,1.0,1.0,1.0,1.0,1.0,1.0,1.0,1.0,4.0,3.0,1.0,1.0,1.0,1.0,1.0,1.0,2.0,2.0,1.0,4.0,1.0,4.0,1.0,1.0,2.0,1.0,1.0,3.0,2.0,2.0,2.0,2.0,1.0,1.0,6.0,24.0,4.0,1.0,3.0,2.0,1.0,1.0,16.0,35.0,3.0,1.0,1.0,1.0,1.0,1.0,1.0,3.0,5.0,1.0,1.0,2.0,7.0,5.0,5.0,2.0,3.0,1.0,1.0,1.0,8.0,1.0,5.0,3.0,2.0,9.0,6.0,1.0,4.0,13.0,1.0,7.0,7.0,1.0,1.0,1.0,1.0,1.0,4.0,6.0,3.0,2.0,1.0,8.0,6.0,1.0,1.0,1.0,2.0,3.0,1.0,2.0,8.0,1.0,2.0,9.0,2.0,1.0,1.0,1.0,1.0,1.0,4.0,1.0,1.0,4.0,5.0,1.0,1.0,2.0,3.0,2.0,1.0,2.0,5.0,6.0,4.0,6.0,8.0,11.0,7.0,6.0,1.0,1.0,1.0,4.0,1.0,3.0,4.0,5.0,12.0,5.0,2.0,2.0,1.0,4.0,2.0,1.0,1.0,1.0,3.0,4.0,3.0,2.0,2.0,3.0,5.0,1.0,7.0,5.0,2.0,2.0,3.0,1.0,1.0,1.0,1.0,2.0,1.0,2.0,1.0,1.0,12.0,10.0,8.0,6.0,5.0,1.0,1.0,1.0,3.0,1.0,1.0,1.0,3.0,4.0,1.0,2.0,1.0,1.0,1.0,2.0,1.0,1.0,8.0,1.0,1.0,2.0,2.0,5.0,2.0,2.0,1.0,1.0,3.0,2.0,3.0,1.0,6.0,6.0,1.0,1.0,6.0,1.0,6.0,9.0,3.0,13.0,10.0,1.0,1.0,11.0,1.0,1.0,3.0,8.0,9.0,2.0,1.0,2.0,3.0,3.0,3.0,1.0,1.0,1.0,5.0,5.0,2.0,1.0,2.0,2.0,1.0,1.0,5.0,1.0,1.0,1.0,1.0,3.0,2.0,1.0,2.0,1.0,3.0,4.0,1.0,2.0,1.0,2.0,1.0,2.0,2.0,1.0,1.0,2.0,2.0,1.0,1.0,1.0,1.0,1.0,1.0,2.0,1.0,8.0,2.0,1.0,5.0,6.0,2.0,1.0,1.0,1.0,6.0,2.0,3.0,4.0,3.0,1.0,1.0,2.0,2.0,1.0,1.0,11.0,1.0,1.0,2.0,4.0,5.0,3.0,1.0,4.0,1.0,14.0,4.0,7.0,1.0,1.0,2.0,1.0,1.0,1.0,1.0,1.0,1.0,3.0,1.0,9.0,2.0,2.0,1.0,1.0,7.0,1.0,8.0,1.0,1.0,1.0,1.0,2.0,1.0,1.0,1.0,1.0,2.0,1.0,1.0,1.0,1.0,1.0,1.0,4.0,4.0,3.0,2.0,1.0,1.0,1.0,1.0,3.0,1.0,1.0,1.0,1.0,1.0,1.0,1.0,1.0,2.0,1.0,3.0,3.0,1.0,1.0,3.0,5.0,9.0,7.0,2.0,2.0,1.0,1.0,1.0,2.0,3.0,1.0,1.0,2.0,3.0,1.0,1.0,2.0,2.0,1.0,1.0,1.0,1.0,2.0,1.0,1.0,-1.0,-1.0,-2.0,-4.0,-12.0,-7.0,-6.0,-6.0,-9.0,-11.0,-2.0,-8.0,-10.0,-6.0,-11.0,-1.0,-1.0,-4.0,-1.0,-10.0,-11.0,-3.0,-8.0,-12.0,-10.0,-1.0,-1.0,-1.0,-1.0,-7.0,-7.0,-13.0,-7.0,2.0,1.0,1.0,1.0,2.0,1.0,1.0,5.0,1.0,2.0,1.0,1.0,3.0,1.0,3.0,1.0,1.0,1.0,1.0,1.0,1.0,1.0,1.0,4.0,1.0,1.0,2.0,1.0,1.0,3.0,1.0,1.0,2.0,1.0,1.0,2.0,3.0,1.0,2.0,1.0,1.0,1.0,1.0,1.0,1.0,2.0,1.0,2.0,1.0,2.0,5.0,6.0,1.0,2.0,1.0,1.0,3.0,1.0,1.0,2.0,3.0,3.0,1.0,1.0,2.0,5.0,5.0,1.0,1.0,4.0,3.0,2.0,1.0,1.0,-1.0,1.0,2.0,-3.0,1.0,1.0,-4.0,-4.0,-3.0,2.0,-1.0,-1.0,-1.0,-2.0,2.0,10.0,1.0,1.0,1.0,2.0,3.0,4.0,1.0,2.0,1.0,17.0,1.0,1.0,1.0,1.0,2.0,1.0,1.0,1.0,4.0,4.0,1.0,3.0,1.0,1.0,2.0,1.0,1.0,1.0,2.0,2.0,1.0,1.0,1.0,1.0,2.0,3.0,2.0,1.0,1.0,3.0,1.0,1.0,1.0,2.0,3.0,1.0,1.0,2.0,4.0,2.0,1.0,1.0,1.0,1.0,2.0,3.0,1.0,4.0,1.0,1.0,1.0,4.0,4.0,1.0,1.0,2.0,2.0,2.0,2.0,1.0,2.0,1.0,2.0,3.0,1.0,6.0,11.0,8.0,5.0,4.0,5.0,3.0,2.0,1.0,1.0,1.0,1.0,1.0,2.0,2.0,3.0,2.0,3.0,1.0,1.0,1.0,1.0,1.0,1.0,3.0,2.0,5.0,1.0,2.0,2.0,1.0,5.0,1.0,5.0,1.0,2.0,5.0,3.0,2.0,1.0,1.0,1.0,2.0,3.0,1.0,1.0,1.0,3.0,3.0,2.0,4.0,1.0,1.0,1.0,1.0,1.0,1.0,1.0,1.0,1.0,1.0,1.0,3.0,5.0,1.0,1.0,1.0,2.0,2.0,1.0,1.0,5.0,1.0,1.0,5.0,1.0,1.0,-7.0,-7.0,1.0,-1.0,-4.0,-2.0,-1.0,-2.0,-1.0,1.0,-1.0,-3.0,-5.0,0.0,-3.0,-1.0,-2.0,-4.0,1.0,-1.0,1.0,-1.0,-1.0,1.0,-1.0,-1.0,2.0,-2.0,-3.0,2.0,-2.0,-1.0,1.0,-1.0,-1.0,-2.0,1.0,-2.0,-1.0,2.0,-1.0,-1.0,-1.0,-1.0,-2.0,2.0,-2.0,-2.0,0.0,-1.0,-1.0,-1.0,-1.0,-1.0,1.0,1.0,1.0,7.0,1.0,1.0,1.0,1.0,1.0,2.0,1.0,1.0,12.0,1.0,1.0,1.0,1.0,1.0,1.0,2.0,1.0,1.0,1.0,1.0,2.0,4.0,3.0,1.0,1.0,3.0,1.0,1.0,1.0,1.0,2.0,1.0,1.0,1.0,1.0,1.0,2.0,1.0,1.0,3.0,7.0,2.0,1.0,1.0,1.0,1.0,1.0,1.0,1.0,1.0,1.0,1.0,1.0,1.0,6.0,1.0,1.0,1.0,1.0,1.0,1.0,1.0,1.0,1.0,1.0,1.0,1.0,1.0,1.0,1.0,1.0,4.0,1.0,1.0,1.0,1.0,1.0,1.0,1.0,1.0,1.0,1.0,1.0,1.0,1.0,1.0,1.0,1.0,1.0,1.0,1.0,-1.0,-1.0,1.0,1.0,2.0,-2.0,-2.0,-2.0,-2.0,-2.0,1.0,1.0,-3.0,-3.0,-3.0,-3.0,1.0,-5.0,-5.0,-5.0,1.0,1.0,1.0,1.0,2.0,1.0,1.0,-1.0,-1.0,-1.0,-1.0,-1.0,-1.0,4.0,4.0,1.0,1.0,3.0,1.0,1.0,1.0,1.0,1.0,3.0,3.0,2.0,1.0,1.0,1.0,1.0,1.0,2.0,1.0,1.0,2.0,2.0,1.0,1.0,1.0,1.0,1.0,3.0,3.0,3.0,1.0,1.0,2.0,1.0,1.0,2.0,2.0,2.0,1.0,1.0,1.0,2.0,1.0,1.0,1.0,1.0,3.0,1.0,1.0,1.0,1.0,4.0,2.0,5.0,1.0,2.0,1.0,1.0,1.0,1.0,3.0,1.0,2.0,3.0,2.0,1.0,1.0,1.0,2.0,2.0,2.0,2.0,1.0,6.0,3.0,6.0,1.0,1.0,1.0,3.0,1.0,4.0,5.0,1.0,1.0,1.0,1.0,1.0,17.0,1.0,2.0,12.0,1.0,2.0,3.0,8.0,13.0,5.0,2.0,1.0,2.0,6.0,4.0,4.0,2.0,1.0,3.0,2.0,1.0,1.0,1.0,3.0,1.0,1.0,1.0,3.0,1.0,1.0,1.0,3.0,1.0,1.0,1.0,2.0,3.0,7.0,4.0,3.0,1.0,2.0,2.0,2.0,1.0,1.0,1.0,1.0,1.0,1.0,1.0,1.0,1.0,1.0,1.0,1.0,1.0,1.0,1.0,1.0,1.0,1.0,1.0,1.0,1.0,1.0,1.0,1.0,1.0,3.0,1.0,1.0,2.0,2.0,2.0,2.0,3.0,1.0,1.0,1.0,2.0,1.0,4.0,3.0,1.0,1.0,1.0,2.0,1.0,7.40298284432326,1.0,5.0,3.0,2.0,1.0,1.0,1.0,1.0,1.0,1.0,1.0,1.0,1.0,3.0,4.0,3.0,1.0,1.0,1.0,1.0,1.0,1.0,1.0,1.0,1.0,1.0,1.0,1.0,2.0,1.0,1.0,1.0,1.0,1.0,1.0,1.0,1.0,1.0,1.0,1.0,2.0,1.0,1.0,1.0,1.0,1.0,1.0,1.0,1.0,1.0,1.0,1.0,1.0,1.0,3.0,8.0,2.0,1.0,2.0,1.0,1.0,4.0,1.0,1.0,1.0,1.0,1.0,1.0,1.0,7.0,5.0,2.0,3.0,1.0,1.0,2.0,1.0,1.0,1.0,1.0,1.0,1.0,2.0,3.0,1.0,2.0,2.0,2.0,1.0,3.0,1.0,1.0,1.0,1.0,3.0,2.0,3.0,3.0,1.0,1.0,2.0,2.0,2.0,3.0,2.0,1.0,3.0,1.0,2.0,2.0,2.0,2.0,2.0,2.0,1.0,1.0,1.0,1.0,1.0,1.0,1.0,1.0,1.0,2.0,1.0,1.0,1.0,3.0,1.0,1.0,1.0,1.0,1.0,1.0,1.0,2.0,1.0,6.0,1.0,5.0,1.0,4.0,1.0,8.0,1.0,3.0,3.0,4.0,1.0,2.0,2.0,1.0,1.0,3.0,2.0,3.0,1.0,2.0,1.0,1.0,2.0,1.0,1.0,4.0,6.0,1.0,1.0,1.0,2.0,2.0,1.0,1.0,3.0,5.0,4.0,1.0,1.0,5.0,1.0,1.0,2.0,1.0,1.0,1.0,4.0,2.0,1.0,4.0,2.0,6.0,1.0,1.0,1.0,1.0,6.0,4.0,1.0,1.0,3.0,3.0,2.0,9.0,2.0,3.0,3.0,3.0,3.0,1.0,1.0,5.0,5.0,5.0,5.0,1.0,7.0,10.0,2.0,1.0,4.0,5.0,5.0,5.0,5.0,2.0,1.0,3.0,5.0,4.0,2.0,2.0,1.0,1.0,2.0,3.0,1.0,1.0,3.0,11.0,5.0,5.0,5.0,5.0,5.0,5.0,5.0,5.0,13.0,3.0,2.0,2.0,3.0,11.0,5.0,5.0,5.0,5.0,1.0,1.0,2.0,18.0,11.0,2.0,1.0,3.0,3.0,5.0,5.0,5.0,5.0,5.0,5.0,2.0,1.0,3.0,1.0,1.0,21.0,1.0,2.0,3.0,6.0,6.0,6.0,6.0,2.0,5.0,3.0,2.0,5.0,13.0,2.0,5.0,5.0,5.0,5.0,6.0,2.0,24.0,2.0,1.0,2.0,5.0,5.0,5.0,5.0,1.0,2.0,4.0,3.0,12.0,1.0,9.0,4.0,4.0,4.0,4.0,4.0,4.0,4.0,1.0,10.0,4.0,1.0,21.0,1.0,2.0,1.0,1.0,1.0,4.0,3.0,5.0,6.0,6.0,6.0,6.0,6.0,1.0,1.0,3.0,15.0,1.0,1.0,1.0,1.0,7.0,4.0,1.0,10.0,5.0,5.0,5.0,5.0,1.0,1.0,4.0,2.0,1.0,1.0,2.0,2.0,9.0,2.0,1.0,1.0,3.0,1.0,4.0,3.0,1.0,1.0,1.0,1.0,1.0,2.0,1.0,1.0,9.0,1.0,1.0,1.0,2.0,5.0,5.0,5.0,5.0,2.0,1.0,7.0,1.0,2.0,5.0,5.0,5.0,5.0,5.0,5.0,5.0,3.0,1.0,1.0,20.0,1.0,1.0,1.0,4.0,1.0,1.0,2.0,1.0,9.0,3.0,4.0,4.0,4.0,4.0,4.0,4.0,4.0,4.0,1.0,1.0,37.0,1.0,1.0,1.0,6.0,6.0,6.0,6.0,6.0,6.0,1.0,1.0,1.0,1.0,6.0,16.0,1.0,5.0,5.0,5.0,5.0,1.0,27.0,1.0,1.0,1.0,7.0,6.0,6.0,6.0,6.0,1.0,2.0,1.0,30.0,1.0,1.0,1.0,1.0,8.0,6.0,6.0,6.0,6.0,6.0,2.0,2.0,2.0,2.0,5.0,5.0,7.0,3.0,30.0,3.0,10.0,6.0,1.0,10.0,5.0,5.0,5.0,5.0,5.0,5.0,5.0,4.0,1.0,6.0,8.0,1.0,2.0,3.0,4.0,4.0,5.0,6.0,6.0,6.0,6.0,-5.0,-5.0,-5.0,-5.0,-5.0,-5.0,-5.0,-5.0,-5.0,-5.0,1.0
1.0,1.0,1.0,2.0,1.0,2.0,4.0,7.0,1.0,2.0,1.0,5.0,1.0,1.0,1.0,1.0,3.0,1.0,2.0,1.0,1.0,1.0,1.0,1.0,1.0,1.0,5.0,2.0,1.0,3.0,1.0,1.0,5.0,1.0,1.0,2.0,1.0,1.0,1.0,2.0,3.0,1.0,1.0,1.0,1.0,1.0,1.0,1.0,1.0,1.0,1.0,1.0,5.0,3.0,2.0,1.0,1.0,2.0,1.0,1.0,1.0,1.0,1.0,1.0,1.0,1.0,2.0,1.0,5.0,1.0,2.0,1.0,1.0,2.0,1.0,1.0,1.0,1.0,2.0,1.0,7.0,4.0,1.0,2.0,1.0,2.0,12.0,5.0,1.0,15.0,1.0,2.0,2.0,2.0,1.0,1.0,8.0,1.0,4.0,1.0,1.0,16.0,3.0,3.0,1.0,2.0,1.0,1.0,6.0,7.0,1.0,2.0,3.0,2.0,2.0,3.0,2.0,1.0,5.0,1.0,3.0,2.0,2.0,1.0,1.0,1.0,10.0,10.0,1.0,3.0,2.0,1.0,2.0,5.0,2.0,1.0,3.0,1.0,1.0,1.0,1.0,1.0,1.0,1.0,7.0,1.0,1.0,13.0,1.0,1.0,1.0,10.0,2.0,1.0,3.0,1.0,1.0,2.0,3.0,1.0,1.0,1.0,1.0,1.0,1.0,1.0,2.0,1.0,14.0,1.0,1.0,1.0,2.0,2.0,1.0,3.0,2.0,1.0,1.0,1.0,2.0,5.0,1.0,1.0,1.0,4.0,1.0,4.0,2.0,14.0,1.0,2.0,2.0,4.0,1.0,1.0,3.0,1.0,1.0,2.0,1.0,1.0,4.0,3.0,17.0,1.0,1.0,1.0,1.0,3.0,1.0,3.0,5.0,1.0,2.0,2.0,2.0,1.0,1.0,1.0,4.0,1.0,2.0,1.0,1.0,1.0,1.0,1.0,1.0,5.0,2.0,2.0,3.0,1.0,1.0,1.0,1.0,2.0,1.0,1.0,1.0,1.0,1.0,5.0,2.0,3.0,2.0,2.0,3.0,1.0,2.0,4.0,1.0,2.0,2.0,2.0,1.0,1.0,1.0,1.0,1.0,3.0,2.0,1.0,1.0,13.0,3.0,1.0,1.0,1.0,7.0,4.0,1.0,1.0,1.0,8.0,1.0,1.0,6.0,2.0,1.0,3.0,2.0,8.0,2.0,1.0,1.0,1.0,5.0,1.0,8.0,1.0,4.0,9.0,7.0,1.0,1.0,8.0,1.0,2.0,1.0,1.0,4.0,1.0,1.0,1.0,7.0,4.0,5.0,3.0,1.0,1.0,1.0,2.0,1.0,1.0,1.0,1.0,1.0,1.0,6.0,3.0,2.0,2.0,1.0,1.0,1.0,1.0,1.0,1.0,5.0,1.0,1.0,3.0,1.0,1.0,3.0,3.0,1.0,1.0,1.0,2.0,2.0,1.0,1.0,1.0,3.0,4.0,4.0,1.0,1.0,1.0,2.0,1.0,2.0,2.0,2.0,8.0,9.0,3.0,1.0,2.0,1.0,1.0,3.0,2.0,2.0,1.0,5.0,1.0,3.0,3.0,3.0,4.0,1.0,1.0,2.0,2.0,3.0,3.0,1.0,3.0,2.0,1.0,1.0,1.0,1.0,1.0,1.0,1.0,1.0,1.0,1.0,1.0,2.0,10.0,2.0,3.0,3.0,3.0,2.0,1.0,1.0,1.0,1.0,2.0,1.0,15.0,3.0,3.0,3.0,3.0,1.0,1.0,11.0,2.0,2.0,2.0,3.0,1.0,1.0,1.0,1.0,9.0,2.0,2.0,3.0,3.0,1.0,1.0,1.0,2.0,1.0,13.0,2.0,2.0,3.0,3.0,6.0,5.0,2.0,2.0,2.0,2.0,3.0,3.0,4.0,3.0,2.0,2.0,3.0,3.0,4.0,2.0,7.0,3.0,3.0,2.0,2.0,1.0,3.0,7.0,2.0,13.0,6.0,4.0,1.0,1.0,1.0,2.0,1.0,3.0,2.0,10.0,2.0,14.0,1.0,1.0,1.0,9.0,3.0,2.0,1.0,1.0,10.0,2.0,1.0,1.0,1.0,2.0,3.0,7.0,5.0,1.0,1.0,1.0,2.0,6.0,2.0,2.0,4.0,2.0,1.0,1.0,1.0,3.0,2.0,10.0,3.0,1.0,1.0,1.0,5.0,3.0,5.0,1.0,3.0,1.0,1.0,2.0,2.0,3.0,2.0,1.0,2.0,1.0,1.0,1.0,2.0,1.0,1.0,1.0,1.0,5.0,1.0,2.0,1.0,1.0,1.0,1.0,1.0,4.0,1.0,1.0,14.0,1.0,4.0,1.0,13.0,11.0,2.0,2.0,1.0,5.0,1.0,11.0,1.0,1.0,1.0,1.0,1.0,4.0,1.0,1.0,1.0,1.0,3.0,1.0,3.0,1.0,5.0,9.0,1.0,1.0,1.0,1.0,4.0,1.0,6.0,13.0,1.0,3.0,3.0,4.0,1.0,3.0,1.0,4.0,1.0,14.0,9.0,12.0,7.0,1.0,1.0,1.0,2.0,4.0,4.0,6.0,10.0,8.0,21.0,4.0,4.0,3.0,2.0,4.0,1.0,2.0,12.0,11.0,1.0,3.0,4.0,1.0,1.0,1.0,1.0,3.0,6.0,7.0,2.0,5.0,3.0,3.0,8.0,10.0,2.0,19.0,8.0,5.0,1.0,3.0,2.0,6.0,2.0,2.0,1.0,2.0,3.0,8.0,9.0,6.0,6.0,1.0,1.0,2.0,2.0,2.0,8.0,4.0,5.0,8.0,7.0,13.0,3.0,9.0,2.0,1.0,3.0,5.0,1.0,3.0,1.0,1.0,7.0,8.0,1.0,2.0,1.0,1.0,6.0,1.0,1.0,1.0,5.0,15.0,1.0,2.0,7.0,5.0,4.0,5.0,4.0,16.0,6.0,4.0,2.0,1.0,1.0,1.0,1.0,1.0,1.0,2.0,1.0,7.0,7.0,4.0,1.0,2.0,1.0,2.0,1.0,1.0,1.0,1.0,2.0,2.0,1.0,1.0,1.0,1.0,1.0,1.0,1.0,1.0,1.0,1.0,1.0,2.0,2.0,4.0,1.0,1.0,1.0,2.0,7.0,1.0,1.0,1.0,1.0,1.0,1.0,1.0,2.0,3.0,6.0,7.0,4.0,1.0,3.0,1.0,1.0,1.0,1.0,1.0,1.0,1.0,1.0,1.0,2.0,1.0,1.0,2.0,1.0,1.0,1.0,2.0,1.0,1.0,1.0,1.0,1.0,2.0,2.0,3.0,6.0,1.0,1.0,2.0,1.0,1.0,2.0,1.0,1.0,13.0,19.0,2.0,1.0,1.0,4.0,1.0,1.0,1.0,2.28507226805276,1.0,1.0,1.0,1.0,1.0,1.0,1.0,2.0,1.0,1.0,1.0,16.0,15.0,1.0,2.0,2.0,2.0,1.0,1.0,1.0,2.0,1.0,1.0,1.0,1.0,1.0,2.0,1.0,1.0,3.0,1.0,1.0,1.0,2.0,1.0,1.0,12.0,7.0,1.0,5.0,1.0,3.0,1.0,1.0,1.0,2.0,3.0,1.0,1.0,6.0,7.0,3.0,5.0,3.0,1.0,1.0,3.0,2.0,1.0,7.0,16.0,1.0,1.0,5.0,3.0,1.0,1.0,3.0,2.0,1.0,1.46952489648403,1.0,2.0,3.0,3.0,1.0,1.0,2.0,1.0,1.0,1.0,2.0,30.0,1.0,4.0,7.0,1.0,1.0,1.0,1.0,1.0,2.0,1.0,2.0,1.0,1.0,1.0,1.0,1.0,1.0,5.0,24.0,4.0,2.0,1.0,1.0,1.0,1.0,1.0,1.0,2.0,2.0,3.0,1.0,2.0,1.0,1.0,1.0,1.0,1.0,1.0,1.0,2.0,1.0,1.0,1.0,1.0,1.0,1.0,1.0,1.0,3.0,1.0,1.0,1.0,3.0,5.0,2.0,3.0,1.0,1.0,2.0,1.0,2.0,1.0,3.0,1.0,2.0,1.0,1.0,2.0,2.0,2.0,1.0,1.0,5.0,2.0,2.0,4.0,1.0,3.0,1.0,4.0,1.0,1.0,2.0,1.0,1.0,4.0,1.0,2.0,1.0,1.0,2.0,4.0,1.0,2.0,2.0,5.0,1.0,1.0,2.0,1.0,1.0,3.0,1.0,1.0,3.0,3.0,5.0,3.0,4.0,1.0,1.0,1.0,2.0,1.0,2.0,1.0,2.0,1.0,1.0,3.0,1.0,1.0,1.0,1.0,2.0,1.0,1.0,1.0,2.0,1.0,1.0,1.0,1.0,1.0,1.0,1.0,1.0,4.0,1.0,1.0,1.0,2.0,1.0,6.0,1.0,1.0,1.0,2.0,2.0,1.0,1.0,1.0,-1.2523449689335,2.0,1.0,1.0,2.0,1.0,-1.0,-1.0,-1.0,-1.0,-2.0,1.0,9.0,-1.0,1.0,-1.0,-1.0,-5.0,-4.0,-3.0,-4.0,-5.0,-5.0,1.0,1.0,1.0,6.0,6.0,2.0,1.0,3.0,2.0,1.0,4.0,5.0,1.0,3.0,1.0,1.0,2.0,1.0,5.0,1.0,1.0,10.0,4.0,1.0,1.0,1.0,3.0,7.0,1.0,2.0,8.0,1.0,2.0,1.0,1.0,1.0,2.0,1.0,2.0,9.0,1.0,9.0,1.0,1.0,1.0,3.0,1.0,1.0,4.0,4.0,1.0,2.0,1.0,2.0,1.0,1.0,1.0,2.0,1.0,1.0,2.0,4.0,1.0,1.0,10.0,1.0,1.0,1.0,3.0,1.0,4.0,4.0,9.0,1.0,1.0,5.0,1.0,1.0,1.0,4.0,2.0,5.0,1.0,7.0,1.0,5.0,1.0,1.0,1.0,2.0,1.0,5.0,4.0,6.0,1.0,-3.0,-1.0,-1.0,-13.70931735451625,-2.0,-2.0,-1.0,-1.0,-1.0,-1.0,-3.0,-1.0,-2.0,-4.0,-1.0,-2.0,-1.0,-1.0,-1.0,5.0,4.0,2.0,7.0,2.0,1.0,2.0,1.0,2.0,1.0,3.0,4.0,4.0,1.0,1.0,2.0,4.0,2.0,6.0,1.0,5.0,1.0,8.0,7.0,1.0,4.0,3.0,1.0,1.0,1.0,2.0,1.0,4.0,1.0,1.0,1.0,1.0,2.0,1.0,1.0,3.0,2.0,4.0,7.0,7.0,4.0,1.0,1.0,4.0,1.0,1.0,2.0,1.0,1.0,5.0,1.0,2.0,7.0,4.0,2.0,2.0,1.0,1.0,1.0,2.0,2.0,2.0,1.0,1.0,2.0,6.0,1.0,4.0,2.0,3.0,17.0,1.0,8.0,8.0,1.0,1.0,2.0,2.0,1.0,1.0,2.0,2.0,11.0,5.0,2.0,1.0,2.0,2.0,2.0,2.0,2.0,2.0,2.0,2.0,2.0,1.0,1.0,25.0,6.0,5.0,5.0,5.0,5.0,5.0,5.0,3.0,2.0,1.0,1.0,2.0,1.0,1.0,12.0,15.0,4.0,4.0,5.0,4.0,4.0,5.0,2.0,1.0,5.0,1.0,1.0,2.0,1.0,16.0,5.0,4.0,5.0,4.0,10.0,2.0,4.0,3.0,3.0,6.0,4.0,4.0,4.0,4.0,4.0,4.0,4.0,4.0,4.0,2.0,4.0,4.0,4.0,4.0,4.0,4.0,1.0,0.04841487884133,4.0,4.0,4.0,4.0,4.0,4.0,1.0,1.0,1.0,1.0,1.0,1.0,4.0,4.0,4.0,4.0,4.0,4.0,4.0,4.0,4.0,4.0,1.0,1.0,1.0,1.0,3.0,1.0,1.0,10.0,1.0,1.0,1.0,1.0,1.0,21.0,15.0,1.0,1.0,1.0,1.0,1.0,1.0,5.0,1.0,6.0,2.0,2.0,23.0,14.0,1.0,3.0,3.0,3.0,3.0,3.0,3.0,3.0,3.0,1.0,1.0,1.0,1.0,1.0,6.0,1.0,4.0,10.0,9.0,26.0,7.0,3.0,3.0,4.0,3.0,3.0,3.0,4.0,3.0,1.0,1.0,1.0,1.0,3.0,1.0,1.0,13.0,2.0,2.0,2.0,2.0,2.0,2.0,2.0,1.0,1.0,2.0,2.0,2.0,2.0,2.0,2.0,3.0,2.0,1.0,2.0,2.0,2.0,2.0,2.0,2.0,2.0,1.0,2.0,2.0,2.0,2.0,2.0,2.0,2.0,2.0,2.0,2.0,2.0,1.0,-2.0,1.0,4.0,1.0,-4.0,-4.0,-5.0,-4.0,-4.0,-4.0,-5.0,-4.0,-1.0,1.0,2.0,-1.0,1.0,-4.0,-5.0,-4.0,-4.0,-5.0,-4.0,2.0,1.0,-5.0,-6.0,-5.0,-5.0,-6.0,-5.0,1.0,1.0,1.0,-5.0,-5.0,-5.0,-5.0,-5.0,-5.0,-1.0,1.0,-1.0,-5.0,-5.0,-5.0,-5.0,-5.0,-5.0,-3.0,-4.0,-1.0,-1.0,-3.0,-1.0,0.0,1.0,-9.0,-5.0,1.0,-1.0,-2.0,-1.0,-1.0,-2.0,-1.0,-3.0,-2.0,-1.0,-1.0,-1.0,-1.0,-1.0,-3.0,-1.0,-1.0,-1.0,-1.0,-3.0,-2.0,-3.0,-2.0,-1.0,-1.0,-1.0,-2.0,7.0,-4.0,-2.0,-3.0,-3.0,-1.0,-1.0,-1.0,1.0,1.0,0.0,-1.0,-5.0,-7.0,-1.0,-2.0,-1.0,9.0,2.0,13.0,-1.0,-1.0,-1.0,-5.0,-5.0,-2.0,-4.0,1.0,5.0,4.0,2.0,2.0,1.0,2.0,15.0,17.0,4.0,5.0,7.0,13.0,1.0,3.0,1.0,1.0,1.0,12.0,5.0,5.0,1.0,11.0,2.0,4.0,2.0,1.0,14.57346510062307,4.0,2.0,1.0,1.0,2.0,1.0,1.0,2.0,1.0,1.0,2.0,6.0,1.0,1.0,2.0,4.0,3.0,2.0,2.0,3.0,7.0,1.0,1.0,1.0,1.0,1.0,2.0,1.0,1.0,1.0,1.0,1.0,1.0,1.0,1.0,2.0,2.0,1.0,4.0,1.0,1.0,1.0,1.0,3.0,1.0,2.0,6.0,1.0,1.0,1.0,1.0,1.0,1.0,1.0,1.0,1.0,1.0,1.0,1.0,3.0,1.0,1.0,3.0,2.0,2.0,2.0,5.0,-20.76157324031526,2.0,2.0,4.0,3.0,1.0,2.0,2.0,2.0,2.0,1.0,1.0,2.0,2.0,2.0,1.0,1.0,1.0,1.0,1.0,2.0,1.0,4.0,1.0,1.0,1.0,1.0,2.0,1.0,1.0,1.0,5.0,5.0,1.0,4.0,3.0,2.0,2.0,1.0,5.0,1.0,3.0,4.0,2.0,1.0,3.0,3.0,4.0,3.0,3.0,1.0,1.0,2.0,1.0,3.0,2.0,4.0,2.0,1.0,4.0,2.0,1.0,2.0,3.0,3.0,3.0,3.0,2.0,1.0,4.0,5.0,1.0,1.0,5.0,4.0,2.0,1.0,1.0,1.0,6.0,10.0,1.0,5.0,5.0,1.0,7.0,2.0,1.0,10.0,4.0,3.0,3.0,1.0,7.0,1.0,11.0,1.0,2.0,2.0,1.0,3.0,2.0,1.0,1.0,5.0,8.0,1.0,7.0,3.0,1.0,2.0,2.0,1.0,2.0,1.0,1.0,1.0,1.0,2.0,7.0,6.0,1.0,2.0,1.0,1.0,1.0,1.0,5.0,1.0,1.0,2.0,5.0,1.0,2.0,7.0,6.0,6.0,1.0,2.0,9.0,3.0,6.0,1.0,6.0,4.0,9.0,1.0,1.0,1.0,2.0,10.0,6.0,2.0,2.0,5.0,5.0,1.0,10.0,1.0,2.0,4.0,5.0,13.0,1.0,1.0,1.0,1.0,4.0,4.0,3.0,1.0,2.0,1.0,1.0,1.0,2.0,4.0,4.0,5.0,11.0,1.0,1.0,1.0,1.0,5.0,2.0,7.0,1.0,1.0,2.0,1.0,1.0,1.0,3.0,3.0,2.0,2.0,3.0,5.0,1.0,2.0,1.0,-2.0,1.0,1.0,7.0,-3.0,-3.0,-3.0,-3.0,1.0,0.0,4.0,-2.0,5.0,-6.0,-6.0,-6.0,-6.0,-2.0,-1.0,-1.0,-6.0,-6.0,-6.0,-6.0,-3.0,-2.0,-1.0,-1.0,-3.0,-3.0,-3.0,-3.0,-2.0,-1.0,-1.0,2.0,-1.0,-6.0,-6.0,-6.0,-6.0,-6.0,-6.0,-6.0,1.0,1.0,-3.0,-3.0,7.0,2.0,-5.0,-5.0,-5.0,-5.0,1.0,-2.0,-2.0,2.0,1.0,-5.0,-6.0,-5.0,-5.0,2.0,1.0,1.0,1.0,-6.0,-6.0,-6.0,-6.0,-1.0,1.0,-2.0,-2.0,1.0,2.0,-13.0,-13.0,-1.0,-1.0,-2.0,2.0,1.0,-5.0,-5.0,-5.0,-5.0,-5.0,-5.0,1.0,1.0,-5.0,-5.0,-5.0,-5.0,-5.0,0.0,-3.0,-12.0,-12.0,1.0,5.0,-7.0,-7.0,-7.0,-7.0,1.0,7.0,1.0,1.0,1.0,2.0,11.0,1.0,4.0,1.0,3.0,6.0,1.0,2.0,3.0,15.0,3.0,2.0,3.0,4.0,1.0,6.0,6.0,4.0,2.0,1.0,1.0,1.0,1.0,1.0,1.0,3.0,7.0,1.0,3.0,1.0,1.0,1.0,3.0,2.0,1.0,2.0,2.0,1.0,1.0,3.0,3.0,3.0,1.0,1.0,2.0,3.0,3.0,3.0,1.0,1.0,1.0,3.0,4.0,4.0,2.0,3.0,1.0,1.0,1.0,1.0,1.0,1.0,2.0,3.0,4.0,4.0,2.0,6.0,3.0,1.0,1.0,1.0,1.0,1.0,1.0,2.0,3.0,1.0,13.0,3.0,1.0,1.0,6.0,1.0,1.0,1.0,4.0,1.0,1.0,2.0,2.0,4.0,3.0,3.0,1.0,1.0,1.0,1.0,2.0,2.0,3.0,3.0,1.0,1.0,2.0,2.0,1.0,2.0,6.0,6.0,2.0,3.0,2.0,2.0,1.0,1.0,2.0,2.0,6.0,6.0,2.0,3.0,2.0,2.0,1.0,1.0,21.0,3.0,4.0,1.0,2.0,2.0,8.0,1.0,7.0,2.0,1.0,2.0,3.0,4.0,4.0,1.0,16.0,1.0,6.0,3.0,1.0,1.0,2.0,10.0,1.0,10.0,3.0,3.0,2.0,1.0,4.0,3.0,1.0,2.0,1.0,1.0,4.0,1.0,3.0,1.0,2.0,2.0,1.0,1.0,1.0,1.0,3.0,1.0,1.0,2.0,1.0,1.0,1.0,1.0,1.0,1.0,1.0,1.0,1.0,1.0,1.0,4.0,3.0,1.0,1.0,1.0,1.0,1.0,1.0,2.0,2.0,1.0,4.0,1.0,4.0,1.0,1.0,2.0,1.0,1.0,3.0,2.0,2.0,2.0,2.0,1.0,1.0,6.0,24.0,4.0,1.0,3.0,2.0,1.0,1.0,16.0,35.0,3.0,1.0,1.0,1.0,1.0,1.0,1.0,3.0,5.0,1.0,1.0,2.0,7.0,5.0,5.0,2.0,3.0,1.0,1.0,1.0,8.0,1.0,5.0,3.0,2.0,9.0,6.0,1.0,4.0,13.0,1.0,7.0,7.0,1.0,1.0,1.0,1.0,1.0,4.0,6.0,3.0,2.0,1.0,8.0,6.0,1.0,1.0,1.0,2.0,3.0,1.0,2.0,8.0,1.0,2.0,9.0,2.0,1.0,1.0,1.0,1.0,1.0,4.0,1.0,1.0,4.0,5.0,1.0,1.0,2.0,3.0,2.0,1.0,2.0,5.0,6.0,4.0,6.0,8.0,11.0,7.0,6.0,1.0,1.0,1.0,4.0,1.0,3.0,4.0,5.0,12.0,5.0,2.0,2.0,1.0,4.0,2.0,1.0,1.0,1.0,3.0,4.0,3.0,2.0,2.0,3.0,5.0,1.0,7.0,5.0,2.0,2.0,3.0,1.0,1.0,1.0,1.0,2.0,1.0,2.0,1.0,1.0,12.0,10.0,8.0,6.0,5.0,1.0,1.0,1.0,3.0,1.0,1.0,1.0,3.0,4.0,1.0,2.0,1.0,1.0,1.0,2.0,1.0,1.0,8.0,1.0,1.0,2.0,2.0,5.0,2.0,2.0,1.0,1.0,3.0,2.0,3.0,1.0,6.0,6.0,1.0,1.0,6.0,1.0,6.0,9.0,3.0,13.0,10.0,1.0,1.0,11.0,1.0,1.0,3.0,8.0,9.0,2.0,1.0,2.0,3.0,3.0,3.0,1.0,1.0,1.0,5.0,5.0,2.0,1.0,2.0,2.0,1.0,1.0,5.0,1.0,1.0,1.0,1.0,3.0,2.0,1.0,2.0,1.0,3.0,4.0,1.0,2.0,1.0,2.0,1.0,2.0,2.0,1.0,1.0,2.0,2.0,1.0,1.0,1.0,1.0,1.0,1.0,2.0,1.0,8.0,2.0,1.0,5.0,6.0,2.0,1.0,1.0,1.0,6.0,2.0,3.0,4.0,3.0,1.0,1.0,2.0,2.0,1.0,1.0,11.0,1.0,1.0,2.0,4.0,5.0,3.0,1.0,4.0,1.0,14.0,4.0,7.0,1.0,1.0,2.0,1.0,1.0,1.0,1.0,1.0,1.0,3.0,1.0,9.0,2.0,2.0,1.0,1.0,7.0,1.0,8.0,1.0,1.0,1.0,1.0,2.0,1.0,1.0,1.0,1.0,2.0,1.0,1.0,1.0,1.0,1.0,1.0,4.0,4.0,3.0,2.0,1.0,1.0,1.0,1.0,3.0,1.0,1.0,1.0,1.0,1.0,1.0,1.0,1.0,2.0,1.0,3.0,3.0,1.0,1.0,3.0,5.0,9.0,7.0,2.0,2.0,1.0,1.0,1.0,2.0,3.0,1.0,1.0,2.0,3.0,1.0,1.0,2.0,2.0,1.0,1.0,1.0,1.0,2.0,1.0,1.0,-1.0,-1.0,-2.0,-4.0,-12.0,-7.0,-6.0,-6.0,-9.0,-11.0,-2.0,-8.0,-10.0,-6.0,-11.0,-1.0,-1.0,-4.0,-1.0,-10.0,-11.0,-3.0,-8.0,-12.0,-10.0,-1.0,-1.0,-1.0,-1.0,-7.0,-7.0,-13.0,-7.0,2.0,1.0,1.0,1.0,2.0,1.0,1.0,5.0,1.0,2.0,1.0,1.0,3.0,1.0,3.0,1.0,1.0,1.0,1.0,1.0,1.0,1.0,1.0,4.0,1.0,1.0,2.0,1.0,1.0,3.0,1.0,1.0,2.0,1.0,1.0,2.0,3.0,1.0,2.0,1.0,1.0,1.0,1.0,1.0,1.0,2.0,1.0,2.0,1.0,2.0,5.0,6.0,1.0,2.0,1.0,1.0,3.0,1.0,1.0,2.0,3.0,3.0,1.0,1.0,2.0,5.0,5.0,1.0,1.0,4.0,3.0,2.0,1.0,1.0,-1.0,1.0,2.0,-3.0,1.0,1.0,-4.0,-4.0,-3.0,2.0,-1.0,-1.0,-1.0,-2.0,2.0,10.0,1.0,1.0,1.0,2.0,3.0,4.0,1.0,2.0,1.0,17.0,1.0,1.0,1.0,1.0,2.0,1.0,1.0,1.0,4.0,4.0,1.0,3.0,1.0,1.0,2.0,1.0,1.0,1.0,2.0,2.0,1.0,1.0,1.0,1.0,2.0,3.0,2.0,1.0,1.0,3.0,1.0,1.0,1.0,2.0,3.0,1.0,1.0,2.0,4.0,2.0,1.0,1.0,1.0,1.0,2.0,3.0,1.0,4.0,1.0,1.0,1.0,4.0,4.0,1.0,1.0,2.0,2.0,2.0,2.0,1.0,2.0,1.0,2.0,3.0,1.0,6.0,11.0,8.0,5.0,4.0,5.0,3.0,2.0,1.0,1.0,1.0,1.0,1.0,2.0,2.0,3.0,2.0,3.0,1.0,1.0,1.0,1.0,1.0,1.0,3.0,2.0,5.0,1.0,2.0,2.0,1.0,5.0,1.0,5.0,1.0,2.0,5.0,3.0,2.0,1.0,1.0,1.0,2.0,3.0,1.0,1.0,1.0,3.0,3.0,2.0,4.0,1.0,1.0,1.0,1.0,1.0,1.0,1.0,1.0,1.0,1.0,1.0,3.0,5.0,1.0,1.0,1.0,2.0,2.0,1.0,1.0,5.0,1.0,1.0,5.0,1.0,1.0,-7.0,-7.0,1.0,-1.0,-4.0,-2.0,-1.0,-2.0,-1.0,1.0,-1.0,-3.0,-5.0,0.0,-3.0,-1.0,-2.0,-4.0,1.0,-1.0,1.0,-1.0,-1.0,1.0,-1.0,-1.0,2.0,-2.0,-3.0,2.0,-2.0,-1.0,1.0,-1.0,-1.0,-2.0,1.0,-2.0,-1.0,2.0,-1.0,-1.0,-1.0,-1.0,-2.0,2.0,-2.0,-2.0,0.0,-1.0,-1.0,-1.0,-1.0,-1.0,1.0,1.0,1.0,7.0,1.0,1.0,1.0,1.0,1.0,2.0,1.0,1.0,12.0,1.0,1.0,1.0,1.0,1.0,1.0,2.0,1.0,1.0,1.0,1.0,2.0,4.0,3.0,1.0,1.0,3.0,1.0,1.0,1.0,1.0,2.0,1.0,1.0,1.0,1.0,1.0,2.0,1.0,1.0,3.0,7.0,2.0,1.0,1.0,1.0,1.0,1.0,1.0,1.0,1.0,1.0,1.0,1.0,1.0,6.0,1.0,1.0,1.0,1.0,1.0,1.0,1.0,1.0,1.0,1.0,1.0,1.0,1.0,1.0,1.0,1.0,4.0,1.0,1.0,1.0,1.0,1.0,1.0,1.0,1.0,1.0,1.0,1.0,1.0,1.0,1.0,1.0,1.0,1.0,1.0,1.0,-1.0,-1.0,1.0,1.0,2.0,-2.0,-2.0,-2.0,-2.0,-2.0,1.0,1.0,-3.0,-3.0,-3.0,-3.0,1.0,-5.0,-5.0,-5.0,1.0,1.0,1.0,1.0,2.0,1.0,1.0,-1.0,-1.0,-1.0,-1.0,-1.0,-1.0,4.0,4.0,1.0,1.0,3.0,1.0,1.0,1.0,1.0,1.0,3.0,3.0,2.0,1.0,1.0,1.0,1.0,1.0,2.0,1.0,1.0,2.0,2.0,1.0,1.0,1.0,1.0,1.0,3.0,3.0,3.0,1.0,1.0,2.0,1.0,1.0,2.0,2.0,2.0,1.0,1.0,1.0,2.0,1.0,1.0,1.0,1.0,3.0,1.0,1.0,1.0,1.0,4.0,2.0,5.0,1.0,2.0,1.0,1.0,1.0,1.0,3.0,1.0,2.0,3.0,2.0,1.0,1.0,1.0,2.0,2.0,2.0,2.0,1.0,6.0,3.0,6.0,1.0,1.0,1.0,3.0,1.0,4.0,5.0,1.0,1.0,1.0,1.0,1.0,17.0,1.0,2.0,12.0,1.0,2.0,3.0,8.0,13.0,5.0,2.0,1.0,2.0,6.0,4.0,4.0,2.0,1.0,3.0,2.0,1.0,1.0,1.0,3.0,1.0,1.0,1.0,3.0,1.0,1.0,1.0,3.0,1.0,1.0,1.0,2.0,3.0,7.0,4.0,3.0,1.0,2.0,2.0,2.0,1.0,1.0,1.0,1.0,1.0,1.0,1.0,1.0,1.0,1.0,1.0,1.0,1.0,1.0,1.0,1.0,1.0,1.0,1.0,1.0,1.0,1.0,1.0,1.0,1.0,3.0,1.0,1.0,2.0,2.0,2.0,2.0,3.0,1.0,1.0,1.0,2.0,1.0,4.0,3.0,1.0,1.0,1.0,2.0,1.0,7.40298284432326,1.0,5.0,3.0,2.0,1.0,1.0,1.0,1.0,1.0,1.0,1.0,1.0,1.0,3.0,4.0,3.0,1.0,1.0,1.0,1.0,1.0,1.0,1.0,1.0,1.0,1.0,1.0,1.0,2.0,1.0,1.0,1.0,1.0,1.0,1.0,1.0,1.0,1.0,1.0,1.0,2.0,1.0,1.0,1.0,1.0,1.0,1.0,1.0,1.0,1.0,1.0,1.0,1.0,1.0,3.0,8.0,2.0,1.0,2.0,1.0,1.0,4.0,1.0,1.0,1.0,1.0,1.0,1.0,1.0,7.0,5.0,2.0,3.0,1.0,1.0,2.0,1.0,1.0,1.0,1.0,1.0,1.0,2.0,3.0,1.0,2.0,2.0,2.0,1.0,3.0,1.0,1.0,1.0,1.0,3.0,2.0,3.0,3.0,1.0,1.0,2.0,2.0,2.0,3.0,2.0,1.0,3.0,1.0,2.0,2.0,2.0,2.0,2.0,2.0,1.0,1.0,1.0,1.0,1.0,1.0,1.0,1.0,1.0,2.0,1.0,1.0,1.0,3.0,1.0,1.0,1.0,1.0,1.0,1.0,1.0,2.0,1.0,6.0,1.0,5.0,1.0,4.0,1.0,8.0,1.0,3.0,3.0,4.0,1.0,2.0,2.0,1.0,1.0,3.0,2.0,3.0,1.0,2.0,1.0,1.0,2.0,1.0,1.0,4.0,6.0,1.0,1.0,1.0,2.0,2.0,1.0,1.0,3.0,5.0,4.0,1.0,1.0,5.0,1.0,1.0,2.0,1.0,1.0,1.0,4.0,2.0,1.0,4.0,2.0,6.0,1.0,1.0,1.0,1.0,6.0,4.0,1.0,1.0,3.0,3.0,2.0,9.0,2.0,3.0,3.0,3.0,3.0,1.0,1.0,5.0,5.0,5.0,5.0,1.0,7.0,10.0,2.0,1.0,4.0,5.0,5.0,5.0,5.0,2.0,1.0,3.0,5.0,4.0,2.0,2.0,1.0,1.0,2.0,3.0,1.0,1.0,3.0,11.0,5.0,5.0,5.0,5.0,5.0,5.0,5.0,5.0,13.0,3.0,2.0,2.0,3.0,11.0,5.0,5.0,5.0,5.0,1.0,1.0,2.0,18.0,11.0,2.0,1.0,3.0,3.0,5.0,5.0,5.0,5.0,5.0,5.0,2.0,1.0,3.0,1.0,1.0,21.0,1.0,2.0,3.0,6.0,6.0,6.0,6.0,2.0,5.0,3.0,2.0,5.0,13.0,2.0,5.0,5.0,5.0,5.0,6.0,2.0,24.0,2.0,1.0,2.0,5.0,5.0,5.0,5.0,1.0,2.0,4.0,3.0,12.0,1.0,9.0,4.0,4.0,4.0,4.0,4.0,4.0,4.0,1.0,10.0,4.0,1.0,21.0,1.0,2.0,1.0,1.0,1.0,4.0,3.0,5.0,6.0,6.0,6.0,6.0,6.0,1.0,1.0,3.0,15.0,1.0,1.0,1.0,1.0,7.0,4.0,1.0,10.0,5.0,5.0,5.0,5.0,1.0,1.0,4.0,2.0,1.0,1.0,2.0,2.0,9.0,2.0,1.0,1.0,3.0,1.0,4.0,3.0,1.0,1.0,1.0,1.0,1.0,2.0,1.0,1.0,9.0,1.0,1.0,1.0,2.0,5.0,5.0,5.0,5.0,2.0,1.0,7.0,1.0,2.0,5.0,5.0,5.0,5.0,5.0,5.0,5.0,3.0,1.0,1.0,20.0,1.0,1.0,1.0,4.0,1.0,1.0,2.0,1.0,9.0,3.0,4.0,4.0,4.0,4.0,4.0,4.0,4.0,4.0,1.0,1.0,37.0,1.0,1.0,1.0,6.0,6.0,6.0,6.0,6.0,6.0,1.0,1.0,1.0,1.0,6.0,16.0,1.0,5.0,5.0,5.0,5.0,1.0,27.0,1.0,1.0,1.0,7.0,6.0,6.0,6.0,6.0,1.0,2.0,1.0,30.0,1.0,1.0,1.0,1.0,8.0,6.0,6.0,6.0,6.0,6.0,2.0,2.0,2.0,2.0,5.0,5.0,7.0,3.0,30.0,3.0,10.0,6.0,1.0,10.0,5.0,5.0,5.0,5.0,5.0,5.0,5.0,4.0,1.0,6.0,8.0,1.0,2.0,3.0,4.0,4.0,5.0,6.0,6.0,6.0,6.0,-5.0,-5.0,-5.0,-5.0,-5.0,-5.0,-5.0,-5.0,-5.0,-5.0,1.0
1.0,1.0,1.0,2.0,1.0,2.0,4.0,7.0,1.0,2.0,1.0,5.0,1.0,1.0,1.0,1.0,3.0,1.0,2.0,1.0,1.0,1.0,1.0,1.0,1.0,1.0,5.0,2.0,1.0,3.0,1.0,1.0,5.0,1.0,1.0,2.0,1.0,1.0,1.0,2.0,3.0,1.0,1.0,1.0,1.0,1.0,1.0,1.0,1.0,1.0,1.0,1.0,5.0,3.0,2.0,1.0,1.0,2.0,1.0,1.0,1.0,1.0,1.0,1.0,1.0,1.0,2.0,1.0,5.0,1.0,2.0,1.0,1.0,2.0,1.0,1.0,1.0,1.0,2.0,1.0,7.0,4.0,1.0,2.0,1.0,2.0,12.0,5.0,1.0,15.0,1.0,2.0,2.0,2.0,1.0,1.0,8.0,1.0,4.0,1.0,1.0,16.0,3.0,3.0,1.0,2.0,1.0,1.0,6.0,7.0,1.0,2.0,3.0,2.0,2.0,3.0,2.0,1.0,5.0,1.0,3.0,2.0,2.0,1.0,1.0,1.0,10.0,10.0,1.0,3.0,2.0,1.0,2.0,5.0,2.0,1.0,3.0,1.0,1.0,1.0,1.0,1.0,1.0,1.0,7.0,1.0,1.0,13.0,1.0,1.0,1.0,10.0,2.0,1.0,3.0,1.0,1.0,2.0,3.0,1.0,1.0,1.0,1.0,1.0,1.0,1.0,2.0,1.0,14.0,1.0,1.0,1.0,2.0,2.0,1.0,3.0,2.0,1.0,1.0,1.0,2.0,5.0,1.0,1.0,1.0,4.0,1.0,4.0,2.0,14.0,1.0,2.0,2.0,4.0,1.0,1.0,3.0,1.0,1.0,2.0,1.0,1.0,4.0,3.0,17.0,1.0,1.0,1.0,1.0,3.0,1.0,3.0,5.0,1.0,2.0,2.0,2.0,1.0,1.0,1.0,4.0,1.0,2.0,1.0,1.0,1.0,1.0,1.0,1.0,5.0,2.0,2.0,3.0,1.0,1.0,1.0,1.0,2.0,1.0,1.0,1.0,1.0,1.0,5.0,2.0,3.0,2.0,2.0,3.0,1.0,2.0,4.0,1.0,2.0,2.0,2.0,1.0,1.0,1.0,1.0,1.0,3.0,2.0,1.0,1.0,13.0,3.0,1.0,1.0,1.0,7.0,4.0,1.0,1.0,1.0,8.0,1.0,1.0,6.0,2.0,1.0,3.0,2.0,8.0,2.0,1.0,1.0,1.0,5.0,1.0,8.0,1.0,4.0,9.0,7.0,1.0,1.0,8.0,1.0,2.0,1.0,1.0,4.0,1.0,1.0,1.0,7.0,4.0,5.0,3.0,1.0,1.0,1.0,2.0,1.0,1.0,1.0,1.0,1.0,1.0,6.0,3.0,2.0,2.0,1.0,1.0,1.0,1.0,1.0,1.0,5.0,1.0,1.0,3.0,1.0,1.0,3.0,3.0,1.0,1.0,1.0,2.0,2.0,1.0,1.0,1.0,3.0,4.0,4.0,1.0,1.0,1.0,2.0,1.0,2.0,2.0,2.0,8.0,9.0,3.0,1.0,2.0,1.0,1.0,3.0,2.0,2.0,1.0,5.0,1.0,3.0,3.0,3.0,4.0,1.0,1.0,2.0,2.0,3.0,3.0,1.0,3.0,2.0,1.0,1.0,1.0,1.0,1.0,1.0,1.0,1.0,1.0,1.0,1.0,2.0,10.0,2.0,3.0,3.0,3.0,2.0,1.0,1.0,1.0,1.0,2.0,1.0,15.0,3.0,3.0,3.0,3.0,1.0,1.0,11.0,2.0,2.0,2.0,3.0,1.0,1.0,1.0,1.0,9.0,2.0,2.0,3.0,3.0,1.0,1.0,1.0,2.0,1.0,13.0,2.0,2.0,3.0,3.0,6.0,5.0,2.0,2.0,2.0,2.0,3.0,3.0,4.0,3.0,2.0,2.0,3.0,3.0,4.0,2.0,7.0,3.0,3.0,2.0,2.0,1.0,3.0,7.0,2.0,13.0,6.0,4.0,1.0,1.0,1.0,2.0,1.0,3.0,2.0,10.0,2.0,14.0,1.0,1.0,1.0,9.0,3.0,2.0,1.0,1.0,10.0,2.0,1.0,1.0,1.0,2.0,3.0,7.0,5.0,1.0,1.0,1.0,2.0,6.0,2.0,2.0,4.0,2.0,1.0,1.0,1.0,3.0,2.0,10.0,3.0,1.0,1.0,1.0,5.0,3.0,5.0,1.0,3.0,1.0,1.0,2.0,2.0,3.0,2.0,1.0,2.0,1.0,1.0,1.0,2.0,1.0,1.0,1.0,1.0,5.0,1.0,2.0,1.0,1.0,1.0,1.0,1.0,4.0,1.0,1.0,14.0,1.0,4.0,1.0,13.0,11.0,2.0,2.0,1.0,5.0,1.0,11.0,1.0,1.0,1.0,1.0,1.0,4.0,1.0,1.0,1.0,1.0,3.0,1.0,3.0,1.0,5.0,9.0,1.0,1.0,1.0,1.0,4.0,1.0,6.0,13.0,1.0,3.0,3.0,4.0,1.0,3.0,1.0,4.0,1.0,14.0,9.0,12.0,7.0,1.0,1.0,1.0,2.0,4.0,4.0,6.0,10.0,8.0,21.0,4.0,4.0,3.0,2.0,4.0,1.0,2.0,12.0,11.0,1.0,3.0,4.0,1.0,1.0,1.0,1.0,3.0,6.0,7.0,2.0,5.0,3.0,3.0,8.0,10.0,2.0,19.0,8.0,5.0,1.0,3.0,2.0,6.0,-4.04564786099211,2.0,1.0,2.0,3.0,8.0,9.0,6.0,6.0,1.0,1.0,2.0,2.0,2.0,8.0,4.0,5.0,8.0,7.0,13.0,3.0,9.0,2.0,1.0,3.0,5.0,1.0,3.0,1.0,1.0,7.0,8.0,1.0,2.0,1.0,1.0,6.0,1.0,1.0,1.0,5.0,15.0,1.0,2.0,7.0,5.0,4.0,5.0,4.0,16.0,6.0,4.0,2.0,1.0,1.0,1.0,1.0,1.0,1.0,2.0,1.0,7.0,7.0,4.0,1.0,2.0,1.0,2.0,1.0,1.0,1.0,1.0,2.0,2.0,1.0,1.0,1.0,1.0,1.0,1.0,1.0,1.0,1.0,1.0,1.0,2.0,2.0,4.0,1.0,1.0,1.0,2.0,7.0,1.0,1.0,1.0,1.0,1.0,1.0,1.0,2.0,3.0,6.0,7.0,4.0,1.0,3.0,1.0,1.0,1.0,1.0,1.0,1.0,1.0,1.0,1.0,2.0,1.0,1.0,2.0,1.0,1.0,1.0,2.0,1.0,1.0,1.0,1.0,1.0,2.0,2.0,3.0,6.0,1.0,1.0,2.0,1.0,1.0,2.0,1.0,1.0,13.0,19.0,2.0,1.0,1.0,4.0,1.0,1.0,1.0,1.0,1.0,1.0,1.0,1.0,1.0,1.0,1.0,2.0,1.0,1.0,1.0,16.0,15.0,1.0,2.0,2.0,2.0,1.0,1.0,1.0,2.0,1.0,1.0,1.0,1.0,1.0,2.0,1.0,1.0,3.0,1.0,1.0,1.0,2.0,1.0,1.0,12.0,7.0,1.0,5.0,1.0,3.0,1.0,1.0,1.0,2.0,3.0,1.0,1.0,6.0,7.0,3.0,5.0,3.0,1.0,1.0,3.0,2.0,1.0,7.0,16.0,1.0,1.0,5.0,3.0,1.0,1.0,3.0,2.0,1.0,5.96952489648403,1.0,2.0,3.0,3.0,1.0,1.0,2.0,1.0,1.0,1.0,2.0,30.0,1.0,4.0,7.0,1.0,1.0,1.0,1.0,1.0,2.0,1.0,2.0,1.0,1.0,1.0,1.0,1.0,1.0,5.0,24.0,4.0,2.0,1.0,1.0,1.0,1.0,1.0,1.0,2.0,2.0,3.0,1.0,2.0,1.0,1.0,1.0,1.0,1.0,1.0,1.0,2.0,1.0,1.0,1.0,1.0,1.0,1.0,1.0,1.0,3.0,1.0,1.0,1.0,3.0,5.0,2.0,3.0,1.0,1.0,2.0,1.0,2.0,1.0,3.0,1.0,2.0,1.0,1.0,2.0,2.0,2.0,1.0,1.0,5.0,2.0,2.0,4.0,1.0,3.0,1.0,4.0,1.0,1.0,2.0,1.0,1.0,4.0,1.0,2.0,1.0,1.0,2.0,4.0,1.0,2.0,2.0,5.0,1.0,1.0,2.0,1.0,1.0,3.0,1.0,1.0,3.0,3.0,5.0,3.0,4.0,1.0,1.0,1.0,2.0,1.0,2.0,1.0,2.0,1.0,1.0,3.0,1.0,1.0,1.0,1.0,2.0,1.0,1.0,1.0,2.0,1.0,1.0,1.0,1.0,1.0,1.0,1.0,1.0,4.0,1.0,1.0,1.0,2.0,1.0,6.0,1.0,1.0,1.0,2.0,2.0,1.0,1.0,1.0,1.8076550310665,2.0,1.0,1.0,2.0,1.0,-1.0,-1.0,-1.0,-1.0,-2.0,1.0,9.0,-1.0,1.0,-1.0,-1.0,-5.0,-4.0,-3.0,-4.0,-5.0,-5.0,1.0,1.0,1.0,6.0,6.0,2.0,1.0,3.0,2.0,1.0,4.0,5.0,1.0,3.0,1.0,1.0,2.0,1.0,5.0,1.0,1.0,10.0,4.0,1.0,1.0,1.0,3.0,7.0,1.0,2.0,8.0,1.0,2.0,1.0,1.0,1.0,2.0,1.0,2.0,9.0,1.0,9.0,1.0,1.0,1.0,3.0,1.0,1.0,4.0,4.0,1.0,2.0,1.0,2.0,1.0,1.0,1.0,2.0,1.0,1.0,2.0,4.0,1.0,1.0,10.0,1.0,1.0,1.0,3.0,1.0,4.0,4.0,9.0,1.0,1.0,5.0,1.0,1.0,1.0,4.0,2.0,5.0,1.0,7.0,1.0,5.0,1.0,1.0,1.0,18.20845275419301,1.0,5.0,4.0,6.0,1.0,-3.0,-1.0,-1.0,-13.71931735451625,-2.0,-2.0,-1.0,-1.0,-1.0,-1.0,-3.0,-1.0,-2.0,-4.0,-1.0,-2.0,-1.0,-1.0,-1.0,5.0,4.0,2.0,7.0,2.0,1.0,2.0,1.0,2.0,1.0,3.0,4.0,4.0,1.0,1.0,2.0,4.0,2.0,6.0,1.0,5.0,11.27775448851298,8.0,7.0,1.0,4.0,3.0,1.0,1.0,1.0,2.0,1.0,4.0,1.0,1.0,1.0,1.0,2.0,1.0,1.0,3.0,2.0,4.0,7.0,7.0,4.0,1.0,1.0,4.0,1.0,1.0,2.0,1.0,1.0,5.0,1.0,2.0,7.0,4.0,2.0,2.0,1.0,1.0,1.0,2.0,2.0,2.0,1.0,1.0,2.0,6.0,1.0,4.0,2.0,3.0,-10.81276160699843,1.0,8.0,8.0,1.0,1.0,2.0,2.0,1.0,1.0,2.0,2.0,11.0,5.0,2.0,1.0,2.0,2.0,2.0,2.0,2.0,2.0,2.0,2.0,2.0,1.0,1.0,25.0,6.0,5.0,5.0,5.0,5.0,5.0,5.0,3.0,2.0,1.0,1.0,2.0,1.0,1.0,12.0,15.0,4.0,4.0,5.0,4.0,4.0,5.0,2.0,1.0,5.0,1.0,1.0,2.0,1.0,16.0,5.0,4.0,5.0,4.0,10.0,2.0,4.0,3.0,3.0,6.0,4.0,4.0,4.0,4.0,4.0,4.0,4.0,4.0,4.0,2.0,4.0,4.0,4.0,4.0,4.0,4.0,1.0,1.0,4.0,4.0,4.0,4.0,4.0,4.0,1.0,1.0,1.0,1.0,1.0,1.0,4.0,4.0,4.0,4.0,4.0,4.0,4.0,4.0,4.0,4.0,1.0,1.0,1.0,1.0,3.0,1.0,1.0,10.0,1.0,1.0,1.0,1.0,1.0,21.0,15.0,1.0,1.0,1.0,1.0,1.0,1.0,5.0,1.0,6.0,2.0,2.0,23.0,14.0,1.0,3.0,3.0,3.0,3.0,3.0,3.0,3.0,3.0,1.0,1.0,1.0,1.0,1.0,6.0,1.0,4.0,10.0,9.0,26.0,7.0,3.0,3.0,4.0,3.0,3.0,3.0,4.0,3.0,1.0,1.0,1.0,1.0,3.0,1.0,1.0,13.0,2.0,2.0,2.0,2.0,2.0,2.0,2.0,1.0,1.0,2.0,2.0,2.0,2.0,2.0,2.0,3.0,2.0,1.0,2.0,2.0,2.0,2.0,2.0,2.0,2.0,1.0,2.0,2.0,2.0,2.0,2.0,2.0,2.0,2.0,2.0,2.0,2.0,1.0,-2.0,1.0,4.0,1.0,-4.0,-4.0,-5.0,-4.0,-4.0,-4.0,-5.0,-4.0,-1.0,1.0,2.0,-1.0,1.0,-4.0,-5.0,-4.0,-4.0,-5.0,-4.0,2.0,1.0,-5.0,-6.0,-5.0,-5.0,-6.0,-5.0,1.0,1.0,1.0,-5.0,-5.0,-5.0,-5.0,-5.0,-5.0,-1.0,1.0,-1.0,-5.0,-5.0,-5.0,-5.0,-5.0,-5.0,-3.0,-4.0,-1.0,-1.0,-3.0,-1.0,0.0,1.0,-9.0,-5.0,-12.00604357555452,-1.0,-2.0,-1.0,-1.0,-2.0,-1.0,-3.0,-2.0,-1.0,-1.0,-1.0,-1.0,-1.0,-3.0,-1.0,-1.0,-1.0,-1.0,-3.0,-2.0,18.45784305872714,-2.0,-1.0,-1.0,-1.0,-2.0,7.0,-4.0,-2.0,-3.0,-3.0,-1.0,-1.0,-1.0,1.0,1.0,0.0,-1.0,-5.0,-7.0,-1.0,-2.0,-1.0,9.0,2.0,13.0,-1.0,-1.0,-1.0,-5.0,-5.0,-2.0,-4.0,1.0,5.0,4.0,2.0,2.0,1.0,2.0,15.0,17.0,4.0,5.0,7.0,13.0,1.0,3.0,1.0,1.0,1.0,12.0,5.0,5.0,1.0,11.0,2.0,4.0,2.0,1.0,15.57346510062307,4.0,2.0,1.0,1.0,2.0,1.0,1.0,2.0,1.0,1.0,2.0,6.0,1.0,1.0,2.0,4.0,3.0,2.0,2.0,3.0,7.0,1.0,1.0,1.0,1.0,1.0,2.0,1.0,1.0,1.0,1.0,1.0,1.0,1.0,1.0,2.0,2.0,1.0,4.0,1.0,1.0,1.0,1.0,3.0,1.0,2.0,6.0,1.0,1.0,1.0,1.0,1.0,1.0,1.0,1.0,1.0,1.0,1.0,1.0,3.0,1.0,1.0,3.0,2.0,2.0,2.0,5.0,-20.80157324031526,2.0,2.0,4.0,3.0,1.0,2.0,2.0,2.0,2.0,1.0,1.0,2.0,2.0,2.0,1.0,1.0,1.0,1.0,1.0,2.0,1.0,4.0,1.0,1.0,1.0,1.0,2.0,1.0,1.0,1.0,5.0,5.0,1.0,4.0,3.0,2.0,2.0,1.0,5.0,1.0,3.0,4.0,2.0,1.0,3.0,3.0,4.0,3.0,3.0,1.0,1.0,2.0,1.0,3.0,2.0,4.0,2.0,1.0,4.0,2.0,1.0,2.0,3.0,3.0,3.0,3.0,2.0,1.0,4.0,5.0,1.0,1.0,5.0,4.0,2.0,1.0,1.0,1.0,6.0,10.0,1.0,5.0,5.0,1.0,7.0,2.0,1.0,10.0,4.0,3.0,3.0,1.0,7.0,1.0,11.0,1.0,2.0,2.0,1.0,3.0,2.0,1.0,1.0,5.0,8.0,1.0,7.0,3.0,1.0,2.0,2.0,1.0,2.0,1.0,1.0,1.0,1.0,2.0,7.0,6.0,1.0,2.0,1.0,1.0,1.0,1.0,5.0,1.0,1.0,2.0,5.0,1.0,2.0,7.0,6.0,6.0,1.0,2.0,9.0,3.0,6.0,1.0,6.0,4.0,9.0,1.0,1.0,1.0,2.0,10.0,6.0,2.0,2.0,5.0,5.0,1.0,10.0,1.0,2.0,4.0,5.0,13.0,1.0,1.0,1.0,1.0,4.0,4.0,3.0,1.0,2.0,1.0,1.0,1.0,2.0,4.0,4.0,5.0,11.0,1.0,1.0,1.0,1.0,5.0,2.0,7.0,1.0,1.0,2.0,1.0,1.0,1.0,3.0,3.0,2.0,2.0,3.0,5.0,1.0,2.0,1.0,-2.0,1.0,1.0,7.0,-3.0,-3.0,-3.0,-3.0,1.0,0.0,4.0,-2.0,5.0,-6.0,-6.0,-6.0,-6.0,-2.0,-1.0,-1.0,-6.0,-6.0,-6.0,-6.0,-3.0,-2.0,-1.0,-1.0,-3.0,-3.0,-3.0,-3.0,-2.0,-1.0,-1.0,2.0,-1.0,-6.0,-6.0,-6.0,-6.0,-6.0,-6.0,-6.0,1.0,1.0,-3.0,-3.0,7.0,2.0,-5.0,-5.0,-5.0,-5.0,1.0,-2.0,-2.0,2.0,1.0,-5.0,-6.0,-5.0,-5.0,2.0,1.0,1.0,1.0,-6.0,-6.0,-6.0,-6.0,-1.0,1.0,-2.0,-2.0,1.0,2.0,-13.0,-13.0,-1.0,-1.0,-2.0,2.0,1.0,-5.0,-5.0,-5.0,-5.0,-5.0,-5.0,1.0,1.0,-5.0,-5.0,-5.0,-5.0,-5.0,0.0,-3.0,-12.0,-12.0,1.0,5.0,-7.0,-7.0,-7.0,-7.0,1.0,7.0,1.0,1.0,1.0,2.0,11.0,1.0,4.0,1.0,3.0,6.0,1.0,2.0,3.0,15.0,3.0,2.0,3.0,4.0,1.0,6.0,6.0,4.0,2.0,1.0,1.0,1.0,1.0,1.0,1.0,3.0,7.0,1.0,3.0,1.0,1.0,1.0,3.0,2.0,1.0,2.0,2.0,1.0,1.0,3.0,3.0,3.0,1.0,1.0,2.0,3.0,3.0,3.0,1.0,1.0,1.0,3.0,4.0,4.0,2.0,3.0,1.0,1.0,1.0,1.0,1.0,1.0,2.0,3.0,4.0,4.0,2.0,6.0,3.0,1.0,1.0,1.0,1.0,1.0,1.0,2.0,3.0,1.0,13.0,3.0,1.0,1.0,6.0,1.0,1.0,1.0,4.0,1.0,1.0,2.0,2.0,4.0,3.0,3.0,1.0,1.0,1.0,1.0,2.0,2.0,3.0,3.0,1.0,1.0,2.0,2.0,1.0,2.0,6.0,6.0,2.0,3.0,2.0,2.0,1.0,1.0,2.0,2.0,6.0,6.0,2.0,3.0,2.0,2.0,1.0,1.0,21.0,3.0,4.0,1.0,2.0,2.0,8.0,1.0,7.0,2.0,1.0,2.0,3.0,4.0,4.0,1.0,16.0,1.0,6.0,3.0,1.0,1.0,2.0,10.0,1.0,10.0,3.0,3.0,2.0,1.0,4.0,3.0,1.0,2.0,1.0,1.0,4.0,1.0,3.0,1.0,2.0,2.0,1.0,1.0,1.0,1.0,3.0,1.0,1.0,2.0,1.0,1.0,1.0,1.0,1.0,0.29786125122586,1.0,1.0,1.0,1.0,1.0,4.0,3.0,1.0,1.0,1.0,1.0,1.0,1.0,2.0,2.0,1.0,4.0,1.0,4.0,1.0,1.0,2.0,1.0,1.0,3.0,2.0,2.0,2.0,2.0,1.0,1.0,6.0,24.0,4.0,1.0,3.0,2.0,1.0,1.0,16.0,35.0,3.0,1.0,1.0,1.0,1.0,1.0,1.0,3.0,5.0,1.0,1.0,2.0,7.0,5.0,5.0,2.0,3.0,1.0,1.0,1.0,8.0,1.0,5.0,3.0,2.0,9.0,6.0,1.0,4.0,13.0,1.0,7.0,7.0,1.0,1.0,1.0,1.0,1.0,4.0,6.0,3.0,2.0,1.0,8.0,6.0,1.0,1.0,1.0,2.0,3.0,1.0,2.0,8.0,1.0,2.0,9.0,2.0,1.0,1.0,1.0,1.0,1.0,4.0,1.0,1.0,4.0,5.0,1.0,1.0,2.0,3.0,2.0,1.0,2.0,5.0,6.0,4.0,6.0,8.0,11.0,7.0,6.0,1.0,1.0,1.0,4.0,1.0,3.0,4.0,5.0,12.0,5.0,2.0,2.0,1.0,4.0,2.0,1.0,1.0,1.0,3.0,4.0,3.0,2.0,2.0,3.0,5.0,1.0,7.0,5.0,2.0,2.0,3.0,1.0,1.0,1.0,1.0,2.0,1.0,2.0,1.0,1.0,12.0,10.0,8.0,6.0,5.0,1.0,1.0,1.0,3.0,1.0,1.0,1.0,3.0,4.0,1.0,2.0,1.0,1.0,1.0,2.0,1.0,1.0,8.0,1.0,1.0,2.0,2.0,5.0,2.0,2.0,1.0,1.0,3.0,2.0,3.0,1.0,6.0,6.0,1.0,1.0,6.0,1.0,6.0,9.0,3.0,13.0,10.0,1.0,1.0,11.0,1.0,1.0,3.0,8.0,9.0,2.0,1.0,2.0,3.0,3.0,3.0,1.0,1.0,1.0,5.0,5.0,2.0,1.0,2.0,2.0,1.0,1.0,5.0,1.0,1.0,1.0,1.0,3.0,2.0,1.0,2.0,1.0,3.0,4.0,1.0,2.0,1.0,2.0,1.0,2.0,2.0,1.0,1.0,2.0,2.0,1.0,1.0,1.0,1.0,1.0,1.0,2.0,1.0,8.0,2.0,1.0,5.0,6.0,2.0,1.0,1.0,1.0,6.0,2.0,3.0,4.0,3.0,1.0,1.0,2.0,2.0,1.0,1.0,11.0,1.0,1.0,2.0,4.0,5.0,3.0,1.0,4.0,1.0,14.0,4.0,7.0,1.0,1.0,2.0,1.0,1.0,1.92572291035908,1.0,1.0,1.0,3.0,1.0,9.0,2.0,2.0,1.0,1.0,7.0,1.0,8.0,1.0,1.0,1.0,1.0,2.0,1.0,1.0,1.0,1.0,2.0,1.0,1.0,1.0,1.0,1.0,1.0,4.0,4.0,3.0,2.0,1.0,1.0,1.0,1.0,3.0,1.0,1.0,1.0,1.0,1.0,1.0,1.0,1.0,2.0,1.0,3.0,3.0,1.0,1.0,3.0,5.0,9.0,7.0,2.0,2.0,1.0,1.0,1.0,2.0,3.0,1.0,1.0,2.0,3.0,1.0,1.0,2.0,2.0,1.0,1.0,1.0,1.0,2.0,1.0,1.0,-1.0,-1.0,-2.0,-4.0,-12.0,-7.0,-6.0,-6.0,-9.0,-11.0,-2.0,-8.0,-10.0,-6.0,-11.0,-6.50984180533249,-1.0,-4.0,-1.0,-10.0,-11.0,-3.0,-8.0,-12.0,-10.0,-1.0,-1.0,-1.0,-1.0,-7.0,-7.0,-13.0,-7.0,2.0,1.0,1.0,1.0,2.0,1.0,1.0,5.0,1.0,2.0,1.0,1.0,3.0,1.0,3.0,1.0,1.0,1.0,1.0,1.0,1.0,1.0,1.0,4.0,1.0,1.0,2.0,1.0,1.0,3.0,1.0,1.0,2.0,1.0,1.0,2.0,3.0,1.0,2.0,1.0,1.0,1.0,1.0,1.0,1.0,2.0,1.0,2.0,1.0,2.0,5.0,6.0,1.0,2.0,1.0,1.0,3.0,1.0,1.0,2.0,3.0,3.0,1.0,1.0,2.0,5.0,5.0,1.0,1.0,4.0,3.0,2.0,1.0,1.0,-1.0,1.0,2.0,-3.0,1.0,1.0,-4.0,-4.0,-3.0,2.0,-1.0,-1.0,-1.0,-2.0,2.0,10.0,1.0,1.0,1.0,2.0,3.0,4.0,1.0,2.0,1.0,17.0,1.0,1.0,1.0,1.0,2.0,1.0,1.0,1.0,4.0,4.0,1.0,3.0,1.0,1.0,2.0,1.0,1.0,1.0,2.0,2.0,1.0,1.0,1.0,1.0,2.0,3.0,18.94840458248437,1.0,1.0,3.0,1.0,1.0,1.0,2.0,3.0,1.0,1.0,2.0,4.0,2.0,1.0,1.0,1.0,1.0,2.0,3.0,1.0,4.0,1.0,1.0,1.0,4.0,4.0,1.0,1.0,2.0,2.0,2.0,2.0,1.0,2.0,1.0,2.0,3.0,1.0,6.0,11.0,8.0,5.0,4.0,5.0,3.0,2.0,1.0,1.0,1.0,1.0,1.0,2.0,2.0,3.0,2.0,3.0,1.0,1.0,1.0,1.0,1.0,1.0,3.0,2.0,5.0,1.0,2.0,2.0,1.0,5.0,1.0,5.0,1.0,2.0,5.0,3.0,2.0,1.0,15.11250881122309,1.0,2.0,3.0,1.0,1.0,1.0,3.0,3.0,2.0,4.0,1.0,1.0,1.0,1.0,1.0,1.0,1.0,1.0,1.0,1.0,1.0,3.0,5.0,1.0,1.0,1.0,2.0,2.0,1.0,1.0,5.0,1.0,1.0,5.0,1.0,1.0,-7.0,-7.0,1.0,-1.0,-4.0,-2.0,-1.0,-2.0,-1.0,1.0,-1.0,-3.0,-5.0,0.0,-3.0,-1.0,-2.0,-4.0,1.0,-1.0,1.0,-1.0,-1.0,1.0,-1.0,-1.0,2.0,-2.0,-3.0,2.0,-2.0,-1.0,1.0,-1.0,-1.0,-2.0,1.0,-2.0,-1.0,2.0,-1.0,-1.0,-1.0,-1.0,-2.0,2.0,-2.0,-2.0,0.0,-1.0,-1.0,-1.0,-1.0,-1.0,1.0,1.0,1.0,7.0,1.0,1.0,1.0,1.0,1.0,2.0,1.0,1.0,12.0,1.0,1.0,1.0,1.0,1.0,1.0,2.0,1.0,1.0,1.0,1.0,2.0,4.0,3.0,1.0,1.0,3.0,1.0,1.0,1.0,1.0,2.0,1.0,1.0,1.0,1.0,1.0,2.0,1.0,1.0,3.0,7.0,2.0,1.0,1.0,1.0,1.0,1.0,1.0,1.0,1.0,1.0,1.0,1.0,1.0,6.0,1.0,1.0,1.0,1.0,1.0,1.0,1.0,1.0,1.0,1.0,1.0,1.0,1.0,1.0,1.0,1.0,4.0,1.0,1.0,1.0,1.0,1.0,1.0,1.0,1.0,1.0,1.0,1.0,1.0,1.0,1.0,1.0,1.0,1.0,1.0,1.0,-1.0,-1.0,1.0,1.0,2.0,-2.0,-2.0,-2.0,-2.0,-2.0,1.0,1.0,-3.56110793196185,-3.0,-3.0,-3.0,1.0,-5.0,-5.0,-5.0,1.0,1.0,1.0,1.0,2.0,1.0,1.0,-1.0,-1.0,-1.0,-1.0,-1.0,-1.0,4.0,4.0,1.0,1.0,3.0,1.0,1.0,1.0,1.0,1.0,3.0,3.0,2.0,1.0,1.0,1.0,1.0,1.0,2.0,1.0,1.0,2.0,2.0,1.0,1.0,1.0,1.0,1.0,3.0,3.0,3.0,1.0,1.0,2.0,1.0,1.0,2.0,2.0,2.0,1.0,1.0,1.0,2.0,1.0,1.0,1.0,1.0,3.0,1.0,1.0,1.0,1.0,4.0,2.0,5.0,1.0,2.0,1.0,1.0,1.0,1.0,3.0,1.0,2.0,3.0,2.0,1.0,1.0,1.0,2.0,2.0,2.0,2.0,1.0,6.0,3.0,6.0,1.0,1.0,1.0,3.0,1.0,4.0,5.0,1.0,1.0,1.0,1.0,1.0,17.0,1.0,2.0,12.0,1.0,2.0,3.0,8.0,13.0,5.0,2.0,1.0,2.0,6.0,4.0,4.0,2.0,1.0,3.0,2.0,1.0,1.0,1.0,3.0,1.0,1.0,1.0,3.0,1.0,1.0,1.0,3.0,1.0,1.0,1.0,2.0,3.0,7.0,4.0,3.0,-0.31044766992144,2.0,2.0,2.0,1.0,1.0,1.0,1.0,1.0,1.0,1.0,1.0,1.0,1.0,1.0,1.0,1.0,1.0,1.0,1.0,1.0,1.0,1.0,1.0,1.0,1.0,1.0,1.0,1.0,3.0,1.0,1.0,2.0,2.0,2.0,2.0,3.0,1.0,1.0,1.0,2.0,1.0,4.0,3.0,1.0,1.0,1.0,2.0,1.0,7.39298284432326,1.0,5.0,3.0,2.0,1.0,1.0,1.0,1.0,1.0,1.0,1.0,1.0,1.0,3.0,4.0,3.0,1.0,1.0,1.0,1.0,1.0,1.0,1.0,1.0,1.0,1.0,1.0,1.0,2.0,1.0,1.0,1.0,1.0,1.0,1.0,1.0,1.0,1.0,1.0,1.0,2.0,1.0,1.0,1.0,1.0,1.0,1.0,1.0,1.0,1.0,1.0,1.0,1.0,1.0,3.0,8.0,2.0,1.0,2.0,1.0,1.0,4.0,1.0,1.0,1.0,1.0,1.0,1.0,1.0,7.0,5.0,2.0,3.0,1.0,1.0,2.0,1.0,1.0,1.0,1.0,1.0,1.0,2.0,3.0,1.0,2.0,2.0,2.0,1.0,3.0,1.0,1.0,1.0,1.0,3.0,2.0,3.0,3.0,1.0,1.0,2.0,2.0,2.0,3.0,2.0,1.0,3.0,1.0,2.0,2.0,2.0,2.0,2.0,2.0,1.0,1.0,1.0,1.0,1.0,1.0,1.0,1.0,1.0,2.0,1.0,1.0,1.0,3.0,1.0,1.0,1.0,1.0,1.0,1.0,1.0,2.0,1.0,6.0,1.0,5.0,1.0,4.0,1.0,8.0,1.0,3.0,3.0,4.0,1.0,2.0,2.0,1.0,1.0,3.0,2.0,3.0,1.0,2.0,1.0,1.0,2.0,1.0,1.0,4.0,6.0,1.0,1.0,1.0,2.0,2.0,1.0,1.0,3.0,5.0,4.0,1.0,1.0,5.0,1.0,1.0,2.0,1.0,1.0,1.0,4.0,2.0,1.0,4.0,2.0,6.0,1.0,1.0,1.0,1.0,6.0,4.0,1.0,1.0,3.0,3.0,-1.3686525685699,9.0,2.0,3.0,3.0,3.0,3.0,1.0,1.0,5.0,5.0,5.0,5.0,1.0,7.0,10.0,2.0,1.0,4.0,5.0,5.0,5.0,5.0,2.0,1.0,3.0,5.0,4.0,2.0,2.0,1.0,1.0,2.0,3.0,1.0,1.0,3.0,11.0,5.0,5.0,5.0,5.0,5.0,5.0,5.0,5.0,13.0,3.0,2.0,2.0,3.0,11.0,5.0,5.0,5.0,5.0,1.0,1.0,2.0,18.0,11.0,2.0,1.0,3.0,3.0,5.0,5.0,5.0,5.0,5.0,5.0,2.0,1.0,3.0,1.0,1.0,21.0,1.0,2.0,3.0,6.0,6.0,6.0,6.0,2.0,5.0,3.0,2.0,5.0,13.0,2.0,5.0,5.0,5.0,5.0,6.0,2.0,24.0,2.0,1.0,2.0,5.0,5.0,5.0,5.0,1.0,2.0,4.0,3.0,12.0,1.0,9.0,4.0,4.0,4.0,4.0,4.0,4.0,4.0,1.0,10.0,4.0,1.0,21.0,1.0,2.0,1.0,1.0,1.0,4.0,3.0,5.0,6.0,6.0,6.0,6.0,6.0,1.0,1.0,3.0,15.0,1.0,1.0,1.0,1.0,7.0,4.0,1.0,10.0,5.0,5.0,5.0,5.0,1.0,1.0,4.0,2.0,1.0,1.0,2.0,2.0,9.0,2.0,1.0,1.0,3.0,1.0,4.0,3.0,1.0,1.0,1.0,1.0,1.0,2.0,1.0,1.0,9.0,1.0,1.0,1.0,2.0,5.0,5.0,5.0,5.0,2.0,1.0,7.0,1.0,2.0,5.0,5.0,5.0,5.0,5.0,5.0,5.0,3.0,1.0,1.0,20.0,1.0,1.0,1.0,4.0,1.0,1.0,2.0,1.0,9.0,3.0,4.0,4.0,4.0,4.0,4.0,4.0,4.0,4.0,1.0,1.0,37.0,1.0,1.0,1.0,6.0,6.0,6.0,6.0,6.0,6.0,1.0,1.0,1.0,1.0,6.0,16.0,1.0,5.0,5.0,5.0,5.0,1.0,27.0,1.0,1.0,1.0,7.0,6.0,6.0,6.0,6.0,1.0,2.0,1.0,30.0,1.0,1.0,1.0,1.0,8.0,6.0,6.0,6.0,6.0,13.32796194626393,2.0,2.0,2.0,2.0,5.0,5.0,7.0,3.0,30.0,3.0,10.0,6.0,1.0,10.0,5.0,5.0,5.0,5.0,5.0,5.0,5.0,4.0,1.0,6.0,8.0,1.0,2.0,3.0,4.0,4.0,5.0,6.0,6.0,6.0,6.0,-5.0,-5.0,-5.0,-5.0,-5.0,-5.0,-5.0,-5.0,-5.0,-5.0,1.0
1.0,1.0,1.0,2.0,1.0,2.0,4.0,7.0,1.0,2.0,1.0,5.0,1.0,1.0,1.0,1.0,3.0,1.0,2.0,1.0,1.0,1.0,1.0,1.0,1.0,1.0,5.0,2.0,1.0,3.0,1.0,1.0,5.0,1.0,1.0,2.0,1.0,1.0,1.0,2.0,3.0,1.0,1.0,1.0,1.0,1.0,1.0,1.0,1.0,1.0,1.0,1.0,5.0,3.0,2.0,1.0,1.0,2.0,1.0,1.0,1.0,1.0,1.0,1.0,1.0,1.0,2.0,1.0,5.0,1.0,2.0,1.0,1.0,2.0,1.0,1.0,1.0,1.0,2.0,1.0,7.0,4.0,1.0,2.0,1.0,2.0,12.0,5.0,1.0,15.0,1.0,2.0,2.0,2.0,1.0,1.0,8.0,1.0,4.0,1.0,1.0,16.0,3.0,3.0,1.0,2.0,1.0,1.0,6.0,7.0,1.0,2.0,3.0,2.0,2.0,3.0,2.0,1.0,5.0,1.0,3.0,2.0,2.0,1.0,1.0,1.0,10.0,10.0,1.0,3.0,2.0,1.0,2.0,5.0,2.0,1.0,3.0,1.0,1.0,1.0,1.0,1.0,1.0,1.0,7.0,1.0,1.0,13.0,1.0,1.0,1.0,10.0,2.0,1.0,3.0,1.0,1.0,2.0,3.0,1.0,1.0,1.0,1.0,1.0,1.0,1.0,2.0,1.0,14.0,1.0,1.0,1.0,2.0,2.0,1.0,3.0,2.0,1.0,1.0,1.0,2.0,5.0,1.0,1.0,1.0,4.0,1.0,4.0,2.0,14.0,1.0,2.0,2.0,4.0,1.0,1.0,3.0,1.0,1.0,2.0,1.0,1.0,4.0,3.0,17.0,1.0,1.0,1.0,1.0,3.0,1.0,3.0,5.0,1.0,2.0,2.0,2.0,1.0,1.0,1.0,4.0,1.0,2.0,1.0,1.0,1.0,1.0,1.0,1.0,5.0,2.0,2.0,3.0,1.0,1.0,1.0,1.0,2.0,1.0,1.0,1.0,1.0,1.0,5.0,2.0,3.0,2.0,2.0,3.0,1.0,2.0,4.0,1.0,2.0,2.0,2.0,1.0,1.0,1.0,1.0,1.0,3.0,2.0,1.0,1.0,13.0,3.0,1.0,1.0,1.0,7.0,4.0,1.0,1.0,1.0,8.0,1.0,1.0,6.0,2.0,1.0,3.0,2.0,8.0,2.0,1.0,1.0,1.0,5.0,1.0,8.0,1.0,4.0,9.0,7.0,1.0,1.0,8.0,1.0,2.0,1.0,1.0,4.0,1.0,1.0,1.0,7.0,4.0,5.0,3.0,1.0,1.0,1.0,2.0,1.0,1.0,1.0,1.0,1.0,1.0,6.0,3.0,2.0,2.0,1.0,1.0,1.0,1.0,1.0,1.0,5.0,1.0,1.0,3.0,1.0,1.0,3.0,3.0,1.0,1.0,1.0,2.0,2.0,1.0,1.0,1.0,3.0,4.0,4.0,1.0,1.0,1.0,2.0,1.0,2.0,2.0,2.0,8.0,9.0,3.0,1.0,2.0,1.0,1.0,3.0,2.0,2.0,1.0,5.0,1.0,3.0,3.0,3.0,4.0,1.0,1.0,2.0,2.0,3.0,3.0,1.0,3.0,2.0,1.0,1.0,1.0,1.0,1.0,1.0,1.0,1.0,1.0,1.0,1.0,2.0,10.0,2.0,3.0,3.0,3.0,2.0,1.0,1.0,1.0,1.0,2.0,1.0,15.0,3.0,3.0,3.0,3.0,1.0,1.0,11.0,2.0,2.0,2.0,3.0,1.0,1.0,1.0,1.0,9.0,2.0,2.0,3.0,3.0,1.0,1.0,1.0,2.0,1.0,13.0,2.0,2.0,3.0,3.0,6.0,5.0,2.0,2.0,2.0,2.0,3.0,3.0,4.0,3.0,2.0,2.0,3.0,3.0,4.0,2.0,7.0,3.0,3.0,2.0,2.0,1.0,3.0,7.0,2.0,13.0,6.0,4.0,1.0,1.0,1.0,2.0,1.0,3.0,2.0,10.0,2.0,14.0,1.0,1.0,1.0,9.0,3.0,2.0,1.0,1.0,10.0,2.0,1.0,1.0,1.0,2.0,3.0,7.0,5.0,1.0,1.0,1.0,2.0,6.0,2.0,2.0,4.0,2.0,1.0,1.0,1.0,3.0,2.0,10.0,3.0,1.0,1.0,1.0,5.0,3.0,5.0,1.0,3.0,1.0,1.0,2.0,2.0,3.0,2.0,1.0,2.0,1.0,1.0,1.0,2.0,1.0,1.0,1.0,1.0,5.0,1.0,2.0,1.0,1.0,1.0,1.0,1.0,4.0,1.0,1.0,14.0,1.0,4.0,1.0,13.0,11.0,2.0,2.0,1.0,5.0,1.0,11.0,1.0,1.0,1.0,1.0,1.0,4.0,1.0,1.0,1.0,1.0,3.0,1.0,3.0,1.0,5.0,9.0,1.0,1.0,1.0,1.0,4.0,1.0,6.0,13.0,1.0,3.0,3.0,4.0,1.0,3.0,1.0,4.0,1.0,14.0,9.0,12.0,7.0,1.0,1.0,1.0,2.0,4.0,4.0,6.0,10.0,8.0,21.0,4.0,4.0,3.0,2.0,4.0,1.0,2.0,12.0,11.0,1.0,3.0,4.0,1.0,1.0,1.0,1.0,3.0,6.0,7.0,2.0,5.0,3.0,3.0,8.0,10.0,2.0,19.0,8.0,5.0,1.0,3.0,2.0,6.0,-4.04564786099211,2.0,1.0,2.0,3.0,8.0,9.0,6.0,6.0,1.0,1.0,2.0,2.0,2.0,8.0,4.0,5.0,8.0,7.0,13.0,3.0,9.0,2.0,1.0,3.0,5.0,1.0,3.0,1.0,1.0,7.0,8.0,1.0,2.0,1.0,1.0,6.0,1.0,1.0,1.0,5.0,15.0,1.0,2.0,7.0,5.0,4.0,5.0,4.0,16.0,6.0,4.0,2.0,1.0,1.0,1.0,1.0,1.0,1.0,2.0,1.0,7.0,7.0,4.0,1.0,2.0,1.0,2.0,1.0,1.0,1.0,1.0,2.0,2.0,1.0,1.0,1.0,1.0,1.0,1.0,1.0,1.0,1.0,1.0,1.0,2.0,2.0,4.0,1.0,1.0,1.0,2.0,7.0,1.0,1.0,1.0,1.0,1.0,1.0,1.0,2.0,3.0,6.0,7.0,4.0,1.0,3.0,1.0,1.0,1.0,1.0,1.0,1.0,1.0,1.0,1.0,2.0,1.0,1.0,2.0,1.0,1.0,1.0,2.0,1.0,1.0,1.0,1.0,1.0,2.0,2.0,3.0,6.0,1.0,1.0,2.0,1.0,1.0,2.0,1.0,1.0,13.0,19.0,2.0,1.0,1.0,4.0,1.0,1.0,1.0,1.0,1.0,1.0,1.0,1.0,1.0,1.0,1.0,2.0,1.0,1.0,1.0,16.0,15.0,1.0,2.0,2.0,2.0,1.0,1.0,1.0,2.0,1.0,1.0,1.0,1.0,1.0,2.0,1.0,1.0,3.0,1.0,1.0,1.0,2.0,1.0,1.0,12.0,7.0,1.0,5.0,1.0,3.0,1.0,1.0,1.0,2.0,3.0,1.0,1.0,6.0,7.0,3.0,5.0,3.0,1.0,1.0,3.0,2.0,1.0,7.0,16.0,1.0,1.0,5.0,3.0,1.0,1.0,3.0,2.0,1.0,6.96952489648403,1.0,2.0,3.0,3.0,1.0,1.0,2.0,1.0,1.0,1.0,2.0,30.0,1.0,4.0,7.0,1.0,1.0,1.0,1.0,1.0,2.0,1.0,2.0,1.0,1.0,1.0,1.0,1.0,1.0,5.0,24.0,4.0,2.0,1.0,1.0,1.0,1.0,1.0,1.0,2.0,2.0,3.0,1.0,2.0,1.0,1.0,1.0,1.0,1.0,1.0,1.0,2.0,1.0,1.0,1.0,1.0,1.0,1.0,1.0,1.0,3.0,1.0,1.0,1.0,3.0,5.0,2.0,3.0,1.0,1.0,2.0,1.0,2.0,1.0,3.0,1.0,2.0,1.0,1.0,2.0,2.0,2.0,1.0,1.0,5.0,2.0,2.0,4.0,1.0,3.0,1.0,4.0,1.0,1.0,2.0,1.0,1.0,4.0,1.0,2.0,1.0,1.0,2.0,4.0,1.0,2.0,2.0,5.0,1.0,1.0,2.0,1.0,1.0,3.0,1.0,1.0,3.0,3.0,5.0,3.0,4.0,1.0,1.0,1.0,2.0,1.0,2.0,1.0,2.0,1.0,1.0,3.0,1.0,1.0,1.0,1.0,2.0,1.0,1.0,1.0,2.0,1.0,1.0,1.0,1.0,1.0,1.0,1.0,1.0,4.0,1.0,1.0,1.0,2.0,1.0,6.0,1.0,1.0,1.0,2.0,2.0,1.0,1.0,1.0,1.8076550310665,2.0,1.0,1.0,2.0,1.0,-1.0,-1.0,-1.0,-1.0,-2.0,1.0,9.0,-1.0,1.0,-1.0,-1.0,-5.0,-4.0,-3.0,-4.0,-5.0,-5.0,1.0,1.0,1.0,6.0,6.0,2.0,1.0,3.0,2.0,1.0,4.0,5.0,1.0,3.0,1.0,1.0,2.0,1.0,5.0,1.0,1.0,10.0,4.0,1.0,1.0,1.0,3.0,7.0,1.0,2.0,8.0,1.0,2.0,1.0,1.0,1.0,2.0,1.0,2.0,9.0,1.0,9.0,1.0,1.0,1.0,3.0,1.0,1.0,4.0,4.0,1.0,2.0,1.0,2.0,1.0,1.0,1.0,2.0,1.0,1.0,2.0,4.0,1.0,1.0,10.0,1.0,1.0,1.0,3.0,1.0,4.0,4.0,9.0,1.0,1.0,5.0,1.0,1.0,1.0,4.0,2.0,5.0,1.0,7.0,1.0,5.0,1.0,1.0,1.0,18.20845275419301,1.0,5.0,4.0,6.0,1.0,-3.0,-1.0,-1.0,-13.71931735451625,-2.0,-2.0,-1.0,-1.0,-1.0,-1.0,-3.0,-1.0,-2.0,-4.0,-1.0,-2.0,-1.0,-1.0,-1.0,5.0,4.0,2.0,7.0,2.0,1.0,2.0,1.0,2.0,1.0,3.0,4.0,4.0,1.0,1.0,2.0,4.0,2.0,6.0,1.0,5.0,11.27775448851298,8.0,7.0,1.0,4.0,3.0,1.0,1.0,1.0,2.0,1.0,4.0,1.0,1.0,1.0,1.0,2.0,1.0,1.0,3.0,2.0,4.0,7.0,7.0,4.0,1.0,1.0,4.0,1.0,1.0,2.0,1.0,1.0,5.0,1.0,2.0,7.0,4.0,2.0,2.0,1.0,1.0,1.0,2.0,2.0,2.0,1.0,1.0,2.0,6.0,1.0,4.0,2.0,3.0,-10.81276160699843,1.0,8.0,8.0,1.0,1.0,2.0,2.0,1.0,1.0,2.0,2.0,11.0,5.0,2.0,1.0,2.0,2.0,2.0,2.0,2.0,2.0,2.0,2.0,2.0,1.0,1.0,25.0,6.0,5.0,5.0,5.0,5.0,5.0,5.0,3.0,2.0,1.0,1.0,2.0,1.0,1.0,12.0,15.0,4.0,4.0,5.0,4.0,4.0,5.0,2.0,1.0,5.0,1.0,1.0,2.0,1.0,16.0,5.0,4.0,5.0,4.0,10.0,2.0,4.0,3.0,3.0,6.0,4.0,4.0,4.0,4.0,4.0,4.0,4.0,4.0,4.0,2.0,4.0,4.0,4.0,4.0,4.0,4.0,1.0,1.0,4.0,4.0,4.0,4.0,4.0,4.0,1.0,1.0,1.0,1.0,1.0,1.0,4.0,4.0,4.0,4.0,4.0,4.0,4.0,4.0,4.0,4.0,1.0,1.0,1.0,1.0,3.0,1.0,1.0,10.0,1.0,1.0,1.0,1.0,1.0,21.0,15.0,1.0,1.0,1.0,1.0,1.0,1.0,5.0,1.0,6.0,2.0,2.0,23.0,14.0,1.0,3.0,3.0,3.0,3.0,3.0,3.0,3.0,3.0,1.0,1.0,1.0,1.0,1.0,6.0,1.0,4.0,10.0,9.0,26.0,7.0,3.0,3.0,4.0,3.0,3.0,3.0,4.0,3.0,1.0,1.0,1.0,1.0,3.0,1.0,1.0,13.0,2.0,2.0,2.0,2.0,2.0,2.0,2.0,1.0,1.0,2.0,2.0,2.0,2.0,2.0,2.0,3.0,2.0,1.0,2.0,2.0,2.0,2.0,2.0,2.0,2.0,1.0,2.0,2.0,2.0,2.0,2.0,2.0,2.0,2.0,2.0,2.0,2.0,1.0,-2.0,1.0,4.0,1.0,-4.0,-4.0,-5.0,-4.0,-4.0,-4.0,-5.0,-4.0,-1.0,1.0,2.0,-1.0,1.0,-4.0,-5.0,-4.0,-4.0,-5.0,-4.0,2.0,1.0,-5.0,-6.0,-5.0,-5.0,-6.0,-5.0,1.0,1.0,1.0,-5.0,-5.0,-5.0,-5.0,-5.0,-5.0,-1.0,1.0,-1.0,-5.0,-5.0,-5.0,-5.0,-5.0,-5.0,-3.0,-4.0,-1.0,-1.0,-3.0,-1.0,0.0,1.0,-9.0,-5.0,-12.00604357555452,-1.0,-2.0,-1.0,-1.0,-2.0,-1.0,-3.0,-2.0,-1.0,-1.0,-1.0,-1.0,-1.0,-3.0,-1.0,-1.0,-1.0,-1.0,-3.0,-2.0,18.45784305872714,-2.0,-1.0,-1.0,-1.0,-2.0,7.0,-4.0,-2.0,-3.0,-3.0,-1.0,-1.0,-1.0,1.0,1.0,0.0,-1.0,-5.0,-7.0,-1.0,-2.0,-1.0,9.0,2.0,13.0,-1.0,-1.0,-1.0,-5.0,-5.0,-2.0,-4.0,1.0,5.0,4.0,2.0,2.0,1.0,2.0,15.0,17.0,4.0,5.0,7.0,13.0,1.0,3.0,1.0,1.0,1.0,12.0,5.0,5.0,1.0,11.0,2.0,4.0,2.0,1.0,15.57346510062307,4.0,2.0,1.0,1.0,2.0,1.0,1.0,2.0,1.0,1.0,2.0,6.0,1.0,1.0,2.0,4.0,3.0,2.0,2.0,3.0,7.0,1.0,1.0,1.0,1.0,1.0,2.0,1.0,1.0,1.0,1.0,1.0,1.0,1.0,1.0,2.0,2.0,1.0,4.0,1.0,1.0,1.0,1.0,3.0,1.0,2.0,6.0,1.0,1.0,1.0,1.0,1.0,1.0,1.0,1.0,1.0,1.0,1.0,1.0,3.0,1.0,1.0,3.0,2.0,2.0,2.0,5.0,-20.80157324031526,2.0,2.0,4.0,3.0,1.0,2.0,2.0,2.0,2.0,1.0,1.0,2.0,2.0,2.0,1.0,1.0,1.0,1.0,1.0,2.0,1.0,4.0,1.0,1.0,1.0,1.0,2.0,1.0,1.0,1.0,5.0,5.0,1.0,4.0,3.0,2.0,2.0,1.0,5.0,1.0,3.0,4.0,2.0,1.0,3.0,3.0,4.0,3.0,3.0,1.0,1.0,2.0,1.0,3.0,2.0,4.0,2.0,1.0,4.0,2.0,1.0,2.0,3.0,3.0,3.0,3.0,2.0,1.0,4.0,5.0,1.0,1.0,5.0,4.0,2.0,1.0,1.0,1.0,6.0,10.0,1.0,5.0,5.0,1.0,7.0,2.0,1.0,10.0,4.0,3.0,3.0,1.0,7.0,1.0,11.0,1.0,2.0,2.0,1.0,3.0,2.0,1.0,1.0,5.0,8.0,1.0,7.0,3.0,1.0,2.0,2.0,1.0,2.0,1.0,1.0,1.0,1.0,2.0,7.0,6.0,1.0,2.0,1.0,1.0,1.0,1.0,5.0,1.0,1.0,2.0,5.0,1.0,2.0,7.0,6.0,6.0,1.0,2.0,9.0,3.0,6.0,1.0,6.0,4.0,9.0,1.0,1.0,1.0,2.0,10.0,6.0,2.0,2.0,5.0,5.0,1.0,10.0,1.0,2.0,4.0,5.0,13.0,1.0,1.0,1.0,1.0,4.0,4.0,3.0,1.0,2.0,1.0,1.0,1.0,2.0,4.0,4.0,5.0,11.0,1.0,1.0,1.0,1.0,5.0,2.0,7.0,1.0,1.0,2.0,1.0,1.0,1.0,3.0,3.0,2.0,2.0,3.0,5.0,1.0,2.0,1.0,-2.0,1.0,1.0,7.0,-3.0,-3.0,-3.0,-3.0,1.0,0.0,4.0,-2.0,5.0,-6.0,-6.0,-6.0,-6.0,-2.0,-1.0,-1.0,-6.0,-6.0,-6.0,-6.0,-3.0,-2.0,-1.0,-1.0,-3.0,-3.0,-3.0,-3.0,-2.0,-1.0,-1.0,2.0,-1.0,-6.0,-6.0,-6.0,-6.0,-6.0,-6.0,-6.0,1.0,1.0,-3.0,-3.0,7.0,2.0,-5.0,-5.0,-5.0,-5.0,1.0,-2.0,-2.0,2.0,1.0,-5.0,-6.0,-5.0,-5.0,2.0,1.0,1.0,1.0,-6.0,-6.0,-6.0,-6.0,-1.0,1.0,-2.0,-2.0,1.0,2.0,-13.0,-13.0,-1.0,-1.0,-2.0,2.0,1.0,-5.0,-5.0,-5.0,-5.0,-5.0,-5.0,1.0,1.0,-5.0,-5.0,-5.0,-5.0,-5.0,0.0,-3.0,-12.0,-12.0,1.0,5.0,-7.0,-7.0,-7.0,-7.0,1.0,7.0,1.0,1.0,1.0,2.0,11.0,1.0,4.0,1.0,3.0,6.0,1.0,2.0,3.0,15.0,3.0,2.0,3.0,4.0,1.0,6.0,6.0,4.0,2.0,1.0,1.0,1.0,1.0,1.0,1.0,3.0,7.0,1.0,3.0,1.0,1.0,1.0,3.0,2.0,1.0,2.0,2.0,1.0,1.0,3.0,3.0,3.0,1.0,1.0,2.0,3.0,3.0,3.0,1.0,1.0,1.0,3.0,4.0,4.0,2.0,3.0,1.0,1.0,1.0,1.0,1.0,1.0,2.0,3.0,4.0,4.0,2.0,6.0,3.0,1.0,1.0,1.0,1.0,1.0,1.0,2.0,3.0,1.0,13.0,3.0,1.0,1.0,6.0,1.0,1.0,1.0,4.0,1.0,1.0,2.0,2.0,4.0,3.0,3.0,1.0,1.0,1.0,1.0,2.0,2.0,3.0,3.0,1.0,1.0,2.0,2.0,1.0,2.0,6.0,6.0,2.0,3.0,2.0,2.0,1.0,1.0,2.0,2.0,6.0,6.0,2.0,3.0,2.0,2.0,1.0,1.0,21.0,3.0,4.0,1.0,2.0,2.0,8.0,1.0,7.0,2.0,1.0,2.0,3.0,4.0,4.0,1.0,16.0,1.0,6.0,3.0,1.0,1.0,2.0,10.0,1.0,10.0,3.0,3.0,2.0,1.0,4.0,3.0,1.0,2.0,1.0,1.0,4.0,1.0,3.0,1.0,2.0,2.0,1.0,1.0,1.0,1.0,3.0,1.0,1.0,2.0,1.0,1.0,1.0,1.0,1.0,0.29786125122586,1.0,1.0,1.0,1.0,1.0,4.0,3.0,1.0,1.0,1.0,1.0,1.0,1.0,2.0,2.0,1.0,4.0,1.0,4.0,1.0,1.0,2.0,1.0,1.0,3.0,2.0,2.0,2.0,2.0,1.0,1.0,6.0,24.0,4.0,1.0,3.0,2.0,1.0,1.0,16.0,35.0,3.0,1.0,1.0,1.0,1.0,1.0,1.0,3.0,5.0,1.0,1.0,2.0,7.0,5.0,5.0,2.0,3.0,1.0,1.0,1.0,8.0,1.0,5.0,3.0,2.0,9.0,6.0,1.0,4.0,13.0,1.0,7.0,7.0,1.0,1.0,1.0,1.0,1.0,4.0,6.0,3.0,2.0,1.0,8.0,6.0,1.0,1.0,1.0,2.0,3.0,1.0,2.0,8.0,1.0,2.0,9.0,2.0,1.0,1.0,1.0,1.0,1.0,4.0,1.0,1.0,4.0,5.0,1.0,1.0,2.0,3.0,2.0,1.0,2.0,5.0,6.0,4.0,6.0,8.0,11.0,7.0,6.0,1.0,1.0,1.0,4.0,1.0,3.0,4.0,5.0,12.0,5.0,2.0,2.0,1.0,4.0,2.0,1.0,1.0,1.0,3.0,4.0,3.0,2.0,2.0,3.0,5.0,1.0,7.0,5.0,2.0,2.0,3.0,1.0,1.0,1.0,1.0,2.0,1.0,2.0,1.0,1.0,12.0,10.0,8.0,6.0,5.0,1.0,1.0,1.0,3.0,1.0,1.0,1.0,3.0,4.0,1.0,2.0,1.0,1.0,1.0,2.0,1.0,1.0,8.0,1.0,1.0,2.0,2.0,5.0,2.0,2.0,1.0,1.0,3.0,2.0,3.0,1.0,6.0,6.0,1.0,1.0,6.0,1.0,6.0,9.0,3.0,13.0,10.0,1.0,1.0,11.0,1.0,1.0,3.0,8.0,9.0,2.0,1.0,2.0,3.0,3.0,3.0,1.0,1.0,1.0,5.0,5.0,2.0,1.0,2.0,2.0,1.0,1.0,5.0,1.0,1.0,1.0,1.0,3.0,2.0,1.0,2.0,1.0,3.0,4.0,1.0,2.0,1.0,2.0,1.0,2.0,2.0,1.0,1.0,2.0,2.0,1.0,1.0,1.0,1.0,1.0,1.0,2.0,1.0,8.0,2.0,1.0,5.0,6.0,2.0,1.0,1.0,1.0,6.0,2.0,3.0,4.0,3.0,1.0,1.0,2.0,2.0,1.0,1.0,11.0,1.0,1.0,2.0,4.0,5.0,3.0,1.0,4.0,1.0,14.0,4.0,7.0,1.0,1.0,2.0,1.0,1.0,1.92572291035908,1.0,1.0,1.0,3.0,1.0,9.0,2.0,2.0,1.0,1.0,7.0,1.0,8.0,1.0,1.0,1.0,1.0,2.0,1.0,1.0,1.0,1.0,2.0,1.0,1.0,1.0,1.0,1.0,1.0,4.0,4.0,3.0,2.0,1.0,1.0,1.0,1.0,3.0,1.0,1.0,1.0,1.0,1.0,1.0,1.0,1.0,2.0,1.0,3.0,3.0,1.0,1.0,3.0,5.0,9.0,7.0,2.0,2.0,1.0,1.0,1.0,2.0,3.0,1.0,1.0,2.0,3.0,1.0,1.0,2.0,2.0,1.0,1.0,1.0,1.0,2.0,1.0,1.0,-1.0,-1.0,-2.0,-4.0,-12.0,-7.0,-6.0,-6.0,-9.0,-11.0,-2.0,-8.0,-10.0,-6.0,-11.0,-6.50984180533249,-1.0,-4.0,-1.0,-10.0,-11.0,-3.0,-8.0,-12.0,-10.0,-1.0,-1.0,-1.0,-1.0,-7.0,-7.0,-13.0,-7.0,2.0,1.0,1.0,1.0,2.0,1.0,1.0,5.0,1.0,2.0,1.0,1.0,3.0,1.0,3.0,1.0,1.0,1.0,1.0,1.0,1.0,1.0,1.0,4.0,1.0,1.0,2.0,1.0,1.0,3.0,1.0,1.0,2.0,1.0,1.0,2.0,3.0,1.0,2.0,1.0,1.0,1.0,1.0,1.0,1.0,2.0,1.0,2.0,1.0,2.0,5.0,6.0,1.0,2.0,1.0,1.0,3.0,1.0,1.0,2.0,3.0,3.0,1.0,1.0,2.0,5.0,5.0,1.0,1.0,4.0,3.0,2.0,1.0,1.0,-1.0,1.0,2.0,-3.0,1.0,1.0,-4.0,-4.0,-3.0,2.0,-1.0,-1.0,-1.0,-2.0,2.0,10.0,1.0,1.0,1.0,2.0,3.0,4.0,1.0,2.0,1.0,17.0,1.0,1.0,1.0,1.0,2.0,1.0,1.0,1.0,4.0,4.0,1.0,3.0,1.0,1.0,2.0,1.0,1.0,1.0,2.0,2.0,1.0,1.0,1.0,1.0,2.0,3.0,18.94840458248437,1.0,1.0,3.0,1.0,1.0,1.0,2.0,3.0,1.0,1.0,2.0,4.0,2.0,1.0,1.0,1.0,1.0,2.0,3.0,1.0,4.0,1.0,1.0,1.0,4.0,4.0,1.0,1.0,2.0,2.0,2.0,2.0,1.0,2.0,1.0,2.0,3.0,1.0,6.0,11.0,8.0,5.0,4.0,5.0,3.0,2.0,1.0,1.0,1.0,1.0,1.0,2.0,2.0,3.0,2.0,3.0,1.0,1.0,1.0,1.0,1.0,1.0,3.0,2.0,5.0,1.0,2.0,2.0,1.0,5.0,1.0,5.0,1.0,2.0,5.0,3.0,2.0,1.0,15.11250881122309,1.0,2.0,3.0,1.0,1.0,1.0,3.0,3.0,2.0,4.0,1.0,1.0,1.0,1.0,1.0,1.0,1.0,1.0,1.0,1.0,1.0,3.0,5.0,1.0,1.0,1.0,2.0,2.0,1.0,1.0,5.0,1.0,1.0,5.0,1.0,1.0,-7.0,-7.0,1.0,-1.0,-4.0,-2.0,-1.0,-2.0,-1.0,1.0,-1.0,-3.0,-5.0,0.0,-3.0,-1.0,-2.0,-4.0,1.0,-1.0,1.0,-1.0,-1.0,1.0,-1.0,-1.0,2.0,-2.0,-3.0,2.0,-2.0,-1.0,1.0,-1.0,-1.0,-2.0,1.0,-2.0,-1.0,2.0,-1.0,-1.0,-1.0,-1.0,-2.0,2.0,-2.0,-2.0,0.0,-1.0,-1.0,-1.0,-1.0,-1.0,1.0,1.0,1.0,7.0,1.0,1.0,1.0,1.0,1.0,2.0,1.0,1.0,12.0,1.0,1.0,1.0,1.0,1.0,1.0,2.0,1.0,1.0,1.0,1.0,2.0,4.0,3.0,1.0,1.0,3.0,1.0,1.0,1.0,1.0,2.0,1.0,1.0,1.0,1.0,1.0,2.0,1.0,1.0,3.0,7.0,2.0,1.0,1.0,1.0,1.0,1.0,1.0,1.0,1.0,1.0,1.0,1.0,1.0,6.0,1.0,1.0,1.0,1.0,1.0,1.0,1.0,1.0,1.0,1.0,1.0,1.0,1.0,1.0,1.0,1.0,4.0,1.0,1.0,1.0,1.0,1.0,1.0,1.0,1.0,1.0,1.0,1.0,1.0,1.0,1.0,1.0,1.0,1.0,1.0,1.0,-1.0,-1.0,1.0,1.0,2.0,-2.0,-2.0,-2.0,-2.0,-2.0,1.0,1.0,-3.56110793196185,-3.0,-3.0,-3.0,1.0,-5.0,-5.0,-5.0,1.0,1.0,1.0,1.0,2.0,1.0,1.0,-1.0,-1.0,-1.0,-1.0,-1.0,-1.0,4.0,4.0,1.0,1.0,3.0,1.0,1.0,1.0,1.0,1.0,3.0,3.0,2.0,1.0,1.0,1.0,1.0,1.0,2.0,1.0,1.0,2.0,2.0,1.0,1.0,1.0,1.0,1.0,3.0,3.0,3.0,1.0,1.0,2.0,1.0,1.0,2.0,2.0,2.0,1.0,1.0,1.0,2.0,1.0,1.0,1.0,1.0,3.0,1.0,1.0,1.0,1.0,4.0,2.0,5.0,1.0,2.0,1.0,1.0,1.0,1.0,3.0,1.0,2.0,3.0,2.0,1.0,1.0,1.0,2.0,2.0,2.0,2.0,1.0,6.0,3.0,6.0,1.0,1.0,1.0,3.0,1.0,4.0,5.0,1.0,1.0,1.0,1.0,1.0,17.0,1.0,2.0,12.0,1.0,2.0,3.0,8.0,13.0,5.0,2.0,1.0,2.0,6.0,4.0,4.0,2.0,1.0,3.0,2.0,1.0,1.0,1.0,3.0,1.0,1.0,1.0,3.0,1.0,1.0,1.0,3.0,1.0,1.0,1.0,2.0,3.0,7.0,4.0,3.0,-0.31044766992144,2.0,2.0,2.0,1.0,1.0,1.0,1.0,1.0,1.0,1.0,1.0,1.0,1.0,1.0,1.0,1.0,1.0,1.0,1.0,1.0,1.0,1.0,1.0,1.0,1.0,1.0,1.0,1.0,3.0,1.0,1.0,2.0,2.0,2.0,2.0,3.0,1.0,1.0,1.0,2.0,1.0,4.0,3.0,1.0,1.0,1.0,2.0,1.0,7.39298284432326,1.0,5.0,3.0,2.0,1.0,1.0,1.0,1.0,1.0,1.0,1.0,1.0,1.0,3.0,4.0,3.0,1.0,1.0,1.0,1.0,1.0,1.0,1.0,1.0,1.0,1.0,1.0,1.0,2.0,1.0,1.0,1.0,1.0,1.0,1.0,1.0,1.0,1.0,1.0,1.0,2.0,1.0,1.0,1.0,1.0,1.0,1.0,1.0,1.0,1.0,1.0,1.0,1.0,1.0,3.0,8.0,2.0,1.0,2.0,1.0,1.0,4.0,1.0,1.0,1.0,1.0,1.0,1.0,1.0,7.0,5.0,2.0,3.0,1.0,1.0,2.0,1.0,1.0,1.0,1.0,1.0,1.0,2.0,3.0,1.0,2.0,2.0,2.0,1.0,3.0,1.0,1.0,1.0,1.0,3.0,2.0,3.0,3.0,1.0,1.0,2.0,2.0,2.0,3.0,2.0,1.0,3.0,1.0,2.0,2.0,2.0,2.0,2.0,2.0,1.0,1.0,1.0,1.0,1.0,1.0,1.0,1.0,1.0,2.0,1.0,1.0,1.0,3.0,1.0,1.0,1.0,1.0,1.0,1.0,1.0,2.0,1.0,6.0,1.0,5.0,1.0,4.0,1.0,8.0,1.0,3.0,3.0,4.0,1.0,2.0,2.0,1.0,1.0,3.0,2.0,3.0,1.0,2.0,1.0,1.0,2.0,1.0,1.0,4.0,6.0,1.0,1.0,1.0,2.0,2.0,1.0,1.0,3.0,5.0,4.0,1.0,1.0,5.0,1.0,1.0,2.0,1.0,1.0,1.0,4.0,2.0,1.0,4.0,2.0,6.0,1.0,1.0,1.0,1.0,6.0,4.0,1.0,1.0,3.0,3.0,-1.3686525685699,9.0,2.0,3.0,3.0,3.0,3.0,1.0,1.0,5.0,5.0,5.0,5.0,1.0,7.0,10.0,2.0,1.0,4.0,5.0,5.0,5.0,5.0,2.0,1.0,3.0,5.0,4.0,2.0,2.0,1.0,1.0,2.0,3.0,1.0,1.0,3.0,11.0,5.0,5.0,5.0,5.0,5.0,5.0,5.0,5.0,13.0,3.0,2.0,2.0,3.0,11.0,5.0,5.0,5.0,5.0,1.0,1.0,2.0,18.0,11.0,2.0,1.0,3.0,3.0,5.0,5.0,5.0,5.0,5.0,5.0,2.0,1.0,3.0,1.0,1.0,21.0,1.0,2.0,3.0,6.0,6.0,6.0,6.0,2.0,5.0,3.0,2.0,5.0,13.0,2.0,5.0,5.0,5.0,5.0,6.0,2.0,24.0,2.0,1.0,2.0,5.0,5.0,5.0,5.0,1.0,2.0,4.0,3.0,12.0,1.0,9.0,4.0,4.0,4.0,4.0,4.0,4.0,4.0,1.0,10.0,4.0,1.0,21.0,1.0,2.0,1.0,1.0,1.0,4.0,3.0,5.0,6.0,6.0,6.0,6.0,6.0,1.0,1.0,3.0,15.0,1.0,1.0,1.0,1.0,7.0,4.0,1.0,10.0,5.0,5.0,5.0,5.0,1.0,1.0,4.0,2.0,1.0,1.0,2.0,2.0,9.0,2.0,1.0,1.0,3.0,1.0,4.0,3.0,1.0,1.0,1.0,1.0,1.0,2.0,1.0,1.0,9.0,1.0,1.0,1.0,2.0,5.0,5.0,5.0,5.0,2.0,1.0,7.0,1.0,2.0,5.0,5.0,5.0,5.0,5.0,5.0,5.0,3.0,1.0,1.0,20.0,1.0,1.0,1.0,4.0,1.0,1.0,2.0,1.0,9.0,3.0,4.0,4.0,4.0,4.0,4.0,4.0,4.0,4.0,1.0,1.0,37.0,1.0,1.0,1.0,6.0,6.0,6.0,6.0,6.0,6.0,1.0,1.0,1.0,1.0,6.0,16.0,1.0,5.0,5.0,5.0,5.0,1.0,27.0,1.0,1.0,1.0,7.0,6.0,6.0,6.0,6.0,1.0,2.0,1.0,30.0,1.0,1.0,1.0,1.0,8.0,6.0,6.0,6.0,6.0,13.32796194626393,2.0,2.0,2.0,2.0,5.0,5.0,7.0,3.0,30.0,3.0,10.0,6.0,1.0,10.0,5.0,5.0,5.0,5.0,5.0,5.0,5.0,4.0,1.0,6.0,8.0,1.0,2.0,3.0,4.0,4.0,5.0,6.0,6.0,6.0,6.0,-5.0,-5.0,-5.0,-5.0,-5.0,-5.0,-5.0,-5.0,-5.0,-5.0,1.0
1.0,1.0,1.0,2.0,1.0,2.0,4.0,7.0,1.0,2.0,1.0,5.0,1.0,1.0,1.0,1.0,3.0,1.0,2.0,1.0,1.0,1.0,1.0,1.0,1.0,1.0,5.0,2.0,1.0,3.0,1.0,1.0,5.0,1.0,1.0,2.0,1.0,1.0,1.0,2.0,3.0,1.0,1.0,1.0,1.0,1.0,1.0,1.0,1.0,1.0,1.0,1.0,5.0,3.0,2.0,1.0,1.0,2.0,1.0,1.0,1.0,1.0,1.0,1.0,1.0,1.0,2.0,1.0,5.0,1.0,2.0,1.0,1.0,2.0,1.0,1.0,1.0,1.0,2.0,1.0,7.0,4.0,1.0,2.0,1.0,2.0,12.0,5.0,1.0,15.0,1.0,2.0,2.0,2.0,1.0,1.0,8.0,1.0,4.0,1.0,1.0,16.0,3.0,3.0,1.0,2.0,1.0,1.0,6.0,7.0,1.0,2.0,3.0,2.0,2.0,3.0,2.0,1.0,5.0,1.0,3.0,2.0,2.0,1.0,1.0,1.0,10.0,10.0,1.0,3.0,2.0,1.0,2.0,5.0,2.0,1.0,3.0,1.0,1.0,1.0,1.0,1.0,1.0,1.0,7.0,1.0,1.0,13.0,1.0,1.0,1.0,10.0,2.0,1.0,3.0,1.0,1.0,2.0,3.0,1.0,1.0,1.0,1.0,1.0,1.0,1.0,2.0,1.0,14.0,1.0,1.0,1.0,2.0,2.0,1.0,3.0,2.0,1.0,1.0,1.0,2.0,5.0,1.0,1.0,1.0,4.0,1.0,4.0,2.0,14.0,1.0,2.0,2.0,4.0,1.0,1.0,3.0,1.0,1.0,2.0,1.0,1.0,4.0,3.0,17.0,1.0,1.0,1.0,1.0,3.0,1.0,3.0,5.0,1.0,2.0,2.0,2.0,1.0,1.0,1.0,4.0,1.0,2.0,1.0,1.0,1.0,1.0,1.0,1.0,5.0,2.0,2.0,3.0,1.0,1.0,1.0,1.0,2.0,1.0,1.0,1.0,1.0,1.0,5.0,2.0,3.0,2.0,2.0,3.0,1.0,2.0,4.0,1.0,2.0,2.0,2.0,1.0,1.0,1.0,1.0,1.0,3.0,2.0,1.0,1.0,13.0,3.0,1.0,1.0,1.0,7.0,4.0,1.0,1.0,1.0,8.0,1.0,1.0,6.0,2.0,1.0,3.0,2.0,8.0,2.0,1.0,1.0,1.0,5.0,1.0,8.0,1.0,4.0,9.0,7.0,1.0,1.0,8.0,1.0,2.0,1.0,1.0,4.0,1.0,1.0,1.0,7.0,4.0,5.0,3.0,1.0,1.0,1.0,2.0,1.0,1.0,1.0,1.0,1.0,1.0,6.0,3.0,2.0,2.0,1.0,1.0,1.0,1.0,1.0,1.0,5.0,1.0,1.0,3.0,1.0,1.0,3.0,3.0,1.0,1.0,1.0,2.0,2.0,1.0,1.0,1.0,3.0,4.0,4.0,1.0,1.0,1.0,2.0,1.0,2.0,2.0,2.0,8.0,9.0,3.0,1.0,2.0,1.0,1.0,3.0,2.0,2.0,1.0,5.0,1.0,3.0,3.0,3.0,4.0,1.0,1.0,2.0,2.0,3.0,3.0,1.0,3.0,2.0,1.0,1.0,1.0,1.0,1.0,1.0,1.0,1.0,1.0,1.0,1.0,2.0,10.0,2.0,3.0,3.0,3.0,2.0,1.0,1.0,1.0,1.0,2.0,1.0,15.0,3.0,3.0,3.0,3.0,1.0,1.0,11.0,2.0,2.0,2.0,3.0,1.0,1.0,1.0,1.0,9.0,2.0,2.0,3.0,3.0,1.0,1.0,1.0,2.0,1.0,13.0,2.0,2.0,3.0,3.0,6.0,5.0,2.0,2.0,2.0,2.0,3.0,3.0,4.0,3.0,2.0,2.0,3.0,3.0,4.0,2.0,7.0,3.0,3.0,2.0,2.0,1.0,3.0,7.0,2.0,13.0,6.0,4.0,1.0,1.0,1.0,2.0,1.0,3.0,2.0,10.0,2.0,14.0,1.0,1.0,1.0,9.0,3.0,2.0,1.0,1.0,10.0,2.0,1.0,1.0,1.0,2.0,3.0,7.0,5.0,1.0,1.0,1.0,2.0,6.0,2.0,2.0,4.0,2.0,1.0,1.0,1.0,3.0,2.0,10.0,3.0,1.0,1.0,1.0,5.0,3.0,5.0,1.0,3.0,1.0,1.0,2.0,2.0,3.0,2.0,1.0,2.0,1.0,1.0,1.0,2.0,1.0,1.0,1.0,1.0,5.0,1.0,2.0,1.0,1.0,1.0,1.0,1.0,4.0,1.0,1.0,14.0,1.0,4.0,1.0,13.0,11.0,2.0,2.0,1.0,5.0,1.0,11.0,1.0,1.0,1.0,1.0,1.0,4.0,1.0,1.0,1.0,1.0,3.0,1.0,3.0,1.0,5.0,9.0,1.0,1.0,1.0,1.0,4.0,1.0,6.0,13.0,1.0,3.0,3.0,4.0,1.0,3.0,1.0,4.0,1.0,14.0,9.0,12.0,7.0,1.0,1.0,1.0,2.0,4.0,4.0,6.0,10.0,8.0,21.0,4.0,4.0,3.0,2.0,4.0,1.0,2.0,12.0,11.0,1.0,3.0,4.0,1.0,1.0,1.0,1.0,3.0,6.0,7.0,2.0,5.0,3.0,3.0,8.0,10.0,2.0,19.0,8.0,5.0,1.0,3.0,2.0,6.0,-4.04564786099211,2.0,1.0,2.0,3.0,8.0,9.0,6.0,6.0,1.0,1.0,2.0,2.0,2.0,8.0,4.0,5.0,8.0,7.0,13.0,3.0,9.0,2.0,1.0,3.0,5.0,1.0,3.0,1.0,1.0,7.0,8.0,1.0,2.0,1.0,1.0,6.0,1.0,1.0,1.0,5.0,15.0,1.0,2.0,7.0,5.0,4.0,5.0,4.0,16.0,6.0,4.0,2.0,1.0,1.0,1.0,1.0,1.0,1.0,2.0,1.0,7.0,7.0,4.0,1.0,2.0,1.0,2.0,1.0,1.0,1.0,1.0,2.0,2.0,1.0,1.0,1.0,1.0,1.0,1.0,1.0,1.0,1.0,1.0,1.0,2.0,2.0,4.0,1.0,1.0,1.0,2.0,7.0,1.0,1.0,1.0,1.0,1.0,1.0,1.0,2.0,3.0,6.0,7.0,4.0,1.0,3.0,1.0,1.0,1.0,1.0,1.0,1.0,1.0,1.0,1.0,2.0,1.0,1.0,2.0,1.0,1.0,1.0,2.0,1.0,1.0,1.0,1.0,1.0,2.0,2.0,3.0,6.0,1.0,1.0,2.0,1.0,1.0,2.0,1.0,1.0,13.0,19.0,2.0,1.0,1.0,4.0,1.0,1.0,1.0,1.0,1.0,1.0,1.0,1.0,1.0,1.0,1.0,2.0,1.0,1.0,1.0,16.0,15.0,1.0,2.0,2.0,2.0,1.0,1.0,1.0,2.0,1.0,1.0,1.0,1.0,1.0,2.0,1.0,1.0,3.0,1.0,1.0,1.0,2.0,1.0,1.0,12.0,7.0,1.0,5.0,1.0,3.0,1.0,1.0,1.0,2.0,3.0,1.0,1.0,6.0,7.0,3.0,5.0,3.0,1.0,1.0,3.0,2.0,1.0,7.0,16.0,1.0,1.0,5.0,3.0,1.0,1.0,3.0,2.0,1.0,6.96952489648403,1.0,2.0,3.0,3.0,1.0,1.0,2.0,1.0,1.0,1.0,2.0,30.0,1.0,4.0,7.0,1.0,1.0,1.0,1.0,1.0,2.0,1.0,2.0,1.0,1.0,1.0,1.0,1.0,1.0,5.0,24.0,4.0,2.0,1.0,1.0,1.0,1.0,1.0,1.0,2.0,2.0,3.0,1.0,2.0,1.0,1.0,1.0,1.0,1.0,1.0,1.0,2.0,1.0,1.0,1.0,1.0,1.0,1.0,1.0,1.0,3.0,1.0,1.0,1.0,3.0,5.0,2.0,3.0,1.0,1.0,2.0,1.0,2.0,1.0,3.0,1.0,2.0,1.0,1.0,2.0,2.0,2.0,1.0,1.0,5.0,2.0,2.0,4.0,1.0,3.0,1.0,4.0,1.0,1.0,2.0,1.0,1.0,4.0,1.0,2.0,1.0,1.0,2.0,4.0,1.0,2.0,2.0,5.0,1.0,1.0,2.0,1.0,1.0,3.0,1.0,1.0,3.0,3.0,5.0,3.0,4.0,1.0,1.0,1.0,2.0,1.0,2.0,1.0,2.0,1.0,1.0,3.0,1.0,1.0,1.0,1.0,2.0,1.0,1.0,1.0,2.0,1.0,1.0,1.0,1.0,1.0,1.0,1.0,1.0,4.0,1.0,1.0,1.0,2.0,1.0,6.0,1.0,1.0,1.0,2.0,2.0,1.0,1.0,1.0,1.8076550310665,2.0,1.0,1.0,2.0,1.0,-1.0,-1.0,-1.0,-1.0,-2.0,1.0,9.0,-1.0,1.0,-1.0,-1.0,-5.0,-4.0,-3.0,-4.0,-5.0,-5.0,1.0,1.0,1.0,6.0,6.0,2.0,1.0,3.0,2.0,1.0,4.0,5.0,1.0,3.0,1.0,1.0,2.0,1.0,5.0,1.0,1.0,10.0,4.0,1.0,1.0,1.0,3.0,7.0,1.0,2.0,8.0,1.0,2.0,1.0,1.0,1.0,2.0,1.0,2.0,9.0,1.0,9.0,1.0,1.0,1.0,3.0,1.0,1.0,4.0,4.0,1.0,2.0,1.0,2.0,1.0,1.0,1.0,2.0,1.0,1.0,2.0,4.0,1.0,1.0,10.0,1.0,1.0,1.0,3.0,1.0,4.0,4.0,9.0,1.0,1.0,5.0,1.0,1.0,1.0,4.0,2.0,5.0,1.0,7.0,1.0,5.0,1.0,1.0,1.0,18.20845275419301,1.0,5.0,4.0,6.0,1.0,-3.0,-1.0,-1.0,-13.71931735451625,-2.0,-2.0,-1.0,-1.0,-1.0,-1.0,-3.0,-1.0,-2.0,-4.0,-1.0,-2.0,-1.0,-1.0,-1.0,5.0,4.0,2.0,7.0,2.0,1.0,2.0,1.0,2.0,1.0,3.0,4.0,4.0,1.0,1.0,2.0,4.0,2.0,6.0,1.0,5.0,11.27775448851298,8.0,7.0,1.0,4.0,3.0,1.0,1.0,1.0,2.0,1.0,4.0,1.0,1.0,1.0,1.0,2.0,1.0,1.0,3.0,2.0,4.0,7.0,7.0,4.0,1.0,1.0,4.0,1.0,1.0,2.0,1.0,1.0,5.0,1.0,2.0,7.0,4.0,2.0,2.0,1.0,1.0,1.0,2.0,2.0,2.0,1.0,1.0,2.0,6.0,1.0,4.0,2.0,3.0,-10.81276160699843,1.0,8.0,8.0,1.0,1.0,2.0,2.0,1.0,1.0,2.0,2.0,11.0,5.0,2.0,1.0,2.0,2.0,2.0,2.0,2.0,2.0,2.0,2.0,2.0,1.0,1.0,25.0,6.0,5.0,5.0,5.0,5.0,5.0,5.0,3.0,2.0,1.0,1.0,2.0,1.0,1.0,12.0,15.0,4.0,4.0,5.0,4.0,4.0,5.0,2.0,1.0,5.0,1.0,1.0,2.0,1.0,16.0,5.0,4.0,5.0,4.0,10.0,2.0,4.0,3.0,3.0,6.0,4.0,4.0,4.0,4.0,4.0,4.0,4.0,4.0,4.0,2.0,4.0,4.0,4.0,4.0,4.0,4.0,1.0,1.0,4.0,4.0,4.0,4.0,4.0,4.0,1.0,1.0,1.0,1.0,1.0,1.0,4.0,4.0,4.0,4.0,4.0,4.0,4.0,4.0,4.0,4.0,1.0,1.0,1.0,1.0,3.0,1.0,1.0,10.0,1.0,1.0,1.0,1.0,1.0,21.0,15.0,1.0,1.0,1.0,1.0,1.0,1.0,5.0,1.0,6.0,2.0,2.0,23.0,14.0,1.0,3.0,3.0,3.0,3.0,3.0,3.0,3.0,3.0,1.0,1.0,1.0,1.0,1.0,6.0,1.0,4.0,10.0,9.0,26.0,7.0,3.0,3.0,4.0,3.0,3.0,3.0,4.0,3.0,1.0,1.0,1.0,1.0,3.0,1.0,1.0,13.0,2.0,2.0,2.0,2.0,2.0,2.0,2.0,1.0,1.0,2.0,2.0,2.0,2.0,2.0,2.0,3.0,2.0,1.0,2.0,2.0,2.0,2.0,2.0,2.0,2.0,1.0,2.0,2.0,2.0,2.0,2.0,2.0,2.0,2.0,2.0,2.0,2.0,1.0,-2.0,1.0,4.0,1.0,-4.0,-4.0,-5.0,-4.0,-4.0,-4.0,-5.0,-4.0,-1.0,1.0,2.0,-1.0,1.0,-4.0,-5.0,-4.0,-4.0,-5.0,-4.0,2.0,1.0,-5.0,-6.0,-5.0,-5.0,-6.0,-5.0,1.0,1.0,1.0,-5.0,-5.0,-5.0,-5.0,-5.0,-5.0,-1.0,1.0,-1.0,-5.0,-5.0,-5.0,-5.0,-5.0,-5.0,-3.0,-4.0,-1.0,-1.0,-3.0,-1.0,0.0,1.0,-9.0,-5.0,-12.00604357555452,-1.0,-2.0,-1.0,-1.0,-2.0,-1.0,-3.0,-2.0,-1.0,-1.0,-1.0,-1.0,-1.0,-3.0,-1.0,-1.0,-1.0,-1.0,-3.0,-2.0,18.45784305872714,-2.0,-1.0,-1.0,-1.0,-2.0,7.0,-4.0,-2.0,-3.0,-3.0,-1.0,-1.0,-1.0,1.0,1.0,0.0,-1.0,-5.0,-7.0,-1.0,-2.0,-1.0,9.0,2.0,13.0,-1.0,-1.0,-1.0,-5.0,-5.0,-2.0,-4.0,1.0,5.0,4.0,2.0,2.0,1.0,2.0,15.0,17.0,4.0,5.0,7.0,13.0,1.0,3.0,1.0,1.0,1.0,12.0,5.0,5.0,1.0,11.0,2.0,4.0,2.0,1.0,15.57346510062307,4.0,2.0,1.0,1.0,2.0,1.0,1.0,2.0,1.0,1.0,2.0,6.0,1.0,1.0,2.0,4.0,3.0,2.0,2.0,3.0,7.0,1.0,1.0,1.0,1.0,1.0,2.0,1.0,1.0,1.0,1.0,1.0,1.0,1.0,1.0,2.0,2.0,1.0,4.0,1.0,1.0,1.0,1.0,3.0,1.0,2.0,6.0,1.0,1.0,1.0,1.0,1.0,1.0,1.0,1.0,1.0,1.0,1.0,1.0,3.0,1.0,1.0,3.0,2.0,2.0,2.0,5.0,-20.80157324031526,2.0,2.0,4.0,3.0,1.0,2.0,2.0,2.0,2.0,1.0,1.0,2.0,2.0,2.0,1.0,1.0,1.0,1.0,1.0,2.0,1.0,4.0,1.0,1.0,1.0,1.0,2.0,1.0,1.0,1.0,5.0,5.0,1.0,4.0,3.0,2.0,2.0,1.0,5.0,1.0,3.0,4.0,2.0,1.0,3.0,3.0,4.0,3.0,3.0,1.0,1.0,2.0,1.0,3.0,2.0,4.0,2.0,1.0,4.0,2.0,1.0,2.0,3.0,3.0,3.0,3.0,2.0,1.0,4.0,5.0,1.0,1.0,5.0,4.0,2.0,1.0,1.0,1.0,6.0,10.0,1.0,5.0,5.0,1.0,7.0,2.0,1.0,10.0,4.0,3.0,3.0,1.0,7.0,1.0,11.0,1.0,2.0,2.0,1.0,3.0,2.0,1.0,1.0,5.0,8.0,1.0,7.0,3.0,1.0,2.0,2.0,1.0,2.0,1.0,1.0,1.0,1.0,2.0,7.0,6.0,1.0,2.0,1.0,1.0,1.0,1.0,5.0,1.0,1.0,2.0,5.0,1.0,2.0,7.0,6.0,6.0,1.0,2.0,9.0,3.0,6.0,1.0,6.0,4.0,9.0,1.0,1.0,1.0,2.0,10.0,6.0,2.0,2.0,5.0,5.0,1.0,10.0,1.0,2.0,4.0,5.0,13.0,1.0,1.0,1.0,1.0,4.0,4.0,3.0,1.0,2.0,1.0,1.0,1.0,2.0,4.0,4.0,5.0,11.0,1.0,1.0,1.0,1.0,5.0,2.0,7.0,1.0,1.0,2.0,1.0,1.0,1.0,3.0,3.0,2.0,2.0,3.0,5.0,1.0,2.0,1.0,-2.0,1.0,1.0,7.0,-3.0,-3.0,-3.0,-3.0,1.0,0.0,4.0,-2.0,5.0,-6.0,-6.0,-6.0,-6.0,-2.0,-1.0,-1.0,-6.0,-6.0,-6.0,-6.0,-3.0,-2.0,-1.0,-1.0,-3.0,-3.0,-3.0,-3.0,-2.0,-1.0,-1.0,2.0,-1.0,-6.0,-6.0,-6.0,-6.0,-6.0,-6.0,-6.0,1.0,1.0,-3.0,-3.0,7.0,2.0,-5.0,-5.0,-5.0,-5.0,1.0,-2.0,-2.0,2.0,1.0,-5.0,-6.0,-5.0,-5.0,2.0,1.0,1.0,1.0,-6.0,-6.0,-6.0,-6.0,-1.0,1.0,-2.0,-2.0,1.0,2.0,-13.0,-13.0,-1.0,-1.0,-2.0,2.0,1.0,-5.0,-5.0,-5.0,-5.0,-5.0,-5.0,1.0,1.0,-5.0,-5.0,-5.0,-5.0,-5.0,0.0,-3.0,-12.0,-12.0,1.0,5.0,-7.0,-7.0,-7.0,-7.0,1.0,7.0,1.0,1.0,1.0,2.0,11.0,1.0,4.0,1.0,3.0,6.0,1.0,2.0,3.0,15.0,3.0,2.0,3.0,4.0,1.0,6.0,6.0,4.0,2.0,1.0,1.0,1.0,1.0,1.0,1.0,3.0,7.0,1.0,3.0,1.0,1.0,1.0,3.0,2.0,1.0,2.0,2.0,1.0,1.0,3.0,3.0,3.0,1.0,1.0,2.0,3.0,3.0,3.0,1.0,1.0,1.0,3.0,4.0,4.0,2.0,3.0,1.0,1.0,1.0,1.0,1.0,1.0,2.0,3.0,4.0,4.0,2.0,6.0,3.0,1.0,1.0,1.0,1.0,1.0,1.0,2.0,3.0,1.0,13.0,3.0,1.0,1.0,6.0,1.0,1.0,1.0,4.0,1.0,1.0,2.0,2.0,4.0,3.0,3.0,1.0,1.0,1.0,1.0,2.0,2.0,3.0,3.0,1.0,1.0,2.0,2.0,1.0,2.0,6.0,6.0,2.0,3.0,2.0,2.0,1.0,1.0,2.0,2.0,6.0,6.0,2.0,3.0,2.0,2.0,1.0,1.0,21.0,3.0,4.0,1.0,2.0,2.0,8.0,1.0,7.0,2.0,1.0,2.0,3.0,4.0,4.0,1.0,16.0,1.0,6.0,3.0,1.0,1.0,2.0,10.0,1.0,10.0,3.0,3.0,2.0,1.0,4.0,3.0,1.0,2.0,1.0,1.0,4.0,1.0,3.0,1.0,2.0,2.0,1.0,1.0,1.0,1.0,3.0,1.0,1.0,2.0,1.0,1.0,1.0,1.0,1.0,0.29786125122586,1.0,1.0,1.0,1.0,1.0,4.0,3.0,1.0,1.0,1.0,1.0,1.0,1.0,2.0,2.0,1.0,4.0,1.0,4.0,1.0,1.0,2.0,1.0,1.0,3.0,2.0,2.0,2.0,2.0,1.0,1.0,6.0,24.0,4.0,1.0,3.0,2.0,1.0,1.0,16.0,35.0,3.0,1.0,1.0,1.0,1.0,1.0,1.0,3.0,5.0,1.0,1.0,2.0,7.0,5.0,5.0,2.0,3.0,1.0,1.0,1.0,8.0,1.0,5.0,3.0,2.0,9.0,6.0,1.0,4.0,13.0,1.0,7.0,7.0,1.0,1.0,1.0,1.0,1.0,4.0,6.0,3.0,2.0,1.0,8.0,6.0,1.0,1.0,1.0,2.0,3.0,1.0,2.0,8.0,1.0,2.0,9.0,2.0,1.0,1.0,1.0,1.0,1.0,4.0,1.0,1.0,4.0,5.0,1.0,1.0,2.0,3.0,2.0,1.0,2.0,5.0,6.0,4.0,6.0,8.0,11.0,7.0,6.0,1.0,1.0,1.0,4.0,1.0,3.0,4.0,5.0,12.0,5.0,2.0,2.0,1.0,4.0,2.0,1.0,1.0,1.0,3.0,4.0,3.0,2.0,2.0,3.0,5.0,1.0,7.0,5.0,2.0,2.0,3.0,1.0,1.0,1.0,1.0,2.0,1.0,2.0,1.0,1.0,12.0,10.0,8.0,6.0,5.0,1.0,1.0,1.0,3.0,1.0,1.0,1.0,3.0,4.0,1.0,2.0,1.0,1.0,1.0,2.0,1.0,1.0,8.0,1.0,1.0,2.0,2.0,5.0,2.0,2.0,1.0,1.0,3.0,2.0,3.0,1.0,6.0,6.0,1.0,1.0,6.0,1.0,6.0,9.0,3.0,13.0,10.0,1.0,1.0,11.0,1.0,1.0,3.0,8.0,9.0,2.0,1.0,2.0,3.0,3.0,3.0,1.0,1.0,1.0,5.0,5.0,2.0,1.0,2.0,2.0,1.0,1.0,5.0,1.0,1.0,1.0,1.0,3.0,2.0,1.0,2.0,1.0,3.0,4.0,1.0,2.0,1.0,2.0,1.0,2.0,2.0,1.0,1.0,2.0,2.0,1.0,1.0,1.0,1.0,1.0,1.0,2.0,1.0,8.0,2.0,1.0,5.0,6.0,2.0,1.0,1.0,1.0,6.0,2.0,3.0,4.0,3.0,1.0,1.0,2.0,2.0,1.0,1.0,11.0,1.0,1.0,2.0,4.0,5.0,3.0,1.0,4.0,1.0,14.0,4.0,7.0,1.0,1.0,2.0,1.0,1.0,1.92572291035908,1.0,1.0,1.0,3.0,1.0,9.0,2.0,2.0,1.0,1.0,7.0,1.0,8.0,1.0,1.0,1.0,1.0,2.0,1.0,1.0,1.0,1.0,2.0,1.0,1.0,1.0,1.0,1.0,1.0,4.0,4.0,3.0,2.0,1.0,1.0,1.0,1.0,3.0,1.0,1.0,1.0,1.0,1.0,1.0,1.0,1.0,2.0,1.0,3.0,3.0,1.0,1.0,3.0,5.0,9.0,7.0,2.0,2.0,1.0,1.0,1.0,2.0,3.0,1.0,1.0,2.0,3.0,1.0,1.0,2.0,2.0,1.0,1.0,1.0,1.0,2.0,1.0,1.0,-1.0,-1.0,-2.0,-4.0,-12.0,-7.0,-6.0,-6.0,-9.0,-11.0,-2.0,-8.0,-10.0,-6.0,-11.0,-6.50984180533249,-1.0,-4.0,-1.0,-10.0,-11.0,-3.0,-8.0,-12.0,-10.0,-1.0,-1.0,-1.0,-1.0,-7.0,-7.0,-13.0,-7.0,2.0,1.0,1.0,1.0,2.0,1.0,1.0,5.0,1.0,2.0,1.0,1.0,3.0,1.0,3.0,1.0,1.0,1.0,1.0,1.0,1.0,1.0,1.0,4.0,1.0,1.0,2.0,1.0,1.0,3.0,1.0,1.0,2.0,1.0,1.0,2.0,3.0,1.0,2.0,1.0,1.0,1.0,1.0,1.0,1.0,2.0,1.0,2.0,1.0,2.0,5.0,6.0,1.0,2.0,1.0,1.0,3.0,1.0,1.0,2.0,3.0,3.0,1.0,1.0,2.0,5.0,5.0,1.0,1.0,4.0,3.0,2.0,1.0,1.0,-1.0,1.0,2.0,-3.0,1.0,1.0,-4.0,-4.0,-3.0,2.0,-1.0,-1.0,-1.0,-2.0,2.0,10.0,1.0,1.0,1.0,2.0,3.0,4.0,1.0,2.0,1.0,17.0,1.0,1.0,1.0,1.0,2.0,1.0,1.0,1.0,4.0,4.0,1.0,3.0,1.0,1.0,2.0,1.0,1.0,1.0,2.0,2.0,1.0,1.0,1.0,1.0,2.0,3.0,18.94840458248437,1.0,1.0,3.0,1.0,1.0,1.0,2.0,3.0,1.0,1.0,2.0,4.0,2.0,1.0,1.0,1.0,1.0,2.0,3.0,1.0,4.0,1.0,1.0,1.0,4.0,4.0,1.0,1.0,2.0,2.0,2.0,2.0,1.0,2.0,1.0,2.0,3.0,1.0,6.0,11.0,8.0,5.0,4.0,5.0,3.0,2.0,1.0,1.0,1.0,1.0,1.0,2.0,2.0,3.0,2.0,3.0,1.0,1.0,1.0,1.0,1.0,1.0,3.0,2.0,5.0,1.0,2.0,2.0,1.0,5.0,1.0,5.0,1.0,2.0,5.0,3.0,2.0,1.0,15.11250881122309,1.0,2.0,3.0,1.0,1.0,1.0,3.0,3.0,2.0,4.0,1.0,1.0,1.0,1.0,1.0,1.0,1.0,1.0,1.0,1.0,1.0,3.0,5.0,1.0,1.0,1.0,2.0,2.0,1.0,1.0,5.0,1.0,1.0,5.0,1.0,1.0,-7.0,-7.0,1.0,-1.0,-4.0,-2.0,-1.0,-2.0,-1.0,1.0,-1.0,-3.0,-5.0,0.0,-3.0,-1.0,-2.0,-4.0,1.0,-1.0,1.0,-1.0,-1.0,1.0,-1.0,-1.0,2.0,-2.0,-3.0,2.0,-2.0,-1.0,1.0,-1.0,-1.0,-2.0,1.0,-2.0,-1.0,2.0,-1.0,-1.0,-1.0,-1.0,-2.0,2.0,-2.0,-2.0,0.0,-1.0,-1.0,-1.0,-1.0,-1.0,1.0,1.0,1.0,7.0,1.0,1.0,1.0,1.0,1.0,2.0,1.0,1.0,12.0,1.0,1.0,1.0,1.0,1.0,1.0,2.0,1.0,1.0,1.0,1.0,2.0,4.0,3.0,1.0,1.0,3.0,1.0,1.0,1.0,1.0,2.0,1.0,1.0,1.0,1.0,1.0,2.0,1.0,1.0,3.0,7.0,2.0,1.0,1.0,1.0,1.0,1.0,1.0,1.0,1.0,1.0,1.0,1.0,1.0,6.0,1.0,1.0,1.0,1.0,1.0,1.0,1.0,1.0,1.0,1.0,1.0,1.0,1.0,1.0,1.0,1.0,4.0,1.0,1.0,1.0,1.0,1.0,1.0,1.0,1.0,1.0,1.0,1.0,1.0,1.0,1.0,1.0,1.0,1.0,1.0,1.0,-1.0,-1.0,1.0,1.0,2.0,-2.0,-2.0,-2.0,-2.0,-2.0,1.0,1.0,-3.56110793196185,-3.0,-3.0,-3.0,1.0,-5.0,-5.0,-5.0,1.0,1.0,1.0,1.0,2.0,1.0,1.0,-1.0,-1.0,-1.0,-1.0,-1.0,-1.0,4.0,4.0,1.0,1.0,3.0,1.0,1.0,1.0,1.0,1.0,3.0,3.0,2.0,1.0,1.0,1.0,1.0,1.0,2.0,1.0,1.0,2.0,2.0,1.0,1.0,1.0,1.0,1.0,3.0,3.0,3.0,1.0,1.0,2.0,1.0,1.0,2.0,2.0,2.0,1.0,1.0,1.0,2.0,1.0,1.0,1.0,1.0,3.0,1.0,1.0,1.0,1.0,4.0,2.0,5.0,1.0,2.0,1.0,1.0,1.0,1.0,3.0,1.0,2.0,3.0,2.0,1.0,1.0,1.0,2.0,2.0,2.0,2.0,1.0,6.0,3.0,6.0,1.0,1.0,1.0,3.0,1.0,4.0,5.0,1.0,1.0,1.0,1.0,1.0,17.0,1.0,2.0,12.0,1.0,2.0,3.0,8.0,13.0,5.0,2.0,1.0,2.0,6.0,4.0,4.0,2.0,1.0,3.0,2.0,1.0,1.0,1.0,3.0,1.0,1.0,1.0,3.0,1.0,1.0,1.0,3.0,1.0,1.0,1.0,2.0,3.0,7.0,4.0,3.0,-0.31044766992144,2.0,2.0,2.0,1.0,1.0,1.0,1.0,1.0,1.0,1.0,1.0,1.0,1.0,1.0,1.0,1.0,1.0,1.0,1.0,1.0,1.0,1.0,1.0,1.0,1.0,1.0,1.0,1.0,3.0,1.0,1.0,2.0,2.0,2.0,2.0,3.0,1.0,1.0,1.0,2.0,1.0,4.0,3.0,1.0,1.0,1.0,2.0,1.0,7.39298284432326,1.0,5.0,3.0,2.0,1.0,1.0,1.0,1.0,1.0,1.0,1.0,1.0,1.0,3.0,4.0,3.0,1.0,1.0,1.0,1.0,1.0,1.0,1.0,1.0,1.0,1.0,1.0,1.0,2.0,1.0,1.0,1.0,1.0,1.0,1.0,1.0,1.0,1.0,1.0,1.0,2.0,1.0,1.0,1.0,1.0,1.0,1.0,1.0,1.0,1.0,1.0,1.0,1.0,1.0,3.0,8.0,2.0,1.0,2.0,1.0,1.0,4.0,1.0,1.0,1.0,1.0,1.0,1.0,1.0,7.0,5.0,2.0,3.0,1.0,1.0,2.0,1.0,1.0,1.0,1.0,1.0,1.0,2.0,3.0,1.0,2.0,2.0,2.0,1.0,3.0,1.0,1.0,1.0,1.0,3.0,2.0,3.0,3.0,1.0,1.0,2.0,2.0,2.0,3.0,2.0,1.0,3.0,1.0,2.0,2.0,2.0,2.0,2.0,2.0,1.0,1.0,1.0,1.0,1.0,1.0,1.0,1.0,1.0,2.0,1.0,1.0,1.0,3.0,1.0,1.0,1.0,1.0,1.0,1.0,1.0,2.0,1.0,6.0,1.0,5.0,1.0,4.0,1.0,8.0,1.0,3.0,3.0,4.0,1.0,2.0,2.0,1.0,1.0,3.0,2.0,3.0,1.0,2.0,1.0,1.0,2.0,1.0,1.0,4.0,6.0,1.0,1.0,1.0,2.0,2.0,1.0,1.0,3.0,5.0,4.0,1.0,1.0,5.0,1.0,1.0,2.0,1.0,1.0,1.0,4.0,2.0,1.0,4.0,2.0,6.0,1.0,1.0,1.0,1.0,6.0,4.0,1.0,1.0,3.0,3.0,-1.3686525685699,9.0,2.0,3.0,3.0,3.0,3.0,1.0,1.0,5.0,5.0,5.0,5.0,1.0,7.0,10.0,2.0,1.0,4.0,5.0,5.0,5.0,5.0,2.0,1.0,3.0,5.0,4.0,2.0,2.0,1.0,1.0,2.0,3.0,1.0,1.0,3.0,11.0,5.0,5.0,5.0,5.0,5.0,5.0,5.0,5.0,13.0,3.0,2.0,2.0,3.0,11.0,5.0,5.0,5.0,5.0,1.0,1.0,2.0,18.0,11.0,2.0,1.0,3.0,3.0,5.0,5.0,5.0,5.0,5.0,5.0,2.0,1.0,3.0,1.0,1.0,21.0,1.0,2.0,3.0,6.0,6.0,6.0,6.0,2.0,5.0,3.0,2.0,5.0,13.0,2.0,5.0,5.0,5.0,5.0,6.0,2.0,24.0,2.0,1.0,2.0,5.0,5.0,5.0,5.0,1.0,2.0,4.0,3.0,12.0,1.0,9.0,4.0,4.0,4.0,4.0,4.0,4.0,4.0,1.0,10.0,4.0,1.0,21.0,1.0,2.0,1.0,1.0,1.0,4.0,3.0,5.0,6.0,6.0,6.0,6.0,6.0,1.0,1.0,3.0,15.0,1.0,1.0,1.0,1.0,7.0,4.0,1.0,10.0,5.0,5.0,5.0,5.0,1.0,1.0,4.0,2.0,1.0,1.0,2.0,2.0,9.0,2.0,1.0,1.0,3.0,1.0,4.0,3.0,1.0,1.0,1.0,1.0,1.0,2.0,1.0,1.0,9.0,1.0,1.0,1.0,2.0,5.0,5.0,5.0,5.0,2.0,1.0,7.0,1.0,2.0,5.0,5.0,5.0,5.0,5.0,5.0,5.0,3.0,1.0,1.0,20.0,1.0,1.0,1.0,4.0,1.0,1.0,2.0,1.0,9.0,3.0,4.0,4.0,4.0,4.0,4.0,4.0,4.0,4.0,1.0,1.0,37.0,1.0,1.0,1.0,6.0,6.0,6.0,6.0,6.0,6.0,1.0,1.0,1.0,1.0,6.0,16.0,1.0,5.0,5.0,5.0,5.0,1.0,27.0,1.0,1.0,1.0,7.0,6.0,6.0,6.0,6.0,1.0,2.0,1.0,30.0,1.0,1.0,1.0,1.0,8.0,6.0,6.0,6.0,6.0,13.32796194626393,2.0,2.0,2.0,2.0,5.0,5.0,7.0,3.0,30.0,3.0,10.0,6.0,1.0,10.0,5.0,5.0,5.0,5.0,5.0,5.0,5.0,4.0,1.0,6.0,8.0,1.0,2.0,3.0,4.0,4.0,5.0,6.0,6.0,6.0,6.0,-5.0,-5.0,-5.0,-5.0,-5.0,-5.0,-5.0,-5.0,-5.0,-5.0,1.0
1.0,1.0,1.0,2.0,1.0,2.0,4.0,7.0,1.0,2.0,1.0,5.0,1.0,1.0,1.0,1.0,3.0,1.0,2.0,1.0,1.0,1.0,1.0,1.0,1.0,1.0,5.0,2.0,1.0,3.0,1.0,1.0,5.0,1.0,1.0,2.0,1.0,1.0,1.0,2.0,3.0,1.0,1.0,1.0,1.0,1.0,1.0,1.0,1.0,1.0,1.0,1.0,5.0,3.0,2.0,1.0,1.0,2.0,1.0,1.0,1.0,1.0,1.0,1.0,1.0,1.0,2.0,1.0,5.0,1.0,2.0,1.0,1.0,2.0,1.0,1.0,1.0,1.0,2.0,1.0,7.0,4.0,1.0,2.0,1.0,2.0,12.0,5.0,1.0,15.0,1.0,2.0,2.0,2.0,1.0,1.0,8.0,1.0,4.0,1.0,1.0,16.0,3.0,3.0,1.0,2.0,1.0,1.0,6.0,7.0,1.0,2.0,3.0,2.0,2.0,3.0,2.0,1.0,5.0,1.0,3.0,2.0,2.0,1.0,1.0,1.0,10.0,10.0,1.0,3.0,2.0,1.0,2.0,5.0,2.0,1.0,3.0,1.0,1.0,1.0,1.0,1.0,1.0,1.0,7.0,1.0,1.0,13.0,1.0,1.0,1.0,10.0,2.0,1.0,3.0,1.0,1.0,2.0,3.0,1.0,1.0,1.0,1.0,1.0,1.0,1.0,2.0,1.0,14.0,1.0,1.0,1.0,2.0,2.0,1.0,3.0,2.0,1.0,1.0,1.0,2.0,5.0,1.0,1.0,1.0,4.0,1.0,4.0,2.0,14.0,1.0,2.0,2.0,4.0,1.0,1.0,3.0,1.0,1.0,2.0,1.0,1.0,4.0,3.0,17.0,1.0,1.0,1.0,1.0,3.0,1.0,3.0,5.0,1.0,2.0,2.0,2.0,1.0,1.0,1.0,4.0,1.0,2.0,1.0,1.0,1.0,1.0,1.0,1.0,5.0,2.0,2.0,3.0,1.0,1.0,1.0,1.0,2.0,1.0,1.0,1.0,1.0,1.0,5.0,2.0,3.0,2.0,2.0,3.0,1.0,2.0,4.0,1.0,2.0,2.0,2.0,1.0,1.0,1.0,1.0,1.0,3.0,2.0,1.0,1.0,13.0,3.0,1.0,1.0,1.0,7.0,4.0,1.0,1.0,1.0,8.0,1.0,1.0,6.0,2.0,1.0,3.0,2.0,8.0,2.0,1.0,1.0,1.0,5.0,1.0,8.0,1.0,4.0,9.0,7.0,1.0,1.0,8.0,1.0,2.0,1.0,1.0,4.0,1.0,1.0,1.0,7.0,4.0,5.0,3.0,1.0,1.0,1.0,2.0,1.0,1.0,1.0,1.0,1.0,1.0,6.0,3.0,2.0,2.0,1.0,1.0,1.0,1.0,1.0,1.0,5.0,1.0,1.0,3.0,1.0,1.0,3.0,3.0,1.0,1.0,1.0,2.0,2.0,1.0,1.0,1.0,3.0,4.0,4.0,1.0,1.0,1.0,2.0,1.0,2.0,2.0,2.0,8.0,9.0,3.0,1.0,2.0,1.0,1.0,3.0,2.0,2.0,1.0,5.0,1.0,3.0,3.0,3.0,4.0,1.0,1.0,2.0,2.0,3.0,3.0,1.0,3.0,2.0,1.0,1.0,1.0,1.0,1.0,1.0,1.0,1.0,1.0,1.0,1.0,2.0,10.0,2.0,3.0,3.0,3.0,2.0,1.0,1.0,1.0,1.0,2.0,1.0,15.0,3.0,3.0,3.0,3.0,1.0,1.0,11.0,2.0,2.0,2.0,3.0,1.0,1.0,1.0,1.0,9.0,2.0,2.0,3.0,3.0,1.0,1.0,1.0,2.0,1.0,13.0,2.0,2.0,3.0,3.0,6.0,5.0,2.0,2.0,2.0,2.0,3.0,3.0,4.0,3.0,2.0,2.0,3.0,3.0,4.0,2.0,7.0,3.0,3.0,2.0,2.0,1.0,3.0,7.0,2.0,13.0,6.0,4.0,1.0,1.0,1.0,2.0,1.0,3.0,2.0,10.0,2.0,14.0,1.0,1.0,1.0,9.0,3.0,2.0,1.0,1.0,10.0,2.0,1.0,1.0,1.0,2.0,3.0,7.0,5.0,1.0,1.0,1.0,2.0,6.0,2.0,2.0,4.0,2.0,1.0,1.0,1.0,3.0,2.0,10.0,3.0,1.0,1.0,1.0,5.0,3.0,5.0,1.0,3.0,1.0,1.0,2.0,2.0,3.0,2.0,1.0,2.0,1.0,1.0,1.0,2.0,1.0,1.0,1.0,1.0,5.0,1.0,2.0,1.0,1.0,1.0,1.0,1.0,4.0,1.0,1.0,14.0,1.0,4.0,1.0,13.0,11.0,2.0,2.0,1.0,5.0,1.0,11.0,1.0,1.0,1.0,1.0,1.0,4.0,1.0,1.0,1.0,1.0,3.0,1.0,3.0,1.0,5.0,9.0,1.0,1.0,1.0,1.0,4.0,1.0,6.0,13.0,1.0,3.0,3.0,4.0,1.0,3.0,1.0,4.0,1.0,14.0,9.0,12.0,7.0,1.0,1.0,1.0,2.0,4.0,4.0,6.0,10.0,8.0,21.0,4.0,4.0,3.0,2.0,4.0,1.0,2.0,12.0,11.0,1.0,3.0,4.0,1.0,1.0,1.0,1.0,3.0,6.0,7.0,2.0,5.0,3.0,3.0,8.0,10.0,2.0,19.0,8.0,5.0,1.0,3.0,2.0,6.0,-4.04564786099211,2.0,1.0,2.0,3.0,8.0,9.0,6.0,6.0,1.0,1.0,2.0,2.0,2.0,8.0,4.0,5.0,8.0,7.0,13.0,3.0,9.0,2.0,1.0,3.0,5.0,1.0,3.0,1.0,1.0,7.0,8.0,1.0,2.0,1.0,1.0,6.0,1.0,1.0,1.0,5.0,15.0,1.0,2.0,7.0,5.0,4.0,5.0,4.0,16.0,6.0,4.0,2.0,1.0,1.0,1.0,1.0,1.0,1.0,2.0,1.0,7.0,7.0,4.0,1.0,2.0,1.0,2.0,1.0,1.0,1.0,1.0,2.0,2.0,1.0,1.0,1.0,1.0,1.0,1.0,1.0,1.0,1.0,1.0,1.0,2.0,2.0,4.0,1.0,1.0,1.0,2.0,7.0,1.0,1.0,1.0,1.0,1.0,1.0,1.0,2.0,3.0,6.0,7.0,4.0,1.0,3.0,1.0,1.0,1.0,1.0,1.0,1.0,1.0,1.0,1.0,2.0,1.0,1.0,2.0,1.0,1.0,1.0,2.0,1.0,1.0,1.0,1.0,1.0,2.0,2.0,3.0,6.0,1.0,1.0,2.0,1.0,1.0,2.0,1.0,1.0,13.0,19.0,2.0,1.0,1.0,4.0,1.0,1.0,1.0,1.0,1.0,1.0,1.0,1.0,1.0,1.0,1.0,2.0,1.0,1.0,1.0,16.0,15.0,1.0,2.0,2.0,2.0,1.0,1.0,1.0,2.0,1.0,1.0,1.0,1.0,1.0,2.0,1.0,1.0,3.0,1.0,1.0,1.0,2.0,1.0,1.0,12.0,7.0,1.0,5.0,1.0,3.0,1.0,1.0,1.0,2.0,3.0,1.0,1.0,6.0,7.0,3.0,5.0,3.0,1.0,1.0,3.0,2.0,1.0,7.0,16.0,1.0,1.0,5.0,3.0,1.0,1.0,3.0,2.0,1.0,6.96952489648403,1.0,2.0,3.0,3.0,1.0,1.0,2.0,1.0,1.0,1.0,2.0,30.0,1.0,4.0,7.0,1.0,1.0,1.0,1.0,1.0,2.0,1.0,2.0,1.0,1.0,1.0,1.0,1.0,1.0,5.0,24.0,4.0,2.0,1.0,1.0,1.0,1.0,1.0,1.0,2.0,2.0,3.0,1.0,2.0,1.0,1.0,1.0,1.0,1.0,1.0,1.0,2.0,1.0,1.0,1.0,1.0,1.0,1.0,1.0,1.0,3.0,1.0,1.0,1.0,3.0,5.0,2.0,3.0,1.0,1.0,2.0,1.0,2.0,1.0,3.0,1.0,2.0,1.0,1.0,2.0,2.0,2.0,1.0,1.0,5.0,2.0,2.0,4.0,1.0,3.0,1.0,4.0,1.0,1.0,2.0,1.0,1.0,4.0,1.0,2.0,1.0,1.0,2.0,4.0,1.0,2.0,2.0,5.0,1.0,1.0,2.0,1.0,1.0,3.0,1.0,1.0,3.0,3.0,5.0,3.0,4.0,1.0,1.0,1.0,2.0,1.0,2.0,1.0,2.0,1.0,1.0,3.0,1.0,1.0,1.0,1.0,2.0,1.0,1.0,1.0,2.0,1.0,1.0,1.0,1.0,1.0,1.0,1.0,1.0,4.0,1.0,1.0,1.0,2.0,1.0,6.0,1.0,1.0,1.0,2.0,2.0,1.0,1.0,1.0,1.8076550310665,2.0,1.0,1.0,2.0,1.0,-1.0,-1.0,-1.0,-1.0,-2.0,1.0,9.0,-1.0,1.0,-1.0,-1.0,-5.0,-4.0,-3.0,-4.0,-5.0,-5.0,1.0,1.0,1.0,6.0,6.0,2.0,1.0,3.0,2.0,1.0,4.0,5.0,1.0,3.0,1.0,1.0,2.0,1.0,5.0,1.0,1.0,10.0,4.0,1.0,1.0,1.0,3.0,7.0,1.0,2.0,8.0,1.0,2.0,1.0,1.0,1.0,2.0,1.0,2.0,9.0,1.0,9.0,1.0,1.0,1.0,3.0,1.0,1.0,4.0,4.0,1.0,2.0,1.0,2.0,1.0,1.0,1.0,2.0,1.0,1.0,2.0,4.0,1.0,1.0,10.0,1.0,1.0,1.0,3.0,1.0,4.0,4.0,9.0,1.0,1.0,5.0,1.0,1.0,1.0,4.0,2.0,5.0,1.0,7.0,1.0,5.0,1.0,1.0,1.0,18.20845275419301,1.0,5.0,4.0,6.0,1.0,-3.0,-1.0,-1.0,-13.71931735451625,-2.0,-2.0,-1.0,-1.0,-1.0,-1.0,-3.0,-1.0,-2.0,-4.0,-1.0,-2.0,-1.0,-1.0,-1.0,5.0,4.0,2.0,7.0,2.0,1.0,2.0,1.0,2.0,1.0,3.0,4.0,4.0,1.0,1.0,2.0,4.0,2.0,6.0,1.0,5.0,11.27775448851298,8.0,7.0,1.0,4.0,3.0,1.0,1.0,1.0,2.0,1.0,4.0,1.0,1.0,1.0,1.0,2.0,1.0,1.0,3.0,2.0,4.0,7.0,7.0,4.0,1.0,1.0,4.0,1.0,1.0,2.0,1.0,1.0,5.0,1.0,2.0,7.0,4.0,2.0,2.0,1.0,1.0,1.0,2.0,2.0,2.0,1.0,1.0,2.0,6.0,1.0,4.0,2.0,3.0,-10.81276160699843,1.0,8.0,8.0,1.0,1.0,2.0,2.0,1.0,1.0,2.0,2.0,11.0,5.0,2.0,1.0,2.0,2.0,2.0,2.0,2.0,2.0,2.0,2.0,2.0,1.0,1.0,25.0,6.0,5.0,5.0,5.0,5.0,5.0,5.0,3.0,2.0,1.0,1.0,2.0,1.0,1.0,12.0,15.0,4.0,4.0,5.0,4.0,4.0,5.0,2.0,1.0,5.0,1.0,1.0,2.0,1.0,16.0,5.0,4.0,5.0,4.0,10.0,2.0,4.0,3.0,3.0,6.0,4.0,4.0,4.0,4.0,4.0,4.0,4.0,4.0,4.0,2.0,4.0,4.0,4.0,4.0,4.0,4.0,1.0,1.0,4.0,4.0,4.0,4.0,4.0,4.0,1.0,1.0,1.0,1.0,1.0,1.0,4.0,4.0,4.0,4.0,4.0,4.0,4.0,4.0,4.0,4.0,1.0,1.0,1.0,1.0,3.0,1.0,1.0,10.0,1.0,1.0,1.0,1.0,1.0,21.0,15.0,1.0,1.0,1.0,1.0,1.0,1.0,5.0,1.0,6.0,2.0,2.0,23.0,14.0,1.0,3.0,3.0,3.0,3.0,3.0,3.0,3.0,3.0,1.0,1.0,1.0,1.0,1.0,6.0,1.0,4.0,10.0,9.0,26.0,7.0,3.0,3.0,4.0,3.0,3.0,3.0,4.0,3.0,1.0,1.0,1.0,1.0,3.0,1.0,1.0,13.0,2.0,2.0,2.0,2.0,2.0,2.0,2.0,1.0,1.0,2.0,2.0,2.0,2.0,2.0,2.0,3.0,2.0,1.0,2.0,2.0,2.0,2.0,2.0,2.0,2.0,1.0,2.0,2.0,2.0,2.0,2.0,2.0,2.0,2.0,2.0,2.0,2.0,1.0,-2.0,1.0,4.0,1.0,-4.0,-4.0,-5.0,-4.0,-4.0,-4.0,-5.0,-4.0,-1.0,1.0,2.0,-1.0,1.0,-4.0,-5.0,-4.0,-4.0,-5.0,-4.0,2.0,1.0,-5.0,-6.0,-5.0,-5.0,-6.0,-5.0,1.0,1.0,1.0,-5.0,-5.0,-5.0,-5.0,-5.0,-5.0,-1.0,1.0,-1.0,-5.0,-5.0,-5.0,-5.0,-5.0,-5.0,-3.0,-4.0,-1.0,-1.0,-3.0,-1.0,0.0,1.0,-9.0,-5.0,-12.00604357555452,-1.0,-2.0,-1.0,-1.0,-2.0,-1.0,-3.0,-2.0,-1.0,-1.0,-1.0,-1.0,-1.0,-3.0,-1.0,-1.0,-1.0,-1.0,-3.0,-2.0,18.45784305872714,-2.0,-1.0,-1.0,-1.0,-2.0,7.0,-4.0,-2.0,-3.0,-3.0,-1.0,-1.0,-1.0,1.0,1.0,0.0,-1.0,-5.0,-7.0,-1.0,-2.0,-1.0,9.0,2.0,13.0,-1.0,-1.0,-1.0,-5.0,-5.0,-2.0,-4.0,1.0,5.0,4.0,2.0,2.0,1.0,2.0,15.0,17.0,4.0,5.0,7.0,13.0,1.0,3.0,1.0,1.0,1.0,12.0,5.0,5.0,1.0,11.0,2.0,4.0,2.0,1.0,15.57346510062307,4.0,2.0,1.0,1.0,2.0,1.0,1.0,2.0,1.0,1.0,2.0,6.0,1.0,1.0,2.0,4.0,3.0,2.0,2.0,3.0,7.0,1.0,1.0,1.0,1.0,1.0,2.0,1.0,1.0,1.0,1.0,1.0,1.0,1.0,1.0,2.0,2.0,1.0,4.0,1.0,1.0,1.0,1.0,3.0,1.0,2.0,6.0,1.0,1.0,1.0,1.0,1.0,1.0,1.0,1.0,1.0,1.0,1.0,1.0,3.0,1.0,1.0,3.0,2.0,2.0,2.0,5.0,-20.80157324031526,2.0,2.0,4.0,3.0,1.0,2.0,2.0,2.0,2.0,1.0,1.0,2.0,2.0,2.0,1.0,1.0,1.0,1.0,1.0,2.0,1.0,4.0,1.0,1.0,1.0,1.0,2.0,1.0,1.0,1.0,5.0,5.0,1.0,4.0,3.0,2.0,2.0,1.0,5.0,1.0,3.0,4.0,2.0,1.0,3.0,3.0,4.0,3.0,3.0,1.0,1.0,2.0,1.0,3.0,2.0,4.0,2.0,1.0,4.0,2.0,1.0,2.0,3.0,3.0,3.0,3.0,2.0,1.0,4.0,5.0,1.0,1.0,5.0,4.0,2.0,1.0,1.0,1.0,6.0,10.0,1.0,5.0,5.0,1.0,7.0,2.0,1.0,10.0,4.0,3.0,3.0,1.0,7.0,1.0,11.0,1.0,2.0,2.0,1.0,3.0,2.0,1.0,1.0,5.0,8.0,1.0,7.0,3.0,1.0,2.0,2.0,1.0,2.0,1.0,1.0,1.0,1.0,2.0,7.0,6.0,1.0,2.0,1.0,1.0,1.0,1.0,5.0,1.0,1.0,2.0,5.0,1.0,2.0,7.0,6.0,6.0,1.0,2.0,9.0,3.0,6.0,1.0,6.0,4.0,9.0,1.0,1.0,1.0,2.0,10.0,6.0,2.0,2.0,5.0,5.0,1.0,10.0,1.0,2.0,4.0,5.0,13.0,1.0,1.0,1.0,1.0,4.0,4.0,3.0,1.0,2.0,1.0,1.0,1.0,2.0,4.0,4.0,5.0,11.0,1.0,1.0,1.0,1.0,5.0,2.0,7.0,1.0,1.0,2.0,1.0,1.0,1.0,3.0,3.0,2.0,2.0,3.0,5.0,1.0,2.0,1.0,-2.0,1.0,1.0,7.0,-3.0,-3.0,-3.0,-3.0,1.0,0.0,4.0,-2.0,5.0,-6.0,-6.0,-6.0,-6.0,-2.0,-1.0,-1.0,-6.0,-6.0,-6.0,-6.0,-3.0,-2.0,-1.0,-1.0,-3.0,-3.0,-3.0,-3.0,-2.0,-1.0,-1.0,2.0,-1.0,-6.0,-6.0,-6.0,-6.0,-6.0,-6.0,-6.0,1.0,1.0,-3.0,-3.0,7.0,2.0,-5.0,-5.0,-5.0,-5.0,1.0,-2.0,-2.0,2.0,1.0,-5.0,-6.0,-5.0,-5.0,2.0,1.0,1.0,1.0,-6.0,-6.0,-6.0,-6.0,-1.0,1.0,-2.0,-2.0,1.0,2.0,-13.0,-13.0,-1.0,-1.0,-2.0,2.0,1.0,-5.0,-5.0,-5.0,-5.0,-5.0,-5.0,1.0,1.0,-5.0,-5.0,-5.0,-5.0,-5.0,0.0,-3.0,-12.0,-12.0,1.0,5.0,-7.0,-7.0,-7.0,-7.0,1.0,7.0,1.0,1.0,1.0,2.0,11.0,1.0,4.0,1.0,3.0,6.0,1.0,2.0,3.0,15.0,3.0,2.0,3.0,4.0,1.0,6.0,6.0,4.0,2.0,1.0,1.0,1.0,1.0,1.0,1.0,3.0,7.0,1.0,3.0,1.0,1.0,1.0,3.0,2.0,1.0,2.0,2.0,1.0,1.0,3.0,3.0,3.0,1.0,1.0,2.0,3.0,3.0,3.0,1.0,1.0,1.0,3.0,4.0,4.0,2.0,3.0,1.0,1.0,1.0,1.0,1.0,1.0,2.0,3.0,4.0,4.0,2.0,6.0,3.0,1.0,1.0,1.0,1.0,1.0,1.0,2.0,3.0,1.0,13.0,3.0,1.0,1.0,6.0,1.0,1.0,1.0,4.0,1.0,1.0,2.0,2.0,4.0,3.0,3.0,1.0,1.0,1.0,1.0,2.0,2.0,3.0,3.0,1.0,1.0,2.0,2.0,1.0,2.0,6.0,6.0,2.0,3.0,2.0,2.0,1.0,1.0,2.0,2.0,6.0,6.0,2.0,3.0,2.0,2.0,1.0,1.0,21.0,3.0,4.0,1.0,2.0,2.0,8.0,1.0,7.0,2.0,1.0,2.0,3.0,4.0,4.0,1.0,16.0,1.0,6.0,3.0,1.0,1.0,2.0,10.0,1.0,10.0,3.0,3.0,2.0,1.0,4.0,3.0,1.0,2.0,1.0,1.0,4.0,1.0,3.0,1.0,2.0,2.0,1.0,1.0,1.0,1.0,3.0,1.0,1.0,2.0,1.0,1.0,1.0,1.0,1.0,0.29786125122586,1.0,1.0,1.0,1.0,1.0,4.0,3.0,1.0,1.0,1.0,1.0,1.0,1.0,2.0,2.0,1.0,4.0,1.0,4.0,1.0,1.0,2.0,1.0,1.0,3.0,2.0,2.0,2.0,2.0,1.0,1.0,6.0,24.0,4.0,1.0,3.0,2.0,1.0,1.0,16.0,35.0,3.0,1.0,1.0,1.0,1.0,1.0,1.0,3.0,5.0,1.0,1.0,2.0,7.0,5.0,5.0,2.0,3.0,1.0,1.0,1.0,8.0,1.0,5.0,3.0,2.0,9.0,6.0,1.0,4.0,13.0,1.0,7.0,7.0,1.0,1.0,1.0,1.0,1.0,4.0,6.0,3.0,2.0,1.0,8.0,6.0,1.0,1.0,1.0,2.0,3.0,1.0,2.0,8.0,1.0,2.0,9.0,2.0,1.0,1.0,1.0,1.0,1.0,4.0,1.0,1.0,4.0,5.0,1.0,1.0,2.0,3.0,2.0,1.0,2.0,5.0,6.0,4.0,6.0,8.0,11.0,7.0,6.0,1.0,1.0,1.0,4.0,1.0,3.0,4.0,5.0,12.0,5.0,2.0,2.0,1.0,4.0,2.0,1.0,1.0,1.0,3.0,4.0,3.0,2.0,2.0,3.0,5.0,1.0,7.0,5.0,2.0,2.0,3.0,1.0,1.0,1.0,1.0,2.0,1.0,2.0,1.0,1.0,12.0,10.0,8.0,6.0,5.0,1.0,1.0,1.0,3.0,1.0,1.0,1.0,3.0,4.0,1.0,2.0,1.0,1.0,1.0,2.0,1.0,1.0,8.0,1.0,1.0,2.0,2.0,5.0,2.0,2.0,1.0,1.0,3.0,2.0,3.0,1.0,6.0,6.0,1.0,1.0,6.0,1.0,6.0,9.0,3.0,13.0,10.0,1.0,1.0,11.0,1.0,1.0,3.0,8.0,9.0,2.0,1.0,2.0,3.0,3.0,3.0,1.0,1.0,1.0,5.0,5.0,2.0,1.0,2.0,2.0,1.0,1.0,5.0,1.0,1.0,1.0,1.0,3.0,2.0,1.0,2.0,1.0,3.0,4.0,1.0,2.0,1.0,2.0,1.0,2.0,2.0,1.0,1.0,2.0,2.0,1.0,1.0,1.0,1.0,1.0,1.0,2.0,1.0,8.0,2.0,1.0,5.0,6.0,2.0,1.0,1.0,1.0,6.0,2.0,3.0,4.0,3.0,1.0,1.0,2.0,2.0,1.0,1.0,11.0,1.0,1.0,2.0,4.0,5.0,3.0,1.0,4.0,1.0,14.0,4.0,7.0,1.0,1.0,2.0,1.0,1.0,1.92572291035908,1.0,1.0,1.0,3.0,1.0,9.0,2.0,2.0,1.0,1.0,7.0,1.0,8.0,1.0,1.0,1.0,1.0,2.0,1.0,1.0,1.0,1.0,2.0,1.0,1.0,1.0,1.0,1.0,1.0,4.0,4.0,3.0,2.0,1.0,1.0,1.0,1.0,3.0,1.0,1.0,1.0,1.0,1.0,1.0,1.0,1.0,2.0,1.0,3.0,3.0,1.0,1.0,3.0,5.0,9.0,7.0,2.0,2.0,1.0,1.0,1.0,2.0,3.0,1.0,1.0,2.0,3.0,1.0,1.0,2.0,2.0,1.0,1.0,1.0,1.0,2.0,1.0,1.0,-1.0,-1.0,-2.0,-4.0,-12.0,-7.0,-6.0,-6.0,-9.0,-11.0,-2.0,-8.0,-10.0,-6.0,-11.0,-6.50984180533249,-1.0,-4.0,-1.0,-10.0,-11.0,-3.0,-8.0,-12.0,-10.0,-1.0,-1.0,-1.0,-1.0,-7.0,-7.0,-13.0,-7.0,2.0,1.0,1.0,1.0,2.0,1.0,1.0,5.0,1.0,2.0,1.0,1.0,3.0,1.0,3.0,1.0,1.0,1.0,1.0,1.0,1.0,1.0,1.0,4.0,1.0,1.0,2.0,1.0,1.0,3.0,1.0,1.0,2.0,1.0,1.0,2.0,3.0,1.0,2.0,1.0,1.0,1.0,1.0,1.0,1.0,2.0,1.0,2.0,1.0,2.0,5.0,6.0,1.0,2.0,1.0,1.0,3.0,1.0,1.0,2.0,3.0,3.0,1.0,1.0,2.0,5.0,5.0,1.0,1.0,4.0,3.0,2.0,1.0,1.0,-1.0,1.0,2.0,-3.0,1.0,1.0,-4.0,-4.0,-3.0,2.0,-1.0,-1.0,-1.0,-2.0,2.0,10.0,1.0,1.0,1.0,2.0,3.0,4.0,1.0,2.0,1.0,17.0,1.0,1.0,1.0,1.0,2.0,1.0,1.0,1.0,4.0,4.0,1.0,3.0,1.0,1.0,2.0,1.0,1.0,1.0,2.0,2.0,1.0,1.0,1.0,1.0,2.0,3.0,18.94840458248437,1.0,1.0,3.0,1.0,1.0,1.0,2.0,3.0,1.0,1.0,2.0,4.0,2.0,1.0,1.0,1.0,1.0,2.0,3.0,1.0,4.0,1.0,1.0,1.0,4.0,4.0,1.0,1.0,2.0,2.0,2.0,2.0,1.0,2.0,1.0,2.0,3.0,1.0,6.0,11.0,8.0,5.0,4.0,5.0,3.0,2.0,1.0,1.0,1.0,1.0,1.0,2.0,2.0,3.0,2.0,3.0,1.0,1.0,1.0,1.0,1.0,1.0,3.0,2.0,5.0,1.0,2.0,2.0,1.0,5.0,1.0,5.0,1.0,2.0,5.0,3.0,2.0,1.0,15.11250881122309,1.0,2.0,3.0,1.0,1.0,1.0,3.0,3.0,2.0,4.0,1.0,1.0,1.0,1.0,1.0,1.0,1.0,1.0,1.0,1.0,1.0,3.0,5.0,1.0,1.0,1.0,2.0,2.0,1.0,1.0,5.0,1.0,1.0,5.0,1.0,1.0,-7.0,-7.0,1.0,-1.0,-4.0,-2.0,-1.0,-2.0,-1.0,1.0,-1.0,-3.0,-5.0,0.0,-3.0,-1.0,-2.0,-4.0,1.0,-1.0,1.0,-1.0,-1.0,1.0,-1.0,-1.0,2.0,-2.0,-3.0,2.0,-2.0,-1.0,1.0,-1.0,-1.0,-2.0,1.0,-2.0,-1.0,2.0,-1.0,-1.0,-1.0,-1.0,-2.0,2.0,-2.0,-2.0,0.0,-1.0,-1.0,-1.0,-1.0,-1.0,1.0,1.0,1.0,7.0,1.0,1.0,1.0,1.0,1.0,2.0,1.0,1.0,12.0,1.0,1.0,1.0,1.0,1.0,1.0,2.0,1.0,1.0,1.0,1.0,2.0,4.0,3.0,1.0,1.0,3.0,1.0,1.0,1.0,1.0,2.0,1.0,1.0,1.0,1.0,1.0,2.0,1.0,1.0,3.0,7.0,2.0,1.0,1.0,1.0,1.0,1.0,1.0,1.0,1.0,1.0,1.0,1.0,1.0,6.0,1.0,1.0,1.0,1.0,1.0,1.0,1.0,1.0,1.0,1.0,1.0,1.0,1.0,1.0,1.0,1.0,4.0,1.0,1.0,1.0,1.0,1.0,1.0,1.0,1.0,1.0,1.0,1.0,1.0,1.0,1.0,1.0,1.0,1.0,1.0,1.0,-1.0,-1.0,1.0,1.0,2.0,-2.0,-2.0,-2.0,-2.0,-2.0,1.0,1.0,-3.56110793196185,-3.0,-3.0,-3.0,1.0,-5.0,-5.0,-5.0,1.0,1.0,1.0,1.0,2.0,1.0,1.0,-1.0,-1.0,-1.0,-1.0,-1.0,-1.0,4.0,4.0,1.0,1.0,3.0,1.0,1.0,1.0,1.0,1.0,3.0,3.0,2.0,1.0,1.0,1.0,1.0,1.0,2.0,1.0,1.0,2.0,2.0,1.0,1.0,1.0,1.0,1.0,3.0,3.0,3.0,1.0,1.0,2.0,1.0,1.0,2.0,2.0,2.0,1.0,1.0,1.0,2.0,1.0,1.0,1.0,1.0,3.0,1.0,1.0,1.0,1.0,4.0,2.0,5.0,1.0,2.0,1.0,1.0,1.0,1.0,3.0,1.0,2.0,3.0,2.0,1.0,1.0,1.0,2.0,2.0,2.0,2.0,1.0,6.0,3.0,6.0,1.0,1.0,1.0,3.0,1.0,4.0,5.0,1.0,1.0,1.0,1.0,1.0,17.0,1.0,2.0,12.0,1.0,2.0,3.0,8.0,13.0,5.0,2.0,1.0,2.0,6.0,4.0,4.0,2.0,1.0,3.0,2.0,1.0,1.0,1.0,3.0,1.0,1.0,1.0,3.0,1.0,1.0,1.0,3.0,1.0,1.0,1.0,2.0,3.0,7.0,4.0,3.0,-0.31044766992144,2.0,2.0,2.0,1.0,1.0,1.0,1.0,1.0,1.0,1.0,1.0,1.0,1.0,1.0,1.0,1.0,1.0,1.0,1.0,1.0,1.0,1.0,1.0,1.0,1.0,1.0,1.0,1.0,3.0,1.0,1.0,2.0,2.0,2.0,2.0,3.0,1.0,1.0,1.0,2.0,1.0,4.0,3.0,1.0,1.0,1.0,2.0,1.0,7.39298284432326,1.0,5.0,3.0,2.0,1.0,1.0,1.0,1.0,1.0,1.0,1.0,1.0,1.0,3.0,4.0,3.0,1.0,1.0,1.0,1.0,1.0,1.0,1.0,1.0,1.0,1.0,1.0,1.0,2.0,1.0,1.0,1.0,1.0,1.0,1.0,1.0,1.0,1.0,1.0,1.0,2.0,1.0,1.0,1.0,1.0,1.0,1.0,1.0,1.0,1.0,1.0,1.0,1.0,1.0,3.0,8.0,2.0,1.0,2.0,1.0,1.0,4.0,1.0,1.0,1.0,1.0,1.0,1.0,1.0,7.0,5.0,2.0,3.0,1.0,1.0,2.0,1.0,1.0,1.0,1.0,1.0,1.0,2.0,3.0,1.0,2.0,2.0,2.0,1.0,3.0,1.0,1.0,1.0,1.0,3.0,2.0,3.0,3.0,1.0,1.0,2.0,2.0,2.0,3.0,2.0,1.0,3.0,1.0,2.0,2.0,2.0,2.0,2.0,2.0,1.0,1.0,1.0,1.0,1.0,1.0,1.0,1.0,1.0,2.0,1.0,1.0,1.0,3.0,1.0,1.0,1.0,1.0,1.0,1.0,1.0,2.0,1.0,6.0,1.0,5.0,1.0,4.0,1.0,8.0,1.0,3.0,3.0,4.0,1.0,2.0,2.0,1.0,1.0,3.0,2.0,3.0,1.0,2.0,1.0,1.0,2.0,1.0,1.0,4.0,6.0,1.0,1.0,1.0,2.0,2.0,1.0,1.0,3.0,5.0,4.0,1.0,1.0,5.0,1.0,1.0,2.0,1.0,1.0,1.0,4.0,2.0,1.0,4.0,2.0,6.0,1.0,1.0,1.0,1.0,6.0,4.0,1.0,1.0,3.0,3.0,-1.3686525685699,9.0,2.0,3.0,3.0,3.0,3.0,1.0,1.0,5.0,5.0,5.0,5.0,1.0,7.0,10.0,2.0,1.0,4.0,5.0,5.0,5.0,5.0,2.0,1.0,3.0,5.0,4.0,2.0,2.0,1.0,1.0,2.0,3.0,1.0,1.0,3.0,11.0,5.0,5.0,5.0,5.0,5.0,5.0,5.0,5.0,13.0,3.0,2.0,2.0,3.0,11.0,5.0,5.0,5.0,5.0,1.0,1.0,2.0,18.0,11.0,2.0,1.0,3.0,3.0,5.0,5.0,5.0,5.0,5.0,5.0,2.0,1.0,3.0,1.0,1.0,21.0,1.0,2.0,3.0,6.0,6.0,6.0,6.0,2.0,5.0,3.0,2.0,5.0,13.0,2.0,5.0,5.0,5.0,5.0,6.0,2.0,24.0,2.0,1.0,2.0,5.0,5.0,5.0,5.0,1.0,2.0,4.0,3.0,12.0,1.0,9.0,4.0,4.0,4.0,4.0,4.0,4.0,4.0,1.0,10.0,4.0,1.0,21.0,1.0,2.0,1.0,1.0,1.0,4.0,3.0,5.0,6.0,6.0,6.0,6.0,6.0,1.0,1.0,3.0,15.0,1.0,1.0,1.0,1.0,7.0,4.0,1.0,10.0,5.0,5.0,5.0,5.0,1.0,1.0,4.0,2.0,1.0,1.0,2.0,2.0,9.0,2.0,1.0,1.0,3.0,1.0,4.0,3.0,1.0,1.0,1.0,1.0,1.0,2.0,1.0,1.0,9.0,1.0,1.0,1.0,2.0,5.0,5.0,5.0,5.0,2.0,1.0,7.0,1.0,2.0,5.0,5.0,5.0,5.0,5.0,5.0,5.0,3.0,1.0,1.0,20.0,1.0,1.0,1.0,4.0,1.0,1.0,2.0,1.0,9.0,3.0,4.0,4.0,4.0,4.0,4.0,4.0,4.0,4.0,1.0,1.0,37.0,1.0,1.0,1.0,6.0,6.0,6.0,6.0,6.0,6.0,1.0,1.0,1.0,1.0,6.0,16.0,1.0,5.0,5.0,5.0,5.0,1.0,27.0,1.0,1.0,1.0,7.0,6.0,6.0,6.0,6.0,1.0,2.0,1.0,30.0,1.0,1.0,1.0,1.0,8.0,6.0,6.0,6.0,6.0,13.32796194626393,2.0,2.0,2.0,2.0,5.0,5.0,7.0,3.0,30.0,3.0,10.0,6.0,1.0,10.0,5.0,5.0,5.0,5.0,5.0,5.0,5.0,4.0,1.0,6.0,8.0,1.0,2.0,3.0,4.0,4.0,5.0,6.0,6.0,6.0,6.0,-5.0,-5.0,-5.0,-5.0,-5.0,-5.0,-5.0,-5.0,-5.0,-5.0,1.0
1.0,1.0,1.0,2.0,1.0,2.0,4.0,7.0,1.0,2.0,1.0,5.0,1.0,1.0,1.0,1.0,3.0,1.0,2.0,1.0,1.0,1.0,1.0,1.0,1.0,1.0,5.0,2.0,1.0,3.0,1.0,1.0,5.0,1.0,1.0,2.0,1.0,1.0,1.0,2.0,3.0,1.0,1.0,1.0,1.0,1.0,1.0,1.0,1.0,1.0,1.0,1.0,5.0,3.0,2.0,1.0,1.0,2.0,1.0,1.0,1.0,1.0,1.0,1.0,1.0,1.0,2.0,1.0,5.0,1.0,2.0,1.0,1.0,2.0,1.0,1.0,1.0,1.0,2.0,1.0,7.0,4.0,1.0,2.0,1.0,2.0,12.0,5.0,1.0,15.0,1.0,2.0,2.0,2.0,1.0,1.0,8.0,1.0,4.0,1.0,1.0,16.0,3.0,3.0,1.0,2.0,1.0,1.0,6.0,7.0,1.0,2.0,3.0,2.0,2.0,3.0,2.0,1.0,5.0,1.0,3.0,2.0,2.0,1.0,1.0,1.0,10.0,10.0,1.0,3.0,2.0,1.0,2.0,5.0,2.0,1.0,3.0,1.0,1.0,1.0,1.0,1.0,1.0,1.0,7.0,1.0,1.0,13.0,1.0,1.0,1.0,10.0,2.0,1.0,3.0,1.0,1.0,2.0,3.0,1.0,1.0,1.0,1.0,1.0,1.0,1.0,2.0,1.0,14.0,1.0,1.0,1.0,2.0,2.0,1.0,3.0,2.0,1.0,1.0,1.0,2.0,5.0,1.0,1.0,1.0,4.0,1.0,4.0,2.0,14.0,1.0,2.0,2.0,4.0,1.0,1.0,3.0,1.0,1.0,2.0,1.0,1.0,4.0,3.0,17.0,1.0,1.0,1.0,1.0,3.0,1.0,3.0,5.0,1.0,2.0,2.0,2.0,1.0,1.0,1.0,4.0,1.0,2.0,1.0,1.0,1.0,1.0,1.0,1.0,5.0,2.0,2.0,3.0,1.0,1.0,1.0,1.0,2.0,1.0,1.0,1.0,1.0,1.0,5.0,2.0,3.0,2.0,2.0,3.0,1.0,2.0,4.0,1.0,2.0,2.0,2.0,1.0,1.0,1.0,1.0,1.0,3.0,2.0,1.0,1.0,13.0,3.0,1.0,1.0,1.0,7.0,4.0,1.0,1.0,1.0,8.0,1.0,1.0,6.0,2.0,1.0,3.0,2.0,8.0,2.0,1.0,1.0,1.0,5.0,1.0,8.0,1.0,4.0,9.0,7.0,1.0,1.0,8.0,1.0,2.0,1.0,1.0,4.0,1.0,1.0,1.0,7.0,4.0,5.0,3.0,1.0,1.0,1.0,2.0,1.0,1.0,1.0,1.0,1.0,1.0,6.0,3.0,2.0,2.0,1.0,1.0,1.0,1.0,1.0,1.0,5.0,1.0,1.0,3.0,1.0,1.0,3.0,3.0,1.0,1.0,1.0,2.0,2.0,1.0,1.0,1.0,3.0,4.0,4.0,1.0,1.0,1.0,2.0,1.0,2.0,2.0,2.0,8.0,9.0,3.0,1.0,2.0,1.0,1.0,3.0,2.0,2.0,1.0,5.0,1.0,3.0,3.0,3.0,4.0,1.0,1.0,2.0,2.0,3.0,3.0,1.0,3.0,2.0,1.0,1.0,1.0,1.0,1.0,1.0,1.0,1.0,1.0,1.0,1.0,2.0,10.0,2.0,3.0,3.0,3.0,2.0,1.0,1.0,1.0,1.0,2.0,1.0,15.0,3.0,3.0,3.0,3.0,1.0,1.0,11.0,2.0,2.0,2.0,3.0,1.0,1.0,1.0,1.0,9.0,2.0,2.0,3.0,3.0,1.0,1.0,1.0,2.0,1.0,13.0,2.0,2.0,3.0,3.0,6.0,5.0,2.0,2.0,2.0,2.0,3.0,3.0,4.0,3.0,2.0,2.0,3.0,3.0,4.0,2.0,7.0,3.0,3.0,2.0,2.0,1.0,3.0,7.0,2.0,13.0,6.0,4.0,1.0,1.0,1.0,2.0,1.0,3.0,2.0,10.0,2.0,14.0,1.0,1.0,1.0,9.0,3.0,2.0,1.0,1.0,10.0,2.0,1.0,1.0,1.0,2.0,3.0,7.0,5.0,1.0,1.0,1.0,2.0,6.0,2.0,2.0,4.0,2.0,1.0,1.0,1.0,3.0,2.0,10.0,3.0,1.0,1.0,1.0,5.0,3.0,5.0,1.0,3.0,1.0,1.0,2.0,2.0,3.0,2.0,1.0,2.0,1.0,1.0,1.0,2.0,1.0,1.0,1.0,1.0,5.0,1.0,2.0,1.0,1.0,1.0,1.0,1.0,4.0,1.0,1.0,14.0,1.0,4.0,1.0,13.0,11.0,2.0,2.0,1.0,5.0,1.0,11.0,1.0,1.0,1.0,1.0,1.0,4.0,1.0,1.0,1.0,1.0,3.0,1.0,3.0,1.0,5.0,9.0,1.0,1.0,1.0,1.0,4.0,1.0,6.0,13.0,1.0,3.0,3.0,4.0,1.0,3.0,1.0,4.0,1.0,14.0,9.0,12.0,7.0,1.0,1.0,1.0,2.0,4.0,4.0,6.0,10.0,8.0,21.0,4.0,4.0,3.0,2.0,4.0,1.0,2.0,12.0,11.0,1.0,3.0,4.0,1.0,1.0,1.0,1.0,3.0,6.0,7.0,2.0,5.0,3.0,3.0,8.0,10.0,2.0,19.0,8.0,5.0,1.0,3.0,2.0,6.0,-4.04564786099211,2.0,1.0,2.0,3.0,8.0,9.0,6.0,6.0,1.0,1.0,2.0,2.0,2.0,8.0,4.0,5.0,8.0,7.0,13.0,3.0,9.0,2.0,1.0,3.0,5.0,1.0,3.0,1.0,1.0,7.0,8.0,1.0,2.0,1.0,1.0,6.0,1.0,1.0,1.0,5.0,15.0,1.0,2.0,7.0,5.0,4.0,5.0,4.0,16.0,6.0,4.0,2.0,1.0,1.0,1.0,1.0,1.0,1.0,2.0,1.0,7.0,7.0,4.0,1.0,2.0,1.0,2.0,1.0,1.0,1.0,1.0,2.0,2.0,1.0,1.0,1.0,1.0,1.0,1.0,1.0,1.0,1.0,1.0,1.0,2.0,2.0,4.0,1.0,1.0,1.0,2.0,7.0,1.0,1.0,1.0,1.0,1.0,1.0,1.0,2.0,3.0,6.0,7.0,4.0,1.0,3.0,1.0,1.0,1.0,1.0,1.0,1.0,1.0,1.0,1.0,2.0,1.0,1.0,2.0,1.0,1.0,1.0,2.0,1.0,1.0,1.0,1.0,1.0,2.0,2.0,3.0,6.0,1.0,1.0,2.0,1.0,1.0,2.0,1.0,1.0,13.0,19.0,2.0,1.0,1.0,4.0,1.0,1.0,1.0,1.0,1.0,1.0,1.0,1.0,1.0,1.0,1.0,2.0,1.0,1.0,1.0,16.0,15.0,1.0,2.0,2.0,2.0,1.0,1.0,1.0,2.0,1.0,1.0,1.0,1.0,1.0,2.0,1.0,1.0,3.0,1.0,1.0,1.0,2.0,1.0,1.0,12.0,7.0,1.0,5.0,1.0,3.0,1.0,1.0,1.0,2.0,3.0,1.0,1.0,6.0,7.0,3.0,5.0,3.0,1.0,1.0,3.0,2.0,1.0,7.0,16.0,1.0,1.0,5.0,3.0,1.0,1.0,3.0,2.0,1.0,6.96952489648403,1.0,2.0,3.0,3.0,1.0,1.0,2.0,1.0,1.0,1.0,2.0,30.0,1.0,4.0,7.0,1.0,1.0,1.0,1.0,1.0,2.0,1.0,2.0,1.0,1.0,1.0,1.0,1.0,1.0,5.0,24.0,4.0,2.0,1.0,1.0,1.0,1.0,1.0,1.0,2.0,2.0,3.0,1.0,2.0,1.0,1.0,1.0,1.0,1.0,1.0,1.0,2.0,1.0,1.0,1.0,1.0,1.0,1.0,1.0,1.0,3.0,1.0,1.0,1.0,3.0,5.0,2.0,3.0,1.0,1.0,2.0,1.0,2.0,1.0,3.0,1.0,2.0,1.0,1.0,2.0,2.0,2.0,1.0,1.0,5.0,2.0,2.0,4.0,1.0,3.0,1.0,4.0,1.0,1.0,2.0,1.0,1.0,4.0,1.0,2.0,1.0,1.0,2.0,4.0,1.0,2.0,2.0,5.0,1.0,1.0,2.0,1.0,1.0,3.0,1.0,1.0,3.0,3.0,5.0,3.0,4.0,1.0,1.0,1.0,2.0,1.0,2.0,1.0,2.0,1.0,1.0,3.0,1.0,1.0,1.0,1.0,2.0,1.0,1.0,1.0,2.0,1.0,1.0,1.0,1.0,1.0,1.0,1.0,1.0,4.0,1.0,1.0,1.0,2.0,1.0,6.0,1.0,1.0,1.0,2.0,2.0,1.0,1.0,1.0,1.8076550310665,2.0,1.0,1.0,2.0,1.0,-1.0,-1.0,-1.0,-1.0,-2.0,1.0,9.0,-1.0,1.0,-1.0,-1.0,-5.0,-4.0,-3.0,-4.0,-5.0,-5.0,1.0,1.0,1.0,6.0,6.0,2.0,1.0,3.0,2.0,1.0,4.0,5.0,1.0,3.0,1.0,1.0,2.0,1.0,5.0,1.0,1.0,10.0,4.0,1.0,1.0,1.0,3.0,7.0,1.0,2.0,8.0,1.0,2.0,1.0,1.0,1.0,2.0,1.0,2.0,9.0,1.0,9.0,1.0,1.0,1.0,3.0,1.0,1.0,4.0,4.0,1.0,2.0,1.0,2.0,1.0,1.0,1.0,2.0,1.0,1.0,2.0,4.0,1.0,1.0,10.0,1.0,1.0,1.0,3.0,1.0,4.0,4.0,9.0,1.0,1.0,5.0,1.0,1.0,1.0,4.0,2.0,5.0,1.0,7.0,1.0,5.0,1.0,1.0,1.0,18.20845275419301,1.0,5.0,4.0,6.0,1.0,-3.0,-1.0,-1.0,-13.71931735451625,-2.0,-2.0,-1.0,-1.0,-1.0,-1.0,-3.0,-1.0,-2.0,-4.0,-1.0,-2.0,-1.0,-1.0,-1.0,5.0,4.0,2.0,7.0,2.0,1.0,2.0,1.0,2.0,1.0,3.0,4.0,4.0,1.0,1.0,2.0,4.0,2.0,6.0,1.0,5.0,11.27775448851298,8.0,7.0,1.0,4.0,3.0,1.0,1.0,1.0,2.0,1.0,4.0,1.0,1.0,1.0,1.0,2.0,1.0,1.0,3.0,2.0,4.0,7.0,7.0,4.0,1.0,1.0,4.0,1.0,1.0,2.0,1.0,1.0,5.0,1.0,2.0,7.0,4.0,2.0,2.0,1.0,1.0,1.0,2.0,2.0,2.0,1.0,1.0,2.0,6.0,1.0,4.0,2.0,3.0,-10.81276160699843,1.0,8.0,8.0,1.0,1.0,2.0,2.0,1.0,1.0,2.0,2.0,11.0,5.0,2.0,1.0,2.0,2.0,2.0,2.0,2.0,2.0,2.0,2.0,2.0,1.0,1.0,25.0,6.0,5.0,5.0,5.0,5.0,5.0,5.0,3.0,2.0,1.0,1.0,2.0,1.0,1.0,12.0,15.0,4.0,4.0,5.0,4.0,4.0,5.0,2.0,1.0,5.0,1.0,1.0,2.0,1.0,16.0,5.0,4.0,5.0,4.0,10.0,2.0,4.0,3.0,3.0,6.0,4.0,4.0,4.0,4.0,4.0,4.0,4.0,4.0,4.0,2.0,4.0,4.0,4.0,4.0,4.0,4.0,1.0,1.0,4.0,4.0,4.0,4.0,4.0,4.0,1.0,1.0,1.0,1.0,1.0,1.0,4.0,4.0,4.0,4.0,4.0,4.0,4.0,4.0,4.0,4.0,1.0,1.0,1.0,1.0,3.0,1.0,1.0,10.0,1.0,1.0,1.0,1.0,1.0,21.0,15.0,1.0,1.0,1.0,1.0,1.0,1.0,5.0,1.0,6.0,2.0,2.0,23.0,14.0,1.0,3.0,3.0,3.0,3.0,3.0,3.0,3.0,3.0,1.0,1.0,1.0,1.0,1.0,6.0,1.0,4.0,10.0,9.0,26.0,7.0,3.0,3.0,4.0,3.0,3.0,3.0,4.0,3.0,1.0,1.0,1.0,1.0,3.0,1.0,1.0,13.0,2.0,2.0,2.0,2.0,2.0,2.0,2.0,1.0,1.0,2.0,2.0,2.0,2.0,2.0,2.0,3.0,2.0,1.0,2.0,2.0,2.0,2.0,2.0,2.0,2.0,1.0,2.0,2.0,2.0,2.0,2.0,2.0,2.0,2.0,2.0,2.0,2.0,1.0,-2.0,1.0,4.0,1.0,-4.0,-4.0,-5.0,-4.0,-4.0,-4.0,-5.0,-4.0,-1.0,1.0,2.0,-1.0,1.0,-4.0,-5.0,-4.0,-4.0,-5.0,-4.0,2.0,1.0,-5.0,-6.0,-5.0,-5.0,-6.0,-5.0,1.0,1.0,1.0,-5.0,-5.0,-5.0,-5.0,-5.0,-5.0,-1.0,1.0,-1.0,-5.0,-5.0,-5.0,-5.0,-5.0,-5.0,-3.0,-4.0,-1.0,-1.0,-3.0,-1.0,0.0,1.0,-9.0,-5.0,-12.00604357555452,-1.0,-2.0,-1.0,-1.0,-2.0,-1.0,-3.0,-2.0,-1.0,-1.0,-1.0,-1.0,-1.0,-3.0,-1.0,-1.0,-1.0,-1.0,-3.0,-2.0,18.45784305872714,-2.0,-1.0,-1.0,-1.0,-2.0,7.0,-4.0,-2.0,-3.0,-3.0,-1.0,-1.0,-1.0,1.0,1.0,0.0,-1.0,-5.0,-7.0,-1.0,-2.0,-1.0,9.0,2.0,13.0,-1.0,-1.0,-1.0,-5.0,-5.0,-2.0,-4.0,1.0,5.0,4.0,2.0,2.0,1.0,2.0,15.0,17.0,4.0,5.0,7.0,13.0,1.0,3.0,1.0,1.0,1.0,12.0,5.0,5.0,1.0,11.0,2.0,4.0,2.0,1.0,15.57346510062307,4.0,2.0,1.0,1.0,2.0,1.0,1.0,2.0,1.0,1.0,2.0,6.0,1.0,1.0,2.0,4.0,3.0,2.0,2.0,3.0,7.0,1.0,1.0,1.0,1.0,1.0,2.0,1.0,1.0,1.0,1.0,1.0,1.0,1.0,1.0,2.0,2.0,1.0,4.0,1.0,1.0,1.0,1.0,3.0,1.0,2.0,6.0,1.0,1.0,1.0,1.0,1.0,1.0,1.0,1.0,1.0,1.0,1.0,1.0,3.0,1.0,1.0,3.0,2.0,2.0,2.0,5.0,-20.80157324031526,2.0,2.0,4.0,3.0,1.0,2.0,2.0,2.0,2.0,1.0,1.0,2.0,2.0,2.0,1.0,1.0,1.0,1.0,1.0,2.0,1.0,4.0,1.0,1.0,1.0,1.0,2.0,1.0,1.0,1.0,5.0,5.0,1.0,4.0,3.0,2.0,2.0,1.0,5.0,1.0,3.0,4.0,2.0,1.0,3.0,3.0,4.0,3.0,3.0,1.0,1.0,2.0,1.0,3.0,2.0,4.0,2.0,1.0,4.0,2.0,1.0,2.0,3.0,3.0,3.0,3.0,2.0,1.0,4.0,5.0,1.0,1.0,5.0,4.0,2.0,1.0,1.0,1.0,6.0,10.0,1.0,5.0,5.0,1.0,7.0,2.0,1.0,10.0,4.0,3.0,3.0,1.0,7.0,1.0,11.0,1.0,2.0,2.0,1.0,3.0,2.0,1.0,1.0,5.0,8.0,1.0,7.0,3.0,1.0,2.0,2.0,1.0,2.0,1.0,1.0,1.0,1.0,2.0,7.0,6.0,1.0,2.0,1.0,1.0,1.0,1.0,5.0,1.0,1.0,2.0,5.0,1.0,2.0,7.0,6.0,6.0,1.0,2.0,9.0,3.0,6.0,1.0,6.0,4.0,9.0,1.0,1.0,1.0,2.0,10.0,6.0,2.0,2.0,5.0,5.0,1.0,10.0,1.0,2.0,4.0,5.0,13.0,1.0,1.0,1.0,1.0,4.0,4.0,3.0,1.0,2.0,1.0,1.0,1.0,2.0,4.0,4.0,5.0,11.0,1.0,1.0,1.0,1.0,5.0,2.0,7.0,1.0,1.0,2.0,1.0,1.0,1.0,3.0,3.0,2.0,2.0,3.0,5.0,1.0,2.0,1.0,-2.0,1.0,1.0,7.0,-3.0,-3.0,-3.0,-3.0,1.0,0.0,4.0,-2.0,5.0,-6.0,-6.0,-6.0,-6.0,-2.0,-1.0,-1.0,-6.0,-6.0,-6.0,-6.0,-3.0,-2.0,-1.0,-1.0,-3.0,-3.0,-3.0,-3.0,-2.0,-1.0,-1.0,2.0,-1.0,-6.0,-6.0,-6.0,-6.0,-6.0,-6.0,-6.0,1.0,1.0,-3.0,-3.0,7.0,2.0,-5.0,-5.0,-5.0,-5.0,1.0,-2.0,-2.0,2.0,1.0,-5.0,-6.0,-5.0,-5.0,2.0,1.0,1.0,1.0,-6.0,-6.0,-6.0,-6.0,-1.0,1.0,-2.0,-2.0,1.0,2.0,-13.0,-13.0,-1.0,-1.0,-2.0,2.0,1.0,-5.0,-5.0,-5.0,-5.0,-5.0,-5.0,1.0,1.0,-5.0,-5.0,-5.0,-5.0,-5.0,0.0,-3.0,-12.0,-12.0,1.0,5.0,-7.0,-7.0,-7.0,-7.0,1.0,7.0,1.0,1.0,1.0,2.0,11.0,1.0,4.0,1.0,3.0,6.0,1.0,2.0,3.0,15.0,3.0,2.0,3.0,4.0,1.0,6.0,6.0,4.0,2.0,1.0,1.0,1.0,1.0,1.0,1.0,3.0,7.0,1.0,3.0,1.0,1.0,1.0,3.0,2.0,1.0,2.0,2.0,1.0,1.0,3.0,3.0,3.0,1.0,1.0,2.0,3.0,3.0,3.0,1.0,1.0,1.0,3.0,4.0,4.0,2.0,3.0,1.0,1.0,1.0,1.0,1.0,1.0,2.0,3.0,4.0,4.0,2.0,6.0,3.0,1.0,1.0,1.0,1.0,1.0,1.0,2.0,3.0,1.0,13.0,3.0,1.0,1.0,6.0,1.0,1.0,1.0,4.0,1.0,1.0,2.0,2.0,4.0,3.0,3.0,1.0,1.0,1.0,1.0,2.0,2.0,3.0,3.0,1.0,1.0,2.0,2.0,1.0,2.0,6.0,6.0,2.0,3.0,2.0,2.0,1.0,1.0,2.0,2.0,6.0,6.0,2.0,3.0,2.0,2.0,1.0,1.0,21.0,3.0,4.0,1.0,2.0,2.0,8.0,1.0,7.0,2.0,1.0,2.0,3.0,4.0,4.0,1.0,16.0,1.0,6.0,3.0,1.0,1.0,2.0,10.0,1.0,10.0,3.0,3.0,2.0,1.0,4.0,3.0,1.0,2.0,1.0,1.0,4.0,1.0,3.0,1.0,2.0,2.0,1.0,1.0,1.0,1.0,3.0,1.0,1.0,2.0,1.0,1.0,1.0,1.0,1.0,0.29786125122586,1.0,1.0,1.0,1.0,1.0,4.0,3.0,1.0,1.0,1.0,1.0,1.0,1.0,2.0,2.0,1.0,4.0,1.0,4.0,1.0,1.0,2.0,1.0,1.0,3.0,2.0,2.0,2.0,2.0,1.0,1.0,6.0,24.0,4.0,1.0,3.0,2.0,1.0,1.0,16.0,35.0,3.0,1.0,1.0,1.0,1.0,1.0,1.0,3.0,5.0,1.0,1.0,2.0,7.0,5.0,5.0,2.0,3.0,1.0,1.0,1.0,8.0,1.0,5.0,3.0,2.0,9.0,6.0,1.0,4.0,13.0,1.0,7.0,7.0,1.0,1.0,1.0,1.0,1.0,4.0,6.0,3.0,2.0,1.0,8.0,6.0,1.0,1.0,1.0,2.0,3.0,1.0,2.0,8.0,1.0,2.0,9.0,2.0,1.0,1.0,1.0,1.0,1.0,4.0,1.0,1.0,4.0,5.0,1.0,1.0,2.0,3.0,2.0,1.0,2.0,5.0,6.0,4.0,6.0,8.0,11.0,7.0,6.0,1.0,1.0,1.0,4.0,1.0,3.0,4.0,5.0,12.0,5.0,2.0,2.0,1.0,4.0,2.0,1.0,1.0,1.0,3.0,4.0,3.0,2.0,2.0,3.0,5.0,1.0,7.0,5.0,2.0,2.0,3.0,1.0,1.0,1.0,1.0,2.0,1.0,2.0,1.0,1.0,12.0,10.0,8.0,6.0,5.0,1.0,1.0,1.0,3.0,1.0,1.0,1.0,3.0,4.0,1.0,2.0,1.0,1.0,1.0,2.0,1.0,1.0,8.0,1.0,1.0,2.0,2.0,5.0,2.0,2.0,1.0,1.0,3.0,2.0,3.0,1.0,6.0,6.0,1.0,1.0,6.0,1.0,6.0,9.0,3.0,13.0,10.0,1.0,1.0,11.0,1.0,1.0,3.0,8.0,9.0,2.0,1.0,2.0,3.0,3.0,3.0,1.0,1.0,1.0,5.0,5.0,2.0,1.0,2.0,2.0,1.0,1.0,5.0,1.0,1.0,1.0,1.0,3.0,2.0,1.0,2.0,1.0,3.0,4.0,1.0,2.0,1.0,2.0,1.0,2.0,2.0,1.0,1.0,2.0,2.0,1.0,1.0,1.0,1.0,1.0,1.0,2.0,1.0,8.0,2.0,1.0,5.0,6.0,2.0,1.0,1.0,1.0,6.0,2.0,3.0,4.0,3.0,1.0,1.0,2.0,2.0,1.0,1.0,11.0,1.0,1.0,2.0,4.0,5.0,3.0,1.0,4.0,1.0,14.0,4.0,7.0,1.0,1.0,2.0,1.0,1.0,1.92572291035908,1.0,1.0,1.0,3.0,1.0,9.0,2.0,2.0,1.0,1.0,7.0,1.0,8.0,1.0,1.0,1.0,1.0,2.0,1.0,1.0,1.0,1.0,2.0,1.0,1.0,1.0,1.0,1.0,1.0,4.0,4.0,3.0,2.0,1.0,1.0,1.0,1.0,3.0,1.0,1.0,1.0,1.0,1.0,1.0,1.0,1.0,2.0,1.0,3.0,3.0,1.0,1.0,3.0,5.0,9.0,7.0,2.0,2.0,1.0,1.0,1.0,2.0,3.0,1.0,1.0,2.0,3.0,1.0,1.0,2.0,2.0,1.0,1.0,1.0,1.0,2.0,1.0,1.0,-1.0,-1.0,-2.0,-4.0,-12.0,-7.0,-6.0,-6.0,-9.0,-11.0,-2.0,-8.0,-10.0,-6.0,-11.0,-6.50984180533249,-1.0,-4.0,-1.0,-10.0,-11.0,-3.0,-8.0,-12.0,-10.0,-1.0,-1.0,-1.0,-1.0,-7.0,-7.0,-13.0,-7.0,2.0,1.0,1.0,1.0,2.0,1.0,1.0,5.0,1.0,2.0,1.0,1.0,3.0,1.0,3.0,1.0,1.0,1.0,1.0,1.0,1.0,1.0,1.0,4.0,1.0,1.0,2.0,1.0,1.0,3.0,1.0,1.0,2.0,1.0,1.0,2.0,3.0,1.0,2.0,1.0,1.0,1.0,1.0,1.0,1.0,2.0,1.0,2.0,1.0,2.0,5.0,6.0,1.0,2.0,1.0,1.0,3.0,1.0,1.0,2.0,3.0,3.0,1.0,1.0,2.0,5.0,5.0,1.0,1.0,4.0,3.0,2.0,1.0,1.0,-1.0,1.0,2.0,-3.0,1.0,1.0,-4.0,-4.0,-3.0,2.0,-1.0,-1.0,-1.0,-2.0,2.0,10.0,1.0,1.0,1.0,2.0,3.0,4.0,1.0,2.0,1.0,17.0,1.0,1.0,1.0,1.0,2.0,1.0,1.0,1.0,4.0,4.0,1.0,3.0,1.0,1.0,2.0,1.0,1.0,1.0,2.0,2.0,1.0,1.0,1.0,1.0,2.0,3.0,18.94840458248437,1.0,1.0,3.0,1.0,1.0,1.0,2.0,3.0,1.0,1.0,2.0,4.0,2.0,1.0,1.0,1.0,1.0,2.0,3.0,1.0,4.0,1.0,1.0,1.0,4.0,4.0,1.0,1.0,2.0,2.0,2.0,2.0,1.0,2.0,1.0,2.0,3.0,1.0,6.0,11.0,8.0,5.0,4.0,5.0,3.0,2.0,1.0,1.0,1.0,1.0,1.0,2.0,2.0,3.0,2.0,3.0,1.0,1.0,1.0,1.0,1.0,1.0,3.0,2.0,5.0,1.0,2.0,2.0,1.0,5.0,1.0,5.0,1.0,2.0,5.0,3.0,2.0,1.0,15.11250881122309,1.0,2.0,3.0,1.0,1.0,1.0,3.0,3.0,2.0,4.0,1.0,1.0,1.0,1.0,1.0,1.0,1.0,1.0,1.0,1.0,1.0,3.0,5.0,1.0,1.0,1.0,2.0,2.0,1.0,1.0,5.0,1.0,1.0,5.0,1.0,1.0,-7.0,-7.0,1.0,-1.0,-4.0,-2.0,-1.0,-2.0,-1.0,1.0,-1.0,-3.0,-5.0,0.0,-3.0,-1.0,-2.0,-4.0,1.0,-1.0,1.0,-1.0,-1.0,1.0,-1.0,-1.0,2.0,-2.0,-3.0,2.0,-2.0,-1.0,1.0,-1.0,-1.0,-2.0,1.0,-2.0,-1.0,2.0,-1.0,-1.0,-1.0,-1.0,-2.0,2.0,-2.0,-2.0,0.0,-1.0,-1.0,-1.0,-1.0,-1.0,1.0,1.0,1.0,7.0,1.0,1.0,1.0,1.0,1.0,2.0,1.0,1.0,12.0,1.0,1.0,1.0,1.0,1.0,1.0,2.0,1.0,1.0,1.0,1.0,2.0,4.0,3.0,1.0,1.0,3.0,1.0,1.0,1.0,1.0,2.0,1.0,1.0,1.0,1.0,1.0,2.0,1.0,1.0,3.0,7.0,2.0,1.0,1.0,1.0,1.0,1.0,1.0,1.0,1.0,1.0,1.0,1.0,1.0,6.0,1.0,1.0,1.0,1.0,1.0,1.0,1.0,1.0,1.0,1.0,1.0,1.0,1.0,1.0,1.0,1.0,4.0,1.0,1.0,1.0,1.0,1.0,1.0,1.0,1.0,1.0,1.0,1.0,1.0,1.0,1.0,1.0,1.0,1.0,1.0,1.0,-1.0,-1.0,1.0,1.0,2.0,-2.0,-2.0,-2.0,-2.0,-2.0,1.0,1.0,-3.56110793196185,-3.0,-3.0,-3.0,1.0,-5.0,-5.0,-5.0,1.0,1.0,1.0,1.0,2.0,1.0,1.0,-1.0,-1.0,-1.0,-1.0,-1.0,-1.0,4.0,4.0,1.0,1.0,3.0,1.0,1.0,1.0,1.0,1.0,3.0,3.0,2.0,1.0,1.0,1.0,1.0,1.0,2.0,1.0,1.0,2.0,2.0,1.0,1.0,1.0,1.0,1.0,3.0,3.0,3.0,1.0,1.0,2.0,1.0,1.0,2.0,2.0,2.0,1.0,1.0,1.0,2.0,1.0,1.0,1.0,1.0,3.0,1.0,1.0,1.0,1.0,4.0,2.0,5.0,1.0,2.0,1.0,1.0,1.0,1.0,3.0,1.0,2.0,3.0,2.0,1.0,1.0,1.0,2.0,2.0,2.0,2.0,1.0,6.0,3.0,6.0,1.0,1.0,1.0,3.0,1.0,4.0,5.0,1.0,1.0,1.0,1.0,1.0,17.0,1.0,2.0,12.0,1.0,2.0,3.0,8.0,13.0,5.0,2.0,1.0,2.0,6.0,4.0,4.0,2.0,1.0,3.0,2.0,1.0,1.0,1.0,3.0,1.0,1.0,1.0,3.0,1.0,1.0,1.0,3.0,1.0,1.0,1.0,2.0,3.0,7.0,4.0,3.0,-0.31044766992144,2.0,2.0,2.0,1.0,1.0,1.0,1.0,1.0,1.0,1.0,1.0,1.0,1.0,1.0,1.0,1.0,1.0,1.0,1.0,1.0,1.0,1.0,1.0,1.0,1.0,1.0,1.0,1.0,3.0,1.0,1.0,2.0,2.0,2.0,2.0,3.0,1.0,1.0,1.0,2.0,1.0,4.0,3.0,1.0,1.0,1.0,2.0,1.0,7.39298284432326,1.0,5.0,3.0,2.0,1.0,1.0,1.0,1.0,1.0,1.0,1.0,1.0,1.0,3.0,4.0,3.0,1.0,1.0,1.0,1.0,1.0,1.0,1.0,1.0,1.0,1.0,1.0,1.0,2.0,1.0,1.0,1.0,1.0,1.0,1.0,1.0,1.0,1.0,1.0,1.0,2.0,1.0,1.0,1.0,1.0,1.0,1.0,1.0,1.0,1.0,1.0,1.0,1.0,1.0,3.0,8.0,2.0,1.0,2.0,1.0,1.0,4.0,1.0,1.0,1.0,1.0,1.0,1.0,1.0,7.0,5.0,2.0,3.0,1.0,1.0,2.0,1.0,1.0,1.0,1.0,1.0,1.0,2.0,3.0,1.0,2.0,2.0,2.0,1.0,3.0,1.0,1.0,1.0,1.0,3.0,2.0,3.0,3.0,1.0,1.0,2.0,2.0,2.0,3.0,2.0,1.0,3.0,1.0,2.0,2.0,2.0,2.0,2.0,2.0,1.0,1.0,1.0,1.0,1.0,1.0,1.0,1.0,1.0,2.0,1.0,1.0,1.0,3.0,1.0,1.0,1.0,1.0,1.0,1.0,1.0,2.0,1.0,6.0,1.0,5.0,1.0,4.0,1.0,8.0,1.0,3.0,3.0,4.0,1.0,2.0,2.0,1.0,1.0,3.0,2.0,3.0,1.0,2.0,1.0,1.0,2.0,1.0,1.0,4.0,6.0,1.0,1.0,1.0,2.0,2.0,1.0,1.0,3.0,5.0,4.0,1.0,1.0,5.0,1.0,1.0,2.0,1.0,1.0,1.0,4.0,2.0,1.0,4.0,2.0,6.0,1.0,1.0,1.0,1.0,6.0,4.0,1.0,1.0,3.0,3.0,-1.3686525685699,9.0,2.0,3.0,3.0,3.0,3.0,1.0,1.0,5.0,5.0,5.0,5.0,1.0,7.0,10.0,2.0,1.0,4.0,5.0,5.0,5.0,5.0,2.0,1.0,3.0,5.0,4.0,2.0,2.0,1.0,1.0,2.0,3.0,1.0,1.0,3.0,11.0,5.0,5.0,5.0,5.0,5.0,5.0,5.0,5.0,13.0,3.0,2.0,2.0,3.0,11.0,5.0,5.0,5.0,5.0,1.0,1.0,2.0,18.0,11.0,2.0,1.0,3.0,3.0,5.0,5.0,5.0,5.0,5.0,5.0,2.0,1.0,3.0,1.0,1.0,21.0,1.0,2.0,3.0,6.0,6.0,6.0,6.0,2.0,5.0,3.0,2.0,5.0,13.0,2.0,5.0,5.0,5.0,5.0,6.0,2.0,24.0,2.0,1.0,2.0,5.0,5.0,5.0,5.0,1.0,2.0,4.0,3.0,12.0,1.0,9.0,4.0,4.0,4.0,4.0,4.0,4.0,4.0,1.0,10.0,4.0,1.0,21.0,1.0,2.0,1.0,1.0,1.0,4.0,3.0,5.0,6.0,6.0,6.0,6.0,6.0,1.0,1.0,3.0,15.0,1.0,1.0,1.0,1.0,7.0,4.0,1.0,10.0,5.0,5.0,5.0,5.0,1.0,1.0,4.0,2.0,1.0,1.0,2.0,2.0,9.0,2.0,1.0,1.0,3.0,1.0,4.0,3.0,1.0,1.0,1.0,1.0,1.0,2.0,1.0,1.0,9.0,1.0,1.0,1.0,2.0,5.0,5.0,5.0,5.0,2.0,1.0,7.0,1.0,2.0,5.0,5.0,5.0,5.0,5.0,5.0,5.0,3.0,1.0,1.0,20.0,1.0,1.0,1.0,4.0,1.0,1.0,2.0,1.0,9.0,3.0,4.0,4.0,4.0,4.0,4.0,4.0,4.0,4.0,1.0,1.0,37.0,1.0,1.0,1.0,6.0,6.0,6.0,6.0,6.0,6.0,1.0,1.0,1.0,1.0,6.0,16.0,1.0,5.0,5.0,5.0,5.0,1.0,27.0,1.0,1.0,1.0,7.0,6.0,6.0,6.0,6.0,1.0,2.0,1.0,30.0,1.0,1.0,1.0,1.0,8.0,6.0,6.0,6.0,6.0,13.32796194626393,2.0,2.0,2.0,2.0,5.0,5.0,7.0,3.0,30.0,3.0,10.0,6.0,1.0,10.0,5.0,5.0,5.0,5.0,5.0,5.0,5.0,4.0,1.0,6.0,8.0,1.0,2.0,3.0,4.0,4.0,5.0,6.0,6.0,6.0,6.0,-5.0,-5.0,-5.0,-5.0,-5.0,-5.0,-5.0,-5.0,-5.0,-5.0,1.0
1.0,1.0,1.0,2.0,1.0,2.0,4.0,7.0,1.0,2.0,1.0,5.0,1.0,1.0,1.0,1.0,3.0,1.0,2.0,1.0,1.0,1.0,1.0,1.0,1.0,1.0,5.0,2.0,1.0,3.0,1.0,1.0,5.0,1.0,1.0,2.0,1.0,1.0,1.0,2.0,3.0,1.0,1.0,1.0,1.0,1.0,1.0,1.0,1.0,1.0,1.0,1.0,5.0,3.0,2.0,1.0,1.0,2.0,1.0,1.0,1.0,1.0,1.0,1.0,1.0,1.0,2.0,1.0,5.0,1.0,2.0,1.0,1.0,2.0,1.0,1.0,1.0,1.0,2.0,1.0,7.0,4.0,1.0,2.0,1.0,2.0,12.0,5.0,1.0,15.0,1.0,2.0,2.0,2.0,1.0,1.0,8.0,1.0,4.0,1.0,1.0,16.0,3.0,3.0,1.0,2.0,1.0,1.0,6.0,7.0,1.0,2.0,3.0,2.0,2.0,3.0,2.0,1.0,5.0,1.0,3.0,2.0,2.0,1.0,1.0,1.0,10.0,10.0,1.0,3.0,2.0,1.0,2.0,5.0,2.0,1.0,3.0,1.0,1.0,1.0,1.0,1.0,1.0,1.0,7.0,1.0,1.0,13.0,1.0,1.0,1.0,10.0,2.0,1.0,3.0,1.0,1.0,2.0,3.0,1.0,1.0,1.0,1.0,1.0,1.0,1.0,2.0,1.0,14.0,1.0,1.0,1.0,2.0,2.0,1.0,3.0,2.0,1.0,1.0,1.0,2.0,5.0,1.0,1.0,1.0,4.0,1.0,4.0,2.0,14.0,1.0,2.0,2.0,4.0,1.0,1.0,3.0,1.0,1.0,2.0,1.0,1.0,4.0,3.0,17.0,1.0,1.0,1.0,1.0,3.0,1.0,3.0,5.0,1.0,2.0,2.0,2.0,1.0,1.0,1.0,4.0,1.0,2.0,1.0,1.0,1.0,1.0,1.0,1.0,5.0,2.0,2.0,3.0,1.0,1.0,1.0,1.0,2.0,1.0,1.0,1.0,1.0,1.0,5.0,2.0,3.0,2.0,2.0,3.0,1.0,2.0,4.0,1.0,2.0,2.0,2.0,1.0,1.0,1.0,1.0,1.0,3.0,2.0,1.0,1.0,13.0,3.0,1.0,1.0,1.0,7.0,4.0,1.0,1.0,1.0,8.0,1.0,1.0,6.0,2.0,1.0,3.0,2.0,8.0,2.0,1.0,1.0,1.0,5.0,1.0,8.0,1.0,4.0,9.0,7.0,1.0,1.0,8.0,1.0,2.0,1.0,1.0,4.0,1.0,1.0,1.0,7.0,4.0,5.0,3.0,1.0,1.0,1.0,2.0,1.0,1.0,1.0,1.0,1.0,1.0,6.0,3.0,2.0,2.0,1.0,1.0,1.0,1.0,1.0,1.0,5.0,1.0,1.0,3.0,1.0,1.0,3.0,3.0,1.0,1.0,1.0,2.0,2.0,1.0,1.0,1.0,3.0,4.0,4.0,1.0,1.0,1.0,2.0,1.0,2.0,2.0,2.0,8.0,9.0,3.0,1.0,2.0,1.0,1.0,3.0,2.0,2.0,1.0,5.0,1.0,3.0,3.0,3.0,4.0,1.0,1.0,2.0,2.0,3.0,3.0,1.0,3.0,2.0,1.0,1.0,1.0,1.0,1.0,1.0,1.0,1.0,1.0,1.0,1.0,2.0,10.0,2.0,3.0,3.0,3.0,2.0,1.0,1.0,1.0,1.0,2.0,1.0,15.0,3.0,3.0,3.0,3.0,1.0,1.0,11.0,2.0,2.0,2.0,3.0,1.0,1.0,1.0,1.0,9.0,2.0,2.0,3.0,3.0,1.0,1.0,1.0,2.0,1.0,13.0,2.0,2.0,3.0,3.0,6.0,5.0,2.0,2.0,2.0,2.0,3.0,3.0,4.0,3.0,2.0,2.0,3.0,3.0,4.0,2.0,7.0,3.0,3.0,2.0,2.0,1.0,3.0,7.0,2.0,13.0,6.0,4.0,1.0,1.0,1.0,2.0,1.0,3.0,2.0,10.0,2.0,14.0,1.0,1.0,1.0,9.0,3.0,2.0,1.0,1.0,10.0,2.0,1.0,1.0,1.0,2.0,3.0,7.0,5.0,1.0,1.0,1.0,2.0,6.0,2.0,2.0,4.0,2.0,1.0,1.0,1.0,3.0,2.0,10.0,3.0,1.0,1.0,1.0,5.0,3.0,5.0,1.0,3.0,1.0,1.0,2.0,2.0,3.0,2.0,1.0,2.0,1.0,1.0,1.0,2.0,1.0,1.0,1.0,1.0,5.0,1.0,2.0,1.0,1.0,1.0,1.0,1.0,4.0,1.0,1.0,14.0,1.0,4.0,1.0,13.0,11.0,2.0,2.0,1.0,5.0,1.0,11.0,1.0,1.0,1.0,1.0,1.0,4.0,1.0,1.0,1.0,1.0,3.0,1.0,3.0,1.0,5.0,9.0,1.0,1.0,1.0,1.0,4.0,1.0,6.0,13.0,1.0,3.0,3.0,4.0,1.0,3.0,1.0,4.0,1.0,14.0,9.0,12.0,7.0,1.0,1.0,1.0,2.0,4.0,4.0,6.0,10.0,8.0,21.0,4.0,4.0,3.0,2.0,4.0,1.0,2.0,12.0,11.0,1.0,3.0,4.0,1.0,1.0,1.0,1.0,3.0,6.0,7.0,2.0,5.0,3.0,3.0,8.0,10.0,2.0,19.0,8.0,5.0,1.0,3.0,2.0,6.0,-4.04564786099211,2.0,1.0,2.0,3.0,8.0,9.0,6.0,6.0,1.0,1.0,2.0,2.0,2.0,8.0,4.0,5.0,8.0,7.0,13.0,3.0,9.0,2.0,1.0,3.0,5.0,1.0,3.0,1.0,1.0,7.0,8.0,1.0,2.0,1.0,1.0,6.0,1.0,1.0,1.0,5.0,15.0,1.0,2.0,7.0,5.0,4.0,5.0,4.0,16.0,6.0,4.0,2.0,1.0,1.0,1.0,1.0,1.0,1.0,2.0,1.0,7.0,7.0,4.0,1.0,2.0,1.0,2.0,1.0,1.0,1.0,1.0,2.0,2.0,1.0,1.0,1.0,1.0,1.0,1.0,1.0,1.0,1.0,1.0,1.0,2.0,2.0,4.0,1.0,1.0,1.0,2.0,7.0,1.0,1.0,1.0,1.0,1.0,1.0,1.0,2.0,3.0,6.0,7.0,4.0,1.0,3.0,1.0,1.0,1.0,1.0,1.0,1.0,1.0,1.0,1.0,2.0,1.0,1.0,2.0,1.0,1.0,1.0,2.0,1.0,1.0,1.0,1.0,1.0,2.0,2.0,3.0,6.0,1.0,1.0,2.0,1.0,1.0,2.0,1.0,1.0,13.0,19.0,2.0,1.0,1.0,4.0,1.0,1.0,1.0,1.0,1.0,1.0,1.0,1.0,1.0,1.0,1.0,2.0,1.0,1.0,1.0,16.0,15.0,1.0,2.0,2.0,2.0,1.0,1.0,1.0,2.0,1.0,1.0,1.0,1.0,1.0,2.0,1.0,1.0,3.0,1.0,1.0,1.0,2.0,1.0,1.0,12.0,7.0,1.0,5.0,1.0,3.0,1.0,1.0,1.0,2.0,3.0,1.0,1.0,6.0,7.0,3.0,5.0,3.0,1.0,1.0,3.0,2.0,1.0,7.0,16.0,1.0,1.0,5.0,3.0,1.0,1.0,3.0,2.0,1.0,6.96952489648403,1.0,2.0,3.0,3.0,1.0,1.0,2.0,1.0,1.0,1.0,2.0,30.0,1.0,4.0,7.0,1.0,1.0,1.0,1.0,1.0,2.0,1.0,2.0,1.0,1.0,1.0,1.0,1.0,1.0,5.0,24.0,4.0,2.0,1.0,1.0,1.0,1.0,1.0,1.0,2.0,2.0,3.0,1.0,2.0,1.0,1.0,1.0,1.0,1.0,1.0,1.0,2.0,1.0,1.0,1.0,1.0,1.0,1.0,1.0,1.0,3.0,1.0,1.0,1.0,3.0,5.0,2.0,3.0,1.0,1.0,2.0,1.0,2.0,1.0,3.0,1.0,2.0,1.0,1.0,2.0,2.0,2.0,1.0,1.0,5.0,2.0,2.0,4.0,1.0,3.0,1.0,4.0,1.0,1.0,2.0,1.0,1.0,4.0,1.0,2.0,1.0,1.0,2.0,4.0,1.0,2.0,2.0,5.0,1.0,1.0,2.0,1.0,1.0,3.0,1.0,1.0,3.0,3.0,5.0,3.0,4.0,1.0,1.0,1.0,2.0,1.0,2.0,1.0,2.0,1.0,1.0,3.0,1.0,1.0,1.0,1.0,2.0,1.0,1.0,1.0,2.0,1.0,1.0,1.0,1.0,1.0,1.0,1.0,1.0,4.0,1.0,1.0,1.0,2.0,1.0,6.0,1.0,1.0,1.0,2.0,2.0,1.0,1.0,1.0,1.8076550310665,2.0,1.0,1.0,2.0,1.0,-1.0,-1.0,-1.0,-1.0,-2.0,1.0,9.0,-1.0,1.0,-1.0,-1.0,-5.0,-4.0,-3.0,-4.0,-5.0,-5.0,1.0,1.0,1.0,6.0,6.0,2.0,1.0,3.0,2.0,1.0,4.0,5.0,1.0,3.0,1.0,1.0,2.0,1.0,5.0,1.0,1.0,10.0,4.0,1.0,1.0,1.0,3.0,7.0,1.0,2.0,8.0,1.0,2.0,1.0,1.0,1.0,2.0,1.0,2.0,9.0,1.0,9.0,1.0,1.0,1.0,3.0,1.0,1.0,4.0,4.0,1.0,2.0,1.0,2.0,1.0,1.0,1.0,2.0,1.0,1.0,2.0,4.0,1.0,1.0,10.0,1.0,1.0,1.0,3.0,1.0,4.0,4.0,9.0,1.0,1.0,5.0,1.0,1.0,1.0,4.0,2.0,5.0,1.0,7.0,1.0,5.0,1.0,1.0,1.0,18.20845275419301,1.0,5.0,4.0,6.0,1.0,-3.0,-1.0,-1.0,-13.71931735451625,-2.0,-2.0,-1.0,-1.0,-1.0,-1.0,-3.0,-1.0,-2.0,-4.0,-1.0,-2.0,-1.0,-1.0,-1.0,5.0,4.0,2.0,7.0,2.0,1.0,2.0,1.0,2.0,1.0,3.0,4.0,4.0,1.0,1.0,2.0,4.0,2.0,6.0,1.0,5.0,11.27775448851298,8.0,7.0,1.0,4.0,3.0,1.0,1.0,1.0,2.0,1.0,4.0,1.0,1.0,1.0,1.0,2.0,1.0,1.0,3.0,2.0,4.0,7.0,7.0,4.0,1.0,1.0,4.0,1.0,1.0,2.0,1.0,1.0,5.0,1.0,2.0,7.0,4.0,2.0,2.0,1.0,1.0,1.0,2.0,2.0,2.0,1.0,1.0,2.0,6.0,1.0,4.0,2.0,3.0,-10.81276160699843,1.0,8.0,8.0,1.0,1.0,2.0,2.0,1.0,1.0,2.0,2.0,11.0,5.0,2.0,1.0,2.0,2.0,2.0,2.0,2.0,2.0,2.0,2.0,2.0,1.0,1.0,25.0,6.0,5.0,5.0,5.0,5.0,5.0,5.0,3.0,2.0,1.0,1.0,2.0,1.0,1.0,12.0,15.0,4.0,4.0,5.0,4.0,4.0,5.0,2.0,1.0,5.0,1.0,1.0,2.0,1.0,16.0,5.0,4.0,5.0,4.0,10.0,2.0,4.0,3.0,3.0,6.0,4.0,4.0,4.0,4.0,4.0,4.0,4.0,4.0,4.0,2.0,4.0,4.0,4.0,4.0,4.0,4.0,1.0,1.0,4.0,4.0,4.0,4.0,4.0,4.0,1.0,1.0,1.0,1.0,1.0,1.0,4.0,4.0,4.0,4.0,4.0,4.0,4.0,4.0,4.0,4.0,1.0,1.0,1.0,1.0,3.0,1.0,1.0,10.0,1.0,1.0,1.0,1.0,1.0,21.0,15.0,1.0,1.0,1.0,1.0,1.0,1.0,5.0,1.0,6.0,2.0,2.0,23.0,14.0,1.0,3.0,3.0,3.0,3.0,3.0,3.0,3.0,3.0,1.0,1.0,1.0,1.0,1.0,6.0,1.0,4.0,10.0,9.0,26.0,7.0,3.0,3.0,4.0,3.0,3.0,3.0,4.0,3.0,1.0,1.0,1.0,1.0,3.0,1.0,1.0,13.0,2.0,2.0,2.0,2.0,2.0,2.0,2.0,1.0,1.0,2.0,2.0,2.0,2.0,2.0,2.0,3.0,2.0,1.0,2.0,2.0,2.0,2.0,2.0,2.0,2.0,1.0,2.0,2.0,2.0,2.0,2.0,2.0,2.0,2.0,2.0,2.0,2.0,1.0,-2.0,1.0,4.0,1.0,-4.0,-4.0,-5.0,-4.0,-4.0,-4.0,-5.0,-4.0,-1.0,1.0,2.0,-1.0,1.0,-4.0,-5.0,-4.0,-4.0,-5.0,-4.0,2.0,1.0,-5.0,-6.0,-5.0,-5.0,-6.0,-5.0,1.0,1.0,1.0,-5.0,-5.0,-5.0,-5.0,-5.0,-5.0,-1.0,1.0,-1.0,-5.0,-5.0,-5.0,-5.0,-5.0,-5.0,-3.0,-4.0,-1.0,-1.0,-3.0,-1.0,0.0,1.0,-9.0,-5.0,-12.00604357555452,-1.0,-2.0,-1.0,-1.0,-2.0,-1.0,-3.0,-2.0,-1.0,-1.0,-1.0,-1.0,-1.0,-3.0,-1.0,-1.0,-1.0,-1.0,-3.0,-2.0,18.45784305872714,-2.0,-1.0,-1.0,-1.0,-2.0,7.0,-4.0,-2.0,-3.0,-3.0,-1.0,-1.0,-1.0,1.0,1.0,0.0,-1.0,-5.0,-7.0,-1.0,-2.0,-1.0,9.0,2.0,13.0,-1.0,-1.0,-1.0,-5.0,-5.0,-2.0,-4.0,1.0,5.0,4.0,2.0,2.0,1.0,2.0,15.0,17.0,4.0,5.0,7.0,13.0,1.0,3.0,1.0,1.0,1.0,12.0,5.0,5.0,1.0,11.0,2.0,4.0,2.0,1.0,15.57346510062307,4.0,2.0,1.0,1.0,2.0,1.0,1.0,2.0,1.0,1.0,2.0,6.0,1.0,1.0,2.0,4.0,3.0,2.0,2.0,3.0,7.0,1.0,1.0,1.0,1.0,1.0,2.0,1.0,1.0,1.0,1.0,1.0,1.0,1.0,1.0,2.0,2.0,1.0,4.0,1.0,1.0,1.0,1.0,3.0,1.0,2.0,6.0,1.0,1.0,1.0,1.0,1.0,1.0,1.0,1.0,1.0,1.0,1.0,1.0,3.0,1.0,1.0,3.0,2.0,2.0,2.0,5.0,-20.80157324031526,2.0,2.0,4.0,3.0,1.0,2.0,2.0,2.0,2.0,1.0,1.0,2.0,2.0,2.0,1.0,1.0,1.0,1.0,1.0,2.0,1.0,4.0,1.0,1.0,1.0,1.0,2.0,1.0,1.0,1.0,5.0,5.0,1.0,4.0,3.0,2.0,2.0,1.0,5.0,1.0,3.0,4.0,2.0,1.0,3.0,3.0,4.0,3.0,3.0,1.0,1.0,2.0,1.0,3.0,2.0,4.0,2.0,1.0,4.0,2.0,1.0,2.0,3.0,3.0,3.0,3.0,2.0,1.0,4.0,5.0,1.0,1.0,5.0,4.0,2.0,1.0,1.0,1.0,6.0,10.0,1.0,5.0,5.0,1.0,7.0,2.0,1.0,10.0,4.0,3.0,3.0,1.0,7.0,1.0,11.0,1.0,2.0,2.0,1.0,3.0,2.0,1.0,1.0,5.0,8.0,1.0,7.0,3.0,1.0,2.0,2.0,1.0,2.0,1.0,1.0,1.0,1.0,2.0,7.0,6.0,1.0,2.0,1.0,1.0,1.0,1.0,5.0,1.0,1.0,2.0,5.0,1.0,2.0,7.0,6.0,6.0,1.0,2.0,9.0,3.0,6.0,1.0,6.0,4.0,9.0,1.0,1.0,1.0,2.0,10.0,6.0,2.0,2.0,5.0,5.0,1.0,10.0,1.0,2.0,4.0,5.0,13.0,1.0,1.0,1.0,1.0,4.0,4.0,3.0,1.0,2.0,1.0,1.0,1.0,2.0,4.0,4.0,5.0,11.0,1.0,1.0,1.0,1.0,5.0,2.0,7.0,1.0,1.0,2.0,1.0,1.0,1.0,3.0,3.0,2.0,2.0,3.0,5.0,1.0,2.0,1.0,-2.0,1.0,1.0,7.0,-3.0,-3.0,-3.0,-3.0,1.0,0.0,4.0,-2.0,5.0,-6.0,-6.0,-6.0,-6.0,-2.0,-1.0,-1.0,-6.0,-6.0,-6.0,-6.0,-3.0,-2.0,-1.0,-1.0,-3.0,-3.0,-3.0,-3.0,-2.0,-1.0,-1.0,2.0,-1.0,-6.0,-6.0,-6.0,-6.0,-6.0,-6.0,-6.0,1.0,1.0,-3.0,-3.0,7.0,2.0,-5.0,-5.0,-5.0,-5.0,1.0,-2.0,-2.0,2.0,1.0,-5.0,-6.0,-5.0,-5.0,2.0,1.0,1.0,1.0,-6.0,-6.0,-6.0,-6.0,-1.0,1.0,-2.0,-2.0,1.0,2.0,-13.0,-13.0,-1.0,-1.0,-2.0,2.0,1.0,-5.0,-5.0,-5.0,-5.0,-5.0,-5.0,1.0,1.0,-5.0,-5.0,-5.0,-5.0,-5.0,0.0,-3.0,-12.0,-12.0,1.0,5.0,-7.0,-7.0,-7.0,-7.0,1.0,7.0,1.0,1.0,1.0,2.0,11.0,1.0,4.0,1.0,3.0,6.0,1.0,2.0,3.0,15.0,3.0,2.0,3.0,4.0,1.0,6.0,6.0,4.0,2.0,1.0,1.0,1.0,1.0,1.0,1.0,3.0,7.0,1.0,3.0,1.0,1.0,1.0,3.0,2.0,1.0,2.0,2.0,1.0,1.0,3.0,3.0,3.0,1.0,1.0,2.0,3.0,3.0,3.0,1.0,1.0,1.0,3.0,4.0,4.0,2.0,3.0,1.0,1.0,1.0,1.0,1.0,1.0,2.0,3.0,4.0,4.0,2.0,6.0,3.0,1.0,1.0,1.0,1.0,1.0,1.0,2.0,3.0,1.0,13.0,3.0,1.0,1.0,6.0,1.0,1.0,1.0,4.0,1.0,1.0,2.0,2.0,4.0,3.0,3.0,1.0,1.0,1.0,1.0,2.0,2.0,3.0,3.0,1.0,1.0,2.0,2.0,1.0,2.0,6.0,6.0,2.0,3.0,2.0,2.0,1.0,1.0,2.0,2.0,6.0,6.0,2.0,3.0,2.0,2.0,1.0,1.0,21.0,3.0,4.0,1.0,2.0,2.0,8.0,1.0,7.0,2.0,1.0,2.0,3.0,4.0,4.0,1.0,16.0,1.0,6.0,3.0,1.0,1.0,2.0,10.0,1.0,10.0,3.0,3.0,2.0,1.0,4.0,3.0,1.0,2.0,1.0,1.0,4.0,1.0,3.0,1.0,2.0,2.0,1.0,1.0,1.0,1.0,3.0,1.0,1.0,2.0,1.0,1.0,1.0,1.0,1.0,0.29786125122586,1.0,1.0,1.0,1.0,1.0,4.0,3.0,1.0,1.0,1.0,1.0,1.0,1.0,2.0,2.0,1.0,4.0,1.0,4.0,1.0,1.0,2.0,1.0,1.0,3.0,2.0,2.0,2.0,2.0,1.0,1.0,6.0,24.0,4.0,1.0,3.0,2.0,1.0,1.0,16.0,35.0,3.0,1.0,1.0,1.0,1.0,1.0,1.0,3.0,5.0,1.0,1.0,2.0,7.0,5.0,5.0,2.0,3.0,1.0,1.0,1.0,8.0,1.0,5.0,3.0,2.0,9.0,6.0,1.0,4.0,13.0,1.0,7.0,7.0,1.0,1.0,1.0,1.0,1.0,4.0,6.0,3.0,2.0,1.0,8.0,6.0,1.0,1.0,1.0,2.0,3.0,1.0,2.0,8.0,1.0,2.0,9.0,2.0,1.0,1.0,1.0,1.0,1.0,4.0,1.0,1.0,4.0,5.0,1.0,1.0,2.0,3.0,2.0,1.0,2.0,5.0,6.0,4.0,6.0,8.0,11.0,7.0,6.0,1.0,1.0,1.0,4.0,1.0,3.0,4.0,5.0,12.0,5.0,2.0,2.0,1.0,4.0,2.0,1.0,1.0,1.0,3.0,4.0,3.0,2.0,2.0,3.0,5.0,1.0,7.0,5.0,2.0,2.0,3.0,1.0,1.0,1.0,1.0,2.0,1.0,2.0,1.0,1.0,12.0,10.0,8.0,6.0,5.0,1.0,1.0,1.0,3.0,1.0,1.0,1.0,3.0,4.0,1.0,2.0,1.0,1.0,1.0,2.0,1.0,1.0,8.0,1.0,1.0,2.0,2.0,5.0,2.0,2.0,1.0,1.0,3.0,2.0,3.0,1.0,6.0,6.0,1.0,1.0,6.0,1.0,6.0,9.0,3.0,13.0,10.0,1.0,1.0,11.0,1.0,1.0,3.0,8.0,9.0,2.0,1.0,2.0,3.0,3.0,3.0,1.0,1.0,1.0,5.0,5.0,2.0,1.0,2.0,2.0,1.0,1.0,5.0,1.0,1.0,1.0,1.0,3.0,2.0,1.0,2.0,1.0,3.0,4.0,1.0,2.0,1.0,2.0,1.0,2.0,2.0,1.0,1.0,2.0,2.0,1.0,1.0,1.0,1.0,1.0,1.0,2.0,1.0,8.0,2.0,1.0,5.0,6.0,2.0,1.0,1.0,1.0,6.0,2.0,3.0,4.0,3.0,1.0,1.0,2.0,2.0,1.0,1.0,11.0,1.0,1.0,2.0,4.0,5.0,3.0,1.0,4.0,1.0,14.0,4.0,7.0,1.0,1.0,2.0,1.0,1.0,1.92572291035908,1.0,1.0,1.0,3.0,1.0,9.0,2.0,2.0,1.0,1.0,7.0,1.0,8.0,1.0,1.0,1.0,1.0,2.0,1.0,1.0,1.0,1.0,2.0,1.0,1.0,1.0,1.0,1.0,1.0,4.0,4.0,3.0,2.0,1.0,1.0,1.0,1.0,3.0,1.0,1.0,1.0,1.0,1.0,1.0,1.0,1.0,2.0,1.0,3.0,3.0,1.0,1.0,3.0,5.0,9.0,7.0,2.0,2.0,1.0,1.0,1.0,2.0,3.0,1.0,1.0,2.0,3.0,1.0,1.0,2.0,2.0,1.0,1.0,1.0,1.0,2.0,1.0,1.0,-1.0,-1.0,-2.0,-4.0,-12.0,-7.0,-6.0,-6.0,-9.0,-11.0,-2.0,-8.0,-10.0,-6.0,-11.0,-6.50984180533249,-1.0,-4.0,-1.0,-10.0,-11.0,-3.0,-8.0,-12.0,-10.0,-1.0,-1.0,-1.0,-1.0,-7.0,-7.0,-13.0,-7.0,2.0,1.0,1.0,1.0,2.0,1.0,1.0,5.0,1.0,2.0,1.0,1.0,3.0,1.0,3.0,1.0,1.0,1.0,1.0,1.0,1.0,1.0,1.0,4.0,1.0,1.0,2.0,1.0,1.0,3.0,1.0,1.0,2.0,1.0,1.0,2.0,3.0,1.0,2.0,1.0,1.0,1.0,1.0,1.0,1.0,2.0,1.0,2.0,1.0,2.0,5.0,6.0,1.0,2.0,1.0,1.0,3.0,1.0,1.0,2.0,3.0,3.0,1.0,1.0,2.0,5.0,5.0,1.0,1.0,4.0,3.0,2.0,1.0,1.0,-1.0,1.0,2.0,-3.0,1.0,1.0,-4.0,-4.0,-3.0,2.0,-1.0,-1.0,-1.0,-2.0,2.0,10.0,1.0,1.0,1.0,2.0,3.0,4.0,1.0,2.0,1.0,17.0,1.0,1.0,1.0,1.0,2.0,1.0,1.0,1.0,4.0,4.0,1.0,3.0,1.0,1.0,2.0,1.0,1.0,1.0,2.0,2.0,1.0,1.0,1.0,1.0,2.0,3.0,18.94840458248437,1.0,1.0,3.0,1.0,1.0,1.0,2.0,3.0,1.0,1.0,2.0,4.0,2.0,1.0,1.0,1.0,1.0,2.0,3.0,1.0,4.0,1.0,1.0,1.0,4.0,4.0,1.0,1.0,2.0,2.0,2.0,2.0,1.0,2.0,1.0,2.0,3.0,1.0,6.0,11.0,8.0,5.0,4.0,5.0,3.0,2.0,1.0,1.0,1.0,1.0,1.0,2.0,2.0,3.0,2.0,3.0,1.0,1.0,1.0,1.0,1.0,1.0,3.0,2.0,5.0,1.0,2.0,2.0,1.0,5.0,1.0,5.0,1.0,2.0,5.0,3.0,2.0,1.0,15.11250881122309,1.0,2.0,3.0,1.0,1.0,1.0,3.0,3.0,2.0,4.0,1.0,1.0,1.0,1.0,1.0,1.0,1.0,1.0,1.0,1.0,1.0,3.0,5.0,1.0,1.0,1.0,2.0,2.0,1.0,1.0,5.0,1.0,1.0,5.0,1.0,1.0,-7.0,-7.0,1.0,-1.0,-4.0,-2.0,-1.0,-2.0,-1.0,1.0,-1.0,-3.0,-5.0,0.0,-3.0,-1.0,-2.0,-4.0,1.0,-1.0,1.0,-1.0,-1.0,1.0,-1.0,-1.0,2.0,-2.0,-3.0,2.0,-2.0,-1.0,1.0,-1.0,-1.0,-2.0,1.0,-2.0,-1.0,2.0,-1.0,-1.0,-1.0,-1.0,-2.0,2.0,-2.0,-2.0,0.0,-1.0,-1.0,-1.0,-1.0,-1.0,1.0,1.0,1.0,7.0,1.0,1.0,1.0,1.0,1.0,2.0,1.0,1.0,12.0,1.0,1.0,1.0,1.0,1.0,1.0,2.0,1.0,1.0,1.0,1.0,2.0,4.0,3.0,1.0,1.0,3.0,1.0,1.0,1.0,1.0,2.0,1.0,1.0,1.0,1.0,1.0,2.0,1.0,1.0,3.0,7.0,2.0,1.0,1.0,1.0,1.0,1.0,1.0,1.0,1.0,1.0,1.0,1.0,1.0,6.0,1.0,1.0,1.0,1.0,1.0,1.0,1.0,1.0,1.0,1.0,1.0,1.0,1.0,1.0,1.0,1.0,4.0,1.0,1.0,1.0,1.0,1.0,1.0,1.0,1.0,1.0,1.0,1.0,1.0,1.0,1.0,1.0,1.0,1.0,1.0,1.0,-1.0,-1.0,1.0,1.0,2.0,-2.0,-2.0,-2.0,-2.0,-2.0,1.0,1.0,-3.56110793196185,-3.0,-3.0,-3.0,1.0,-5.0,-5.0,-5.0,1.0,1.0,1.0,1.0,2.0,1.0,1.0,-1.0,-1.0,-1.0,-1.0,-1.0,-1.0,4.0,4.0,1.0,1.0,3.0,1.0,1.0,1.0,1.0,1.0,3.0,3.0,2.0,1.0,1.0,1.0,1.0,1.0,2.0,1.0,1.0,2.0,2.0,1.0,1.0,1.0,1.0,1.0,3.0,3.0,3.0,1.0,1.0,2.0,1.0,1.0,2.0,2.0,2.0,1.0,1.0,1.0,2.0,1.0,1.0,1.0,1.0,3.0,1.0,1.0,1.0,1.0,4.0,2.0,5.0,1.0,2.0,1.0,1.0,1.0,1.0,3.0,1.0,2.0,3.0,2.0,1.0,1.0,1.0,2.0,2.0,2.0,2.0,1.0,6.0,3.0,6.0,1.0,1.0,1.0,3.0,1.0,4.0,5.0,1.0,1.0,1.0,1.0,1.0,17.0,1.0,2.0,12.0,1.0,2.0,3.0,8.0,13.0,5.0,2.0,1.0,2.0,6.0,4.0,4.0,2.0,1.0,3.0,2.0,1.0,1.0,1.0,3.0,1.0,1.0,1.0,3.0,1.0,1.0,1.0,3.0,1.0,1.0,1.0,2.0,3.0,7.0,4.0,3.0,-0.31044766992144,2.0,2.0,2.0,1.0,1.0,1.0,1.0,1.0,1.0,1.0,1.0,1.0,1.0,1.0,1.0,1.0,1.0,1.0,1.0,1.0,1.0,1.0,1.0,1.0,1.0,1.0,1.0,1.0,3.0,1.0,1.0,2.0,2.0,2.0,2.0,3.0,1.0,1.0,1.0,2.0,1.0,4.0,3.0,1.0,1.0,1.0,2.0,1.0,7.39298284432326,1.0,5.0,3.0,2.0,1.0,1.0,1.0,1.0,1.0,1.0,1.0,1.0,1.0,3.0,4.0,3.0,1.0,1.0,1.0,1.0,1.0,1.0,1.0,1.0,1.0,1.0,1.0,1.0,2.0,1.0,1.0,1.0,1.0,1.0,1.0,1.0,1.0,1.0,1.0,1.0,2.0,1.0,1.0,1.0,1.0,1.0,1.0,1.0,1.0,1.0,1.0,1.0,1.0,1.0,3.0,8.0,2.0,1.0,2.0,1.0,1.0,4.0,1.0,1.0,1.0,1.0,1.0,1.0,1.0,7.0,5.0,2.0,3.0,1.0,1.0,2.0,1.0,1.0,1.0,1.0,1.0,1.0,2.0,3.0,1.0,2.0,2.0,2.0,1.0,3.0,1.0,1.0,1.0,1.0,3.0,2.0,3.0,3.0,1.0,1.0,2.0,2.0,2.0,3.0,2.0,1.0,3.0,1.0,2.0,2.0,2.0,2.0,2.0,2.0,1.0,1.0,1.0,1.0,1.0,1.0,1.0,1.0,1.0,2.0,1.0,1.0,1.0,3.0,1.0,1.0,1.0,1.0,1.0,1.0,1.0,2.0,1.0,6.0,1.0,5.0,1.0,4.0,1.0,8.0,1.0,3.0,3.0,4.0,1.0,2.0,2.0,1.0,1.0,3.0,2.0,3.0,1.0,2.0,1.0,1.0,2.0,1.0,1.0,4.0,6.0,1.0,1.0,1.0,2.0,2.0,1.0,1.0,3.0,5.0,4.0,1.0,1.0,5.0,1.0,1.0,2.0,1.0,1.0,1.0,4.0,2.0,1.0,4.0,2.0,6.0,1.0,1.0,1.0,1.0,6.0,4.0,1.0,1.0,3.0,3.0,-1.3686525685699,9.0,2.0,3.0,3.0,3.0,3.0,1.0,1.0,5.0,5.0,5.0,5.0,1.0,7.0,10.0,2.0,1.0,4.0,5.0,5.0,5.0,5.0,2.0,1.0,3.0,5.0,4.0,2.0,2.0,1.0,1.0,2.0,3.0,1.0,1.0,3.0,11.0,5.0,5.0,5.0,5.0,5.0,5.0,5.0,5.0,13.0,3.0,2.0,2.0,3.0,11.0,5.0,5.0,5.0,5.0,1.0,1.0,2.0,18.0,11.0,2.0,1.0,3.0,3.0,5.0,5.0,5.0,5.0,5.0,5.0,2.0,1.0,3.0,1.0,1.0,21.0,1.0,2.0,3.0,6.0,6.0,6.0,6.0,2.0,5.0,3.0,2.0,5.0,13.0,2.0,5.0,5.0,5.0,5.0,6.0,2.0,24.0,2.0,1.0,2.0,5.0,5.0,5.0,5.0,1.0,2.0,4.0,3.0,12.0,1.0,9.0,4.0,4.0,4.0,4.0,4.0,4.0,4.0,1.0,10.0,4.0,1.0,21.0,1.0,2.0,1.0,1.0,1.0,4.0,3.0,5.0,6.0,6.0,6.0,6.0,6.0,1.0,1.0,3.0,15.0,1.0,1.0,1.0,1.0,7.0,4.0,1.0,10.0,5.0,5.0,5.0,5.0,1.0,1.0,4.0,2.0,1.0,1.0,2.0,2.0,9.0,2.0,1.0,1.0,3.0,1.0,4.0,3.0,1.0,1.0,1.0,1.0,1.0,2.0,1.0,1.0,9.0,1.0,1.0,1.0,2.0,5.0,5.0,5.0,5.0,2.0,1.0,7.0,1.0,2.0,5.0,5.0,5.0,5.0,5.0,5.0,5.0,3.0,1.0,1.0,20.0,1.0,1.0,1.0,4.0,1.0,1.0,2.0,1.0,9.0,3.0,4.0,4.0,4.0,4.0,4.0,4.0,4.0,4.0,1.0,1.0,37.0,1.0,1.0,1.0,6.0,6.0,6.0,6.0,6.0,6.0,1.0,1.0,1.0,1.0,6.0,16.0,1.0,5.0,5.0,5.0,5.0,1.0,27.0,1.0,1.0,1.0,7.0,6.0,6.0,6.0,6.0,1.0,2.0,1.0,30.0,1.0,1.0,1.0,1.0,8.0,6.0,6.0,6.0,6.0,13.32796194626393,2.0,2.0,2.0,2.0,5.0,5.0,7.0,3.0,30.0,3.0,10.0,6.0,1.0,10.0,5.0,5.0,5.0,5.0,5.0,5.0,5.0,4.0,1.0,6.0,8.0,1.0,2.0,3.0,4.0,4.0,5.0,6.0,6.0,6.0,6.0,-5.0,-5.0,-5.0,-5.0,-5.0,-5.0,-5.0,-5.0,-5.0,-5.0,1.0
1.0,1.0,1.0,2.0,1.0,2.0,4.0,7.0,1.0,2.0,1.0,5.0,1.0,1.0,1.0,1.0,3.0,1.0,2.0,1.0,1.0,1.0,1.0,1.0,1.0,1.0,5.0,2.0,1.0,3.0,1.0,1.0,5.0,1.0,1.0,2.0,1.0,1.0,1.0,2.0,3.0,1.0,1.0,1.0,1.0,1.0,1.0,1.0,1.0,1.0,1.0,1.0,5.0,3.0,2.0,1.0,1.0,2.0,1.0,1.0,1.0,1.0,1.0,1.0,1.0,1.0,2.0,1.0,5.0,1.0,2.0,1.0,1.0,2.0,1.0,1.0,1.0,1.0,2.0,1.0,7.0,4.0,1.0,2.0,1.0,2.0,12.0,5.0,1.0,15.0,1.0,2.0,2.0,2.0,1.0,1.0,8.0,1.0,4.0,1.0,1.0,16.0,3.0,3.0,1.0,2.0,1.0,1.0,6.0,7.0,1.0,2.0,3.0,2.0,2.0,3.0,2.0,1.0,5.0,1.0,3.0,2.0,2.0,1.0,1.0,1.0,10.0,10.0,1.0,3.0,2.0,1.0,2.0,5.0,2.0,1.0,3.0,1.0,1.0,1.0,1.0,1.0,1.0,1.0,7.0,1.0,1.0,13.0,1.0,1.0,1.0,10.0,2.0,1.0,3.0,1.0,1.0,2.0,3.0,1.0,1.0,1.0,1.0,1.0,1.0,1.0,2.0,1.0,14.0,1.0,1.0,1.0,2.0,2.0,1.0,3.0,2.0,1.0,1.0,1.0,2.0,5.0,1.0,1.0,1.0,4.0,1.0,4.0,2.0,14.0,1.0,2.0,2.0,4.0,1.0,1.0,3.0,1.0,1.0,2.0,1.0,1.0,4.0,3.0,17.0,1.0,1.0,1.0,1.0,3.0,1.0,3.0,5.0,1.0,2.0,2.0,2.0,1.0,1.0,1.0,4.0,1.0,2.0,1.0,1.0,1.0,1.0,1.0,1.0,5.0,2.0,2.0,3.0,1.0,1.0,1.0,1.0,2.0,1.0,1.0,1.0,1.0,1.0,5.0,2.0,3.0,2.0,2.0,3.0,1.0,2.0,4.0,1.0,2.0,2.0,2.0,1.0,1.0,1.0,1.0,1.0,3.0,2.0,1.0,1.0,13.0,3.0,1.0,1.0,1.0,7.0,4.0,1.0,1.0,1.0,8.0,1.0,1.0,6.0,2.0,1.0,3.0,2.0,8.0,2.0,1.0,1.0,1.0,5.0,1.0,8.0,1.0,4.0,9.0,7.0,1.0,1.0,8.0,1.0,2.0,1.0,1.0,4.0,1.0,1.0,1.0,7.0,4.0,5.0,3.0,1.0,1.0,1.0,2.0,1.0,1.0,1.0,1.0,1.0,1.0,6.0,3.0,2.0,2.0,1.0,1.0,1.0,1.0,1.0,1.0,5.0,1.0,1.0,3.0,1.0,1.0,3.0,3.0,1.0,1.0,1.0,2.0,2.0,1.0,1.0,1.0,3.0,4.0,4.0,1.0,1.0,1.0,2.0,1.0,2.0,2.0,2.0,8.0,9.0,3.0,1.0,2.0,1.0,1.0,3.0,2.0,2.0,1.0,5.0,1.0,3.0,3.0,3.0,4.0,1.0,1.0,2.0,2.0,3.0,3.0,1.0,3.0,2.0,1.0,1.0,1.0,1.0,1.0,1.0,1.0,1.0,1.0,1.0,1.0,2.0,10.0,2.0,3.0,3.0,3.0,2.0,1.0,1.0,1.0,1.0,2.0,1.0,15.0,3.0,3.0,3.0,3.0,1.0,1.0,11.0,2.0,2.0,2.0,3.0,1.0,1.0,1.0,1.0,9.0,2.0,2.0,3.0,3.0,1.0,1.0,1.0,2.0,1.0,13.0,2.0,2.0,3.0,3.0,6.0,5.0,2.0,2.0,2.0,2.0,3.0,3.0,4.0,3.0,2.0,2.0,3.0,3.0,4.0,2.0,7.0,3.0,3.0,2.0,2.0,1.0,3.0,7.0,2.0,13.0,6.0,4.0,1.0,1.0,1.0,2.0,1.0,3.0,2.0,10.0,2.0,14.0,1.0,1.0,1.0,9.0,3.0,2.0,1.0,1.0,10.0,2.0,1.0,1.0,1.0,2.0,3.0,7.0,5.0,1.0,1.0,1.0,2.0,6.0,2.0,2.0,4.0,2.0,1.0,1.0,1.0,3.0,2.0,10.0,3.0,1.0,1.0,1.0,5.0,3.0,5.0,1.0,3.0,1.0,1.0,2.0,2.0,3.0,2.0,1.0,2.0,1.0,1.0,1.0,2.0,1.0,1.0,1.0,1.0,5.0,1.0,2.0,1.0,1.0,1.0,1.0,1.0,4.0,1.0,1.0,14.0,1.0,4.0,1.0,13.0,11.0,2.0,2.0,1.0,5.0,1.0,11.0,1.0,1.0,1.0,1.0,1.0,4.0,1.0,1.0,1.0,1.0,3.0,1.0,3.0,1.0,5.0,9.0,1.0,1.0,1.0,1.0,4.0,1.0,6.0,13.0,1.0,3.0,3.0,4.0,1.0,3.0,1.0,4.0,1.0,14.0,9.0,12.0,7.0,1.0,1.0,1.0,2.0,4.0,4.0,6.0,10.0,8.0,21.0,4.0,4.0,3.0,2.0,4.0,1.0,2.0,12.0,11.0,1.0,3.0,4.0,1.0,1.0,1.0,1.0,3.0,6.0,7.0,2.0,5.0,3.0,3.0,8.0,10.0,2.0,19.0,8.0,5.0,1.0,3.0,2.0,6.0,-2.04564786099211,2.0,1.0,2.0,3.0,8.0,9.0,6.0,6.0,1.0,1.0,2.0,2.0,2.0,8.0,4.0,5.0,8.0,7.0,13.0,3.0,9.0,2.0,1.0,3.0,5.0,1.0,3.0,1.0,1.0,5.47566330468136,8.0,1.0,2.0,1.0,1.0,6.0,1.0,1.0,1.0,5.0,15.0,1.0,2.0,7.0,5.0,4.0,5.0,4.0,16.0,6.0,4.0,2.0,1.0,1.0,1.0,1.0,1.0,1.0,2.0,1.0,7.0,7.0,4.0,1.0,2.0,1.0,2.0,1.0,1.0,1.0,1.0,2.0,2.0,1.0,1.0,1.0,1.0,1.0,1.0,1.0,1.0,1.0,1.0,1.0,2.0,2.0,4.0,1.0,1.0,1.0,2.0,7.0,1.0,1.0,1.0,1.0,1.0,1.0,1.0,2.0,3.0,6.0,7.0,4.0,1.0,3.0,1.0,1.0,1.0,1.0,1.0,1.0,1.0,1.0,1.0,2.0,1.0,1.0,2.0,1.0,1.0,1.0,2.0,1.0,1.0,1.0,1.0,1.0,2.0,2.0,3.0,6.0,1.0,1.0,2.0,1.0,1.0,2.0,1.0,1.0,13.0,19.0,2.0,1.0,1.0,4.0,1.0,1.0,1.0,1.0,1.0,1.0,1.0,1.0,1.0,1.0,1.0,2.0,1.0,1.0,1.0,16.0,15.0,1.0,2.0,2.0,2.0,1.0,1.0,1.0,2.0,1.0,1.0,1.0,1.0,1.0,2.0,1.0,1.0,3.0,1.0,1.0,1.0,2.0,1.0,1.0,12.0,7.0,1.0,5.0,1.0,3.0,1.0,1.0,1.0,2.0,3.0,1.0,1.0,6.0,7.0,3.0,5.0,3.0,1.0,1.0,3.0,2.0,1.0,7.0,16.0,1.0,1.0,5.0,3.0,1.0,1.0,3.0,2.0,1.0,3.96952489648403,1.0,2.0,3.0,3.0,1.0,1.0,2.0,1.0,1.0,1.0,2.0,30.0,1.0,4.0,7.0,1.0,1.0,1.0,1.0,1.0,2.0,1.0,2.0,1.0,1.0,1.0,1.0,1.0,1.0,5.0,24.0,4.0,2.0,1.0,1.0,1.0,1.0,1.0,1.0,2.0,2.0,3.0,1.0,2.0,1.0,1.0,1.0,1.0,1.0,1.0,1.0,2.0,1.0,1.0,1.0,1.0,1.0,1.0,1.0,1.0,3.0,1.0,1.0,1.0,3.0,5.0,2.0,3.0,1.0,1.0,2.0,1.0,2.0,1.0,3.0,1.0,2.0,1.0,1.0,2.0,2.0,2.0,1.0,1.0,5.0,2.0,2.0,4.0,1.0,3.0,1.0,4.0,1.0,1.0,2.0,1.0,1.0,4.0,1.0,2.0,1.0,1.0,2.0,4.0,1.0,2.0,2.0,5.0,1.0,1.0,2.0,1.0,1.0,3.0,1.0,1.0,3.0,3.0,5.0,3.0,4.0,1.0,1.0,1.0,2.0,1.0,2.0,1.0,2.0,1.0,1.0,3.0,1.0,1.0,1.0,1.0,2.0,1.0,1.0,1.0,2.0,1.0,1.0,1.0,1.0,1.0,1.0,1.0,1.0,4.0,1.0,1.0,1.0,2.0,1.0,6.0,1.0,1.0,1.0,2.0,2.0,1.0,1.0,1.0,-1.2523449689335,2.0,1.0,1.0,2.0,1.0,-1.0,-1.0,-1.0,-1.0,-2.0,1.0,9.0,-1.0,1.0,-1.0,-1.0,-5.0,-4.0,-3.0,-4.0,-5.0,-5.0,1.0,1.0,1.0,6.0,6.0,2.0,1.0,3.0,2.0,1.0,4.0,5.0,1.0,3.0,1.0,1.0,2.0,1.0,5.0,1.0,1.0,10.0,4.0,1.0,1.0,1.0,3.0,7.0,1.0,2.0,8.0,1.0,2.0,1.0,1.0,1.0,2.0,1.0,2.0,9.0,1.0,9.0,1.0,1.0,1.0,3.0,1.0,1.0,4.0,4.0,1.0,2.0,1.0,2.0,1.0,1.0,1.0,2.0,1.0,1.0,2.0,4.0,1.0,1.0,10.0,1.0,1.0,1.0,3.0,1.0,4.0,4.0,9.0,1.0,1.0,5.0,1.0,1.0,1.0,4.0,2.0,5.0,1.0,7.0,1.0,5.0,1.0,1.0,1.0,18.20845275419301,1.0,5.0,4.0,6.0,1.0,-3.0,-1.0,-1.0,-13.71931735451625,-2.0,-2.0,-1.0,-1.0,-1.0,-1.0,-3.0,-1.0,-2.0,-4.0,-1.0,-2.0,-1.0,-1.0,-1.0,5.0,4.0,2.0,7.0,2.0,1.0,2.0,1.0,2.0,1.0,3.0,4.0,4.0,1.0,1.0,2.0,4.0,2.0,6.0,1.0,5.0,11.27775448851298,8.0,7.0,1.0,4.0,3.0,1.0,1.0,1.0,2.0,1.0,4.0,1.0,1.0,1.0,1.0,2.0,1.0,1.0,3.0,2.0,4.0,7.0,7.0,4.0,1.0,1.0,4.0,1.0,1.0,2.0,1.0,1.0,5.0,1.0,2.0,7.0,4.0,2.0,2.0,1.0,1.0,1.0,2.0,2.0,2.0,1.0,1.0,2.0,6.0,1.0,4.0,2.0,3.0,-9.81276160699843,1.0,8.0,8.0,1.0,1.0,2.0,2.0,1.0,1.0,2.0,2.0,11.0,5.0,2.0,1.0,2.0,2.0,2.0,2.0,2.0,2.0,2.0,2.0,2.0,1.0,1.0,25.0,6.0,5.0,5.0,5.0,5.0,5.0,5.0,3.0,2.0,1.0,1.0,2.0,1.0,1.0,12.0,15.0,4.0,4.0,5.0,4.0,4.0,5.0,2.0,1.0,5.0,1.0,1.0,2.0,1.0,16.0,5.0,4.0,5.0,4.0,10.0,2.0,4.0,3.0,3.0,6.0,4.0,4.0,4.0,4.0,4.0,4.0,4.0,4.0,4.0,2.0,4.0,4.0,4.0,4.0,4.0,4.0,1.0,1.0,4.0,4.0,4.0,4.0,4.0,4.0,1.0,1.0,1.0,1.0,1.0,1.0,4.0,4.0,4.0,4.0,4.0,4.0,4.0,4.0,4.0,4.0,1.0,1.0,1.0,1.0,3.0,1.0,1.0,10.0,1.0,1.0,1.0,1.0,1.0,21.0,15.0,1.0,1.0,1.0,1.0,1.0,1.0,5.0,1.0,6.0,2.0,2.0,23.0,14.0,1.0,3.0,3.0,3.0,3.0,3.0,3.0,3.0,3.0,1.0,1.0,1.0,1.0,1.0,6.0,1.0,4.0,10.0,9.0,26.0,7.0,3.0,3.0,4.0,3.0,3.0,3.0,4.0,3.0,1.0,1.0,1.0,1.0,3.0,1.0,1.0,13.0,2.0,2.0,2.0,2.0,2.0,2.0,2.0,1.0,1.0,2.0,2.0,2.0,2.0,2.0,2.0,3.0,2.0,1.0,2.0,2.0,2.0,2.0,2.0,2.0,2.0,1.0,2.0,2.0,2.0,2.0,2.0,2.0,2.0,2.0,2.0,2.0,2.0,1.0,-2.0,1.0,4.0,1.0,-4.0,-4.0,-5.0,-4.0,-4.0,-4.0,-5.0,-4.0,-1.0,1.0,2.0,-1.0,1.0,-4.0,-5.0,-4.0,-4.0,-5.0,-4.0,2.0,1.0,-5.0,-6.0,-5.0,-5.0,-6.0,-5.0,1.0,1.0,1.0,-5.0,-5.0,-5.0,-5.0,-5.0,-5.0,-1.0,1.0,-1.0,-5.0,-5.0,-5.0,-5.0,-5.0,-5.0,-3.0,-4.0,-1.0,-1.0,-3.0,-1.0,0.0,1.0,-9.0,-5.0,1.0,-1.0,-2.0,-1.0,-1.0,-2.0,-1.0,-3.0,-2.0,-1.0,-1.0,-1.0,-1.0,-1.0,-3.0,-1.0,-1.0,-1.0,-1.0,-3.0,-2.0,19.45784305872714,-2.0,-1.0,-1.0,-1.0,-2.0,7.0,-4.0,-2.0,-3.0,-3.0,-1.0,-1.0,-1.0,1.0,1.0,0.0,-1.0,-5.0,-7.0,-1.0,-2.0,-1.0,9.0,2.0,13.0,-1.0,-1.0,-1.0,-5.0,-5.0,-2.0,-4.0,1.0,5.0,4.0,2.0,2.0,1.0,2.0,15.0,17.0,4.0,5.0,7.0,13.0,1.0,3.0,1.0,1.0,1.0,12.0,5.0,5.0,1.0,11.0,2.0,4.0,2.0,1.0,15.57346510062307,4.0,2.0,1.0,1.0,2.0,1.0,1.0,2.0,1.0,1.0,2.0,6.0,1.0,1.0,2.0,4.0,3.0,2.0,2.0,3.0,7.0,1.0,1.0,1.0,1.0,1.0,2.0,1.0,1.0,1.0,1.0,1.0,1.0,1.0,1.0,2.0,2.0,1.0,4.0,1.0,1.0,1.0,1.0,3.0,1.0,2.0,6.0,1.0,1.0,1.0,1.0,1.0,1.0,1.0,1.0,1.0,1.0,1.0,1.0,3.0,1.0,1.0,3.0,2.0,2.0,2.0,5.0,-20.80157324031526,2.0,2.0,4.0,3.0,1.0,2.0,2.0,2.0,2.0,1.0,1.0,2.0,2.0,2.0,1.0,1.0,1.0,1.0,1.0,2.0,1.0,4.0,1.0,1.0,1.0,1.0,2.0,1.0,1.0,1.0,5.0,5.0,1.0,4.0,3.0,2.0,2.0,1.0,5.0,1.0,3.0,4.0,2.0,1.0,3.0,3.0,4.0,3.0,3.0,1.0,1.0,2.0,1.0,3.0,2.0,4.0,2.0,1.0,4.0,2.0,1.0,2.0,3.0,3.0,3.0,3.0,2.0,1.0,4.0,5.0,1.0,1.0,5.0,4.0,2.0,1.0,1.0,1.0,6.0,10.0,1.0,5.0,5.0,1.0,7.0,2.0,1.0,10.0,4.0,3.0,3.0,1.0,7.0,1.0,11.0,1.0,2.0,2.0,1.0,3.0,2.0,1.0,1.0,5.0,8.0,1.0,7.0,3.0,1.0,2.0,2.0,1.0,2.0,1.0,1.0,1.0,1.0,2.0,7.0,6.0,1.0,2.0,1.0,1.0,1.0,1.0,5.0,1.0,1.0,2.0,5.0,1.0,2.0,7.0,6.0,6.0,1.0,2.0,9.0,3.0,6.0,1.0,6.0,4.0,9.0,1.0,1.0,1.0,2.0,10.0,6.0,2.0,2.0,5.0,5.0,1.0,10.0,1.0,2.0,4.0,5.0,13.0,1.0,1.0,1.0,1.0,4.0,4.0,3.0,1.0,2.0,1.0,1.0,1.0,2.0,4.0,4.0,5.0,11.0,1.0,1.0,13.2640361646798,1.0,5.0,2.0,7.0,1.0,1.0,2.0,1.0,1.0,1.0,3.0,3.0,2.0,2.0,3.0,5.0,1.0,2.0,1.0,-2.0,1.0,1.0,7.0,-3.0,-3.0,-3.0,-3.0,1.0,0.0,4.0,-2.0,5.0,-6.0,-6.0,-6.0,-6.0,-2.0,-1.0,-1.0,-6.0,-6.0,-6.0,-6.0,-3.0,-2.0,-1.0,-1.0,-3.0,-3.0,-3.0,-3.0,-2.0,-1.0,-1.0,2.0,-1.0,-6.0,-6.0,-6.0,-6.0,-6.0,-6.0,-6.0,1.0,1.0,-3.0,-3.0,7.0,2.0,-5.0,-5.0,-5.0,-5.0,1.0,-2.0,-2.0,2.0,1.0,-5.0,-6.0,-5.0,-5.0,2.0,1.0,1.0,1.0,-6.0,-6.0,-6.0,-6.0,-1.0,1.0,-2.0,-2.0,1.0,2.0,-13.0,-13.0,-1.0,-1.0,-2.0,2.0,1.0,-5.0,-5.0,-5.0,-5.0,-5.0,-5.0,1.0,1.0,-5.0,-5.0,-5.0,-5.0,-5.0,0.0,-3.0,-12.0,-12.0,1.0,5.0,-7.0,-7.0,-7.0,-7.0,1.0,7.0,1.0,1.0,1.0,2.0,11.0,1.0,4.0,1.0,3.0,6.0,1.0,2.0,3.0,15.0,3.0,2.0,3.0,4.0,1.0,6.0,6.0,4.0,2.0,1.0,1.0,1.0,1.0,1.0,1.0,3.0,7.0,1.0,3.0,1.0,1.0,1.0,3.0,2.0,1.0,2.0,2.0,1.0,1.0,3.0,3.0,3.0,1.0,1.0,2.0,3.0,3.0,3.0,1.0,1.0,1.0,3.0,4.0,4.0,2.0,3.0,1.0,1.0,1.0,1.0,1.0,1.0,2.0,3.0,4.0,4.0,2.0,6.0,3.0,1.0,1.0,1.0,1.0,1.0,1.0,2.0,3.0,1.0,13.0,3.0,1.0,1.0,6.0,1.0,1.0,1.0,4.0,1.0,1.0,2.0,2.0,4.0,3.0,3.0,1.0,1.0,1.0,1.0,2.0,2.0,3.0,3.0,1.0,1.0,2.0,2.0,1.0,2.0,6.0,6.0,2.0,3.0,2.0,2.0,1.0,1.0,2.0,2.0,6.0,6.0,2.0,3.0,2.0,2.0,1.0,1.0,21.0,3.0,4.0,1.0,2.0,2.0,8.0,1.0,7.0,2.0,1.0,2.0,3.0,4.0,4.0,1.0,16.0,1.0,6.0,3.0,1.0,1.0,2.0,10.0,1.0,10.0,3.0,3.0,2.0,1.0,4.0,3.0,1.0,2.0,1.0,1.0,4.0,1.0,3.0,1.0,2.0,2.0,1.0,1.0,1.0,1.0,3.0,1.0,1.0,2.0,1.0,1.0,1.0,1.0,1.0,1.29786125122586,1.0,1.0,1.0,1.0,1.0,4.0,3.0,1.0,1.0,1.0,1.0,1.0,1.0,2.0,2.0,1.0,4.0,1.0,4.0,1.0,1.0,2.0,1.0,1.0,3.0,2.0,2.0,2.0,2.0,1.0,1.0,6.0,24.0,4.0,1.0,3.0,2.0,1.0,1.0,16.0,35.0,3.0,1.0,1.0,1.0,1.0,1.0,1.0,3.0,5.0,1.0,1.0,2.0,7.0,5.0,5.0,2.0,3.0,1.0,1.0,1.0,8.0,1.0,5.0,3.0,2.0,9.0,6.0,1.0,4.0,13.0,1.0,7.0,7.0,1.0,1.0,1.0,1.0,1.0,4.0,6.0,3.0,2.0,1.0,8.0,6.0,1.0,1.0,1.0,2.0,3.0,1.0,2.0,8.0,1.0,2.0,9.0,2.0,1.0,1.0,1.0,1.0,1.0,4.0,1.0,1.0,4.0,5.0,1.0,1.0,2.0,3.0,2.0,1.0,2.0,5.0,6.0,4.0,6.0,8.0,11.0,7.0,6.0,1.0,1.0,1.0,4.0,1.0,3.0,4.0,5.0,12.0,5.0,2.0,2.0,1.0,4.0,2.0,1.0,1.0,1.0,3.0,4.0,3.0,2.0,17.29671484676516,3.0,5.0,1.0,7.0,5.0,2.0,2.0,3.0,1.0,1.0,1.0,1.0,2.0,1.0,2.0,1.0,1.0,12.0,10.0,8.0,6.0,5.0,1.0,1.0,1.0,3.0,1.0,1.0,1.0,3.0,4.0,1.0,2.0,1.0,1.0,1.0,2.0,1.0,1.0,8.0,1.0,1.0,2.0,2.0,5.0,2.0,2.0,1.0,1.0,3.0,2.0,3.0,1.0,6.0,6.0,1.0,1.0,6.0,1.0,6.0,9.0,3.0,13.0,10.0,1.0,1.0,11.0,1.0,1.0,3.0,8.0,9.0,2.0,1.0,2.0,3.0,3.0,3.0,1.0,1.0,1.0,5.0,5.0,2.0,1.0,2.0,2.0,1.0,1.0,5.0,1.0,1.0,1.0,1.0,3.0,2.0,1.0,2.0,1.0,3.0,4.0,1.0,2.0,1.0,2.0,1.0,2.0,2.0,1.0,1.0,2.0,2.0,1.0,1.0,1.0,1.0,1.0,1.0,2.0,1.0,8.0,2.0,1.0,5.0,6.0,2.0,1.0,1.0,1.0,6.0,2.0,3.0,4.0,3.0,1.0,1.0,2.0,2.0,1.0,1.0,11.0,1.0,1.0,2.0,4.0,5.0,3.0,1.0,4.0,1.0,14.0,4.0,7.0,1.0,1.0,2.0,1.0,1.0,1.92572291035908,1.0,1.0,1.0,3.0,1.0,9.0,2.0,2.0,1.0,1.0,7.0,1.0,8.0,1.0,1.0,1.0,1.0,2.0,1.0,1.0,1.0,1.0,2.0,1.0,1.0,1.0,1.0,1.0,1.0,4.0,4.0,3.0,2.0,1.0,1.0,1.0,1.0,3.0,1.0,1.0,1.0,1.0,1.0,1.0,1.0,1.0,2.0,1.0,3.0,0.24337417607789,1.0,1.0,3.0,5.0,9.0,7.0,2.0,2.0,1.0,1.0,1.0,2.0,3.0,1.0,1.0,2.0,3.0,1.0,1.0,2.0,2.0,1.0,1.0,1.0,1.0,2.0,1.0,1.0,-1.0,-1.0,-2.0,-4.0,-12.0,-7.0,-6.0,-6.0,-9.0,-11.0,-2.0,-8.0,-10.0,-6.0,-11.0,-6.50984180533249,-1.0,-4.0,-1.0,-10.0,-11.0,-3.0,-8.0,-12.0,-10.0,-1.0,-1.0,-1.0,-1.0,-7.0,-7.0,-13.0,-7.0,2.0,1.0,1.0,1.0,2.0,1.0,1.0,5.0,1.0,2.0,1.0,1.0,3.0,1.0,3.0,1.0,1.0,1.0,1.0,1.0,1.0,1.0,1.0,4.0,1.0,1.0,2.0,1.0,1.0,3.0,1.0,1.0,2.0,1.0,1.0,2.0,3.0,1.0,2.0,1.0,1.0,1.0,1.0,1.0,1.0,2.0,1.0,2.0,1.0,2.0,5.0,6.0,1.0,2.0,1.0,1.0,3.0,1.0,1.0,2.0,3.0,3.0,1.0,1.0,2.0,5.0,5.0,1.0,1.0,4.0,3.0,2.0,1.0,1.0,-1.0,1.0,2.0,-3.0,1.0,1.0,-4.0,-4.0,-3.0,2.0,-1.0,-1.0,-1.0,-2.0,2.0,10.0,1.0,1.0,1.0,2.0,3.0,4.0,1.0,2.0,1.0,17.0,1.0,1.0,1.0,1.0,2.0,1.0,1.0,1.0,4.0,4.0,1.0,3.0,1.0,1.0,2.0,1.0,1.0,1.0,2.0,2.0,1.0,1.0,1.0,1.0,2.0,3.0,18.94840458248437,1.0,1.0,3.0,1.0,1.0,1.0,2.0,3.0,1.0,1.0,2.0,4.0,2.0,1.0,1.0,1.0,1.0,2.0,3.0,1.0,4.0,1.0,1.0,1.0,4.0,4.0,1.0,1.0,2.0,2.0,2.0,2.0,1.0,2.0,1.0,2.0,3.0,1.0,6.0,11.0,8.0,5.0,4.0,5.0,3.0,2.0,1.0,1.0,1.0,1.0,1.0,2.0,2.0,3.0,2.0,3.0,1.0,1.0,1.0,1.0,1.0,1.0,3.0,2.0,5.0,1.0,2.0,2.0,1.0,5.0,1.0,5.0,1.0,2.0,5.0,3.0,2.0,1.0,15.11250881122309,1.0,2.0,3.0,1.0,1.0,1.0,3.0,3.0,2.0,4.0,1.0,1.0,1.0,1.0,1.0,1.0,1.0,1.0,1.0,1.0,1.0,3.0,5.0,1.0,1.0,1.0,2.0,2.0,1.0,1.0,5.0,1.0,1.0,5.0,1.0,1.0,-7.0,-7.0,1.0,-1.0,-4.0,-2.0,-1.0,-2.0,-1.0,1.0,-1.0,-3.0,-5.0,0.0,-3.0,-1.0,-2.0,-4.0,1.0,-1.0,1.0,-1.0,-1.0,1.0,-1.0,-1.0,2.0,-2.0,-3.0,2.0,-2.0,-1.0,1.0,-1.0,-1.0,-2.0,1.0,-2.0,-1.0,2.0,-1.0,-1.0,-1.0,-1.0,-2.0,2.0,-2.0,-2.0,0.0,-1.0,-1.0,-1.0,-1.0,-1.0,1.0,1.0,1.0,7.0,1.0,1.0,1.0,1.0,1.0,2.0,1.0,1.0,12.0,1.0,1.0,1.0,1.0,1.0,1.0,2.0,1.0,1.0,1.0,1.0,2.0,4.0,3.0,1.0,1.0,3.0,1.0,1.0,1.0,1.0,2.0,1.0,1.0,1.0,1.0,1.0,2.0,1.0,1.0,3.0,7.0,2.0,1.0,1.0,1.0,1.0,1.0,1.0,1.0,1.0,1.0,1.0,1.0,1.0,6.0,1.0,1.0,1.0,1.0,1.0,1.0,1.0,1.0,1.0,1.0,1.0,1.0,1.0,1.0,1.0,1.0,4.0,1.0,1.0,1.0,1.0,1.0,1.0,1.0,1.0,1.0,1.0,1.0,1.0,1.0,1.0,1.0,1.0,1.0,1.0,1.0,-1.0,-1.0,1.0,1.0,2.0,-2.0,-2.0,-2.0,-2.0,-2.0,1.0,1.0,-3.56110793196185,-3.0,-3.0,-3.0,1.0,-5.0,-5.0,-5.0,1.0,1.0,1.0,1.0,2.0,1.0,1.0,-1.0,-1.0,-1.0,-1.0,-1.0,-1.0,4.0,4.0,1.0,1.0,3.0,1.0,1.0,1.0,1.0,1.0,3.0,3.0,2.0,1.0,1.0,1.0,1.0,1.0,2.0,1.0,1.0,2.0,2.0,1.0,1.0,1.0,1.0,1.0,3.0,3.0,3.0,1.0,1.0,2.0,1.0,1.0,2.0,2.0,2.0,1.0,1.0,1.0,2.0,1.0,1.0,1.0,1.0,3.0,1.0,1.0,1.0,1.0,4.0,2.0,5.0,1.0,2.0,1.0,1.0,1.0,1.0,3.0,1.0,2.0,3.0,2.0,1.0,1.0,1.0,2.0,2.0,2.0,2.0,1.0,6.0,3.0,6.0,1.0,1.0,1.0,3.0,1.0,4.0,5.0,1.0,1.0,1.0,1.0,1.0,17.0,1.0,2.0,12.0,1.0,2.0,3.0,8.0,13.0,5.0,2.0,1.0,2.0,6.0,4.0,4.0,2.0,1.0,3.0,2.0,1.0,1.0,1.0,3.0,1.0,1.0,1.0,3.0,1.0,1.0,1.0,3.0,1.0,1.0,1.0,2.0,3.0,7.0,4.0,3.0,-0.31044766992144,2.0,2.0,2.0,1.0,1.0,1.0,1.0,1.0,1.0,1.0,1.0,1.0,1.0,1.0,1.0,1.0,1.0,1.0,1.0,1.0,1.0,1.0,1.0,1.0,1.0,1.0,1.0,1.0,3.0,1.0,1.0,2.0,2.0,2.0,2.0,3.0,1.0,1.0,1.0,2.0,1.0,4.0,3.0,1.0,1.0,1.0,2.0,1.0,7.39298284432326,1.0,5.0,3.0,2.0,1.0,1.0,1.0,1.0,1.0,1.0,1.0,1.0,1.0,3.0,4.0,3.0,1.0,1.0,1.0,1.0,1.0,1.0,1.0,1.0,1.0,1.0,1.0,1.0,2.0,1.0,1.0,1.0,1.0,1.0,1.0,1.0,1.0,1.0,1.0,1.0,2.0,1.0,1.0,1.0,1.0,1.0,1.0,1.0,1.0,1.0,1.0,1.0,1.0,1.0,3.0,8.0,2.0,1.0,2.0,1.0,1.0,4.0,1.0,1.0,1.0,1.0,1.0,1.0,1.0,7.0,5.0,2.0,3.0,1.0,1.0,2.0,1.0,1.0,1.0,1.0,1.0,1.0,2.0,3.0,1.0,2.0,2.0,2.0,-16.38832593496558,3.0,1.0,1.0,1.0,1.0,3.0,2.0,3.0,3.0,1.0,1.0,2.0,2.0,2.0,3.0,2.0,1.0,3.0,1.0,2.0,2.0,2.0,2.0,2.0,2.0,1.0,1.0,1.0,1.0,1.0,1.0,1.0,1.0,1.0,2.0,1.0,1.0,1.0,3.0,1.0,1.0,1.0,1.0,1.0,1.0,1.0,2.0,1.0,6.0,1.0,5.0,1.0,4.0,1.0,8.0,1.0,3.0,3.0,4.0,1.0,2.0,2.0,1.0,1.0,3.0,2.0,3.0,1.0,2.0,1.0,1.0,2.0,1.0,1.0,4.0,6.0,1.0,1.0,1.0,2.0,2.0,1.0,1.0,3.0,5.0,5.38785976813884,1.0,1.0,5.0,1.0,1.0,2.0,1.0,1.0,1.0,4.0,2.0,1.0,4.0,2.0,6.0,1.0,1.0,1.0,1.0,6.0,5.96397995782018,1.0,1.0,3.0,3.0,-1.3686525685699,9.0,2.0,3.0,3.0,3.0,3.0,1.0,1.0,5.0,5.0,5.0,5.0,1.0,7.0,10.0,2.0,1.0,4.0,5.0,5.0,5.0,5.0,2.0,1.0,3.0,5.0,4.0,2.0,2.0,1.0,1.0,2.0,3.0,1.0,1.0,3.0,11.0,5.0,5.0,5.0,5.0,5.0,5.0,5.0,5.0,13.0,3.0,2.0,2.0,3.0,11.0,5.0,5.0,5.0,5.0,1.0,1.0,2.0,18.0,11.0,2.0,1.0,3.0,3.0,5.0,5.0,5.0,5.0,5.0,5.0,2.0,1.0,3.0,1.0,1.0,21.0,1.0,2.0,3.0,6.0,6.0,6.0,6.0,2.0,5.0,3.0,2.0,5.0,13.0,2.0,5.0,5.0,5.0,5.0,6.0,2.0,24.0,2.0,1.0,2.0,5.0,5.0,5.0,5.0,1.0,2.0,4.0,3.0,12.0,1.0,9.0,4.0,4.0,4.0,4.0,4.0,4.0,4.0,1.0,10.0,4.0,1.0,21.0,1.0,2.0,1.0,1.0,1.0,4.0,3.0,5.0,6.0,6.0,6.0,6.0,6.0,1.0,1.0,3.0,15.0,1.0,1.0,1.0,1.0,7.0,4.0,1.0,10.0,5.0,5.0,5.0,5.0,1.0,1.0,4.0,2.0,-19.72431348956135,1.0,2.0,2.0,9.0,2.0,1.0,1.0,3.0,1.0,4.0,3.0,1.0,1.0,1.0,1.0,1.0,2.0,1.0,1.0,9.0,1.0,1.0,1.0,2.0,5.0,5.0,5.0,5.0,2.0,1.0,7.0,1.0,2.0,5.0,5.0,5.0,5.0,5.0,5.0,5.0,3.0,1.0,1.0,20.0,1.0,1.0,1.0,4.0,1.0,1.0,2.0,1.0,9.0,3.0,4.0,4.0,4.0,4.0,4.0,4.0,4.0,4.0,1.0,1.0,37.0,1.0,1.0,1.0,6.0,6.0,6.0,6.0,6.0,6.0,1.0,1.0,1.0,1.0,6.0,16.0,1.0,5.0,5.0,5.0,5.0,1.0,27.0,1.0,1.0,1.0,7.0,6.0,6.0,6.0,6.0,1.0,2.0,1.0,30.0,1.0,1.0,1.0,1.0,8.0,6.0,6.0,6.0,6.0,13.32796194626393,2.0,2.0,2.0,2.0,5.0,5.0,7.0,3.0,30.0,3.0,10.0,6.0,1.0,10.0,5.0,5.0,5.0,5.0,5.0,5.0,5.0,4.0,1.0,6.0,8.0,1.0,2.0,3.0,4.0,4.0,5.0,6.0,6.0,6.0,6.0,-5.0,-5.0,-5.0,-5.0,-5.0,-5.0,-5.0,-5.0,-5.0,-5.0,1.0
1.0,1.0,1.0,2.0,1.0,2.0,4.0,7.0,1.0,2.0,1.0,5.0,1.0,1.0,1.0,1.0,3.0,1.0,2.0,1.0,1.0,1.0,1.0,1.0,1.0,1.0,5.0,2.0,1.0,3.0,1.0,1.0,5.0,1.0,1.0,2.0,1.0,1.0,1.0,2.0,3.0,1.0,1.0,1.0,1.0,1.0,1.0,1.0,1.0,1.0,1.0,1.0,5.0,3.0,2.0,1.0,1.0,2.0,1.0,1.0,1.0,1.0,1.0,1.0,1.0,1.0,2.0,1.0,5.0,1.0,2.0,1.0,1.0,2.0,1.0,1.0,1.0,1.0,2.0,1.0,7.0,4.0,1.0,2.0,1.0,2.0,12.0,5.0,1.0,15.0,1.0,2.0,2.0,2.0,1.0,1.0,8.0,1.0,4.0,1.0,1.0,16.0,3.0,3.0,1.0,2.0,1.0,1.0,6.0,7.0,1.0,2.0,3.0,2.0,2.0,3.0,2.0,1.0,5.0,1.0,3.0,2.0,2.0,1.0,1.0,1.0,10.0,10.0,1.0,3.0,2.0,1.0,2.0,5.0,2.0,1.0,3.0,1.0,1.0,1.0,1.0,1.0,1.0,1.0,7.0,1.0,1.0,13.0,1.0,1.0,1.0,10.0,2.0,1.0,3.0,1.0,1.0,2.0,3.0,1.0,1.0,1.0,1.0,1.0,1.0,1.0,2.0,1.0,14.0,1.0,1.0,1.0,2.0,2.0,1.0,3.0,2.0,1.0,1.0,1.0,2.0,5.0,1.0,1.0,1.0,4.0,1.0,4.0,2.0,14.0,1.0,2.0,2.0,4.0,1.0,1.0,3.0,1.0,1.0,2.0,1.0,1.0,4.0,3.0,17.0,1.0,1.0,1.0,1.0,3.0,1.0,3.0,5.0,1.0,2.0,2.0,2.0,1.0,1.0,1.0,4.0,1.0,2.0,1.0,1.0,1.0,1.0,1.0,1.0,5.0,2.0,2.0,3.0,1.0,1.0,1.0,1.0,2.0,1.0,1.0,1.0,1.0,1.0,5.0,2.0,3.0,2.0,2.0,3.0,1.0,2.0,4.0,1.0,2.0,2.0,2.0,1.0,1.0,1.0,1.0,1.0,3.0,2.0,1.0,1.0,13.0,3.0,1.0,1.0,1.0,7.0,4.0,1.0,1.0,1.0,8.0,1.0,1.0,6.0,2.0,1.0,3.0,2.0,8.0,2.0,1.0,1.0,1.0,5.0,1.0,8.0,1.0,4.0,9.0,7.0,1.0,1.0,8.0,1.0,2.0,1.0,1.0,4.0,1.0,1.0,1.0,7.0,4.0,5.0,3.0,1.0,1.0,1.0,2.0,1.0,1.0,1.0,1.0,1.0,1.0,6.0,3.0,2.0,2.0,1.0,1.0,1.0,1.0,1.0,1.0,5.0,1.0,1.0,3.0,1.0,1.0,3.0,3.0,1.0,1.0,1.0,2.0,2.0,1.0,1.0,1.0,3.0,4.0,4.0,1.0,1.0,1.0,2.0,1.0,2.0,2.0,2.0,8.0,9.0,3.0,1.0,2.0,1.0,1.0,3.0,2.0,2.0,1.0,5.0,1.0,3.0,3.0,3.0,4.0,1.0,1.0,2.0,2.0,3.0,3.0,1.0,3.0,2.0,1.0,1.0,1.0,1.0,1.0,1.0,1.0,1.0,1.0,1.0,1.0,2.0,10.0,2.0,3.0,3.0,3.0,2.0,1.0,1.0,1.0,1.0,2.0,1.0,15.0,3.0,3.0,3.0,3.0,1.0,1.0,11.0,2.0,2.0,2.0,3.0,1.0,1.0,1.0,1.0,9.0,2.0,2.0,3.0,3.0,1.0,1.0,1.0,2.0,1.0,13.0,2.0,2.0,3.0,3.0,6.0,5.0,2.0,2.0,2.0,2.0,3.0,3.0,4.0,3.0,2.0,2.0,3.0,3.0,4.0,2.0,7.0,3.0,3.0,2.0,2.0,1.0,3.0,7.0,2.0,13.0,6.0,4.0,1.0,1.0,1.0,2.0,1.0,3.0,2.0,10.0,2.0,14.0,1.0,1.0,1.0,9.0,3.0,2.0,1.0,1.0,10.0,2.0,1.0,1.0,1.0,2.0,3.0,7.0,5.0,1.0,1.0,1.0,2.0,6.0,2.0,2.0,4.0,2.0,1.0,1.0,1.0,3.0,2.0,10.0,3.0,1.0,1.0,1.0,5.0,3.0,5.0,1.0,3.0,1.0,1.0,2.0,2.0,3.0,2.0,1.0,2.0,1.0,1.0,1.0,2.0,1.0,1.0,1.0,1.0,5.0,1.0,2.0,1.0,1.0,1.0,1.0,1.0,4.0,1.0,1.0,14.0,1.0,4.0,1.0,13.0,11.0,2.0,2.0,1.0,5.0,1.0,11.0,1.0,1.0,1.0,1.0,1.0,4.0,1.0,1.0,1.0,1.0,3.0,1.0,3.0,1.0,5.0,9.0,1.0,1.0,1.0,1.0,4.0,1.0,6.0,13.0,1.0,3.0,3.0,4.0,1.0,3.0,1.0,4.0,1.0,14.0,9.0,12.0,7.0,1.0,1.0,1.0,2.0,4.0,4.0,6.0,10.0,8.0,21.0,4.0,4.0,3.0,2.0,4.0,1.0,2.0,12.0,11.0,1.0,3.0,4.0,1.0,1.0,1.0,1.0,3.0,6.0,7.0,2.0,5.0,3.0,3.0,8.0,10.0,2.0,19.0,8.0,5.0,1.0,3.0,2.0,6.0,-2.04564786099211,2.0,1.0,2.0,3.0,8.0,9.0,6.0,6.0,1.0,1.0,2.0,2.0,2.0,8.0,4.0,5.0,8.0,7.0,13.0,3.0,9.0,2.0,1.0,3.0,5.0,1.0,3.0,1.0,1.0,5.47566330468136,8.0,1.0,2.0,1.0,1.0,6.0,1.0,1.0,1.0,5.0,15.0,1.0,2.0,7.0,5.0,4.0,5.0,4.0,16.0,6.0,4.0,2.0,1.0,1.0,1.0,1.0,1.0,1.0,2.0,1.0,7.0,7.0,4.0,1.0,2.0,1.0,2.0,1.0,1.0,1.0,1.0,2.0,2.0,1.0,1.0,1.0,1.0,1.0,1.0,1.0,1.0,1.0,1.0,1.0,2.0,2.0,4.0,1.0,1.0,1.0,2.0,7.0,1.0,1.0,1.0,1.0,1.0,1.0,1.0,2.0,3.0,6.0,7.0,4.0,1.0,3.0,1.0,1.0,1.0,1.0,1.0,1.0,1.0,1.0,1.0,2.0,1.0,1.0,2.0,1.0,1.0,1.0,2.0,1.0,1.0,1.0,1.0,1.0,2.0,2.0,3.0,6.0,1.0,1.0,2.0,1.0,1.0,2.0,1.0,1.0,13.0,19.0,2.0,1.0,1.0,4.0,1.0,1.0,1.0,1.0,1.0,1.0,1.0,1.0,1.0,1.0,1.0,2.0,1.0,1.0,1.0,16.0,15.0,1.0,2.0,2.0,2.0,1.0,1.0,1.0,2.0,1.0,1.0,1.0,1.0,1.0,2.0,1.0,1.0,3.0,1.0,1.0,1.0,2.0,1.0,1.0,12.0,7.0,1.0,5.0,1.0,3.0,1.0,1.0,1.0,2.0,3.0,1.0,1.0,6.0,7.0,3.0,5.0,3.0,1.0,1.0,3.0,2.0,1.0,7.0,16.0,1.0,1.0,5.0,3.0,1.0,1.0,3.0,2.0,1.0,3.96952489648403,1.0,2.0,3.0,3.0,1.0,1.0,2.0,1.0,1.0,1.0,2.0,30.0,1.0,4.0,7.0,1.0,1.0,1.0,1.0,1.0,2.0,1.0,2.0,1.0,1.0,1.0,1.0,1.0,1.0,5.0,24.0,4.0,2.0,1.0,1.0,1.0,1.0,1.0,1.0,2.0,2.0,3.0,1.0,2.0,1.0,1.0,1.0,1.0,1.0,1.0,1.0,2.0,1.0,1.0,1.0,1.0,1.0,1.0,1.0,1.0,3.0,1.0,1.0,1.0,3.0,5.0,2.0,3.0,1.0,1.0,2.0,1.0,2.0,1.0,3.0,1.0,2.0,1.0,1.0,2.0,2.0,2.0,1.0,1.0,5.0,2.0,2.0,4.0,1.0,3.0,1.0,4.0,1.0,1.0,2.0,1.0,1.0,4.0,1.0,2.0,1.0,1.0,2.0,4.0,1.0,2.0,2.0,5.0,1.0,1.0,2.0,1.0,1.0,3.0,1.0,1.0,3.0,3.0,5.0,3.0,4.0,1.0,1.0,1.0,2.0,1.0,2.0,1.0,2.0,1.0,1.0,3.0,1.0,1.0,1.0,1.0,2.0,1.0,1.0,1.0,2.0,1.0,1.0,1.0,1.0,1.0,1.0,1.0,1.0,4.0,1.0,1.0,1.0,2.0,1.0,6.0,1.0,1.0,1.0,2.0,2.0,1.0,1.0,1.0,-1.2523449689335,2.0,1.0,1.0,2.0,1.0,-1.0,-1.0,-1.0,-1.0,-2.0,1.0,9.0,-1.0,1.0,-1.0,-1.0,-5.0,-4.0,-3.0,-4.0,-5.0,-5.0,1.0,1.0,1.0,6.0,6.0,2.0,1.0,3.0,2.0,1.0,4.0,5.0,1.0,3.0,1.0,1.0,2.0,1.0,5.0,1.0,1.0,10.0,4.0,1.0,1.0,1.0,3.0,7.0,1.0,2.0,8.0,1.0,2.0,1.0,1.0,1.0,2.0,1.0,2.0,9.0,1.0,9.0,1.0,1.0,1.0,3.0,1.0,1.0,4.0,4.0,1.0,2.0,1.0,2.0,1.0,1.0,1.0,2.0,1.0,1.0,2.0,4.0,1.0,1.0,10.0,1.0,1.0,1.0,3.0,1.0,4.0,4.0,9.0,1.0,1.0,5.0,1.0,1.0,1.0,4.0,2.0,5.0,1.0,7.0,1.0,5.0,1.0,1.0,1.0,18.20845275419301,1.0,5.0,4.0,6.0,1.0,-3.0,-1.0,-1.0,-13.71931735451625,-2.0,-2.0,-1.0,-1.0,-1.0,-1.0,-3.0,-1.0,-2.0,-4.0,-1.0,-2.0,-1.0,-1.0,-1.0,5.0,4.0,2.0,7.0,2.0,1.0,2.0,1.0,2.0,1.0,3.0,4.0,4.0,1.0,1.0,2.0,4.0,2.0,6.0,1.0,5.0,11.27775448851298,8.0,7.0,1.0,4.0,3.0,1.0,1.0,1.0,2.0,1.0,4.0,1.0,1.0,1.0,1.0,2.0,1.0,1.0,3.0,2.0,4.0,7.0,7.0,4.0,1.0,1.0,4.0,1.0,1.0,2.0,1.0,1.0,5.0,1.0,2.0,7.0,4.0,2.0,2.0,1.0,1.0,1.0,2.0,2.0,2.0,1.0,1.0,2.0,6.0,1.0,4.0,2.0,3.0,-9.81276160699843,1.0,8.0,8.0,1.0,1.0,2.0,2.0,1.0,1.0,2.0,2.0,11.0,5.0,2.0,1.0,2.0,2.0,2.0,2.0,2.0,2.0,2.0,2.0,2.0,1.0,1.0,25.0,6.0,5.0,5.0,5.0,5.0,5.0,5.0,3.0,2.0,1.0,1.0,2.0,1.0,1.0,12.0,15.0,4.0,4.0,5.0,4.0,4.0,5.0,2.0,1.0,5.0,1.0,1.0,2.0,1.0,16.0,5.0,4.0,5.0,4.0,10.0,2.0,4.0,3.0,3.0,6.0,4.0,4.0,4.0,4.0,4.0,4.0,4.0,4.0,4.0,2.0,4.0,4.0,4.0,4.0,4.0,4.0,1.0,1.0,4.0,4.0,4.0,4.0,4.0,4.0,1.0,1.0,1.0,1.0,1.0,1.0,4.0,4.0,4.0,4.0,4.0,4.0,4.0,4.0,4.0,4.0,1.0,1.0,1.0,1.0,3.0,1.0,1.0,10.0,1.0,1.0,1.0,1.0,1.0,21.0,15.0,1.0,1.0,1.0,1.0,1.0,1.0,5.0,1.0,6.0,2.0,2.0,23.0,14.0,1.0,3.0,3.0,3.0,3.0,3.0,3.0,3.0,3.0,1.0,1.0,1.0,1.0,1.0,6.0,1.0,4.0,10.0,9.0,26.0,7.0,3.0,3.0,4.0,3.0,3.0,3.0,4.0,3.0,1.0,1.0,1.0,1.0,3.0,1.0,1.0,13.0,2.0,2.0,2.0,2.0,2.0,2.0,2.0,1.0,1.0,2.0,2.0,2.0,2.0,2.0,2.0,3.0,2.0,1.0,2.0,2.0,2.0,2.0,2.0,2.0,2.0,1.0,2.0,2.0,2.0,2.0,2.0,2.0,2.0,2.0,2.0,2.0,2.0,1.0,-2.0,1.0,4.0,1.0,-4.0,-4.0,-5.0,-4.0,-4.0,-4.0,-5.0,-4.0,-1.0,1.0,2.0,-1.0,1.0,-4.0,-5.0,-4.0,-4.0,-5.0,-4.0,2.0,1.0,-5.0,-6.0,-5.0,-5.0,-6.0,-5.0,1.0,1.0,1.0,-5.0,-5.0,-5.0,-5.0,-5.0,-5.0,-1.0,1.0,-1.0,-5.0,-5.0,-5.0,-5.0,-5.0,-5.0,-3.0,-4.0,-1.0,-1.0,-3.0,-1.0,0.0,1.0,-9.0,-5.0,1.0,-1.0,-2.0,-1.0,-1.0,-2.0,-1.0,-3.0,-2.0,-1.0,-1.0,-1.0,-1.0,-1.0,-3.0,-1.0,-1.0,-1.0,-1.0,-3.0,-2.0,19.45784305872714,-2.0,-1.0,-1.0,-1.0,-2.0,7.0,-4.0,-2.0,-3.0,-3.0,-1.0,-1.0,-1.0,1.0,1.0,0.0,-1.0,-5.0,-7.0,-1.0,-2.0,-1.0,9.0,2.0,13.0,-1.0,-1.0,-1.0,-5.0,-5.0,-2.0,-4.0,1.0,5.0,4.0,2.0,2.0,1.0,2.0,15.0,17.0,4.0,5.0,7.0,13.0,1.0,3.0,1.0,1.0,1.0,12.0,5.0,5.0,1.0,11.0,2.0,4.0,2.0,1.0,15.57346510062307,4.0,2.0,1.0,1.0,2.0,1.0,1.0,2.0,1.0,1.0,2.0,6.0,1.0,1.0,2.0,4.0,3.0,2.0,2.0,3.0,7.0,1.0,1.0,1.0,1.0,1.0,2.0,1.0,1.0,1.0,1.0,1.0,1.0,1.0,1.0,2.0,2.0,1.0,4.0,1.0,1.0,1.0,1.0,3.0,1.0,2.0,6.0,1.0,1.0,1.0,1.0,1.0,1.0,1.0,1.0,1.0,1.0,1.0,1.0,3.0,1.0,1.0,3.0,2.0,2.0,2.0,5.0,-20.80157324031526,2.0,2.0,4.0,3.0,1.0,2.0,2.0,2.0,2.0,1.0,1.0,2.0,2.0,2.0,1.0,1.0,1.0,1.0,1.0,2.0,1.0,4.0,1.0,1.0,1.0,1.0,2.0,1.0,1.0,1.0,5.0,5.0,1.0,4.0,3.0,2.0,2.0,1.0,5.0,1.0,3.0,4.0,2.0,1.0,3.0,3.0,4.0,3.0,3.0,1.0,1.0,2.0,1.0,3.0,2.0,4.0,2.0,1.0,4.0,2.0,1.0,2.0,3.0,3.0,3.0,3.0,2.0,1.0,4.0,5.0,1.0,1.0,5.0,4.0,2.0,1.0,1.0,1.0,6.0,10.0,1.0,5.0,5.0,1.0,7.0,2.0,1.0,10.0,4.0,3.0,3.0,1.0,7.0,1.0,11.0,1.0,2.0,2.0,1.0,3.0,2.0,1.0,1.0,5.0,8.0,1.0,7.0,3.0,1.0,2.0,2.0,1.0,2.0,1.0,1.0,1.0,1.0,2.0,7.0,6.0,1.0,2.0,1.0,1.0,1.0,1.0,5.0,1.0,1.0,2.0,5.0,1.0,2.0,7.0,6.0,6.0,1.0,2.0,9.0,3.0,6.0,1.0,6.0,4.0,9.0,1.0,1.0,1.0,2.0,10.0,6.0,2.0,2.0,5.0,5.0,1.0,10.0,1.0,2.0,4.0,5.0,13.0,1.0,1.0,1.0,1.0,4.0,4.0,3.0,1.0,2.0,1.0,1.0,1.0,2.0,4.0,4.0,5.0,11.0,1.0,1.0,13.2640361646798,1.0,5.0,2.0,7.0,1.0,1.0,2.0,1.0,1.0,1.0,3.0,3.0,2.0,2.0,3.0,5.0,1.0,2.0,1.0,-2.0,1.0,1.0,7.0,-3.0,-3.0,-3.0,-3.0,1.0,0.0,4.0,-2.0,5.0,-6.0,-6.0,-6.0,-6.0,-2.0,-1.0,-1.0,-6.0,-6.0,-6.0,-6.0,-3.0,-2.0,-1.0,-1.0,-3.0,-3.0,-3.0,-3.0,-2.0,-1.0,-1.0,2.0,-1.0,-6.0,-6.0,-6.0,-6.0,-6.0,-6.0,-6.0,1.0,1.0,-3.0,-3.0,7.0,2.0,-5.0,-5.0,-5.0,-5.0,1.0,-2.0,-2.0,2.0,1.0,-5.0,-6.0,-5.0,-5.0,2.0,1.0,1.0,1.0,-6.0,-6.0,-6.0,-6.0,-1.0,1.0,-2.0,-2.0,1.0,2.0,-13.0,-13.0,-1.0,-1.0,-2.0,2.0,1.0,-5.0,-5.0,-5.0,-5.0,-5.0,-5.0,1.0,1.0,-5.0,-5.0,-5.0,-5.0,-5.0,0.0,-3.0,-12.0,-12.0,1.0,5.0,-7.0,-7.0,-7.0,-7.0,1.0,7.0,1.0,1.0,1.0,2.0,11.0,1.0,4.0,1.0,3.0,6.0,1.0,2.0,3.0,15.0,3.0,2.0,3.0,4.0,1.0,6.0,6.0,4.0,2.0,1.0,1.0,1.0,1.0,1.0,1.0,3.0,7.0,1.0,3.0,1.0,1.0,1.0,3.0,2.0,1.0,2.0,2.0,1.0,1.0,3.0,3.0,3.0,1.0,1.0,2.0,3.0,3.0,3.0,1.0,1.0,1.0,3.0,4.0,4.0,2.0,3.0,1.0,1.0,1.0,1.0,1.0,1.0,2.0,3.0,4.0,4.0,2.0,6.0,3.0,1.0,1.0,1.0,1.0,1.0,1.0,2.0,3.0,1.0,13.0,3.0,1.0,1.0,6.0,1.0,1.0,1.0,4.0,1.0,1.0,2.0,2.0,4.0,3.0,3.0,1.0,1.0,1.0,1.0,2.0,2.0,3.0,3.0,1.0,1.0,2.0,2.0,1.0,2.0,6.0,6.0,2.0,3.0,2.0,2.0,1.0,1.0,2.0,2.0,6.0,6.0,2.0,3.0,2.0,2.0,1.0,1.0,21.0,3.0,4.0,1.0,2.0,2.0,8.0,1.0,7.0,2.0,1.0,2.0,3.0,4.0,4.0,1.0,16.0,1.0,6.0,3.0,1.0,1.0,2.0,10.0,1.0,10.0,3.0,3.0,2.0,1.0,4.0,3.0,1.0,2.0,1.0,1.0,4.0,1.0,3.0,1.0,2.0,2.0,1.0,1.0,1.0,1.0,3.0,1.0,1.0,2.0,1.0,1.0,1.0,1.0,1.0,1.29786125122586,1.0,1.0,1.0,1.0,1.0,4.0,3.0,1.0,1.0,1.0,1.0,1.0,1.0,2.0,2.0,1.0,4.0,1.0,4.0,1.0,1.0,2.0,1.0,1.0,3.0,2.0,2.0,2.0,2.0,1.0,1.0,6.0,24.0,4.0,1.0,3.0,2.0,1.0,1.0,16.0,35.0,3.0,1.0,1.0,1.0,1.0,1.0,1.0,3.0,5.0,1.0,1.0,2.0,7.0,5.0,5.0,2.0,3.0,1.0,1.0,1.0,8.0,1.0,5.0,3.0,2.0,9.0,6.0,1.0,4.0,13.0,1.0,7.0,7.0,1.0,1.0,1.0,1.0,1.0,4.0,6.0,3.0,2.0,1.0,8.0,6.0,1.0,1.0,1.0,2.0,3.0,1.0,2.0,8.0,1.0,2.0,9.0,2.0,1.0,1.0,1.0,1.0,1.0,4.0,1.0,1.0,4.0,5.0,1.0,1.0,2.0,3.0,2.0,1.0,2.0,5.0,6.0,4.0,6.0,8.0,11.0,7.0,6.0,1.0,1.0,1.0,4.0,1.0,3.0,4.0,5.0,12.0,5.0,2.0,2.0,1.0,4.0,2.0,1.0,1.0,1.0,3.0,4.0,3.0,2.0,17.29671484676516,3.0,5.0,1.0,7.0,5.0,2.0,2.0,3.0,1.0,1.0,1.0,1.0,2.0,1.0,2.0,1.0,1.0,12.0,10.0,8.0,6.0,5.0,1.0,1.0,1.0,3.0,1.0,1.0,1.0,3.0,4.0,1.0,2.0,1.0,1.0,1.0,2.0,1.0,1.0,8.0,1.0,1.0,2.0,2.0,5.0,2.0,2.0,1.0,1.0,3.0,2.0,3.0,1.0,6.0,6.0,1.0,1.0,6.0,1.0,6.0,9.0,3.0,13.0,10.0,1.0,1.0,11.0,1.0,1.0,3.0,8.0,9.0,2.0,1.0,2.0,3.0,3.0,3.0,1.0,1.0,1.0,5.0,5.0,2.0,1.0,2.0,2.0,1.0,1.0,5.0,1.0,1.0,1.0,1.0,3.0,2.0,1.0,2.0,1.0,3.0,4.0,1.0,2.0,1.0,2.0,1.0,2.0,2.0,1.0,1.0,2.0,2.0,1.0,1.0,1.0,1.0,1.0,1.0,2.0,1.0,8.0,2.0,1.0,5.0,6.0,2.0,1.0,1.0,1.0,6.0,2.0,3.0,4.0,3.0,1.0,1.0,2.0,2.0,1.0,1.0,11.0,1.0,1.0,2.0,4.0,5.0,3.0,1.0,4.0,1.0,14.0,4.0,7.0,1.0,1.0,2.0,1.0,1.0,2.92572291035908,1.0,1.0,1.0,3.0,1.0,9.0,2.0,2.0,1.0,1.0,7.0,1.0,8.0,1.0,1.0,1.0,1.0,2.0,1.0,1.0,1.0,1.0,2.0,1.0,1.0,1.0,1.0,1.0,1.0,4.0,4.0,3.0,2.0,1.0,1.0,1.0,1.0,3.0,1.0,1.0,1.0,1.0,1.0,1.0,1.0,1.0,2.0,1.0,3.0,0.24337417607789,1.0,1.0,3.0,5.0,9.0,7.0,2.0,2.0,1.0,1.0,1.0,2.0,3.0,1.0,1.0,2.0,3.0,1.0,1.0,2.0,2.0,1.0,1.0,1.0,1.0,2.0,1.0,1.0,-1.0,-1.0,-2.0,-4.0,-12.0,-7.0,-6.0,-6.0,-9.0,-11.0,-2.0,-8.0,-10.0,-6.0,-11.0,-6.50984180533249,-1.0,-4.0,-1.0,-10.0,-11.0,-3.0,-8.0,-12.0,-10.0,-1.0,-1.0,-1.0,-1.0,-7.0,-7.0,-13.0,-7.0,2.0,1.0,1.0,1.0,2.0,1.0,1.0,5.0,1.0,2.0,1.0,1.0,3.0,1.0,3.0,1.0,1.0,1.0,1.0,1.0,1.0,1.0,1.0,4.0,1.0,1.0,2.0,1.0,1.0,3.0,1.0,1.0,2.0,1.0,1.0,2.0,3.0,1.0,2.0,1.0,1.0,1.0,1.0,1.0,1.0,2.0,1.0,2.0,1.0,2.0,5.0,6.0,1.0,2.0,1.0,1.0,3.0,1.0,1.0,2.0,3.0,3.0,1.0,1.0,2.0,5.0,5.0,1.0,1.0,4.0,3.0,2.0,1.0,1.0,-1.0,1.0,2.0,-3.0,1.0,1.0,-4.0,-4.0,-3.0,2.0,-1.0,-1.0,-1.0,-2.0,2.0,10.0,1.0,1.0,1.0,2.0,3.0,4.0,1.0,2.0,1.0,17.0,1.0,1.0,1.0,1.0,2.0,1.0,1.0,1.0,4.0,4.0,1.0,3.0,1.0,1.0,2.0,1.0,1.0,1.0,2.0,2.0,1.0,1.0,1.0,1.0,2.0,3.0,18.94840458248437,1.0,1.0,3.0,1.0,1.0,1.0,2.0,3.0,1.0,1.0,2.0,4.0,2.0,1.0,1.0,1.0,1.0,2.0,3.0,1.0,4.0,1.0,1.0,1.0,4.0,4.0,1.0,1.0,2.0,2.0,2.0,2.0,1.0,2.0,1.0,2.0,3.0,1.0,6.0,11.0,8.0,5.0,4.0,5.0,3.0,2.0,1.0,1.0,1.0,1.0,1.0,2.0,2.0,3.0,2.0,3.0,1.0,1.0,1.0,1.0,1.0,1.0,3.0,2.0,5.0,1.0,2.0,2.0,1.0,5.0,1.0,5.0,1.0,2.0,5.0,3.0,2.0,1.0,15.11250881122309,1.0,2.0,3.0,1.0,1.0,1.0,3.0,3.0,2.0,4.0,1.0,1.0,1.0,1.0,1.0,1.0,1.0,1.0,1.0,1.0,1.0,3.0,5.0,1.0,1.0,1.0,2.0,2.0,1.0,1.0,5.0,1.0,1.0,5.0,1.0,1.0,-7.0,-7.0,1.0,-1.0,-4.0,-2.0,-1.0,-2.0,-1.0,1.0,-1.0,-3.0,-5.0,0.0,-3.0,-1.0,-2.0,-4.0,1.0,-1.0,1.0,-1.0,-1.0,1.0,-1.0,-1.0,2.0,-2.0,-3.0,2.0,-2.0,-1.0,1.0,-1.0,-1.0,-2.0,1.0,-2.0,-1.0,2.0,-1.0,-1.0,-1.0,-1.0,-2.0,2.0,-2.0,-2.0,0.0,-1.0,-1.0,-1.0,-1.0,-1.0,1.0,1.0,1.0,7.0,1.0,1.0,1.0,1.0,1.0,2.0,1.0,1.0,12.0,1.0,1.0,1.0,1.0,1.0,1.0,2.0,1.0,1.0,1.0,1.0,2.0,4.0,3.0,1.0,1.0,3.0,1.0,1.0,1.0,1.0,2.0,1.0,1.0,1.0,1.0,1.0,2.0,1.0,1.0,3.0,7.0,2.0,1.0,1.0,1.0,1.0,1.0,1.0,1.0,1.0,1.0,1.0,1.0,1.0,6.0,1.0,1.0,1.0,1.0,1.0,1.0,1.0,1.0,1.0,1.0,1.0,1.0,1.0,1.0,1.0,1.0,4.0,1.0,1.0,1.0,1.0,1.0,1.0,1.0,1.0,1.0,1.0,1.0,1.0,1.0,1.0,1.0,1.0,1.0,1.0,1.0,-1.0,-1.0,1.0,1.0,2.0,-2.0,-2.0,-2.0,-2.0,-2.0,1.0,1.0,-3.56110793196185,-3.0,-3.0,-3.0,1.0,-5.0,-5.0,-5.0,1.0,1.0,1.0,1.0,2.0,1.0,1.0,-1.0,-1.0,-1.0,-1.0,-1.0,-1.0,4.0,4.0,1.0,1.0,3.0,1.0,1.0,1.0,1.0,1.0,3.0,3.0,2.0,1.0,1.0,1.0,1.0,1.0,2.0,1.0,1.0,2.0,2.0,1.0,1.0,1.0,1.0,1.0,3.0,3.0,3.0,1.0,1.0,2.0,1.0,1.0,2.0,2.0,2.0,1.0,1.0,1.0,2.0,1.0,1.0,1.0,1.0,3.0,1.0,1.0,1.0,1.0,4.0,2.0,5.0,1.0,2.0,1.0,1.0,1.0,1.0,3.0,1.0,2.0,3.0,2.0,1.0,1.0,1.0,2.0,2.0,2.0,2.0,1.0,6.0,3.0,6.0,1.0,1.0,1.0,3.0,1.0,4.0,5.0,1.0,1.0,1.0,1.0,1.0,17.0,1.0,2.0,12.0,1.0,2.0,3.0,8.0,13.0,5.0,2.0,1.0,2.0,6.0,4.0,4.0,2.0,1.0,3.0,2.0,1.0,1.0,1.0,3.0,1.0,1.0,1.0,3.0,1.0,1.0,1.0,3.0,1.0,1.0,1.0,2.0,3.0,7.0,4.0,3.0,-0.31044766992144,2.0,2.0,2.0,1.0,1.0,1.0,1.0,1.0,1.0,1.0,1.0,1.0,1.0,1.0,1.0,1.0,1.0,1.0,1.0,1.0,1.0,1.0,1.0,1.0,1.0,1.0,1.0,1.0,3.0,1.0,1.0,2.0,2.0,2.0,2.0,3.0,1.0,1.0,1.0,2.0,1.0,4.0,3.0,1.0,1.0,1.0,2.0,1.0,7.39298284432326,1.0,5.0,3.0,2.0,1.0,1.0,1.0,1.0,1.0,1.0,1.0,1.0,1.0,3.0,4.0,3.0,1.0,1.0,1.0,1.0,1.0,1.0,1.0,1.0,1.0,1.0,1.0,1.0,2.0,1.0,1.0,1.0,1.0,1.0,1.0,1.0,1.0,1.0,1.0,1.0,2.0,1.0,1.0,1.0,1.0,1.0,1.0,1.0,1.0,1.0,1.0,1.0,1.0,1.0,3.0,8.0,2.0,1.0,2.0,1.0,1.0,4.0,1.0,1.0,1.0,1.0,1.0,1.0,1.0,7.0,5.0,2.0,3.0,1.0,1.0,2.0,1.0,1.0,1.0,1.0,1.0,1.0,2.0,3.0,1.0,2.0,2.0,2.0,-16.38832593496558,3.0,1.0,1.0,1.0,1.0,3.0,2.0,3.0,3.0,1.0,1.0,2.0,2.0,2.0,3.0,2.0,1.0,3.0,1.0,2.0,2.0,2.0,2.0,2.0,2.0,1.0,1.0,1.0,1.0,1.0,1.0,1.0,1.0,1.0,2.0,1.0,1.0,1.0,3.0,1.0,1.0,1.0,1.0,1.0,1.0,1.0,2.0,1.0,6.0,1.0,5.0,1.0,4.0,1.0,8.0,1.0,3.0,3.0,4.0,1.0,2.0,2.0,1.0,1.0,3.0,2.0,3.0,1.0,2.0,1.0,1.0,2.0,1.0,1.0,4.0,6.0,1.0,1.0,1.0,2.0,2.0,1.0,1.0,3.0,5.0,5.38785976813884,1.0,1.0,5.0,1.0,1.0,2.0,1.0,1.0,1.0,4.0,2.0,1.0,4.0,2.0,6.0,1.0,1.0,1.0,1.0,6.0,5.96397995782018,1.0,1.0,3.0,3.0,-1.3686525685699,9.0,2.0,3.0,3.0,3.0,3.0,1.0,1.0,5.0,5.0,5.0,5.0,1.0,7.0,10.0,2.0,1.0,4.0,5.0,5.0,5.0,5.0,2.0,1.0,3.0,5.0,4.0,2.0,2.0,1.0,1.0,2.0,3.0,1.0,1.0,3.0,11.0,5.0,5.0,5.0,5.0,5.0,5.0,5.0,5.0,13.0,3.0,2.0,2.0,3.0,11.0,5.0,5.0,5.0,5.0,1.0,1.0,2.0,18.0,11.0,2.0,1.0,3.0,3.0,5.0,5.0,5.0,5.0,5.0,5.0,2.0,1.0,3.0,1.0,1.0,21.0,1.0,2.0,3.0,6.0,6.0,6.0,6.0,2.0,5.0,3.0,2.0,5.0,13.0,2.0,5.0,5.0,5.0,5.0,6.0,2.0,24.0,2.0,1.0,2.0,5.0,5.0,5.0,5.0,1.0,2.0,4.0,3.0,12.0,1.0,9.0,4.0,4.0,4.0,4.0,4.0,4.0,4.0,1.0,10.0,4.0,1.0,21.0,1.0,2.0,1.0,1.0,1.0,4.0,3.0,5.0,6.0,6.0,6.0,6.0,6.0,1.0,1.0,3.0,15.0,1.0,1.0,1.0,1.0,7.0,4.0,1.0,10.0,5.0,5.0,5.0,5.0,1.0,1.0,4.0,2.0,-19.72431348956135,1.0,2.0,2.0,9.0,2.0,1.0,1.0,3.0,1.0,4.0,3.0,1.0,1.0,1.0,1.0,1.0,2.0,1.0,1.0,9.0,1.0,1.0,1.0,2.0,5.0,5.0,5.0,5.0,2.0,1.0,7.0,1.0,2.0,5.0,5.0,5.0,5.0,5.0,5.0,5.0,3.0,1.0,1.0,20.0,1.0,1.0,1.0,4.0,1.0,1.0,2.0,1.0,9.0,3.0,4.0,4.0,4.0,4.0,4.0,4.0,4.0,4.0,1.0,1.0,37.0,1.0,1.0,1.0,6.0,6.0,6.0,6.0,6.0,6.0,1.0,1.0,1.0,1.0,6.0,16.0,1.0,5.0,5.0,5.0,5.0,1.0,27.0,1.0,1.0,1.0,7.0,6.0,6.0,6.0,6.0,1.0,2.0,1.0,30.0,1.0,1.0,1.0,1.0,8.0,6.0,6.0,6.0,6.0,13.32796194626393,2.0,2.0,2.0,2.0,5.0,5.0,7.0,3.0,30.0,3.0,10.0,6.0,1.0,10.0,5.0,5.0,5.0,5.0,5.0,5.0,5.0,4.0,1.0,6.0,8.0,1.0,2.0,3.0,4.0,4.0,5.0,6.0,6.0,6.0,6.0,-5.0,-5.0,-5.0,-5.0,-5.0,-5.0,-5.0,-5.0,-5.0,-5.0,1.0
1.0,1.0,1.0,2.0,1.0,2.0,4.0,7.0,1.0,2.0,1.0,5.0,1.0,1.0,1.0,1.0,3.0,1.0,2.0,1.0,1.0,1.0,1.0,1.0,1.0,1.0,5.0,2.0,1.0,3.0,1.0,1.0,5.0,1.0,1.0,2.0,1.0,1.0,1.0,2.0,3.0,1.0,1.0,1.0,1.0,1.0,1.0,1.0,1.0,1.0,1.0,1.0,5.0,3.0,2.0,1.0,1.0,2.0,1.0,1.0,1.0,1.0,1.0,1.0,1.0,1.0,2.0,1.0,5.0,1.0,2.0,1.0,1.0,2.0,1.0,1.0,1.0,1.0,2.0,1.0,7.0,4.0,1.0,2.0,1.0,2.0,12.0,5.0,1.0,15.0,1.0,2.0,2.0,2.0,1.0,1.0,8.0,1.0,4.0,1.0,1.0,16.0,3.0,3.0,1.0,2.0,1.0,1.0,6.0,7.0,1.0,2.0,3.0,2.0,2.0,3.0,2.0,1.0,5.0,1.0,3.0,2.0,2.0,1.0,1.0,1.0,10.0,10.0,1.0,3.0,2.0,1.0,2.0,5.0,2.0,1.0,3.0,1.0,1.0,1.0,1.0,1.0,1.0,1.0,7.0,1.0,1.0,13.0,1.0,1.0,1.0,10.0,2.0,1.0,3.0,1.0,1.0,2.0,3.0,1.0,1.0,1.0,1.0,1.0,1.0,1.0,2.0,1.0,14.0,1.0,1.0,1.0,2.0,2.0,1.0,3.0,2.0,1.0,1.0,1.0,2.0,5.0,1.0,1.0,1.0,4.0,1.0,4.0,2.0,14.0,1.0,2.0,2.0,4.0,1.0,1.0,3.0,1.0,1.0,2.0,1.0,1.0,4.0,3.0,17.0,1.0,1.0,1.0,1.0,3.0,1.0,3.0,5.0,1.0,2.0,2.0,2.0,1.0,1.0,1.0,4.0,1.0,2.0,1.0,1.0,1.0,1.0,1.0,1.0,5.0,2.0,2.0,3.0,1.0,1.0,1.0,1.0,2.0,1.0,1.0,1.0,1.0,1.0,5.0,2.0,3.0,2.0,2.0,3.0,1.0,2.0,4.0,1.0,2.0,2.0,2.0,1.0,1.0,1.0,1.0,1.0,3.0,2.0,1.0,1.0,13.0,3.0,1.0,1.0,1.0,7.0,4.0,1.0,1.0,1.0,8.0,1.0,1.0,6.0,2.0,1.0,3.0,2.0,8.0,2.0,1.0,1.0,1.0,5.0,1.0,8.0,1.0,4.0,9.0,7.0,1.0,1.0,8.0,1.0,2.0,1.0,1.0,4.0,1.0,1.0,1.0,7.0,4.0,5.0,3.0,1.0,1.0,1.0,2.0,1.0,1.0,1.0,1.0,1.0,1.0,6.0,3.0,2.0,2.0,1.0,1.0,1.0,1.0,1.0,1.0,5.0,1.0,1.0,3.0,1.0,1.0,3.0,3.0,1.0,1.0,1.0,2.0,2.0,1.0,1.0,1.0,3.0,4.0,4.0,1.0,1.0,1.0,2.0,1.0,2.0,2.0,2.0,8.0,9.0,3.0,1.0,2.0,1.0,1.0,3.0,2.0,2.0,1.0,5.0,1.0,3.0,3.0,3.0,4.0,1.0,1.0,2.0,2.0,3.0,3.0,1.0,3.0,2.0,1.0,1.0,1.0,1.0,1.0,1.0,1.0,1.0,1.0,1.0,1.0,2.0,10.0,2.0,3.0,3.0,3.0,2.0,1.0,1.0,1.0,1.0,2.0,1.0,15.0,3.0,3.0,3.0,3.0,1.0,1.0,11.0,2.0,2.0,2.0,3.0,1.0,1.0,1.0,1.0,9.0,2.0,2.0,3.0,3.0,1.0,1.0,1.0,2.0,1.0,13.0,2.0,2.0,3.0,3.0,6.0,5.0,2.0,2.0,2.0,2.0,3.0,3.0,4.0,3.0,2.0,2.0,3.0,3.0,4.0,2.0,7.0,3.0,3.0,2.0,2.0,1.0,3.0,7.0,2.0,13.0,6.0,4.0,1.0,1.0,1.0,2.0,1.0,3.0,2.0,10.0,2.0,14.0,1.0,1.0,1.0,9.0,3.0,2.0,1.0,1.0,10.0,2.0,1.0,1.0,1.0,2.0,3.0,7.0,5.0,1.0,1.0,1.0,2.0,6.0,2.0,2.0,4.0,2.0,1.0,1.0,1.0,3.0,2.0,10.0,3.0,1.0,1.0,1.0,5.0,3.0,5.0,1.0,3.0,1.0,1.0,2.0,2.0,3.0,2.0,1.0,2.0,1.0,1.0,1.0,2.0,1.0,1.0,1.0,1.0,5.0,1.0,2.0,1.0,1.0,1.0,1.0,1.0,4.0,1.0,1.0,14.0,1.0,4.0,1.0,13.0,11.0,2.0,2.0,1.0,5.0,1.0,11.0,1.0,1.0,1.0,1.0,1.0,4.0,1.0,1.0,1.0,1.0,3.0,1.0,3.0,1.0,5.0,9.0,1.0,1.0,1.0,1.0,4.0,1.0,6.0,13.0,1.0,3.0,3.0,4.0,1.0,3.0,1.0,4.0,1.0,14.0,9.0,12.0,7.0,1.0,1.0,1.0,2.0,4.0,4.0,6.0,10.0,8.0,21.0,4.0,4.0,3.0,2.0,4.0,1.0,2.0,12.0,11.0,1.0,3.0,4.0,1.0,1.0,1.0,1.0,3.0,6.0,7.0,2.0,5.0,3.0,3.0,8.0,10.0,2.0,19.0,8.0,5.0,1.0,3.0,2.0,6.0,-2.04564786099211,2.0,1.0,2.0,3.0,8.0,9.0,6.0,6.0,1.0,1.0,2.0,2.0,2.0,8.0,4.0,5.0,8.0,7.0,13.0,3.0,9.0,2.0,1.0,3.0,5.0,1.0,3.0,1.0,1.0,5.47566330468136,8.0,1.0,2.0,1.0,1.0,6.0,1.0,1.0,1.0,5.0,15.0,1.0,2.0,7.0,5.0,4.0,5.0,4.0,16.0,6.0,4.0,2.0,1.0,1.0,1.0,1.0,1.0,1.0,2.0,1.0,7.0,7.0,4.0,1.0,2.0,1.0,2.0,1.0,1.0,1.0,1.0,2.0,2.0,1.0,1.0,1.0,1.0,1.0,1.0,1.0,1.0,1.0,1.0,1.0,2.0,2.0,4.0,1.0,1.0,1.0,2.0,7.0,1.0,1.0,1.0,1.0,1.0,1.0,1.0,2.0,3.0,6.0,7.0,4.0,1.0,3.0,1.0,1.0,1.0,1.0,1.0,1.0,1.0,1.0,1.0,2.0,1.0,1.0,2.0,1.0,1.0,1.0,2.0,1.0,1.0,1.0,1.0,1.0,2.0,2.0,3.0,6.0,1.0,1.0,2.0,1.0,1.0,2.0,1.0,1.0,13.0,19.0,2.0,1.0,1.0,4.0,1.0,1.0,1.0,1.0,1.0,1.0,1.0,1.0,1.0,1.0,1.0,2.0,1.0,1.0,1.0,16.0,15.0,1.0,2.0,2.0,2.0,1.0,1.0,1.0,2.0,1.0,1.0,1.0,1.0,1.0,2.0,1.0,1.0,3.0,1.0,1.0,1.0,2.0,1.0,1.0,12.0,7.0,1.0,5.0,1.0,3.0,1.0,1.0,1.0,2.0,3.0,1.0,1.0,6.0,7.0,3.0,5.0,3.0,1.0,1.0,3.0,2.0,1.0,7.0,16.0,1.0,1.0,5.0,3.0,1.0,1.0,3.0,2.0,1.0,3.96952489648403,1.0,2.0,3.0,3.0,1.0,1.0,2.0,1.0,1.0,1.0,2.0,30.0,1.0,4.0,7.0,1.0,1.0,1.0,1.0,1.0,2.0,1.0,2.0,1.0,1.0,1.0,1.0,1.0,1.0,5.0,24.0,4.0,2.0,1.0,1.0,1.0,1.0,1.0,1.0,2.0,2.0,3.0,1.0,2.0,1.0,1.0,1.0,1.0,1.0,1.0,1.0,2.0,1.0,1.0,1.0,1.0,1.0,1.0,1.0,1.0,3.0,1.0,1.0,1.0,3.0,5.0,2.0,3.0,1.0,1.0,2.0,1.0,2.0,1.0,3.0,1.0,2.0,1.0,1.0,2.0,2.0,2.0,1.0,1.0,5.0,2.0,2.0,4.0,1.0,3.0,1.0,4.0,1.0,1.0,2.0,1.0,1.0,4.0,1.0,2.0,1.0,1.0,2.0,4.0,1.0,2.0,2.0,5.0,1.0,1.0,2.0,1.0,1.0,3.0,1.0,1.0,3.0,3.0,5.0,3.0,4.0,1.0,1.0,1.0,2.0,1.0,2.0,1.0,2.0,1.0,1.0,3.0,1.0,1.0,1.0,1.0,2.0,1.0,1.0,1.0,2.0,1.0,1.0,1.0,1.0,1.0,1.0,1.0,1.0,4.0,1.0,1.0,1.0,2.0,1.0,6.0,1.0,1.0,1.0,2.0,2.0,1.0,1.0,1.0,-1.2523449689335,2.0,1.0,1.0,2.0,1.0,-1.0,-1.0,-1.0,-1.0,-2.0,1.0,9.0,-1.0,1.0,-1.0,-1.0,-5.0,-4.0,-3.0,-4.0,-5.0,-5.0,1.0,1.0,1.0,6.0,6.0,2.0,1.0,3.0,2.0,1.0,4.0,5.0,1.0,3.0,1.0,1.0,2.0,1.0,5.0,1.0,1.0,10.0,4.0,1.0,1.0,1.0,3.0,7.0,1.0,2.0,8.0,1.0,2.0,1.0,1.0,1.0,2.0,1.0,2.0,9.0,1.0,9.0,1.0,1.0,1.0,3.0,1.0,1.0,4.0,4.0,1.0,2.0,1.0,2.0,1.0,1.0,1.0,2.0,1.0,1.0,2.0,4.0,1.0,1.0,10.0,1.0,1.0,1.0,3.0,1.0,4.0,4.0,9.0,1.0,1.0,5.0,1.0,1.0,1.0,4.0,2.0,5.0,1.0,7.0,1.0,5.0,1.0,1.0,1.0,18.20845275419301,1.0,5.0,4.0,6.0,1.0,-3.0,-1.0,-1.0,-13.71931735451625,-2.0,-2.0,-1.0,-1.0,-1.0,-1.0,-3.0,-1.0,-2.0,-4.0,-1.0,-2.0,-1.0,-1.0,-1.0,5.0,4.0,2.0,7.0,2.0,1.0,2.0,1.0,2.0,1.0,3.0,4.0,4.0,1.0,1.0,2.0,4.0,2.0,6.0,1.0,5.0,11.27775448851298,8.0,7.0,1.0,4.0,3.0,1.0,1.0,1.0,2.0,1.0,4.0,1.0,1.0,1.0,1.0,2.0,1.0,1.0,3.0,2.0,4.0,7.0,7.0,4.0,1.0,1.0,4.0,1.0,1.0,2.0,1.0,1.0,5.0,1.0,2.0,7.0,4.0,2.0,2.0,1.0,1.0,1.0,2.0,2.0,2.0,1.0,1.0,2.0,6.0,1.0,4.0,2.0,3.0,-9.81276160699843,1.0,8.0,8.0,1.0,1.0,2.0,2.0,1.0,1.0,2.0,2.0,11.0,5.0,2.0,1.0,2.0,2.0,2.0,2.0,2.0,2.0,2.0,2.0,2.0,1.0,1.0,25.0,6.0,5.0,5.0,5.0,5.0,5.0,5.0,3.0,2.0,1.0,1.0,2.0,1.0,1.0,12.0,15.0,4.0,4.0,5.0,4.0,4.0,5.0,2.0,1.0,5.0,1.0,1.0,2.0,1.0,16.0,5.0,4.0,5.0,4.0,10.0,2.0,4.0,3.0,3.0,6.0,4.0,4.0,4.0,4.0,4.0,4.0,4.0,4.0,4.0,2.0,4.0,4.0,4.0,4.0,4.0,4.0,1.0,1.0,4.0,4.0,4.0,4.0,4.0,4.0,1.0,1.0,1.0,1.0,1.0,1.0,4.0,4.0,4.0,4.0,4.0,4.0,4.0,4.0,4.0,4.0,1.0,1.0,1.0,1.0,3.0,1.0,1.0,10.0,1.0,1.0,1.0,1.0,1.0,21.0,15.0,1.0,1.0,1.0,1.0,1.0,1.0,5.0,1.0,6.0,2.0,2.0,23.0,14.0,1.0,3.0,3.0,3.0,3.0,3.0,3.0,3.0,3.0,1.0,1.0,1.0,1.0,1.0,6.0,1.0,4.0,10.0,9.0,26.0,7.0,3.0,3.0,4.0,3.0,3.0,3.0,4.0,3.0,1.0,1.0,1.0,1.0,3.0,1.0,1.0,13.0,2.0,2.0,2.0,2.0,2.0,2.0,2.0,1.0,1.0,2.0,2.0,2.0,2.0,2.0,2.0,3.0,2.0,1.0,2.0,2.0,2.0,2.0,2.0,2.0,2.0,1.0,2.0,2.0,2.0,2.0,2.0,2.0,2.0,2.0,2.0,2.0,2.0,1.0,-2.0,1.0,4.0,1.0,-4.0,-4.0,-5.0,-4.0,-4.0,-4.0,-5.0,-4.0,-1.0,1.0,2.0,-1.0,1.0,-4.0,-5.0,-4.0,-4.0,-5.0,-4.0,2.0,1.0,-5.0,-6.0,-5.0,-5.0,-6.0,-5.0,1.0,1.0,1.0,-5.0,-5.0,-5.0,-5.0,-5.0,-5.0,-1.0,1.0,-1.0,-5.0,-5.0,-5.0,-5.0,-5.0,-5.0,-3.0,-4.0,-1.0,-1.0,-3.0,-1.0,0.0,1.0,-9.0,-5.0,1.0,-1.0,-2.0,-1.0,-1.0,-2.0,-1.0,-3.0,-2.0,-1.0,-1.0,-1.0,-1.0,-1.0,-3.0,-1.0,-1.0,-1.0,-1.0,-3.0,-2.0,19.45784305872714,-2.0,-1.0,-1.0,-1.0,-2.0,7.0,-4.0,-2.0,-3.0,-3.0,-1.0,-1.0,-1.0,1.0,1.0,0.0,-1.0,-5.0,-7.0,-1.0,-2.0,-1.0,9.0,2.0,13.0,-1.0,-1.0,-1.0,-5.0,-5.0,-2.0,-4.0,1.0,5.0,4.0,2.0,2.0,1.0,2.0,15.0,17.0,4.0,5.0,7.0,13.0,1.0,3.0,1.0,1.0,1.0,12.0,5.0,5.0,1.0,11.0,2.0,4.0,2.0,1.0,15.57346510062307,4.0,2.0,1.0,1.0,2.0,1.0,1.0,2.0,1.0,1.0,2.0,6.0,1.0,1.0,2.0,4.0,3.0,2.0,2.0,3.0,7.0,1.0,1.0,1.0,1.0,1.0,2.0,1.0,1.0,1.0,1.0,1.0,1.0,1.0,1.0,2.0,2.0,1.0,4.0,1.0,1.0,1.0,1.0,3.0,1.0,2.0,6.0,1.0,1.0,1.0,1.0,1.0,1.0,1.0,1.0,1.0,1.0,1.0,1.0,3.0,1.0,1.0,3.0,2.0,2.0,2.0,5.0,-20.80157324031526,2.0,2.0,4.0,3.0,1.0,2.0,2.0,2.0,2.0,1.0,1.0,2.0,2.0,2.0,1.0,1.0,1.0,1.0,1.0,2.0,1.0,4.0,1.0,1.0,1.0,1.0,2.0,1.0,1.0,1.0,5.0,5.0,1.0,4.0,3.0,2.0,2.0,1.0,5.0,1.0,3.0,4.0,2.0,1.0,3.0,3.0,4.0,3.0,3.0,1.0,1.0,2.0,1.0,3.0,2.0,4.0,2.0,1.0,4.0,2.0,1.0,2.0,3.0,3.0,3.0,3.0,2.0,1.0,4.0,5.0,1.0,1.0,5.0,4.0,2.0,1.0,1.0,1.0,6.0,10.0,1.0,5.0,5.0,1.0,7.0,2.0,1.0,10.0,4.0,3.0,3.0,1.0,7.0,1.0,11.0,1.0,2.0,2.0,1.0,3.0,2.0,1.0,1.0,5.0,8.0,1.0,7.0,3.0,1.0,2.0,2.0,1.0,2.0,1.0,1.0,1.0,1.0,2.0,7.0,6.0,1.0,2.0,1.0,1.0,1.0,1.0,5.0,1.0,1.0,2.0,5.0,1.0,2.0,7.0,6.0,6.0,1.0,2.0,9.0,3.0,6.0,1.0,6.0,4.0,9.0,1.0,1.0,1.0,2.0,10.0,6.0,2.0,2.0,5.0,5.0,1.0,10.0,1.0,2.0,4.0,5.0,13.0,1.0,1.0,1.0,1.0,4.0,4.0,3.0,1.0,2.0,1.0,1.0,1.0,2.0,4.0,4.0,5.0,11.0,1.0,1.0,13.2640361646798,1.0,5.0,2.0,7.0,1.0,1.0,2.0,1.0,1.0,1.0,3.0,3.0,2.0,2.0,3.0,5.0,1.0,2.0,1.0,-2.0,1.0,1.0,7.0,-3.0,-3.0,-3.0,-3.0,1.0,0.0,4.0,-2.0,5.0,-6.0,-6.0,-6.0,-6.0,-2.0,-1.0,-1.0,-6.0,-6.0,-6.0,-6.0,-3.0,-2.0,-1.0,-1.0,-3.0,-3.0,-3.0,-3.0,-2.0,-1.0,-1.0,2.0,-1.0,-6.0,-6.0,-6.0,-6.0,-6.0,-6.0,-6.0,1.0,1.0,-3.0,-3.0,7.0,2.0,-5.0,-5.0,-5.0,-5.0,1.0,-2.0,-2.0,2.0,1.0,-5.0,-6.0,-5.0,-5.0,2.0,1.0,1.0,1.0,-6.0,-6.0,-6.0,-6.0,-1.0,1.0,-2.0,-2.0,1.0,2.0,-13.0,-13.0,-1.0,-1.0,-2.0,2.0,1.0,-5.0,-5.0,-5.0,-5.0,-5.0,-5.0,1.0,1.0,-5.0,-5.0,-5.0,-5.0,-5.0,0.0,-3.0,-12.0,-12.0,1.0,5.0,-7.0,-7.0,-7.0,-7.0,1.0,7.0,1.0,1.0,1.0,2.0,11.0,1.0,4.0,1.0,3.0,6.0,1.0,2.0,3.0,15.0,3.0,2.0,3.0,4.0,1.0,6.0,6.0,4.0,2.0,1.0,1.0,1.0,1.0,1.0,1.0,3.0,7.0,1.0,3.0,1.0,1.0,1.0,3.0,2.0,1.0,2.0,2.0,1.0,1.0,3.0,3.0,3.0,1.0,1.0,2.0,3.0,3.0,3.0,1.0,1.0,1.0,3.0,4.0,4.0,2.0,3.0,1.0,1.0,1.0,1.0,1.0,1.0,2.0,3.0,4.0,4.0,2.0,6.0,3.0,1.0,1.0,1.0,1.0,1.0,1.0,2.0,3.0,1.0,13.0,3.0,1.0,1.0,6.0,1.0,1.0,1.0,4.0,1.0,1.0,2.0,2.0,4.0,3.0,3.0,1.0,1.0,1.0,1.0,2.0,2.0,3.0,3.0,1.0,1.0,2.0,2.0,1.0,2.0,6.0,6.0,2.0,3.0,2.0,2.0,1.0,1.0,2.0,2.0,6.0,6.0,2.0,3.0,2.0,2.0,1.0,1.0,21.0,3.0,4.0,1.0,2.0,2.0,8.0,1.0,7.0,2.0,1.0,2.0,3.0,4.0,4.0,1.0,16.0,1.0,6.0,3.0,1.0,1.0,2.0,10.0,1.0,10.0,3.0,3.0,2.0,1.0,4.0,3.0,1.0,2.0,1.0,1.0,4.0,1.0,3.0,1.0,2.0,2.0,1.0,1.0,1.0,1.0,3.0,1.0,1.0,2.0,1.0,1.0,1.0,1.0,1.0,1.29786125122586,1.0,1.0,1.0,1.0,1.0,4.0,3.0,1.0,1.0,1.0,1.0,1.0,1.0,2.0,2.0,1.0,4.0,1.0,4.0,1.0,1.0,2.0,1.0,1.0,3.0,2.0,2.0,2.0,2.0,1.0,1.0,6.0,24.0,4.0,1.0,3.0,2.0,1.0,1.0,16.0,35.0,3.0,1.0,1.0,1.0,1.0,1.0,1.0,3.0,5.0,1.0,1.0,2.0,7.0,5.0,5.0,2.0,3.0,1.0,1.0,1.0,8.0,1.0,5.0,3.0,2.0,9.0,6.0,1.0,4.0,13.0,1.0,7.0,7.0,1.0,1.0,1.0,1.0,1.0,4.0,6.0,3.0,2.0,1.0,8.0,6.0,1.0,1.0,1.0,2.0,3.0,1.0,2.0,8.0,1.0,2.0,9.0,2.0,1.0,1.0,1.0,1.0,1.0,4.0,1.0,1.0,4.0,5.0,1.0,1.0,2.0,3.0,2.0,1.0,2.0,5.0,6.0,4.0,6.0,8.0,11.0,7.0,6.0,1.0,1.0,1.0,4.0,1.0,3.0,4.0,5.0,12.0,5.0,2.0,2.0,1.0,4.0,2.0,1.0,1.0,1.0,3.0,4.0,3.0,2.0,17.29671484676516,3.0,5.0,1.0,7.0,5.0,2.0,2.0,3.0,1.0,1.0,1.0,1.0,2.0,1.0,2.0,1.0,1.0,12.0,10.0,8.0,6.0,5.0,1.0,1.0,1.0,3.0,1.0,1.0,1.0,3.0,4.0,1.0,2.0,1.0,1.0,1.0,2.0,1.0,1.0,8.0,1.0,1.0,2.0,2.0,5.0,2.0,2.0,1.0,1.0,3.0,2.0,3.0,1.0,6.0,6.0,1.0,1.0,6.0,1.0,6.0,9.0,3.0,13.0,10.0,1.0,1.0,11.0,1.0,1.0,3.0,8.0,9.0,2.0,1.0,2.0,3.0,3.0,3.0,1.0,1.0,1.0,5.0,5.0,2.0,1.0,2.0,2.0,1.0,1.0,5.0,1.0,1.0,1.0,1.0,3.0,2.0,1.0,2.0,1.0,3.0,4.0,1.0,2.0,1.0,2.0,1.0,2.0,2.0,1.0,1.0,2.0,2.0,1.0,1.0,1.0,1.0,1.0,1.0,2.0,1.0,8.0,2.0,1.0,5.0,6.0,2.0,1.0,1.0,1.0,6.0,2.0,3.0,4.0,3.0,1.0,1.0,2.0,2.0,1.0,1.0,11.0,1.0,1.0,2.0,4.0,5.0,3.0,1.0,4.0,1.0,14.0,4.0,7.0,1.0,1.0,2.0,1.0,1.0,2.92572291035908,1.0,1.0,1.0,3.0,1.0,9.0,2.0,2.0,1.0,1.0,7.0,1.0,8.0,1.0,1.0,1.0,1.0,2.0,1.0,1.0,1.0,1.0,2.0,1.0,1.0,1.0,1.0,1.0,1.0,4.0,4.0,3.0,2.0,1.0,1.0,1.0,1.0,3.0,1.0,1.0,1.0,1.0,1.0,1.0,1.0,1.0,2.0,1.0,3.0,0.24337417607789,1.0,1.0,3.0,5.0,9.0,7.0,2.0,2.0,1.0,1.0,1.0,2.0,3.0,1.0,1.0,2.0,3.0,1.0,1.0,2.0,2.0,1.0,1.0,1.0,1.0,2.0,1.0,1.0,-1.0,-1.0,-2.0,-4.0,-12.0,-7.0,-6.0,-6.0,-9.0,-11.0,-2.0,-8.0,-10.0,-6.0,-11.0,-6.50984180533249,-1.0,-4.0,-1.0,-10.0,-11.0,-3.0,-8.0,-12.0,-10.0,-1.0,-1.0,-1.0,-1.0,-7.0,-7.0,-13.0,-7.0,2.0,1.0,1.0,1.0,2.0,1.0,1.0,5.0,1.0,2.0,1.0,1.0,3.0,1.0,3.0,1.0,1.0,1.0,1.0,1.0,1.0,1.0,1.0,4.0,1.0,1.0,2.0,1.0,1.0,3.0,1.0,1.0,2.0,1.0,1.0,2.0,3.0,1.0,2.0,1.0,1.0,1.0,1.0,1.0,1.0,2.0,1.0,2.0,1.0,2.0,5.0,6.0,1.0,2.0,1.0,1.0,3.0,1.0,1.0,2.0,3.0,3.0,1.0,1.0,2.0,5.0,5.0,1.0,1.0,4.0,3.0,2.0,1.0,1.0,-1.0,1.0,2.0,-3.0,1.0,1.0,-4.0,-4.0,-3.0,2.0,-1.0,-1.0,-1.0,-2.0,2.0,10.0,1.0,1.0,1.0,2.0,3.0,4.0,1.0,2.0,1.0,17.0,1.0,1.0,1.0,1.0,2.0,1.0,1.0,1.0,4.0,4.0,1.0,3.0,1.0,1.0,2.0,1.0,1.0,1.0,2.0,2.0,1.0,1.0,1.0,1.0,2.0,3.0,18.94840458248437,1.0,1.0,3.0,1.0,1.0,1.0,2.0,3.0,1.0,1.0,2.0,4.0,2.0,1.0,1.0,1.0,1.0,2.0,3.0,1.0,4.0,1.0,1.0,1.0,4.0,4.0,1.0,1.0,2.0,2.0,2.0,2.0,1.0,2.0,1.0,2.0,3.0,1.0,6.0,11.0,8.0,5.0,4.0,5.0,3.0,2.0,1.0,1.0,1.0,1.0,1.0,2.0,2.0,3.0,2.0,3.0,1.0,1.0,1.0,1.0,1.0,1.0,3.0,2.0,5.0,1.0,2.0,2.0,1.0,5.0,1.0,5.0,1.0,2.0,5.0,3.0,2.0,1.0,15.11250881122309,1.0,2.0,3.0,1.0,1.0,1.0,3.0,3.0,2.0,4.0,1.0,1.0,1.0,1.0,1.0,1.0,1.0,1.0,1.0,1.0,1.0,3.0,5.0,1.0,1.0,1.0,2.0,2.0,1.0,1.0,5.0,1.0,1.0,5.0,1.0,1.0,-7.0,-7.0,1.0,-1.0,-4.0,-2.0,-1.0,-2.0,-1.0,1.0,-1.0,-3.0,-5.0,0.0,-3.0,-1.0,-2.0,-4.0,1.0,-1.0,1.0,-1.0,-1.0,1.0,-1.0,-1.0,2.0,-2.0,-3.0,2.0,-2.0,-1.0,1.0,-1.0,-1.0,-2.0,1.0,-2.0,-1.0,2.0,-1.0,-1.0,-1.0,-1.0,-2.0,2.0,-2.0,-2.0,0.0,-1.0,-1.0,-1.0,-1.0,-1.0,1.0,1.0,1.0,7.0,1.0,1.0,1.0,1.0,1.0,2.0,1.0,1.0,12.0,1.0,1.0,1.0,1.0,1.0,1.0,2.0,1.0,1.0,1.0,1.0,2.0,4.0,3.0,1.0,1.0,3.0,1.0,1.0,1.0,1.0,2.0,1.0,1.0,1.0,1.0,1.0,2.0,1.0,1.0,3.0,7.0,2.0,1.0,1.0,1.0,1.0,1.0,1.0,1.0,1.0,1.0,1.0,1.0,1.0,6.0,1.0,1.0,1.0,1.0,1.0,1.0,1.0,1.0,1.0,1.0,1.0,1.0,1.0,1.0,1.0,1.0,4.0,1.0,1.0,1.0,1.0,1.0,1.0,1.0,1.0,1.0,1.0,1.0,1.0,1.0,1.0,1.0,1.0,1.0,1.0,1.0,-1.0,-1.0,1.0,1.0,2.0,-2.0,-2.0,-2.0,-2.0,-2.0,1.0,1.0,-3.56110793196185,-3.0,-3.0,-3.0,1.0,-5.0,-5.0,-5.0,1.0,1.0,1.0,1.0,2.0,1.0,1.0,-1.0,-1.0,-1.0,-1.0,-1.0,-1.0,4.0,4.0,1.0,1.0,3.0,1.0,1.0,1.0,1.0,1.0,3.0,3.0,2.0,1.0,1.0,1.0,1.0,1.0,2.0,1.0,1.0,2.0,2.0,1.0,1.0,1.0,1.0,1.0,3.0,3.0,3.0,1.0,1.0,2.0,1.0,1.0,2.0,2.0,2.0,1.0,1.0,1.0,2.0,1.0,1.0,1.0,1.0,3.0,1.0,1.0,1.0,1.0,4.0,2.0,5.0,1.0,2.0,1.0,1.0,1.0,1.0,3.0,1.0,2.0,3.0,2.0,1.0,1.0,1.0,2.0,2.0,2.0,2.0,1.0,6.0,3.0,6.0,1.0,1.0,1.0,3.0,1.0,4.0,5.0,1.0,1.0,1.0,1.0,1.0,17.0,1.0,2.0,12.0,1.0,2.0,3.0,8.0,13.0,5.0,2.0,1.0,2.0,6.0,4.0,4.0,2.0,1.0,3.0,2.0,1.0,1.0,1.0,3.0,1.0,1.0,1.0,3.0,1.0,1.0,1.0,3.0,1.0,1.0,1.0,2.0,3.0,7.0,4.0,3.0,-0.31044766992144,2.0,2.0,2.0,1.0,1.0,1.0,1.0,1.0,1.0,1.0,1.0,1.0,1.0,1.0,1.0,1.0,1.0,1.0,1.0,1.0,1.0,1.0,1.0,1.0,1.0,1.0,1.0,1.0,3.0,1.0,1.0,2.0,2.0,2.0,2.0,3.0,1.0,1.0,1.0,2.0,1.0,4.0,3.0,1.0,1.0,1.0,2.0,1.0,7.39298284432326,1.0,5.0,3.0,2.0,1.0,1.0,1.0,1.0,1.0,1.0,1.0,1.0,1.0,3.0,4.0,3.0,1.0,1.0,1.0,1.0,1.0,1.0,1.0,1.0,1.0,1.0,1.0,1.0,2.0,1.0,1.0,1.0,1.0,1.0,1.0,1.0,1.0,1.0,1.0,1.0,2.0,1.0,1.0,1.0,1.0,1.0,1.0,1.0,1.0,1.0,1.0,1.0,1.0,1.0,3.0,8.0,2.0,1.0,2.0,1.0,1.0,4.0,1.0,1.0,1.0,1.0,1.0,1.0,1.0,7.0,5.0,2.0,3.0,1.0,1.0,2.0,1.0,1.0,1.0,1.0,1.0,1.0,2.0,3.0,1.0,2.0,2.0,2.0,-16.38832593496558,3.0,1.0,1.0,1.0,1.0,3.0,2.0,3.0,3.0,1.0,1.0,2.0,2.0,2.0,3.0,2.0,1.0,3.0,1.0,2.0,2.0,2.0,2.0,2.0,2.0,1.0,1.0,1.0,1.0,1.0,1.0,1.0,1.0,1.0,2.0,1.0,1.0,1.0,3.0,1.0,1.0,1.0,1.0,1.0,1.0,1.0,2.0,1.0,6.0,1.0,5.0,1.0,4.0,1.0,8.0,1.0,3.0,3.0,4.0,1.0,2.0,2.0,1.0,1.0,3.0,2.0,3.0,1.0,2.0,1.0,1.0,2.0,1.0,1.0,4.0,6.0,1.0,1.0,1.0,2.0,2.0,1.0,1.0,3.0,5.0,5.38785976813884,1.0,1.0,5.0,1.0,1.0,2.0,1.0,1.0,1.0,4.0,2.0,1.0,4.0,2.0,6.0,1.0,1.0,1.0,1.0,6.0,5.96397995782018,1.0,1.0,3.0,3.0,-1.3686525685699,9.0,2.0,3.0,3.0,3.0,3.0,1.0,1.0,5.0,5.0,5.0,5.0,1.0,7.0,10.0,2.0,1.0,4.0,5.0,5.0,5.0,5.0,2.0,1.0,3.0,5.0,4.0,2.0,2.0,1.0,1.0,2.0,3.0,1.0,1.0,3.0,11.0,5.0,5.0,5.0,5.0,5.0,5.0,5.0,5.0,13.0,3.0,2.0,2.0,3.0,11.0,5.0,5.0,5.0,5.0,1.0,1.0,2.0,18.0,11.0,2.0,1.0,3.0,3.0,5.0,5.0,5.0,5.0,5.0,5.0,2.0,1.0,3.0,1.0,1.0,21.0,1.0,2.0,3.0,6.0,6.0,6.0,6.0,2.0,5.0,3.0,2.0,5.0,13.0,2.0,5.0,5.0,5.0,5.0,6.0,2.0,24.0,2.0,1.0,2.0,5.0,5.0,5.0,5.0,1.0,2.0,4.0,3.0,12.0,1.0,9.0,4.0,4.0,4.0,4.0,4.0,4.0,4.0,1.0,10.0,4.0,1.0,21.0,1.0,2.0,1.0,1.0,1.0,4.0,3.0,5.0,6.0,6.0,6.0,6.0,6.0,1.0,1.0,3.0,15.0,1.0,1.0,1.0,1.0,7.0,4.0,1.0,10.0,5.0,5.0,5.0,5.0,1.0,1.0,4.0,2.0,-19.72431348956135,1.0,2.0,2.0,9.0,2.0,1.0,1.0,3.0,1.0,4.0,3.0,1.0,1.0,1.0,1.0,1.0,2.0,1.0,1.0,9.0,1.0,1.0,1.0,2.0,5.0,5.0,5.0,5.0,2.0,1.0,7.0,1.0,2.0,5.0,5.0,5.0,5.0,5.0,5.0,5.0,3.0,1.0,1.0,20.0,1.0,1.0,1.0,4.0,1.0,1.0,2.0,1.0,9.0,3.0,4.0,4.0,4.0,4.0,4.0,4.0,4.0,4.0,1.0,1.0,37.0,1.0,1.0,1.0,6.0,6.0,6.0,6.0,6.0,6.0,1.0,1.0,1.0,1.0,6.0,16.0,1.0,5.0,5.0,5.0,5.0,1.0,27.0,1.0,1.0,1.0,7.0,6.0,6.0,6.0,6.0,1.0,2.0,1.0,30.0,1.0,1.0,1.0,1.0,8.0,6.0,6.0,6.0,6.0,13.32796194626393,2.0,2.0,2.0,2.0,5.0,5.0,7.0,3.0,30.0,3.0,10.0,6.0,1.0,10.0,5.0,5.0,5.0,5.0,5.0,5.0,5.0,4.0,1.0,6.0,8.0,1.0,2.0,3.0,4.0,4.0,5.0,6.0,6.0,6.0,6.0,-5.0,-5.0,-5.0,-5.0,-5.0,-5.0,-5.0,-5.0,-5.0,-5.0,1.0
1.0,1.0,1.0,2.0,1.0,2.0,4.0,7.0,1.0,2.0,1.0,5.0,1.0,1.0,1.0,1.0,3.0,1.0,2.0,1.0,1.0,1.0,1.0,1.0,1.0,1.0,5.0,2.0,1.0,3.0,1.0,1.0,5.0,1.0,1.0,2.0,1.0,1.0,1.0,2.0,3.0,1.0,1.0,1.0,1.0,1.0,1.0,1.0,1.0,1.0,1.0,1.0,5.0,3.0,2.0,1.0,1.0,2.0,1.0,1.0,1.0,1.0,1.0,1.0,1.0,1.0,2.0,1.0,5.0,1.0,2.0,1.0,1.0,2.0,1.0,1.0,1.0,1.0,2.0,1.0,7.0,4.0,1.0,2.0,1.0,2.0,12.0,5.0,1.0,15.0,1.0,2.0,2.0,2.0,1.0,1.0,8.0,1.0,4.0,1.0,1.0,16.0,3.0,3.0,1.0,2.0,1.0,1.0,6.0,7.0,1.0,2.0,3.0,2.0,2.0,3.0,2.0,1.0,5.0,1.0,3.0,2.0,2.0,1.0,1.0,1.0,10.0,10.0,1.0,3.0,2.0,1.0,2.0,5.0,2.0,1.0,3.0,1.0,1.0,1.0,1.0,1.0,1.0,1.0,7.0,1.0,1.0,13.0,1.0,1.0,1.0,10.0,2.0,1.0,3.0,1.0,1.0,2.0,3.0,1.0,1.0,1.0,1.0,1.0,1.0,1.0,2.0,1.0,14.0,1.0,1.0,1.0,2.0,2.0,1.0,3.0,2.0,1.0,1.0,1.0,2.0,5.0,1.0,1.0,1.0,4.0,1.0,4.0,2.0,14.0,1.0,2.0,2.0,4.0,1.0,1.0,3.0,1.0,1.0,2.0,1.0,1.0,4.0,3.0,17.0,1.0,1.0,1.0,1.0,3.0,1.0,3.0,5.0,1.0,2.0,2.0,2.0,1.0,1.0,1.0,4.0,1.0,2.0,1.0,1.0,1.0,1.0,1.0,1.0,5.0,2.0,2.0,3.0,1.0,1.0,1.0,1.0,2.0,1.0,1.0,1.0,1.0,1.0,5.0,2.0,3.0,2.0,2.0,3.0,1.0,2.0,4.0,1.0,2.0,2.0,2.0,1.0,1.0,1.0,1.0,1.0,3.0,2.0,1.0,1.0,13.0,3.0,1.0,1.0,1.0,7.0,4.0,1.0,1.0,1.0,8.0,1.0,1.0,6.0,2.0,1.0,3.0,2.0,8.0,2.0,1.0,1.0,1.0,5.0,1.0,8.0,1.0,4.0,9.0,7.0,1.0,1.0,8.0,1.0,2.0,1.0,1.0,4.0,1.0,1.0,1.0,7.0,4.0,5.0,3.0,1.0,1.0,1.0,2.0,1.0,1.0,1.0,1.0,1.0,1.0,6.0,3.0,2.0,2.0,1.0,1.0,1.0,1.0,1.0,1.0,5.0,1.0,1.0,3.0,1.0,1.0,3.0,3.0,1.0,1.0,1.0,2.0,2.0,1.0,1.0,1.0,3.0,4.0,4.0,1.0,1.0,1.0,2.0,1.0,2.0,2.0,2.0,8.0,9.0,3.0,1.0,2.0,1.0,1.0,3.0,2.0,2.0,1.0,5.0,1.0,3.0,3.0,3.0,4.0,1.0,1.0,2.0,2.0,3.0,3.0,1.0,3.0,2.0,1.0,1.0,1.0,1.0,1.0,1.0,1.0,1.0,1.0,1.0,1.0,2.0,10.0,2.0,3.0,3.0,3.0,2.0,1.0,1.0,1.0,1.0,2.0,1.0,15.0,3.0,3.0,3.0,3.0,1.0,1.0,11.0,2.0,2.0,2.0,3.0,1.0,1.0,1.0,1.0,9.0,2.0,2.0,3.0,3.0,1.0,1.0,1.0,2.0,1.0,13.0,2.0,2.0,3.0,3.0,6.0,5.0,2.0,2.0,2.0,2.0,3.0,3.0,4.0,3.0,2.0,2.0,3.0,3.0,4.0,2.0,7.0,3.0,3.0,2.0,2.0,1.0,3.0,7.0,2.0,13.0,6.0,4.0,1.0,1.0,1.0,2.0,1.0,3.0,2.0,10.0,2.0,14.0,1.0,1.0,1.0,9.0,3.0,2.0,1.0,1.0,10.0,2.0,1.0,1.0,1.0,2.0,3.0,7.0,5.0,1.0,1.0,1.0,2.0,6.0,2.0,2.0,4.0,2.0,1.0,1.0,1.0,3.0,2.0,10.0,3.0,1.0,1.0,1.0,5.0,3.0,5.0,1.0,3.0,1.0,1.0,2.0,2.0,3.0,2.0,1.0,2.0,1.0,1.0,1.0,2.0,1.0,1.0,1.0,1.0,5.0,1.0,2.0,1.0,1.0,1.0,1.0,1.0,4.0,1.0,1.0,14.0,1.0,4.0,1.0,13.0,11.0,2.0,2.0,1.0,5.0,1.0,11.0,1.0,1.0,1.0,1.0,1.0,4.0,1.0,1.0,1.0,1.0,3.0,1.0,3.0,1.0,5.0,9.0,1.0,1.0,1.0,1.0,4.0,1.0,6.0,13.0,1.0,3.0,3.0,4.0,1.0,3.0,1.0,4.0,1.0,14.0,9.0,12.0,7.0,1.0,1.0,1.0,2.0,4.0,4.0,6.0,10.0,8.0,21.0,4.0,4.0,3.0,2.0,4.0,1.0,2.0,12.0,11.0,1.0,3.0,4.0,1.0,1.0,1.0,1.0,3.0,6.0,7.0,2.0,5.0,3.0,3.0,8.0,10.0,2.0,19.0,8.0,5.0,1.0,3.0,2.0,6.0,-2.04564786099211,2.0,1.0,2.0,3.0,8.0,9.0,6.0,6.0,1.0,1.0,2.0,2.0,2.0,8.0,4.0,5.0,8.0,7.0,13.0,3.0,9.0,2.0,1.0,3.0,5.0,1.0,3.0,1.0,1.0,5.47566330468136,8.0,1.0,2.0,1.0,1.0,6.0,1.0,1.0,1.0,5.0,15.0,1.0,2.0,7.0,5.0,4.0,5.0,4.0,16.0,6.0,4.0,2.0,1.0,1.0,1.0,1.0,1.0,1.0,2.0,1.0,7.0,7.0,4.0,1.0,2.0,1.0,2.0,1.0,1.0,1.0,1.0,2.0,2.0,1.0,1.0,1.0,1.0,1.0,1.0,1.0,1.0,1.0,1.0,1.0,2.0,2.0,4.0,1.0,1.0,1.0,2.0,7.0,1.0,1.0,1.0,1.0,1.0,1.0,1.0,2.0,3.0,6.0,7.0,4.0,1.0,3.0,1.0,1.0,1.0,1.0,1.0,1.0,1.0,1.0,1.0,2.0,1.0,1.0,2.0,1.0,1.0,1.0,2.0,1.0,1.0,1.0,1.0,1.0,2.0,2.0,3.0,6.0,1.0,1.0,2.0,1.0,1.0,2.0,1.0,1.0,13.0,19.0,2.0,1.0,1.0,4.0,1.0,1.0,1.0,1.0,1.0,1.0,1.0,1.0,1.0,1.0,1.0,2.0,1.0,1.0,1.0,16.0,15.0,1.0,2.0,2.0,2.0,1.0,1.0,1.0,2.0,1.0,1.0,1.0,1.0,1.0,2.0,1.0,1.0,3.0,1.0,1.0,1.0,2.0,1.0,1.0,12.0,7.0,1.0,5.0,1.0,3.0,1.0,1.0,1.0,2.0,3.0,1.0,1.0,6.0,7.0,3.0,5.0,3.0,1.0,1.0,3.0,2.0,1.0,7.0,16.0,1.0,1.0,5.0,3.0,1.0,1.0,3.0,2.0,1.0,3.96952489648403,1.0,2.0,3.0,3.0,1.0,1.0,2.0,1.0,1.0,1.0,2.0,30.0,1.0,4.0,7.0,1.0,1.0,1.0,1.0,1.0,2.0,1.0,2.0,1.0,1.0,1.0,1.0,1.0,1.0,5.0,24.0,4.0,2.0,1.0,1.0,1.0,1.0,1.0,1.0,2.0,2.0,3.0,1.0,2.0,1.0,1.0,1.0,1.0,1.0,1.0,1.0,2.0,1.0,1.0,1.0,1.0,1.0,1.0,1.0,1.0,3.0,1.0,1.0,1.0,3.0,5.0,2.0,3.0,1.0,1.0,2.0,1.0,2.0,1.0,3.0,1.0,2.0,1.0,1.0,2.0,2.0,2.0,1.0,1.0,5.0,2.0,2.0,4.0,1.0,3.0,1.0,4.0,1.0,1.0,2.0,1.0,1.0,4.0,1.0,2.0,1.0,1.0,2.0,4.0,1.0,2.0,2.0,5.0,1.0,1.0,2.0,1.0,1.0,3.0,1.0,1.0,3.0,3.0,5.0,3.0,4.0,1.0,1.0,1.0,2.0,1.0,2.0,1.0,2.0,1.0,1.0,3.0,1.0,1.0,1.0,1.0,2.0,1.0,1.0,1.0,2.0,1.0,1.0,1.0,1.0,1.0,1.0,1.0,1.0,4.0,1.0,1.0,1.0,2.0,1.0,6.0,1.0,1.0,1.0,2.0,2.0,1.0,1.0,1.0,-1.2523449689335,2.0,1.0,1.0,2.0,1.0,-1.0,-1.0,-1.0,-1.0,-2.0,1.0,9.0,-1.0,1.0,-1.0,-1.0,-5.0,-4.0,-3.0,-4.0,-5.0,-5.0,1.0,1.0,1.0,6.0,6.0,2.0,1.0,3.0,2.0,1.0,4.0,5.0,1.0,3.0,1.0,1.0,2.0,1.0,5.0,1.0,1.0,10.0,4.0,1.0,1.0,1.0,3.0,7.0,1.0,2.0,8.0,1.0,2.0,1.0,1.0,1.0,2.0,1.0,2.0,9.0,1.0,9.0,1.0,1.0,1.0,3.0,1.0,1.0,4.0,4.0,1.0,2.0,1.0,2.0,1.0,1.0,1.0,2.0,1.0,1.0,2.0,4.0,1.0,1.0,10.0,1.0,1.0,1.0,3.0,1.0,4.0,4.0,9.0,1.0,1.0,5.0,1.0,1.0,1.0,4.0,2.0,5.0,1.0,7.0,1.0,5.0,1.0,1.0,1.0,18.20845275419301,1.0,5.0,4.0,6.0,1.0,-3.0,-1.0,-1.0,-13.71931735451625,-2.0,-2.0,-1.0,-1.0,-1.0,-1.0,-3.0,-1.0,-2.0,-4.0,-1.0,-2.0,-1.0,-1.0,-1.0,5.0,4.0,2.0,7.0,2.0,1.0,2.0,1.0,2.0,1.0,3.0,4.0,4.0,1.0,1.0,2.0,4.0,2.0,6.0,1.0,5.0,11.27775448851298,8.0,7.0,1.0,4.0,3.0,1.0,1.0,1.0,2.0,1.0,4.0,1.0,1.0,1.0,1.0,2.0,1.0,1.0,3.0,2.0,4.0,7.0,7.0,4.0,1.0,1.0,4.0,1.0,1.0,2.0,1.0,1.0,5.0,1.0,2.0,7.0,4.0,2.0,2.0,1.0,1.0,1.0,2.0,2.0,2.0,1.0,1.0,2.0,6.0,1.0,4.0,2.0,3.0,-9.81276160699843,1.0,8.0,8.0,1.0,1.0,2.0,2.0,1.0,1.0,2.0,2.0,11.0,5.0,2.0,1.0,2.0,2.0,2.0,2.0,2.0,2.0,2.0,2.0,2.0,1.0,1.0,25.0,6.0,5.0,5.0,5.0,5.0,5.0,5.0,3.0,2.0,1.0,1.0,2.0,1.0,1.0,12.0,15.0,4.0,4.0,5.0,4.0,4.0,5.0,2.0,1.0,5.0,1.0,1.0,2.0,1.0,16.0,5.0,4.0,5.0,4.0,10.0,2.0,4.0,3.0,3.0,6.0,4.0,4.0,4.0,4.0,4.0,4.0,4.0,4.0,4.0,2.0,4.0,4.0,4.0,4.0,4.0,4.0,1.0,1.0,4.0,4.0,4.0,4.0,4.0,4.0,1.0,1.0,1.0,1.0,1.0,1.0,4.0,4.0,4.0,4.0,4.0,4.0,4.0,4.0,4.0,4.0,1.0,1.0,1.0,1.0,3.0,1.0,1.0,10.0,1.0,1.0,1.0,1.0,1.0,21.0,15.0,1.0,1.0,1.0,1.0,1.0,1.0,5.0,1.0,6.0,2.0,2.0,23.0,14.0,1.0,3.0,3.0,3.0,3.0,3.0,3.0,3.0,3.0,1.0,1.0,1.0,1.0,1.0,6.0,1.0,4.0,10.0,9.0,26.0,7.0,3.0,3.0,4.0,3.0,3.0,3.0,4.0,3.0,1.0,1.0,1.0,1.0,3.0,1.0,1.0,13.0,2.0,2.0,2.0,2.0,2.0,2.0,2.0,1.0,1.0,2.0,2.0,2.0,2.0,2.0,2.0,3.0,2.0,1.0,2.0,2.0,2.0,2.0,2.0,2.0,2.0,1.0,2.0,2.0,2.0,2.0,2.0,2.0,2.0,2.0,2.0,2.0,2.0,1.0,-2.0,1.0,4.0,1.0,-4.0,-4.0,-5.0,-4.0,-4.0,-4.0,-5.0,-4.0,-1.0,1.0,2.0,-1.0,1.0,-4.0,-5.0,-4.0,-4.0,-5.0,-4.0,2.0,1.0,-5.0,-6.0,-5.0,-5.0,-6.0,-5.0,1.0,1.0,1.0,-5.0,-5.0,-5.0,-5.0,-5.0,-5.0,-1.0,1.0,-1.0,-5.0,-5.0,-5.0,-5.0,-5.0,-5.0,-3.0,-4.0,-1.0,-1.0,-3.0,-1.0,0.0,1.0,-9.0,-5.0,1.0,-1.0,-2.0,-1.0,-1.0,-2.0,-1.0,-3.0,-2.0,-1.0,-1.0,-1.0,-1.0,-1.0,-3.0,-1.0,-1.0,-1.0,-1.0,-3.0,-2.0,19.45784305872714,-2.0,-1.0,-1.0,-1.0,-2.0,7.0,-4.0,-2.0,-3.0,-3.0,-1.0,-1.0,-1.0,1.0,1.0,0.0,-1.0,-5.0,-7.0,-1.0,-2.0,-1.0,9.0,2.0,13.0,-1.0,-1.0,-1.0,-5.0,-5.0,-2.0,-4.0,1.0,5.0,4.0,2.0,2.0,1.0,2.0,15.0,17.0,4.0,5.0,7.0,13.0,1.0,3.0,1.0,1.0,1.0,12.0,5.0,5.0,1.0,11.0,2.0,4.0,2.0,1.0,15.57346510062307,4.0,2.0,1.0,1.0,2.0,1.0,1.0,2.0,1.0,1.0,2.0,6.0,1.0,1.0,2.0,4.0,3.0,2.0,2.0,3.0,7.0,1.0,1.0,1.0,1.0,1.0,2.0,1.0,1.0,1.0,1.0,1.0,1.0,1.0,1.0,2.0,2.0,1.0,4.0,1.0,1.0,1.0,1.0,3.0,1.0,2.0,6.0,1.0,1.0,1.0,1.0,1.0,1.0,1.0,1.0,1.0,1.0,1.0,1.0,3.0,1.0,1.0,3.0,2.0,2.0,2.0,5.0,-20.80157324031526,2.0,2.0,4.0,3.0,1.0,2.0,2.0,2.0,2.0,1.0,1.0,2.0,2.0,2.0,1.0,1.0,1.0,1.0,1.0,2.0,1.0,4.0,1.0,1.0,1.0,1.0,2.0,1.0,1.0,1.0,5.0,5.0,1.0,4.0,3.0,2.0,2.0,1.0,5.0,1.0,3.0,4.0,2.0,1.0,3.0,3.0,4.0,3.0,3.0,1.0,1.0,2.0,1.0,3.0,2.0,4.0,2.0,1.0,4.0,2.0,1.0,2.0,3.0,3.0,3.0,3.0,2.0,1.0,4.0,5.0,1.0,1.0,5.0,4.0,2.0,1.0,1.0,1.0,6.0,10.0,1.0,5.0,5.0,1.0,7.0,2.0,1.0,10.0,4.0,3.0,3.0,1.0,7.0,1.0,11.0,1.0,2.0,2.0,1.0,3.0,2.0,1.0,1.0,5.0,8.0,1.0,7.0,3.0,1.0,2.0,2.0,1.0,2.0,1.0,1.0,1.0,1.0,2.0,7.0,6.0,1.0,2.0,1.0,1.0,1.0,1.0,5.0,1.0,1.0,2.0,5.0,1.0,2.0,7.0,6.0,6.0,1.0,2.0,9.0,3.0,6.0,1.0,6.0,4.0,9.0,1.0,1.0,1.0,2.0,10.0,6.0,2.0,2.0,5.0,5.0,1.0,10.0,1.0,2.0,4.0,5.0,13.0,1.0,1.0,1.0,1.0,4.0,4.0,3.0,1.0,2.0,1.0,1.0,1.0,2.0,4.0,4.0,5.0,11.0,1.0,1.0,13.2640361646798,1.0,5.0,2.0,7.0,1.0,1.0,2.0,1.0,1.0,1.0,3.0,3.0,2.0,2.0,3.0,5.0,1.0,2.0,1.0,-2.0,1.0,1.0,7.0,-3.0,-3.0,-3.0,-3.0,1.0,0.0,4.0,-2.0,5.0,-6.0,-6.0,-6.0,-6.0,-2.0,-1.0,-1.0,-6.0,-6.0,-6.0,-6.0,-3.0,-2.0,-1.0,-1.0,-3.0,-3.0,-3.0,-3.0,-2.0,-1.0,-1.0,2.0,-1.0,-6.0,-6.0,-6.0,-6.0,-6.0,-6.0,-6.0,1.0,1.0,-3.0,-3.0,7.0,2.0,-5.0,-5.0,-5.0,-5.0,1.0,-2.0,-2.0,2.0,1.0,-5.0,-6.0,-5.0,-5.0,2.0,1.0,1.0,1.0,-6.0,-6.0,-6.0,-6.0,-1.0,1.0,-2.0,-2.0,1.0,2.0,-13.0,-13.0,-1.0,-1.0,-2.0,2.0,1.0,-5.0,-5.0,-5.0,-5.0,-5.0,-5.0,1.0,1.0,-5.0,-5.0,-5.0,-5.0,-5.0,0.0,-3.0,-12.0,-12.0,1.0,5.0,-7.0,-7.0,-7.0,-7.0,1.0,7.0,1.0,1.0,1.0,2.0,11.0,1.0,4.0,1.0,3.0,6.0,1.0,2.0,3.0,15.0,3.0,2.0,3.0,4.0,1.0,6.0,6.0,4.0,2.0,1.0,1.0,1.0,1.0,1.0,1.0,3.0,7.0,1.0,3.0,1.0,1.0,1.0,3.0,2.0,1.0,2.0,2.0,1.0,1.0,3.0,3.0,3.0,1.0,1.0,2.0,3.0,3.0,3.0,1.0,1.0,1.0,3.0,4.0,4.0,2.0,3.0,1.0,1.0,1.0,1.0,1.0,1.0,2.0,3.0,4.0,4.0,2.0,6.0,3.0,1.0,1.0,1.0,1.0,1.0,1.0,2.0,3.0,1.0,13.0,3.0,1.0,1.0,6.0,1.0,1.0,1.0,4.0,1.0,1.0,2.0,2.0,4.0,3.0,3.0,1.0,1.0,1.0,1.0,2.0,2.0,3.0,3.0,1.0,1.0,2.0,2.0,1.0,2.0,6.0,6.0,2.0,3.0,2.0,2.0,1.0,1.0,2.0,2.0,6.0,6.0,2.0,3.0,2.0,2.0,1.0,1.0,21.0,3.0,4.0,1.0,2.0,2.0,8.0,1.0,7.0,2.0,1.0,2.0,3.0,4.0,4.0,1.0,16.0,1.0,6.0,3.0,1.0,1.0,2.0,10.0,1.0,10.0,3.0,3.0,2.0,1.0,4.0,3.0,1.0,2.0,1.0,1.0,4.0,1.0,3.0,1.0,2.0,2.0,1.0,1.0,1.0,1.0,3.0,1.0,1.0,2.0,1.0,1.0,1.0,1.0,1.0,1.29786125122586,1.0,1.0,1.0,1.0,1.0,4.0,3.0,1.0,1.0,1.0,1.0,1.0,1.0,2.0,2.0,1.0,4.0,1.0,4.0,1.0,1.0,2.0,1.0,1.0,3.0,2.0,2.0,2.0,2.0,1.0,1.0,6.0,24.0,4.0,1.0,3.0,2.0,1.0,1.0,16.0,35.0,3.0,1.0,1.0,1.0,1.0,1.0,1.0,3.0,5.0,1.0,1.0,2.0,7.0,5.0,5.0,2.0,3.0,1.0,1.0,1.0,8.0,1.0,5.0,3.0,2.0,9.0,6.0,1.0,4.0,13.0,1.0,7.0,7.0,1.0,1.0,1.0,1.0,1.0,4.0,6.0,3.0,2.0,1.0,8.0,6.0,1.0,1.0,1.0,2.0,3.0,1.0,2.0,8.0,1.0,2.0,9.0,2.0,1.0,1.0,1.0,1.0,1.0,4.0,1.0,1.0,4.0,5.0,1.0,1.0,2.0,3.0,2.0,1.0,2.0,5.0,6.0,4.0,6.0,8.0,11.0,7.0,6.0,1.0,1.0,1.0,4.0,1.0,3.0,4.0,5.0,12.0,5.0,2.0,2.0,1.0,4.0,2.0,1.0,1.0,1.0,3.0,4.0,3.0,2.0,17.29671484676516,3.0,5.0,1.0,7.0,5.0,2.0,2.0,3.0,1.0,1.0,1.0,1.0,2.0,1.0,2.0,1.0,1.0,12.0,10.0,8.0,6.0,5.0,1.0,1.0,1.0,3.0,1.0,1.0,1.0,3.0,4.0,1.0,2.0,1.0,1.0,1.0,2.0,1.0,1.0,8.0,1.0,1.0,2.0,2.0,5.0,2.0,2.0,1.0,1.0,3.0,2.0,3.0,1.0,6.0,6.0,1.0,1.0,6.0,1.0,6.0,9.0,3.0,13.0,10.0,1.0,1.0,11.0,1.0,1.0,3.0,8.0,9.0,2.0,1.0,2.0,3.0,3.0,3.0,1.0,1.0,1.0,5.0,5.0,2.0,1.0,2.0,2.0,1.0,1.0,5.0,1.0,1.0,1.0,1.0,3.0,2.0,1.0,2.0,1.0,3.0,4.0,1.0,2.0,1.0,2.0,1.0,2.0,2.0,1.0,1.0,2.0,2.0,1.0,1.0,1.0,1.0,1.0,1.0,2.0,1.0,8.0,2.0,1.0,5.0,6.0,2.0,1.0,1.0,1.0,6.0,2.0,3.0,4.0,3.0,1.0,1.0,2.0,2.0,1.0,1.0,11.0,1.0,1.0,2.0,4.0,5.0,3.0,1.0,4.0,1.0,14.0,4.0,7.0,1.0,1.0,2.0,1.0,1.0,2.92572291035908,1.0,1.0,1.0,3.0,1.0,9.0,2.0,2.0,1.0,1.0,7.0,1.0,8.0,1.0,1.0,1.0,1.0,2.0,1.0,1.0,1.0,1.0,2.0,1.0,1.0,1.0,1.0,1.0,1.0,4.0,4.0,3.0,2.0,1.0,1.0,1.0,1.0,3.0,1.0,1.0,1.0,1.0,1.0,1.0,1.0,1.0,2.0,1.0,3.0,0.24337417607789,1.0,1.0,3.0,5.0,9.0,7.0,2.0,2.0,1.0,1.0,1.0,2.0,3.0,1.0,1.0,2.0,3.0,1.0,1.0,2.0,2.0,1.0,1.0,1.0,1.0,2.0,1.0,1.0,-1.0,-1.0,-2.0,-4.0,-12.0,-7.0,-6.0,-6.0,-9.0,-11.0,-2.0,-8.0,-10.0,-6.0,-11.0,-6.50984180533249,-1.0,-4.0,-1.0,-10.0,-11.0,-3.0,-8.0,-12.0,-10.0,-1.0,-1.0,-1.0,-1.0,-7.0,-7.0,-13.0,-7.0,2.0,1.0,1.0,1.0,2.0,1.0,1.0,5.0,1.0,2.0,1.0,1.0,3.0,1.0,3.0,1.0,1.0,1.0,1.0,1.0,1.0,1.0,1.0,4.0,1.0,1.0,2.0,1.0,1.0,3.0,1.0,1.0,2.0,1.0,1.0,2.0,3.0,1.0,2.0,1.0,1.0,1.0,1.0,1.0,1.0,2.0,1.0,2.0,1.0,2.0,5.0,6.0,1.0,2.0,1.0,1.0,3.0,1.0,1.0,2.0,3.0,3.0,1.0,1.0,2.0,5.0,5.0,1.0,1.0,4.0,3.0,2.0,1.0,1.0,-1.0,1.0,2.0,-3.0,1.0,1.0,-4.0,-4.0,-3.0,2.0,-1.0,-1.0,-1.0,-2.0,2.0,10.0,1.0,1.0,1.0,2.0,3.0,4.0,1.0,2.0,1.0,17.0,1.0,1.0,1.0,1.0,2.0,1.0,1.0,1.0,4.0,4.0,1.0,3.0,1.0,1.0,2.0,1.0,1.0,1.0,2.0,2.0,1.0,1.0,1.0,1.0,2.0,3.0,18.94840458248437,1.0,1.0,3.0,1.0,1.0,1.0,2.0,3.0,1.0,1.0,2.0,4.0,2.0,1.0,1.0,1.0,1.0,2.0,3.0,1.0,4.0,1.0,1.0,1.0,4.0,4.0,1.0,1.0,2.0,2.0,2.0,2.0,1.0,2.0,1.0,2.0,3.0,1.0,6.0,11.0,8.0,5.0,4.0,5.0,3.0,2.0,1.0,1.0,1.0,1.0,1.0,2.0,2.0,3.0,2.0,3.0,1.0,1.0,1.0,1.0,1.0,1.0,3.0,2.0,5.0,1.0,2.0,2.0,1.0,5.0,1.0,5.0,1.0,2.0,5.0,3.0,2.0,1.0,15.11250881122309,1.0,2.0,3.0,1.0,1.0,1.0,3.0,3.0,2.0,4.0,1.0,1.0,1.0,1.0,1.0,1.0,1.0,1.0,1.0,1.0,1.0,3.0,5.0,1.0,1.0,1.0,2.0,2.0,1.0,1.0,5.0,1.0,1.0,5.0,1.0,1.0,-7.0,-7.0,1.0,-1.0,-4.0,-2.0,-1.0,-2.0,-1.0,1.0,-1.0,-3.0,-5.0,0.0,-3.0,-1.0,-2.0,-4.0,1.0,-1.0,1.0,-1.0,-1.0,1.0,-1.0,-1.0,2.0,-2.0,-3.0,2.0,-2.0,-1.0,1.0,-1.0,-1.0,-2.0,1.0,-2.0,-1.0,2.0,-1.0,-1.0,-1.0,-1.0,-2.0,2.0,-2.0,-2.0,0.0,-1.0,-1.0,-1.0,-1.0,-1.0,1.0,1.0,1.0,7.0,1.0,1.0,1.0,1.0,1.0,2.0,1.0,1.0,12.0,1.0,1.0,1.0,1.0,1.0,1.0,2.0,1.0,1.0,1.0,1.0,2.0,4.0,3.0,1.0,1.0,3.0,1.0,1.0,1.0,1.0,2.0,1.0,1.0,1.0,1.0,1.0,2.0,1.0,1.0,3.0,7.0,2.0,1.0,1.0,1.0,1.0,1.0,1.0,1.0,1.0,1.0,1.0,1.0,1.0,6.0,1.0,1.0,1.0,1.0,1.0,1.0,1.0,1.0,1.0,1.0,1.0,1.0,1.0,1.0,1.0,1.0,4.0,1.0,1.0,1.0,1.0,1.0,1.0,1.0,1.0,1.0,1.0,1.0,1.0,1.0,1.0,1.0,1.0,1.0,1.0,1.0,-1.0,-1.0,1.0,1.0,2.0,-2.0,-2.0,-2.0,-2.0,-2.0,1.0,1.0,-3.56110793196185,-3.0,-3.0,-3.0,1.0,-5.0,-5.0,-5.0,1.0,1.0,1.0,1.0,2.0,1.0,1.0,-1.0,-1.0,-1.0,-1.0,-1.0,-1.0,4.0,4.0,1.0,1.0,3.0,1.0,1.0,1.0,1.0,1.0,3.0,3.0,2.0,1.0,1.0,1.0,1.0,1.0,2.0,1.0,1.0,2.0,2.0,1.0,1.0,1.0,1.0,1.0,3.0,3.0,3.0,1.0,1.0,2.0,1.0,1.0,2.0,2.0,2.0,1.0,1.0,1.0,2.0,1.0,1.0,1.0,1.0,3.0,1.0,1.0,1.0,1.0,4.0,2.0,5.0,1.0,2.0,1.0,1.0,1.0,1.0,3.0,1.0,2.0,3.0,2.0,1.0,1.0,1.0,2.0,2.0,2.0,2.0,1.0,6.0,3.0,6.0,1.0,1.0,1.0,3.0,1.0,4.0,5.0,1.0,1.0,1.0,1.0,1.0,17.0,1.0,2.0,12.0,1.0,2.0,3.0,8.0,13.0,5.0,2.0,1.0,2.0,6.0,4.0,4.0,2.0,1.0,3.0,2.0,1.0,1.0,1.0,3.0,1.0,1.0,1.0,3.0,1.0,1.0,1.0,3.0,1.0,1.0,1.0,2.0,3.0,7.0,4.0,3.0,-0.31044766992144,2.0,2.0,2.0,1.0,1.0,1.0,1.0,1.0,1.0,1.0,1.0,1.0,1.0,1.0,1.0,1.0,1.0,1.0,1.0,1.0,1.0,1.0,1.0,1.0,1.0,1.0,1.0,1.0,3.0,1.0,1.0,2.0,2.0,2.0,2.0,3.0,1.0,1.0,1.0,2.0,1.0,4.0,3.0,1.0,1.0,1.0,2.0,1.0,7.39298284432326,1.0,5.0,3.0,2.0,1.0,1.0,1.0,1.0,1.0,1.0,1.0,1.0,1.0,3.0,4.0,3.0,1.0,1.0,1.0,1.0,1.0,1.0,1.0,1.0,1.0,1.0,1.0,1.0,2.0,1.0,1.0,1.0,1.0,1.0,1.0,1.0,1.0,1.0,1.0,1.0,2.0,1.0,1.0,1.0,1.0,1.0,1.0,1.0,1.0,1.0,1.0,1.0,1.0,1.0,3.0,8.0,2.0,1.0,2.0,1.0,1.0,4.0,1.0,1.0,1.0,1.0,1.0,1.0,1.0,7.0,5.0,2.0,3.0,1.0,1.0,2.0,1.0,1.0,1.0,1.0,1.0,1.0,2.0,3.0,1.0,2.0,2.0,2.0,-16.38832593496558,3.0,1.0,1.0,1.0,1.0,3.0,2.0,3.0,3.0,1.0,1.0,2.0,2.0,2.0,3.0,2.0,1.0,3.0,1.0,2.0,2.0,2.0,2.0,2.0,2.0,1.0,1.0,1.0,1.0,1.0,1.0,1.0,1.0,1.0,2.0,1.0,1.0,1.0,3.0,1.0,1.0,1.0,1.0,1.0,1.0,1.0,2.0,1.0,6.0,1.0,5.0,1.0,4.0,1.0,8.0,1.0,3.0,3.0,4.0,1.0,2.0,2.0,1.0,1.0,3.0,2.0,3.0,1.0,2.0,1.0,1.0,2.0,1.0,1.0,4.0,6.0,1.0,1.0,1.0,2.0,2.0,1.0,1.0,3.0,5.0,5.38785976813884,1.0,1.0,5.0,1.0,1.0,2.0,1.0,1.0,1.0,4.0,2.0,1.0,4.0,2.0,6.0,1.0,1.0,1.0,1.0,6.0,5.96397995782018,1.0,1.0,3.0,3.0,-1.3686525685699,9.0,2.0,3.0,3.0,3.0,3.0,1.0,1.0,5.0,5.0,5.0,5.0,1.0,7.0,10.0,2.0,1.0,4.0,5.0,5.0,5.0,5.0,2.0,1.0,3.0,5.0,4.0,2.0,2.0,1.0,1.0,2.0,3.0,1.0,1.0,3.0,11.0,5.0,5.0,5.0,5.0,5.0,5.0,5.0,5.0,13.0,3.0,2.0,2.0,3.0,11.0,5.0,5.0,5.0,5.0,1.0,1.0,2.0,18.0,11.0,2.0,1.0,3.0,3.0,5.0,5.0,5.0,5.0,5.0,5.0,2.0,1.0,3.0,1.0,1.0,21.0,1.0,2.0,3.0,6.0,6.0,6.0,6.0,2.0,5.0,3.0,2.0,5.0,13.0,2.0,5.0,5.0,5.0,5.0,6.0,2.0,24.0,2.0,1.0,2.0,5.0,5.0,5.0,5.0,1.0,2.0,4.0,3.0,12.0,1.0,9.0,4.0,4.0,4.0,4.0,4.0,4.0,4.0,1.0,10.0,4.0,1.0,21.0,1.0,2.0,1.0,1.0,1.0,4.0,3.0,5.0,6.0,6.0,6.0,6.0,6.0,1.0,1.0,3.0,15.0,1.0,1.0,1.0,1.0,7.0,4.0,1.0,10.0,5.0,5.0,5.0,5.0,1.0,1.0,4.0,2.0,-19.72431348956135,1.0,2.0,2.0,9.0,2.0,1.0,1.0,3.0,1.0,4.0,3.0,1.0,1.0,1.0,1.0,1.0,2.0,1.0,1.0,9.0,1.0,1.0,1.0,2.0,5.0,5.0,5.0,5.0,2.0,1.0,7.0,1.0,2.0,5.0,5.0,5.0,5.0,5.0,5.0,5.0,3.0,1.0,1.0,20.0,1.0,1.0,1.0,4.0,1.0,1.0,2.0,1.0,9.0,3.0,4.0,4.0,4.0,4.0,4.0,4.0,4.0,4.0,1.0,1.0,37.0,1.0,1.0,1.0,6.0,6.0,6.0,6.0,6.0,6.0,1.0,1.0,1.0,1.0,6.0,16.0,1.0,5.0,5.0,5.0,5.0,1.0,27.0,1.0,1.0,1.0,7.0,6.0,6.0,6.0,6.0,1.0,2.0,1.0,30.0,1.0,1.0,1.0,1.0,8.0,6.0,6.0,6.0,6.0,13.32796194626393,2.0,2.0,2.0,2.0,5.0,5.0,7.0,3.0,30.0,3.0,10.0,6.0,1.0,10.0,5.0,5.0,5.0,5.0,5.0,5.0,5.0,4.0,1.0,6.0,8.0,1.0,2.0,3.0,4.0,4.0,5.0,6.0,6.0,6.0,6.0,-5.0,-5.0,-5.0,-5.0,-5.0,-5.0,-5.0,-5.0,-5.0,-5.0,1.0
1.0,1.0,1.0,2.0,1.0,2.0,4.0,7.0,1.0,2.0,1.0,5.0,1.0,1.0,1.0,1.0,3.0,1.0,2.0,1.0,1.0,1.0,1.0,1.0,1.0,1.0,5.0,2.0,1.0,3.0,1.0,1.0,5.0,1.0,1.0,2.0,1.0,1.0,1.0,2.0,3.0,1.0,1.0,1.0,1.0,1.0,1.0,1.0,1.0,1.0,1.0,1.0,5.0,3.0,2.0,1.0,1.0,2.0,1.0,1.0,1.0,1.0,1.0,1.0,1.0,1.0,2.0,1.0,5.0,1.0,2.0,1.0,1.0,2.0,1.0,1.0,1.0,1.0,2.0,1.0,7.0,4.0,1.0,2.0,1.0,2.0,12.0,5.0,1.0,15.0,1.0,2.0,2.0,2.0,1.0,1.0,8.0,1.0,4.0,1.0,1.0,16.0,3.0,3.0,1.0,2.0,1.0,1.0,6.0,7.0,1.0,2.0,3.0,2.0,2.0,3.0,2.0,1.0,5.0,1.0,3.0,2.0,2.0,1.0,1.0,1.0,10.0,10.0,1.0,3.0,2.0,1.0,2.0,5.0,2.0,1.0,3.0,1.0,1.0,1.0,1.0,1.0,1.0,1.0,7.0,1.0,1.0,13.0,1.0,1.0,1.0,10.0,2.0,1.0,3.0,1.0,1.0,2.0,3.0,1.0,1.0,1.0,1.0,1.0,1.0,1.0,2.0,1.0,14.0,1.0,1.0,1.0,2.0,2.0,1.0,3.0,2.0,1.0,1.0,1.0,2.0,5.0,1.0,1.0,1.0,4.0,1.0,4.0,2.0,14.0,1.0,2.0,2.0,4.0,1.0,1.0,3.0,1.0,1.0,2.0,1.0,1.0,4.0,3.0,17.0,1.0,1.0,1.0,1.0,3.0,1.0,3.0,5.0,1.0,2.0,2.0,2.0,1.0,1.0,1.0,4.0,1.0,2.0,1.0,1.0,1.0,1.0,1.0,1.0,5.0,2.0,2.0,3.0,1.0,1.0,1.0,1.0,2.0,1.0,1.0,1.0,1.0,1.0,5.0,2.0,3.0,2.0,2.0,3.0,1.0,2.0,4.0,1.0,2.0,2.0,2.0,1.0,1.0,1.0,1.0,1.0,3.0,2.0,1.0,1.0,13.0,3.0,1.0,1.0,1.0,7.0,4.0,1.0,1.0,1.0,8.0,1.0,1.0,6.0,2.0,1.0,3.0,2.0,8.0,2.0,1.0,1.0,1.0,5.0,1.0,8.0,1.0,4.0,9.0,7.0,1.0,1.0,8.0,1.0,2.0,1.0,1.0,4.0,1.0,1.0,1.0,7.0,4.0,5.0,3.0,1.0,1.0,1.0,2.0,1.0,1.0,1.0,1.0,1.0,1.0,6.0,3.0,2.0,2.0,1.0,1.0,1.0,1.0,1.0,1.0,5.0,1.0,1.0,3.0,1.0,1.0,3.0,3.0,1.0,1.0,1.0,2.0,2.0,1.0,1.0,1.0,3.0,4.0,4.0,1.0,1.0,1.0,2.0,1.0,2.0,2.0,2.0,8.0,9.0,3.0,1.0,2.0,1.0,1.0,3.0,2.0,2.0,1.0,5.0,1.0,3.0,3.0,3.0,4.0,1.0,1.0,2.0,2.0,3.0,3.0,1.0,3.0,2.0,1.0,1.0,1.0,1.0,1.0,1.0,1.0,1.0,1.0,1.0,1.0,2.0,10.0,2.0,3.0,3.0,3.0,2.0,1.0,1.0,1.0,1.0,2.0,1.0,15.0,3.0,3.0,3.0,3.0,1.0,1.0,11.0,2.0,2.0,2.0,3.0,1.0,1.0,1.0,1.0,9.0,2.0,2.0,3.0,3.0,1.0,1.0,1.0,2.0,1.0,13.0,2.0,2.0,3.0,3.0,6.0,5.0,2.0,2.0,2.0,2.0,3.0,3.0,4.0,3.0,2.0,2.0,3.0,3.0,4.0,2.0,7.0,3.0,3.0,2.0,2.0,1.0,3.0,7.0,2.0,13.0,6.0,4.0,1.0,1.0,1.0,2.0,1.0,3.0,2.0,10.0,2.0,14.0,1.0,1.0,1.0,9.0,3.0,2.0,1.0,1.0,10.0,2.0,1.0,1.0,1.0,2.0,3.0,7.0,5.0,1.0,1.0,1.0,2.0,6.0,2.0,2.0,4.0,2.0,1.0,1.0,1.0,3.0,2.0,10.0,3.0,1.0,1.0,1.0,5.0,3.0,5.0,1.0,3.0,1.0,1.0,2.0,2.0,3.0,2.0,1.0,2.0,1.0,1.0,1.0,2.0,1.0,1.0,1.0,1.0,5.0,1.0,2.0,1.0,1.0,1.0,1.0,1.0,4.0,1.0,1.0,14.0,1.0,4.0,1.0,13.0,11.0,2.0,2.0,1.0,5.0,1.0,11.0,1.0,1.0,1.0,1.0,1.0,4.0,1.0,1.0,1.0,1.0,3.0,1.0,3.0,1.0,5.0,9.0,1.0,1.0,1.0,1.0,4.0,1.0,6.0,13.0,1.0,3.0,3.0,4.0,1.0,3.0,1.0,4.0,1.0,14.0,9.0,12.0,7.0,1.0,1.0,1.0,2.0,4.0,4.0,6.0,10.0,8.0,21.0,4.0,4.0,3.0,2.0,4.0,1.0,2.0,12.0,11.0,1.0,3.0,4.0,1.0,1.0,1.0,1.0,3.0,6.0,7.0,2.0,5.0,3.0,3.0,8.0,10.0,2.0,19.0,8.0,5.0,1.0,3.0,2.0,6.0,-2.04564786099211,2.0,1.0,2.0,3.0,8.0,9.0,6.0,6.0,1.0,1.0,2.0,2.0,2.0,8.0,4.0,5.0,8.0,7.0,13.0,3.0,9.0,2.0,1.0,3.0,5.0,1.0,3.0,1.0,1.0,5.47566330468136,8.0,1.0,2.0,1.0,1.0,6.0,1.0,1.0,1.0,5.0,15.0,1.0,2.0,7.0,5.0,4.0,5.0,4.0,16.0,6.0,4.0,2.0,1.0,1.0,1.0,1.0,1.0,1.0,2.0,1.0,7.0,7.0,4.0,1.0,2.0,1.0,2.0,1.0,1.0,1.0,1.0,2.0,2.0,1.0,1.0,1.0,1.0,1.0,1.0,1.0,1.0,1.0,1.0,1.0,2.0,2.0,4.0,1.0,1.0,1.0,2.0,7.0,1.0,1.0,1.0,1.0,1.0,1.0,1.0,2.0,3.0,6.0,7.0,4.0,1.0,3.0,1.0,1.0,1.0,1.0,1.0,1.0,1.0,1.0,1.0,2.0,1.0,1.0,2.0,1.0,1.0,1.0,2.0,1.0,1.0,1.0,1.0,1.0,2.0,2.0,3.0,6.0,1.0,1.0,2.0,1.0,1.0,2.0,1.0,1.0,13.0,19.0,2.0,1.0,1.0,4.0,1.0,1.0,1.0,1.0,1.0,1.0,1.0,1.0,1.0,1.0,1.0,2.0,1.0,1.0,1.0,16.0,15.0,1.0,2.0,2.0,2.0,1.0,1.0,1.0,2.0,1.0,1.0,1.0,1.0,1.0,2.0,1.0,1.0,3.0,1.0,1.0,1.0,2.0,1.0,1.0,12.0,7.0,1.0,5.0,1.0,3.0,1.0,1.0,1.0,2.0,3.0,1.0,1.0,6.0,7.0,3.0,5.0,3.0,1.0,1.0,3.0,2.0,1.0,7.0,16.0,1.0,1.0,5.0,3.0,1.0,1.0,3.0,2.0,1.0,3.96952489648403,1.0,2.0,3.0,3.0,1.0,1.0,2.0,1.0,1.0,1.0,2.0,30.0,1.0,4.0,7.0,1.0,1.0,1.0,1.0,1.0,2.0,1.0,2.0,1.0,1.0,1.0,1.0,1.0,1.0,5.0,24.0,4.0,2.0,1.0,1.0,1.0,1.0,1.0,1.0,2.0,2.0,3.0,1.0,2.0,1.0,1.0,1.0,1.0,1.0,1.0,1.0,2.0,1.0,1.0,1.0,1.0,1.0,1.0,1.0,1.0,3.0,1.0,1.0,1.0,3.0,5.0,2.0,3.0,1.0,1.0,2.0,1.0,2.0,1.0,3.0,1.0,2.0,1.0,1.0,2.0,2.0,2.0,1.0,1.0,5.0,2.0,2.0,4.0,1.0,3.0,1.0,4.0,1.0,1.0,2.0,1.0,1.0,4.0,1.0,2.0,1.0,1.0,2.0,4.0,1.0,2.0,2.0,5.0,1.0,1.0,2.0,1.0,1.0,3.0,1.0,1.0,3.0,3.0,5.0,3.0,4.0,1.0,1.0,1.0,2.0,1.0,2.0,1.0,2.0,1.0,1.0,3.0,1.0,1.0,1.0,1.0,2.0,1.0,1.0,1.0,2.0,1.0,1.0,1.0,1.0,1.0,1.0,1.0,1.0,4.0,1.0,1.0,1.0,2.0,1.0,6.0,1.0,1.0,1.0,2.0,2.0,1.0,1.0,1.0,-1.2523449689335,2.0,1.0,1.0,2.0,1.0,-1.0,-1.0,-1.0,-1.0,-2.0,1.0,9.0,-1.0,1.0,-1.0,-1.0,-5.0,-4.0,-3.0,-4.0,-5.0,-5.0,1.0,1.0,1.0,6.0,6.0,2.0,1.0,3.0,2.0,1.0,4.0,5.0,1.0,3.0,1.0,1.0,2.0,1.0,5.0,1.0,1.0,10.0,4.0,1.0,1.0,1.0,3.0,7.0,1.0,2.0,8.0,1.0,2.0,1.0,1.0,1.0,2.0,1.0,2.0,9.0,1.0,9.0,1.0,1.0,1.0,3.0,1.0,1.0,4.0,4.0,1.0,2.0,1.0,2.0,1.0,1.0,1.0,2.0,1.0,1.0,2.0,4.0,1.0,1.0,10.0,1.0,1.0,1.0,3.0,1.0,4.0,4.0,9.0,1.0,1.0,5.0,1.0,1.0,1.0,4.0,2.0,5.0,1.0,7.0,1.0,5.0,1.0,1.0,1.0,18.20845275419301,1.0,5.0,4.0,6.0,1.0,-3.0,-1.0,-1.0,-13.71931735451625,-2.0,-2.0,-1.0,-1.0,-1.0,-1.0,-3.0,-1.0,-2.0,-4.0,-1.0,-2.0,-1.0,-1.0,-1.0,5.0,4.0,2.0,7.0,2.0,1.0,2.0,1.0,2.0,1.0,3.0,4.0,4.0,1.0,1.0,2.0,4.0,2.0,6.0,1.0,5.0,11.27775448851298,8.0,7.0,1.0,4.0,3.0,1.0,1.0,1.0,2.0,1.0,4.0,1.0,1.0,1.0,1.0,2.0,1.0,1.0,3.0,2.0,4.0,7.0,7.0,4.0,1.0,1.0,4.0,1.0,1.0,2.0,1.0,1.0,5.0,1.0,2.0,7.0,4.0,2.0,2.0,1.0,1.0,1.0,2.0,2.0,2.0,1.0,1.0,2.0,6.0,1.0,4.0,2.0,3.0,-9.81276160699843,1.0,8.0,8.0,1.0,1.0,2.0,2.0,1.0,1.0,2.0,2.0,11.0,5.0,2.0,1.0,2.0,2.0,2.0,2.0,2.0,2.0,2.0,2.0,2.0,1.0,1.0,25.0,6.0,5.0,5.0,5.0,5.0,5.0,5.0,3.0,2.0,1.0,1.0,2.0,1.0,1.0,12.0,15.0,4.0,4.0,5.0,4.0,4.0,5.0,2.0,1.0,5.0,1.0,1.0,2.0,1.0,16.0,5.0,4.0,5.0,4.0,10.0,2.0,4.0,3.0,3.0,6.0,4.0,4.0,4.0,4.0,4.0,4.0,4.0,4.0,4.0,2.0,4.0,4.0,4.0,4.0,4.0,4.0,1.0,1.0,4.0,4.0,4.0,4.0,4.0,4.0,1.0,1.0,1.0,1.0,1.0,1.0,4.0,4.0,4.0,4.0,4.0,4.0,4.0,4.0,4.0,4.0,1.0,1.0,1.0,1.0,3.0,1.0,1.0,10.0,1.0,1.0,1.0,1.0,1.0,21.0,15.0,1.0,1.0,1.0,1.0,1.0,1.0,5.0,1.0,6.0,2.0,2.0,23.0,14.0,1.0,3.0,3.0,3.0,3.0,3.0,3.0,3.0,3.0,1.0,1.0,1.0,1.0,1.0,6.0,1.0,4.0,10.0,9.0,26.0,7.0,3.0,3.0,4.0,3.0,3.0,3.0,4.0,3.0,1.0,1.0,1.0,1.0,3.0,1.0,1.0,13.0,2.0,2.0,2.0,2.0,2.0,2.0,2.0,1.0,1.0,2.0,2.0,2.0,2.0,2.0,2.0,3.0,2.0,1.0,2.0,2.0,2.0,2.0,2.0,2.0,2.0,1.0,2.0,2.0,2.0,2.0,2.0,2.0,2.0,2.0,2.0,2.0,2.0,1.0,-2.0,1.0,4.0,1.0,-4.0,-4.0,-5.0,-4.0,-4.0,-4.0,-5.0,-4.0,-1.0,1.0,2.0,-1.0,1.0,-4.0,-5.0,-4.0,-4.0,-5.0,-4.0,2.0,1.0,-5.0,-6.0,-5.0,-5.0,-6.0,-5.0,1.0,1.0,1.0,-5.0,-5.0,-5.0,-5.0,-5.0,-5.0,-1.0,1.0,-1.0,-5.0,-5.0,-5.0,-5.0,-5.0,-5.0,-3.0,-4.0,-1.0,-1.0,-3.0,-1.0,0.0,1.0,-9.0,-5.0,1.0,-1.0,-2.0,-1.0,-1.0,-2.0,-1.0,-3.0,-2.0,-1.0,-1.0,-1.0,-1.0,-1.0,-3.0,-1.0,-1.0,-1.0,-1.0,-3.0,-2.0,19.45784305872714,-2.0,-1.0,-1.0,-1.0,-2.0,7.0,-4.0,-2.0,-3.0,-3.0,-1.0,-1.0,-1.0,1.0,1.0,0.0,-1.0,-5.0,-7.0,-1.0,-2.0,-1.0,9.0,2.0,13.0,-1.0,-1.0,-1.0,-5.0,-5.0,-2.0,-4.0,1.0,5.0,4.0,2.0,2.0,1.0,2.0,15.0,17.0,4.0,5.0,7.0,13.0,1.0,3.0,1.0,1.0,1.0,12.0,5.0,5.0,1.0,11.0,2.0,4.0,2.0,1.0,15.57346510062307,4.0,2.0,1.0,1.0,2.0,1.0,1.0,2.0,1.0,1.0,2.0,6.0,1.0,1.0,2.0,4.0,3.0,2.0,2.0,3.0,7.0,1.0,1.0,1.0,1.0,1.0,2.0,1.0,1.0,1.0,1.0,1.0,1.0,1.0,1.0,2.0,2.0,1.0,4.0,1.0,1.0,1.0,1.0,3.0,1.0,2.0,6.0,1.0,1.0,1.0,1.0,1.0,1.0,1.0,1.0,1.0,1.0,1.0,1.0,3.0,1.0,1.0,3.0,2.0,2.0,2.0,5.0,-20.80157324031526,2.0,2.0,4.0,3.0,1.0,2.0,2.0,2.0,2.0,1.0,1.0,2.0,2.0,2.0,1.0,1.0,1.0,1.0,1.0,2.0,1.0,4.0,1.0,1.0,1.0,1.0,2.0,1.0,1.0,1.0,5.0,5.0,1.0,4.0,3.0,2.0,2.0,1.0,5.0,1.0,3.0,4.0,2.0,1.0,3.0,3.0,4.0,3.0,3.0,1.0,1.0,2.0,1.0,3.0,2.0,4.0,2.0,1.0,4.0,2.0,1.0,2.0,3.0,3.0,3.0,3.0,2.0,1.0,4.0,5.0,1.0,1.0,5.0,4.0,2.0,1.0,1.0,1.0,6.0,10.0,1.0,5.0,5.0,1.0,7.0,2.0,1.0,10.0,4.0,3.0,3.0,1.0,7.0,1.0,11.0,1.0,2.0,2.0,1.0,3.0,2.0,1.0,1.0,5.0,8.0,1.0,7.0,3.0,1.0,2.0,2.0,1.0,2.0,1.0,1.0,1.0,1.0,2.0,7.0,6.0,1.0,2.0,1.0,1.0,1.0,1.0,5.0,1.0,1.0,2.0,5.0,1.0,2.0,7.0,6.0,6.0,1.0,2.0,9.0,3.0,6.0,1.0,6.0,4.0,9.0,1.0,1.0,1.0,2.0,10.0,6.0,2.0,2.0,5.0,5.0,1.0,10.0,1.0,2.0,4.0,5.0,13.0,1.0,1.0,1.0,1.0,4.0,4.0,3.0,1.0,2.0,1.0,1.0,1.0,2.0,4.0,4.0,5.0,11.0,1.0,1.0,13.2640361646798,1.0,5.0,2.0,7.0,1.0,1.0,2.0,1.0,1.0,1.0,3.0,3.0,2.0,2.0,3.0,5.0,1.0,2.0,1.0,-2.0,1.0,1.0,7.0,-3.0,-3.0,-3.0,-3.0,1.0,0.0,4.0,-2.0,5.0,-6.0,-6.0,-6.0,-6.0,-2.0,-1.0,-1.0,-6.0,-6.0,-6.0,-6.0,-3.0,-2.0,-1.0,-1.0,-3.0,-3.0,-3.0,-3.0,-2.0,-1.0,-1.0,2.0,-1.0,-6.0,-6.0,-6.0,-6.0,-6.0,-6.0,-6.0,1.0,1.0,-3.0,-3.0,7.0,2.0,-5.0,-5.0,-5.0,-5.0,1.0,-2.0,-2.0,2.0,1.0,-5.0,-6.0,-5.0,-5.0,2.0,1.0,1.0,1.0,-6.0,-6.0,-6.0,-6.0,-1.0,1.0,-2.0,-2.0,1.0,2.0,-13.0,-13.0,-1.0,-1.0,-2.0,2.0,1.0,-5.0,-5.0,-5.0,-5.0,-5.0,-5.0,1.0,1.0,-5.0,-5.0,-5.0,-5.0,-5.0,0.0,-3.0,-12.0,-12.0,1.0,5.0,-7.0,-7.0,-7.0,-7.0,1.0,7.0,1.0,1.0,1.0,2.0,11.0,1.0,4.0,1.0,3.0,6.0,1.0,2.0,3.0,15.0,3.0,2.0,3.0,4.0,1.0,6.0,6.0,4.0,2.0,1.0,1.0,1.0,1.0,1.0,1.0,3.0,7.0,1.0,3.0,1.0,1.0,1.0,3.0,2.0,1.0,2.0,2.0,1.0,1.0,3.0,3.0,3.0,1.0,1.0,2.0,3.0,3.0,3.0,1.0,1.0,1.0,3.0,4.0,4.0,2.0,3.0,1.0,1.0,1.0,1.0,1.0,1.0,2.0,3.0,4.0,4.0,2.0,6.0,3.0,1.0,1.0,1.0,1.0,1.0,1.0,2.0,3.0,1.0,13.0,3.0,1.0,1.0,6.0,1.0,1.0,1.0,4.0,1.0,1.0,2.0,2.0,4.0,3.0,3.0,1.0,1.0,1.0,1.0,2.0,2.0,3.0,3.0,1.0,1.0,2.0,2.0,1.0,2.0,6.0,6.0,2.0,3.0,2.0,2.0,1.0,1.0,2.0,2.0,6.0,6.0,2.0,3.0,2.0,2.0,1.0,1.0,21.0,3.0,4.0,1.0,2.0,2.0,8.0,1.0,7.0,2.0,1.0,2.0,3.0,4.0,4.0,1.0,16.0,1.0,6.0,3.0,1.0,1.0,2.0,10.0,1.0,10.0,3.0,3.0,2.0,1.0,4.0,3.0,1.0,2.0,1.0,1.0,4.0,1.0,3.0,1.0,2.0,2.0,1.0,1.0,1.0,1.0,3.0,1.0,1.0,2.0,1.0,1.0,1.0,1.0,1.0,1.29786125122586,1.0,1.0,1.0,1.0,1.0,4.0,3.0,1.0,1.0,1.0,1.0,1.0,1.0,2.0,2.0,1.0,4.0,1.0,4.0,1.0,1.0,2.0,1.0,1.0,3.0,2.0,2.0,2.0,2.0,1.0,1.0,6.0,24.0,4.0,1.0,3.0,2.0,1.0,1.0,16.0,35.0,3.0,1.0,1.0,1.0,1.0,1.0,1.0,3.0,5.0,1.0,1.0,2.0,7.0,5.0,5.0,2.0,3.0,1.0,1.0,1.0,8.0,1.0,5.0,3.0,2.0,9.0,6.0,1.0,4.0,13.0,1.0,7.0,7.0,1.0,1.0,1.0,1.0,1.0,4.0,6.0,3.0,2.0,1.0,8.0,6.0,1.0,1.0,1.0,2.0,3.0,1.0,2.0,8.0,1.0,2.0,9.0,2.0,1.0,1.0,1.0,1.0,1.0,4.0,1.0,1.0,4.0,5.0,1.0,1.0,2.0,3.0,2.0,1.0,2.0,5.0,6.0,4.0,6.0,8.0,11.0,7.0,6.0,1.0,1.0,1.0,4.0,1.0,3.0,4.0,5.0,12.0,5.0,2.0,2.0,1.0,4.0,2.0,1.0,1.0,1.0,3.0,4.0,3.0,2.0,17.29671484676516,3.0,5.0,1.0,7.0,5.0,2.0,2.0,3.0,1.0,1.0,1.0,1.0,2.0,1.0,2.0,1.0,1.0,12.0,10.0,8.0,6.0,5.0,1.0,1.0,1.0,3.0,1.0,1.0,1.0,3.0,4.0,1.0,2.0,1.0,1.0,1.0,2.0,1.0,1.0,8.0,1.0,1.0,2.0,2.0,5.0,2.0,2.0,1.0,1.0,3.0,2.0,3.0,1.0,6.0,6.0,1.0,1.0,6.0,1.0,6.0,9.0,3.0,13.0,10.0,1.0,1.0,11.0,1.0,1.0,3.0,8.0,9.0,2.0,1.0,2.0,3.0,3.0,3.0,1.0,1.0,1.0,5.0,5.0,2.0,1.0,2.0,2.0,1.0,1.0,5.0,1.0,1.0,1.0,1.0,3.0,2.0,1.0,2.0,1.0,3.0,4.0,1.0,2.0,1.0,2.0,1.0,2.0,2.0,1.0,1.0,2.0,2.0,1.0,1.0,1.0,1.0,1.0,1.0,2.0,1.0,8.0,2.0,1.0,5.0,6.0,2.0,1.0,1.0,1.0,6.0,2.0,3.0,4.0,3.0,1.0,1.0,2.0,2.0,1.0,1.0,11.0,1.0,1.0,2.0,4.0,5.0,3.0,1.0,4.0,1.0,14.0,4.0,7.0,1.0,1.0,2.0,1.0,1.0,2.92572291035908,1.0,1.0,1.0,3.0,1.0,9.0,2.0,2.0,1.0,1.0,7.0,1.0,8.0,1.0,1.0,1.0,1.0,2.0,1.0,1.0,1.0,1.0,2.0,1.0,1.0,1.0,1.0,1.0,1.0,4.0,4.0,3.0,2.0,1.0,1.0,1.0,1.0,3.0,1.0,1.0,1.0,1.0,1.0,1.0,1.0,1.0,2.0,1.0,3.0,0.24337417607789,1.0,1.0,3.0,5.0,9.0,7.0,2.0,2.0,1.0,1.0,1.0,2.0,3.0,1.0,1.0,2.0,3.0,1.0,1.0,2.0,2.0,1.0,1.0,1.0,1.0,2.0,1.0,1.0,-1.0,-1.0,-2.0,-4.0,-12.0,-7.0,-6.0,-6.0,-9.0,-11.0,-2.0,-8.0,-10.0,-6.0,-11.0,-6.50984180533249,-1.0,-4.0,-1.0,-10.0,-11.0,-3.0,-8.0,-12.0,-10.0,-1.0,-1.0,-1.0,-1.0,-7.0,-7.0,-13.0,-7.0,2.0,1.0,1.0,1.0,2.0,1.0,1.0,5.0,1.0,2.0,1.0,1.0,3.0,1.0,3.0,1.0,1.0,1.0,1.0,1.0,1.0,1.0,1.0,4.0,1.0,1.0,2.0,1.0,1.0,3.0,1.0,1.0,2.0,1.0,1.0,2.0,3.0,1.0,2.0,1.0,1.0,1.0,1.0,1.0,1.0,2.0,1.0,2.0,1.0,2.0,5.0,6.0,1.0,2.0,1.0,1.0,3.0,1.0,1.0,2.0,3.0,3.0,1.0,1.0,2.0,5.0,5.0,1.0,1.0,4.0,3.0,2.0,1.0,1.0,-1.0,1.0,2.0,-3.0,1.0,1.0,-4.0,-4.0,-3.0,2.0,-1.0,-1.0,-1.0,-2.0,2.0,10.0,1.0,1.0,1.0,2.0,3.0,4.0,1.0,2.0,1.0,17.0,1.0,1.0,1.0,1.0,2.0,1.0,1.0,1.0,4.0,4.0,1.0,3.0,1.0,1.0,2.0,1.0,1.0,1.0,2.0,2.0,1.0,1.0,1.0,1.0,2.0,3.0,18.94840458248437,1.0,1.0,3.0,1.0,1.0,1.0,2.0,3.0,1.0,1.0,2.0,4.0,2.0,1.0,1.0,1.0,1.0,2.0,3.0,1.0,4.0,1.0,1.0,1.0,4.0,4.0,1.0,1.0,2.0,2.0,2.0,2.0,1.0,2.0,1.0,2.0,3.0,1.0,6.0,11.0,8.0,5.0,4.0,5.0,3.0,2.0,1.0,1.0,1.0,1.0,1.0,2.0,2.0,3.0,2.0,3.0,1.0,1.0,1.0,1.0,1.0,1.0,3.0,2.0,5.0,1.0,2.0,2.0,1.0,5.0,1.0,5.0,1.0,2.0,5.0,3.0,2.0,1.0,15.11250881122309,1.0,2.0,3.0,1.0,1.0,1.0,3.0,3.0,2.0,4.0,1.0,1.0,1.0,1.0,1.0,1.0,1.0,1.0,1.0,1.0,1.0,3.0,5.0,1.0,1.0,1.0,2.0,2.0,1.0,1.0,5.0,1.0,1.0,5.0,1.0,1.0,-7.0,-7.0,1.0,-1.0,-4.0,-2.0,-1.0,-2.0,-1.0,1.0,-1.0,-3.0,-5.0,0.0,-3.0,-1.0,-2.0,-4.0,1.0,-1.0,1.0,-1.0,-1.0,1.0,-1.0,-1.0,2.0,-2.0,-3.0,2.0,-2.0,-1.0,1.0,-1.0,-1.0,-2.0,1.0,-2.0,-1.0,2.0,-1.0,-1.0,-1.0,-1.0,-2.0,2.0,-2.0,-2.0,0.0,-1.0,-1.0,-1.0,-1.0,-1.0,1.0,1.0,1.0,7.0,1.0,1.0,1.0,1.0,1.0,2.0,1.0,1.0,12.0,1.0,1.0,1.0,1.0,1.0,1.0,2.0,1.0,1.0,1.0,1.0,2.0,4.0,3.0,1.0,1.0,3.0,1.0,1.0,1.0,1.0,2.0,1.0,1.0,1.0,1.0,1.0,2.0,1.0,1.0,3.0,7.0,2.0,1.0,1.0,1.0,1.0,1.0,1.0,1.0,1.0,1.0,1.0,1.0,1.0,6.0,1.0,1.0,1.0,1.0,1.0,1.0,1.0,1.0,1.0,1.0,1.0,1.0,1.0,1.0,1.0,1.0,4.0,1.0,1.0,1.0,1.0,1.0,1.0,1.0,1.0,1.0,1.0,1.0,1.0,1.0,1.0,1.0,1.0,1.0,1.0,1.0,-1.0,-1.0,1.0,1.0,2.0,-2.0,-2.0,-2.0,-2.0,-2.0,1.0,1.0,-3.56110793196185,-3.0,-3.0,-3.0,1.0,-5.0,-5.0,-5.0,1.0,1.0,1.0,1.0,2.0,1.0,1.0,-1.0,-1.0,-1.0,-1.0,-1.0,-1.0,4.0,4.0,1.0,1.0,3.0,1.0,1.0,1.0,1.0,1.0,3.0,3.0,2.0,1.0,1.0,1.0,1.0,1.0,2.0,1.0,1.0,2.0,2.0,1.0,1.0,1.0,1.0,1.0,3.0,3.0,3.0,1.0,1.0,2.0,1.0,1.0,2.0,2.0,2.0,1.0,1.0,1.0,2.0,1.0,1.0,1.0,1.0,3.0,1.0,1.0,1.0,1.0,4.0,2.0,5.0,1.0,2.0,1.0,1.0,1.0,1.0,3.0,1.0,2.0,3.0,2.0,1.0,1.0,1.0,2.0,2.0,2.0,2.0,1.0,6.0,3.0,6.0,1.0,1.0,1.0,3.0,1.0,4.0,5.0,1.0,1.0,1.0,1.0,1.0,17.0,1.0,2.0,12.0,1.0,2.0,3.0,8.0,13.0,5.0,2.0,1.0,2.0,6.0,4.0,4.0,2.0,1.0,3.0,2.0,1.0,1.0,1.0,3.0,1.0,1.0,1.0,3.0,1.0,1.0,1.0,3.0,1.0,1.0,1.0,2.0,3.0,7.0,4.0,3.0,-0.31044766992144,2.0,2.0,2.0,1.0,1.0,1.0,1.0,1.0,1.0,1.0,1.0,1.0,1.0,1.0,1.0,1.0,1.0,1.0,1.0,1.0,1.0,1.0,1.0,1.0,1.0,1.0,1.0,1.0,3.0,1.0,1.0,2.0,2.0,2.0,2.0,3.0,1.0,1.0,1.0,2.0,1.0,4.0,3.0,1.0,1.0,1.0,2.0,1.0,7.39298284432326,1.0,5.0,3.0,2.0,1.0,1.0,1.0,1.0,1.0,1.0,1.0,1.0,1.0,3.0,4.0,3.0,1.0,1.0,1.0,1.0,1.0,1.0,1.0,1.0,1.0,1.0,1.0,1.0,2.0,1.0,1.0,1.0,1.0,1.0,1.0,1.0,1.0,1.0,1.0,1.0,2.0,1.0,1.0,1.0,1.0,1.0,1.0,1.0,1.0,1.0,1.0,1.0,1.0,1.0,3.0,8.0,2.0,1.0,2.0,1.0,1.0,4.0,1.0,1.0,1.0,1.0,1.0,1.0,1.0,7.0,5.0,2.0,3.0,1.0,1.0,2.0,1.0,1.0,1.0,1.0,1.0,1.0,2.0,3.0,1.0,2.0,2.0,2.0,-16.38832593496558,3.0,1.0,1.0,1.0,1.0,3.0,2.0,3.0,3.0,1.0,1.0,2.0,2.0,2.0,3.0,2.0,1.0,3.0,1.0,2.0,2.0,2.0,2.0,2.0,2.0,1.0,1.0,1.0,1.0,1.0,1.0,1.0,1.0,1.0,2.0,1.0,1.0,1.0,3.0,1.0,1.0,1.0,1.0,1.0,1.0,1.0,2.0,1.0,6.0,1.0,5.0,1.0,4.0,1.0,8.0,1.0,3.0,3.0,4.0,1.0,2.0,2.0,1.0,1.0,3.0,2.0,3.0,1.0,2.0,1.0,1.0,2.0,1.0,1.0,4.0,6.0,1.0,1.0,1.0,2.0,2.0,1.0,1.0,3.0,5.0,5.38785976813884,1.0,1.0,5.0,1.0,1.0,2.0,1.0,1.0,1.0,4.0,2.0,1.0,4.0,2.0,6.0,1.0,1.0,1.0,1.0,6.0,5.96397995782018,1.0,1.0,3.0,3.0,-1.3686525685699,9.0,2.0,3.0,3.0,3.0,3.0,1.0,1.0,5.0,5.0,5.0,5.0,1.0,7.0,10.0,2.0,1.0,4.0,5.0,5.0,5.0,5.0,2.0,1.0,3.0,5.0,4.0,2.0,2.0,1.0,1.0,2.0,3.0,1.0,1.0,3.0,11.0,5.0,5.0,5.0,5.0,5.0,5.0,5.0,5.0,13.0,3.0,2.0,2.0,3.0,11.0,5.0,5.0,5.0,5.0,1.0,1.0,2.0,18.0,11.0,2.0,1.0,3.0,3.0,5.0,5.0,5.0,5.0,5.0,5.0,2.0,1.0,3.0,1.0,1.0,21.0,1.0,2.0,3.0,6.0,6.0,6.0,6.0,2.0,5.0,3.0,2.0,5.0,13.0,2.0,5.0,5.0,5.0,5.0,6.0,2.0,24.0,2.0,1.0,2.0,5.0,5.0,5.0,5.0,1.0,2.0,4.0,3.0,12.0,1.0,9.0,4.0,4.0,4.0,4.0,4.0,4.0,4.0,1.0,10.0,4.0,1.0,21.0,1.0,2.0,1.0,1.0,1.0,4.0,3.0,5.0,6.0,6.0,6.0,6.0,6.0,1.0,1.0,3.0,15.0,1.0,1.0,1.0,1.0,7.0,4.0,1.0,10.0,5.0,5.0,5.0,5.0,1.0,1.0,4.0,2.0,-19.72431348956135,1.0,2.0,2.0,9.0,2.0,1.0,1.0,3.0,1.0,4.0,3.0,1.0,1.0,1.0,1.0,1.0,2.0,1.0,1.0,9.0,1.0,1.0,1.0,2.0,5.0,5.0,5.0,5.0,2.0,1.0,7.0,1.0,2.0,5.0,5.0,5.0,5.0,5.0,5.0,5.0,3.0,1.0,1.0,20.0,1.0,1.0,1.0,4.0,1.0,1.0,2.0,1.0,9.0,3.0,4.0,4.0,4.0,4.0,4.0,4.0,4.0,4.0,1.0,1.0,37.0,1.0,1.0,1.0,6.0,6.0,6.0,6.0,6.0,6.0,1.0,1.0,1.0,1.0,6.0,16.0,1.0,5.0,5.0,5.0,5.0,1.0,27.0,1.0,1.0,1.0,7.0,6.0,6.0,6.0,6.0,1.0,2.0,1.0,30.0,1.0,1.0,1.0,1.0,8.0,6.0,6.0,6.0,6.0,13.32796194626393,2.0,2.0,2.0,2.0,5.0,5.0,7.0,3.0,30.0,3.0,10.0,6.0,1.0,10.0,5.0,5.0,5.0,5.0,5.0,5.0,5.0,4.0,1.0,6.0,8.0,1.0,2.0,3.0,4.0,4.0,5.0,6.0,6.0,6.0,6.0,-5.0,-5.0,-5.0,-5.0,-5.0,-5.0,-5.0,-5.0,-5.0,-5.0,1.0
1.0,1.0,1.0,2.0,1.0,2.0,4.0,7.0,1.0,2.0,1.0,5.0,1.0,1.0,1.0,1.0,3.0,1.0,2.0,1.0,1.0,1.0,1.0,1.0,1.0,1.0,5.0,2.0,1.0,3.0,1.0,1.0,5.0,1.0,1.0,2.0,1.0,1.0,1.0,2.0,3.0,1.0,1.0,1.0,1.0,1.0,1.0,1.0,1.0,1.0,1.0,1.0,5.0,3.0,2.0,1.0,1.0,2.0,1.0,1.0,1.0,1.0,1.0,1.0,1.0,1.0,2.0,1.0,5.0,1.0,2.0,1.0,1.0,2.0,1.0,1.0,1.0,1.0,2.0,1.0,7.0,4.0,1.0,2.0,1.0,2.0,12.0,5.0,1.0,15.0,1.0,2.0,2.0,2.0,1.0,1.0,8.0,1.0,4.0,1.0,1.0,16.0,3.0,3.0,1.0,2.0,1.0,1.0,6.0,7.0,1.0,2.0,3.0,2.0,2.0,3.0,2.0,1.0,5.0,1.0,3.0,2.0,2.0,1.0,1.0,1.0,10.0,10.0,1.0,3.0,2.0,1.0,2.0,5.0,2.0,1.0,3.0,1.0,1.0,1.0,1.0,1.0,1.0,1.0,7.0,1.0,1.0,13.0,1.0,1.0,1.0,10.0,2.0,1.0,3.0,1.0,1.0,2.0,3.0,1.0,1.0,1.0,1.0,1.0,1.0,1.0,2.0,1.0,14.0,1.0,1.0,1.0,2.0,2.0,1.0,3.0,2.0,1.0,1.0,1.0,2.0,5.0,1.0,1.0,1.0,4.0,1.0,4.0,2.0,14.0,1.0,2.0,2.0,4.0,1.0,1.0,3.0,1.0,1.0,2.0,1.0,1.0,4.0,3.0,17.0,1.0,1.0,1.0,1.0,3.0,1.0,3.0,5.0,1.0,2.0,2.0,2.0,1.0,1.0,1.0,4.0,1.0,2.0,1.0,1.0,1.0,1.0,1.0,1.0,5.0,2.0,2.0,3.0,1.0,1.0,1.0,1.0,2.0,1.0,1.0,1.0,1.0,1.0,5.0,2.0,3.0,2.0,2.0,3.0,1.0,2.0,4.0,1.0,2.0,2.0,2.0,1.0,1.0,1.0,1.0,1.0,3.0,2.0,1.0,1.0,13.0,3.0,1.0,1.0,1.0,7.0,4.0,1.0,1.0,1.0,8.0,1.0,1.0,6.0,2.0,1.0,3.0,2.0,8.0,2.0,1.0,1.0,1.0,5.0,1.0,8.0,1.0,4.0,9.0,7.0,1.0,1.0,8.0,1.0,2.0,1.0,1.0,4.0,1.0,1.0,1.0,7.0,4.0,5.0,3.0,1.0,1.0,1.0,2.0,1.0,1.0,1.0,1.0,1.0,1.0,6.0,3.0,2.0,2.0,1.0,1.0,1.0,1.0,1.0,1.0,5.0,1.0,1.0,3.0,1.0,1.0,3.0,3.0,1.0,1.0,1.0,2.0,2.0,1.0,1.0,1.0,3.0,4.0,4.0,1.0,1.0,1.0,2.0,1.0,2.0,2.0,2.0,8.0,9.0,3.0,1.0,2.0,1.0,1.0,3.0,2.0,2.0,1.0,5.0,1.0,3.0,3.0,3.0,4.0,1.0,1.0,2.0,2.0,3.0,3.0,1.0,3.0,2.0,1.0,1.0,1.0,1.0,1.0,1.0,1.0,1.0,1.0,1.0,1.0,2.0,10.0,2.0,3.0,3.0,3.0,2.0,1.0,1.0,1.0,1.0,2.0,1.0,15.0,3.0,3.0,3.0,3.0,1.0,1.0,11.0,2.0,2.0,2.0,3.0,1.0,1.0,1.0,1.0,9.0,2.0,2.0,3.0,3.0,1.0,1.0,1.0,2.0,1.0,13.0,2.0,2.0,3.0,3.0,6.0,5.0,2.0,2.0,2.0,2.0,3.0,3.0,4.0,3.0,2.0,2.0,3.0,3.0,4.0,2.0,7.0,3.0,3.0,2.0,2.0,1.0,3.0,7.0,2.0,13.0,6.0,4.0,1.0,1.0,1.0,2.0,1.0,3.0,2.0,10.0,2.0,14.0,1.0,1.0,1.0,9.0,3.0,2.0,1.0,1.0,10.0,2.0,1.0,1.0,1.0,2.0,3.0,7.0,5.0,1.0,1.0,1.0,2.0,6.0,2.0,2.0,4.0,2.0,1.0,1.0,1.0,3.0,2.0,10.0,3.0,1.0,1.0,1.0,5.0,3.0,5.0,1.0,3.0,1.0,1.0,2.0,2.0,3.0,2.0,1.0,2.0,1.0,1.0,1.0,2.0,1.0,1.0,1.0,1.0,5.0,1.0,2.0,1.0,1.0,1.0,1.0,1.0,4.0,1.0,1.0,14.0,1.0,4.0,1.0,13.0,11.0,2.0,2.0,1.0,5.0,1.0,11.0,1.0,1.0,1.0,1.0,1.0,4.0,1.0,1.0,1.0,1.0,3.0,1.0,3.0,1.0,5.0,9.0,1.0,1.0,1.0,1.0,4.0,1.0,6.0,13.0,1.0,3.0,3.0,4.0,1.0,3.0,1.0,4.0,1.0,14.0,9.0,12.0,7.0,1.0,1.0,1.0,2.0,4.0,4.0,6.0,10.0,8.0,21.0,4.0,4.0,3.0,2.0,4.0,1.0,2.0,12.0,11.0,1.0,3.0,4.0,1.0,1.0,1.0,1.0,3.0,6.0,7.0,2.0,5.0,3.0,3.0,8.0,10.0,2.0,19.0,8.0,5.0,1.0,3.0,2.0,6.0,-2.04564786099211,2.0,1.0,2.0,3.0,8.0,9.0,6.0,6.0,1.0,1.0,2.0,2.0,2.0,8.0,4.0,5.0,8.0,7.0,13.0,3.0,9.0,2.0,1.0,3.0,5.0,1.0,3.0,1.0,1.0,5.47566330468136,8.0,1.0,2.0,1.0,1.0,6.0,1.0,1.0,1.0,5.0,15.0,1.0,2.0,7.0,5.0,4.0,5.0,4.0,16.0,6.0,4.0,2.0,1.0,1.0,1.0,1.0,1.0,1.0,2.0,1.0,7.0,7.0,4.0,1.0,2.0,1.0,2.0,1.0,1.0,1.0,1.0,2.0,2.0,1.0,1.0,1.0,1.0,1.0,1.0,1.0,1.0,1.0,1.0,1.0,2.0,2.0,4.0,1.0,1.0,1.0,2.0,7.0,1.0,1.0,1.0,1.0,1.0,1.0,1.0,2.0,3.0,6.0,7.0,4.0,1.0,3.0,1.0,1.0,1.0,1.0,1.0,1.0,1.0,1.0,1.0,2.0,1.0,1.0,2.0,1.0,1.0,1.0,2.0,1.0,1.0,1.0,1.0,1.0,2.0,2.0,3.0,6.0,1.0,1.0,2.0,1.0,1.0,2.0,1.0,1.0,13.0,19.0,2.0,1.0,1.0,4.0,1.0,1.0,1.0,1.0,1.0,1.0,1.0,1.0,1.0,1.0,1.0,2.0,1.0,1.0,1.0,16.0,15.0,1.0,2.0,2.0,2.0,1.0,1.0,1.0,2.0,1.0,1.0,1.0,1.0,1.0,2.0,1.0,1.0,3.0,1.0,1.0,1.0,2.0,1.0,1.0,12.0,7.0,1.0,5.0,1.0,3.0,1.0,1.0,1.0,2.0,3.0,1.0,1.0,6.0,7.0,3.0,5.0,3.0,1.0,1.0,3.0,2.0,1.0,7.0,16.0,1.0,1.0,5.0,3.0,1.0,1.0,3.0,2.0,1.0,3.96952489648403,1.0,2.0,3.0,3.0,1.0,1.0,2.0,1.0,1.0,1.0,2.0,30.0,1.0,4.0,7.0,1.0,1.0,1.0,1.0,1.0,2.0,1.0,2.0,1.0,1.0,1.0,1.0,1.0,1.0,5.0,24.0,4.0,2.0,1.0,1.0,1.0,1.0,1.0,1.0,2.0,2.0,3.0,1.0,2.0,1.0,1.0,1.0,1.0,1.0,1.0,1.0,2.0,1.0,1.0,1.0,1.0,1.0,1.0,1.0,1.0,3.0,1.0,1.0,1.0,3.0,5.0,2.0,3.0,1.0,1.0,2.0,1.0,2.0,1.0,3.0,1.0,2.0,1.0,1.0,2.0,2.0,2.0,1.0,1.0,5.0,2.0,2.0,4.0,1.0,3.0,1.0,4.0,1.0,1.0,2.0,1.0,1.0,4.0,1.0,2.0,1.0,1.0,2.0,4.0,1.0,2.0,2.0,5.0,1.0,1.0,2.0,1.0,1.0,3.0,1.0,1.0,3.0,3.0,5.0,3.0,4.0,1.0,1.0,1.0,2.0,1.0,2.0,1.0,2.0,1.0,1.0,3.0,1.0,1.0,1.0,1.0,2.0,1.0,1.0,1.0,2.0,1.0,1.0,1.0,1.0,1.0,1.0,1.0,1.0,4.0,1.0,1.0,1.0,2.0,1.0,6.0,1.0,1.0,1.0,2.0,2.0,1.0,1.0,1.0,-1.2523449689335,2.0,1.0,1.0,2.0,1.0,-1.0,-1.0,-1.0,-1.0,-2.0,1.0,9.0,-1.0,1.0,-1.0,-1.0,-5.0,-4.0,-3.0,-4.0,-5.0,-5.0,1.0,1.0,1.0,6.0,6.0,2.0,1.0,3.0,2.0,1.0,4.0,5.0,1.0,3.0,1.0,1.0,2.0,1.0,5.0,1.0,1.0,10.0,4.0,1.0,1.0,1.0,3.0,7.0,1.0,2.0,8.0,1.0,2.0,1.0,1.0,1.0,2.0,1.0,2.0,9.0,1.0,9.0,1.0,1.0,1.0,3.0,1.0,1.0,4.0,4.0,1.0,2.0,1.0,2.0,1.0,1.0,1.0,2.0,1.0,1.0,2.0,4.0,1.0,1.0,10.0,1.0,1.0,1.0,3.0,1.0,4.0,4.0,9.0,1.0,1.0,5.0,1.0,1.0,1.0,4.0,2.0,5.0,1.0,7.0,1.0,5.0,1.0,1.0,1.0,18.20845275419301,1.0,5.0,4.0,6.0,1.0,-3.0,-1.0,-1.0,-13.71931735451625,-2.0,-2.0,-1.0,-1.0,-1.0,-1.0,-3.0,-1.0,-2.0,-4.0,-1.0,-2.0,-1.0,-1.0,-1.0,5.0,4.0,2.0,7.0,2.0,1.0,2.0,1.0,2.0,1.0,3.0,4.0,4.0,1.0,1.0,2.0,4.0,2.0,6.0,1.0,5.0,11.27775448851298,8.0,7.0,1.0,4.0,3.0,1.0,1.0,1.0,2.0,1.0,4.0,1.0,1.0,1.0,1.0,2.0,1.0,1.0,3.0,2.0,4.0,7.0,7.0,4.0,1.0,1.0,4.0,1.0,1.0,2.0,1.0,1.0,5.0,1.0,2.0,7.0,4.0,2.0,2.0,1.0,1.0,1.0,2.0,2.0,2.0,1.0,1.0,2.0,6.0,1.0,4.0,2.0,3.0,-9.81276160699843,1.0,8.0,8.0,1.0,1.0,2.0,2.0,1.0,1.0,2.0,2.0,11.0,5.0,2.0,1.0,2.0,2.0,2.0,2.0,2.0,2.0,2.0,2.0,2.0,1.0,1.0,25.0,6.0,5.0,5.0,5.0,5.0,5.0,5.0,3.0,2.0,1.0,1.0,2.0,1.0,1.0,12.0,15.0,4.0,4.0,5.0,4.0,4.0,5.0,2.0,1.0,5.0,1.0,1.0,2.0,1.0,16.0,5.0,4.0,5.0,4.0,10.0,2.0,4.0,3.0,3.0,6.0,4.0,4.0,4.0,4.0,4.0,4.0,4.0,4.0,4.0,2.0,4.0,4.0,4.0,4.0,4.0,4.0,1.0,1.0,4.0,4.0,4.0,4.0,4.0,4.0,1.0,1.0,1.0,1.0,1.0,1.0,4.0,4.0,4.0,4.0,4.0,4.0,4.0,4.0,4.0,4.0,1.0,1.0,1.0,1.0,3.0,1.0,1.0,10.0,1.0,1.0,1.0,1.0,1.0,21.0,15.0,1.0,1.0,1.0,1.0,1.0,1.0,5.0,1.0,6.0,2.0,2.0,23.0,14.0,1.0,3.0,3.0,3.0,3.0,3.0,3.0,3.0,3.0,1.0,1.0,1.0,1.0,1.0,6.0,1.0,4.0,10.0,9.0,26.0,7.0,3.0,3.0,4.0,3.0,3.0,3.0,4.0,3.0,1.0,1.0,1.0,1.0,3.0,1.0,1.0,13.0,2.0,2.0,2.0,2.0,2.0,2.0,2.0,1.0,1.0,2.0,2.0,2.0,2.0,2.0,2.0,3.0,2.0,1.0,2.0,2.0,2.0,2.0,2.0,2.0,2.0,1.0,2.0,2.0,2.0,2.0,2.0,2.0,2.0,2.0,2.0,2.0,2.0,1.0,-2.0,1.0,4.0,1.0,-4.0,-4.0,-5.0,-4.0,-4.0,-4.0,-5.0,-4.0,-1.0,1.0,2.0,-1.0,1.0,-4.0,-5.0,-4.0,-4.0,-5.0,-4.0,2.0,1.0,-5.0,-6.0,-5.0,-5.0,-6.0,-5.0,1.0,1.0,1.0,-5.0,-5.0,-5.0,-5.0,-5.0,-5.0,-1.0,1.0,-1.0,-5.0,-5.0,-5.0,-5.0,-5.0,-5.0,-3.0,-4.0,-1.0,-1.0,-3.0,-1.0,0.0,1.0,-9.0,-5.0,1.0,-1.0,-2.0,-1.0,-1.0,-2.0,-1.0,-3.0,-2.0,-1.0,-1.0,-1.0,-1.0,-1.0,-3.0,-1.0,-1.0,-1.0,-1.0,-3.0,-2.0,19.45784305872714,-2.0,-1.0,-1.0,-1.0,-2.0,7.0,-4.0,-2.0,-3.0,-3.0,-1.0,-1.0,-1.0,1.0,1.0,0.0,-1.0,-5.0,-7.0,-1.0,-2.0,-1.0,9.0,2.0,13.0,-1.0,-1.0,-1.0,-5.0,-5.0,-2.0,-4.0,1.0,5.0,4.0,2.0,2.0,1.0,2.0,15.0,17.0,4.0,5.0,7.0,13.0,1.0,3.0,1.0,1.0,1.0,12.0,5.0,5.0,1.0,11.0,2.0,4.0,2.0,1.0,15.57346510062307,4.0,2.0,1.0,1.0,2.0,1.0,1.0,2.0,1.0,1.0,2.0,6.0,1.0,1.0,2.0,4.0,3.0,2.0,2.0,3.0,7.0,1.0,1.0,1.0,1.0,1.0,2.0,1.0,1.0,1.0,1.0,1.0,1.0,1.0,1.0,2.0,2.0,1.0,4.0,1.0,1.0,1.0,1.0,3.0,1.0,2.0,6.0,1.0,1.0,1.0,1.0,1.0,1.0,1.0,1.0,1.0,1.0,1.0,1.0,3.0,1.0,1.0,3.0,2.0,2.0,2.0,5.0,-20.80157324031526,2.0,2.0,4.0,3.0,1.0,2.0,2.0,2.0,2.0,1.0,1.0,2.0,2.0,2.0,1.0,1.0,1.0,1.0,1.0,2.0,1.0,4.0,1.0,1.0,1.0,1.0,2.0,1.0,1.0,1.0,5.0,5.0,1.0,4.0,3.0,2.0,2.0,1.0,5.0,1.0,3.0,4.0,2.0,1.0,3.0,3.0,4.0,3.0,3.0,1.0,1.0,2.0,1.0,3.0,2.0,4.0,2.0,1.0,4.0,2.0,1.0,2.0,3.0,3.0,3.0,3.0,2.0,1.0,4.0,5.0,1.0,1.0,5.0,4.0,2.0,1.0,1.0,1.0,6.0,10.0,1.0,5.0,5.0,1.0,7.0,2.0,1.0,10.0,4.0,3.0,3.0,1.0,7.0,1.0,11.0,1.0,2.0,2.0,1.0,3.0,2.0,1.0,1.0,5.0,8.0,1.0,7.0,3.0,1.0,2.0,2.0,1.0,2.0,1.0,1.0,1.0,1.0,2.0,7.0,6.0,1.0,2.0,1.0,1.0,1.0,1.0,5.0,1.0,1.0,2.0,5.0,1.0,2.0,7.0,6.0,6.0,1.0,2.0,9.0,3.0,6.0,1.0,6.0,4.0,9.0,1.0,1.0,1.0,2.0,10.0,6.0,2.0,2.0,5.0,5.0,1.0,10.0,1.0,2.0,4.0,5.0,13.0,1.0,1.0,1.0,1.0,4.0,4.0,3.0,1.0,2.0,1.0,1.0,1.0,2.0,4.0,4.0,5.0,11.0,1.0,1.0,13.2640361646798,1.0,5.0,2.0,7.0,1.0,1.0,2.0,1.0,1.0,1.0,3.0,3.0,2.0,2.0,3.0,5.0,1.0,2.0,1.0,-2.0,1.0,1.0,7.0,-3.0,-3.0,-3.0,-3.0,1.0,0.0,4.0,-2.0,5.0,-6.0,-6.0,-6.0,-6.0,-2.0,-1.0,-1.0,-6.0,-6.0,-6.0,-6.0,-3.0,-2.0,-1.0,-1.0,-3.0,-3.0,-3.0,-3.0,-2.0,-1.0,-1.0,2.0,-1.0,-6.0,-6.0,-6.0,-6.0,-6.0,-6.0,-6.0,1.0,1.0,-3.0,-3.0,7.0,2.0,-5.0,-5.0,-5.0,-5.0,1.0,-2.0,-2.0,2.0,1.0,-5.0,-6.0,-5.0,-5.0,2.0,1.0,1.0,1.0,-6.0,-6.0,-6.0,-6.0,-1.0,1.0,-2.0,-2.0,1.0,2.0,-13.0,-13.0,-1.0,-1.0,-2.0,2.0,1.0,-5.0,-5.0,-5.0,-5.0,-5.0,-5.0,1.0,1.0,-5.0,-5.0,-5.0,-5.0,-5.0,0.0,-3.0,-12.0,-12.0,1.0,5.0,-7.0,-7.0,-7.0,-7.0,1.0,7.0,1.0,1.0,1.0,2.0,11.0,1.0,4.0,1.0,3.0,6.0,1.0,2.0,3.0,15.0,3.0,2.0,3.0,4.0,1.0,6.0,6.0,4.0,2.0,1.0,1.0,1.0,1.0,1.0,1.0,3.0,7.0,1.0,3.0,1.0,1.0,1.0,3.0,2.0,1.0,2.0,2.0,1.0,1.0,3.0,3.0,3.0,1.0,1.0,2.0,3.0,3.0,3.0,1.0,1.0,1.0,3.0,4.0,4.0,2.0,3.0,1.0,1.0,1.0,1.0,1.0,1.0,2.0,3.0,4.0,4.0,2.0,6.0,3.0,1.0,1.0,1.0,1.0,1.0,1.0,2.0,3.0,1.0,13.0,3.0,1.0,1.0,6.0,1.0,1.0,1.0,4.0,1.0,1.0,2.0,2.0,4.0,3.0,3.0,1.0,1.0,1.0,1.0,2.0,2.0,3.0,3.0,1.0,1.0,2.0,2.0,1.0,2.0,6.0,6.0,2.0,3.0,2.0,2.0,1.0,1.0,2.0,2.0,6.0,6.0,2.0,3.0,2.0,2.0,1.0,1.0,21.0,3.0,4.0,1.0,2.0,2.0,8.0,1.0,7.0,2.0,1.0,2.0,3.0,4.0,4.0,1.0,16.0,1.0,6.0,3.0,1.0,1.0,2.0,10.0,1.0,10.0,3.0,3.0,2.0,1.0,4.0,3.0,1.0,2.0,1.0,1.0,4.0,1.0,3.0,1.0,2.0,2.0,1.0,1.0,1.0,1.0,3.0,1.0,1.0,2.0,1.0,1.0,1.0,1.0,1.0,1.29786125122586,1.0,1.0,1.0,1.0,1.0,4.0,3.0,1.0,1.0,1.0,1.0,1.0,1.0,2.0,2.0,1.0,4.0,1.0,4.0,1.0,1.0,2.0,1.0,1.0,3.0,2.0,2.0,2.0,2.0,1.0,1.0,6.0,24.0,4.0,1.0,3.0,2.0,1.0,1.0,16.0,35.0,3.0,1.0,1.0,1.0,1.0,1.0,1.0,3.0,5.0,1.0,1.0,2.0,7.0,5.0,5.0,2.0,3.0,1.0,1.0,1.0,8.0,1.0,5.0,3.0,2.0,9.0,6.0,1.0,4.0,13.0,1.0,7.0,7.0,1.0,1.0,1.0,1.0,1.0,4.0,6.0,3.0,2.0,1.0,8.0,6.0,1.0,1.0,1.0,2.0,3.0,1.0,2.0,8.0,1.0,2.0,9.0,2.0,1.0,1.0,1.0,1.0,1.0,4.0,1.0,1.0,4.0,5.0,1.0,1.0,2.0,3.0,2.0,1.0,2.0,5.0,6.0,4.0,6.0,8.0,11.0,7.0,6.0,1.0,1.0,1.0,4.0,1.0,3.0,4.0,5.0,12.0,5.0,2.0,2.0,1.0,4.0,2.0,1.0,1.0,1.0,3.0,4.0,3.0,2.0,17.29671484676516,3.0,5.0,1.0,7.0,5.0,2.0,2.0,3.0,1.0,1.0,1.0,1.0,2.0,1.0,2.0,1.0,1.0,12.0,10.0,8.0,6.0,5.0,1.0,1.0,1.0,3.0,1.0,1.0,1.0,3.0,4.0,1.0,2.0,1.0,1.0,1.0,2.0,1.0,1.0,8.0,1.0,1.0,2.0,2.0,5.0,2.0,2.0,1.0,1.0,3.0,2.0,3.0,1.0,6.0,6.0,1.0,1.0,6.0,1.0,6.0,9.0,3.0,13.0,10.0,1.0,1.0,11.0,1.0,1.0,3.0,8.0,9.0,2.0,1.0,2.0,3.0,3.0,3.0,1.0,1.0,1.0,5.0,5.0,2.0,1.0,2.0,2.0,1.0,1.0,5.0,1.0,1.0,1.0,1.0,3.0,2.0,1.0,2.0,1.0,3.0,4.0,1.0,2.0,1.0,2.0,1.0,2.0,2.0,1.0,1.0,2.0,2.0,1.0,1.0,1.0,1.0,1.0,1.0,2.0,1.0,8.0,2.0,1.0,5.0,6.0,2.0,1.0,1.0,1.0,6.0,2.0,3.0,4.0,3.0,1.0,1.0,2.0,2.0,1.0,1.0,11.0,1.0,1.0,2.0,4.0,5.0,3.0,1.0,4.0,1.0,14.0,4.0,7.0,1.0,1.0,2.0,1.0,1.0,2.92572291035908,1.0,1.0,1.0,3.0,1.0,9.0,2.0,2.0,1.0,1.0,7.0,1.0,8.0,1.0,1.0,1.0,1.0,2.0,1.0,1.0,1.0,1.0,2.0,1.0,1.0,1.0,1.0,1.0,1.0,4.0,4.0,3.0,2.0,1.0,1.0,1.0,1.0,3.0,1.0,1.0,1.0,1.0,1.0,1.0,1.0,1.0,2.0,1.0,3.0,0.24337417607789,1.0,1.0,3.0,5.0,9.0,7.0,2.0,2.0,1.0,1.0,1.0,2.0,3.0,1.0,1.0,2.0,3.0,1.0,1.0,2.0,2.0,1.0,1.0,1.0,1.0,2.0,1.0,1.0,-1.0,-1.0,-2.0,-4.0,-12.0,-7.0,-6.0,-6.0,-9.0,-11.0,-2.0,-8.0,-10.0,-6.0,-11.0,-6.50984180533249,-1.0,-4.0,-1.0,-10.0,-11.0,-3.0,-8.0,-12.0,-10.0,-1.0,-1.0,-1.0,-1.0,-7.0,-7.0,-13.0,-7.0,2.0,1.0,1.0,1.0,2.0,1.0,1.0,5.0,1.0,2.0,1.0,1.0,3.0,1.0,3.0,1.0,1.0,1.0,1.0,1.0,1.0,1.0,1.0,4.0,1.0,1.0,2.0,1.0,1.0,3.0,1.0,1.0,2.0,1.0,1.0,2.0,3.0,1.0,2.0,1.0,1.0,1.0,1.0,1.0,1.0,2.0,1.0,2.0,1.0,2.0,5.0,6.0,1.0,2.0,1.0,1.0,3.0,1.0,1.0,2.0,3.0,3.0,1.0,1.0,2.0,5.0,5.0,1.0,1.0,4.0,3.0,2.0,1.0,1.0,-1.0,1.0,2.0,-3.0,1.0,1.0,-4.0,-4.0,-3.0,2.0,-1.0,-1.0,-1.0,-2.0,2.0,10.0,1.0,1.0,1.0,2.0,3.0,4.0,1.0,2.0,1.0,17.0,1.0,1.0,1.0,1.0,2.0,1.0,1.0,1.0,4.0,4.0,1.0,3.0,1.0,1.0,2.0,1.0,1.0,1.0,2.0,2.0,1.0,1.0,1.0,1.0,2.0,3.0,18.94840458248437,1.0,1.0,3.0,1.0,1.0,1.0,2.0,3.0,1.0,1.0,2.0,4.0,2.0,1.0,1.0,1.0,1.0,2.0,3.0,1.0,4.0,1.0,1.0,1.0,4.0,4.0,1.0,1.0,2.0,2.0,2.0,2.0,1.0,2.0,1.0,2.0,3.0,1.0,6.0,11.0,8.0,5.0,4.0,5.0,3.0,2.0,1.0,1.0,1.0,1.0,1.0,2.0,2.0,3.0,2.0,3.0,1.0,1.0,1.0,1.0,1.0,1.0,3.0,2.0,5.0,1.0,2.0,2.0,1.0,5.0,1.0,5.0,1.0,2.0,5.0,3.0,2.0,1.0,15.11250881122309,1.0,2.0,3.0,1.0,1.0,1.0,3.0,3.0,2.0,4.0,1.0,1.0,1.0,1.0,1.0,1.0,1.0,1.0,1.0,1.0,1.0,3.0,5.0,1.0,1.0,1.0,2.0,2.0,1.0,1.0,5.0,1.0,1.0,5.0,1.0,1.0,-7.0,-7.0,1.0,-1.0,-4.0,-2.0,-1.0,-2.0,-1.0,1.0,-1.0,-3.0,-5.0,0.0,-3.0,-1.0,-2.0,-4.0,1.0,-1.0,1.0,-1.0,-1.0,1.0,-1.0,-1.0,2.0,-2.0,-3.0,2.0,-2.0,-1.0,1.0,-1.0,-1.0,-2.0,1.0,-2.0,-1.0,2.0,-1.0,-1.0,-1.0,-1.0,-2.0,2.0,-2.0,-2.0,0.0,-1.0,-1.0,-1.0,-1.0,-1.0,1.0,1.0,1.0,7.0,1.0,1.0,1.0,1.0,1.0,2.0,1.0,1.0,12.0,1.0,1.0,1.0,1.0,1.0,1.0,2.0,1.0,1.0,1.0,1.0,2.0,4.0,3.0,1.0,1.0,3.0,1.0,1.0,1.0,1.0,2.0,1.0,1.0,1.0,1.0,1.0,2.0,1.0,1.0,3.0,7.0,2.0,1.0,1.0,1.0,1.0,1.0,1.0,1.0,1.0,1.0,1.0,1.0,1.0,6.0,1.0,1.0,1.0,1.0,1.0,1.0,1.0,1.0,1.0,1.0,1.0,1.0,1.0,1.0,1.0,1.0,4.0,1.0,1.0,1.0,1.0,1.0,1.0,1.0,1.0,1.0,1.0,1.0,1.0,1.0,1.0,1.0,1.0,1.0,1.0,1.0,-1.0,-1.0,1.0,1.0,2.0,-2.0,-2.0,-2.0,-2.0,-2.0,1.0,1.0,-3.56110793196185,-3.0,-3.0,-3.0,1.0,-5.0,-5.0,-5.0,1.0,1.0,1.0,1.0,2.0,1.0,1.0,-1.0,-1.0,-1.0,-1.0,-1.0,-1.0,4.0,4.0,1.0,1.0,3.0,1.0,1.0,1.0,1.0,1.0,3.0,3.0,2.0,1.0,1.0,1.0,1.0,1.0,2.0,1.0,1.0,2.0,2.0,1.0,1.0,1.0,1.0,1.0,3.0,3.0,3.0,1.0,1.0,2.0,1.0,1.0,2.0,2.0,2.0,1.0,1.0,1.0,2.0,1.0,1.0,1.0,1.0,3.0,1.0,1.0,1.0,1.0,4.0,2.0,5.0,1.0,2.0,1.0,1.0,1.0,1.0,3.0,1.0,2.0,3.0,2.0,1.0,1.0,1.0,2.0,2.0,2.0,2.0,1.0,6.0,3.0,6.0,1.0,1.0,1.0,3.0,1.0,4.0,5.0,1.0,1.0,1.0,1.0,1.0,17.0,1.0,2.0,12.0,1.0,2.0,3.0,8.0,13.0,5.0,2.0,1.0,2.0,6.0,4.0,4.0,2.0,1.0,3.0,2.0,1.0,1.0,1.0,3.0,1.0,1.0,1.0,3.0,1.0,1.0,1.0,3.0,1.0,1.0,1.0,2.0,3.0,7.0,4.0,3.0,-0.31044766992144,2.0,2.0,2.0,1.0,1.0,1.0,1.0,1.0,1.0,1.0,1.0,1.0,1.0,1.0,1.0,1.0,1.0,1.0,1.0,1.0,1.0,1.0,1.0,1.0,1.0,1.0,1.0,1.0,3.0,1.0,1.0,2.0,2.0,2.0,2.0,3.0,1.0,1.0,1.0,2.0,1.0,4.0,3.0,1.0,1.0,1.0,2.0,1.0,7.39298284432326,1.0,5.0,3.0,2.0,1.0,1.0,1.0,1.0,1.0,1.0,1.0,1.0,1.0,3.0,4.0,3.0,1.0,1.0,1.0,1.0,1.0,1.0,1.0,1.0,1.0,1.0,1.0,1.0,2.0,1.0,1.0,1.0,1.0,1.0,1.0,1.0,1.0,1.0,1.0,1.0,2.0,1.0,1.0,1.0,1.0,1.0,1.0,1.0,1.0,1.0,1.0,1.0,1.0,1.0,3.0,8.0,2.0,1.0,2.0,1.0,1.0,4.0,1.0,1.0,1.0,1.0,1.0,1.0,1.0,7.0,5.0,2.0,3.0,1.0,1.0,2.0,1.0,1.0,1.0,1.0,1.0,1.0,2.0,3.0,1.0,2.0,2.0,2.0,-16.38832593496558,3.0,1.0,1.0,1.0,1.0,3.0,2.0,3.0,3.0,1.0,1.0,2.0,2.0,2.0,3.0,2.0,1.0,3.0,1.0,2.0,2.0,2.0,2.0,2.0,2.0,1.0,1.0,1.0,1.0,1.0,1.0,1.0,1.0,1.0,2.0,1.0,1.0,1.0,3.0,1.0,1.0,1.0,1.0,1.0,1.0,1.0,2.0,1.0,6.0,1.0,5.0,1.0,4.0,1.0,8.0,1.0,3.0,3.0,4.0,1.0,2.0,2.0,1.0,1.0,3.0,2.0,3.0,1.0,2.0,1.0,1.0,2.0,1.0,1.0,4.0,6.0,1.0,1.0,1.0,2.0,2.0,1.0,1.0,3.0,5.0,5.38785976813884,1.0,1.0,5.0,1.0,1.0,2.0,1.0,1.0,1.0,4.0,2.0,1.0,4.0,2.0,6.0,1.0,1.0,1.0,1.0,6.0,5.96397995782018,1.0,1.0,3.0,3.0,-1.3686525685699,9.0,2.0,3.0,3.0,3.0,3.0,1.0,1.0,5.0,5.0,5.0,5.0,1.0,7.0,10.0,2.0,1.0,4.0,5.0,5.0,5.0,5.0,2.0,1.0,3.0,5.0,4.0,2.0,2.0,1.0,1.0,2.0,3.0,1.0,1.0,3.0,11.0,5.0,5.0,5.0,5.0,5.0,5.0,5.0,5.0,13.0,3.0,2.0,2.0,3.0,11.0,5.0,5.0,5.0,5.0,1.0,1.0,2.0,18.0,11.0,2.0,1.0,3.0,3.0,5.0,5.0,5.0,5.0,5.0,5.0,2.0,1.0,3.0,1.0,1.0,21.0,1.0,2.0,3.0,6.0,6.0,6.0,6.0,2.0,5.0,3.0,2.0,5.0,13.0,2.0,5.0,5.0,5.0,5.0,6.0,2.0,24.0,2.0,1.0,2.0,5.0,5.0,5.0,5.0,1.0,2.0,4.0,3.0,12.0,1.0,9.0,4.0,4.0,4.0,4.0,4.0,4.0,4.0,1.0,10.0,4.0,1.0,21.0,1.0,2.0,1.0,1.0,1.0,4.0,3.0,5.0,6.0,6.0,6.0,6.0,6.0,1.0,1.0,3.0,15.0,1.0,1.0,1.0,1.0,7.0,4.0,1.0,10.0,5.0,5.0,5.0,5.0,1.0,1.0,4.0,2.0,-19.72431348956135,1.0,2.0,2.0,9.0,2.0,1.0,1.0,3.0,1.0,4.0,3.0,1.0,1.0,1.0,1.0,1.0,2.0,1.0,1.0,9.0,1.0,1.0,1.0,2.0,5.0,5.0,5.0,5.0,2.0,1.0,7.0,1.0,2.0,5.0,5.0,5.0,5.0,5.0,5.0,5.0,3.0,1.0,1.0,20.0,1.0,1.0,1.0,4.0,1.0,1.0,2.0,1.0,9.0,3.0,4.0,4.0,4.0,4.0,4.0,4.0,4.0,4.0,1.0,1.0,37.0,1.0,1.0,1.0,6.0,6.0,6.0,6.0,6.0,6.0,1.0,1.0,1.0,1.0,6.0,16.0,1.0,5.0,5.0,5.0,5.0,1.0,27.0,1.0,1.0,1.0,7.0,6.0,6.0,6.0,6.0,1.0,2.0,1.0,30.0,1.0,1.0,1.0,1.0,8.0,6.0,6.0,6.0,6.0,13.32796194626393,2.0,2.0,2.0,2.0,5.0,5.0,7.0,3.0,30.0,3.0,10.0,6.0,1.0,10.0,5.0,5.0,5.0,5.0,5.0,5.0,5.0,4.0,1.0,6.0,8.0,1.0,2.0,3.0,4.0,4.0,5.0,6.0,6.0,6.0,6.0,-5.0,-5.0,-5.0,-5.0,-5.0,-5.0,-5.0,-5.0,-5.0,-5.0,1.0
1.0,1.0,1.0,2.0,1.0,2.0,4.0,7.0,1.0,2.0,1.0,5.0,1.0,1.0,1.0,1.0,3.0,1.0,2.0,1.0,1.0,1.0,1.0,1.0,1.0,1.0,5.0,2.0,1.0,3.0,1.0,1.0,5.0,1.0,1.0,2.0,1.0,1.0,1.0,2.0,3.0,1.0,1.0,1.0,1.0,1.0,1.0,1.0,1.0,1.0,1.0,1.0,5.0,3.0,2.0,1.0,1.0,2.0,1.0,1.0,1.0,1.0,1.0,1.0,1.0,1.0,2.0,1.0,5.0,1.0,2.0,1.0,1.0,2.0,1.0,1.0,1.0,1.0,2.0,1.0,7.0,4.0,1.0,2.0,1.0,2.0,12.0,5.0,1.0,15.0,1.0,2.0,2.0,2.0,1.0,1.0,8.0,1.0,4.0,1.0,1.0,16.0,3.0,3.0,1.0,2.0,1.0,1.0,6.0,7.0,1.0,2.0,3.0,2.0,2.0,3.0,2.0,1.0,5.0,1.0,3.0,2.0,2.0,1.0,1.0,1.0,10.0,10.0,1.0,3.0,2.0,1.0,2.0,5.0,2.0,1.0,3.0,1.0,1.0,1.0,1.0,1.0,1.0,1.0,7.0,1.0,1.0,13.0,1.0,1.0,1.0,10.0,2.0,1.0,3.0,1.0,1.0,2.0,3.0,1.0,1.0,1.0,1.0,1.0,1.0,1.0,2.0,1.0,14.0,1.0,1.0,1.0,2.0,2.0,1.0,3.0,2.0,1.0,1.0,1.0,2.0,5.0,1.0,1.0,1.0,4.0,1.0,4.0,2.0,14.0,1.0,2.0,2.0,4.0,1.0,1.0,3.0,1.0,1.0,2.0,1.0,1.0,4.0,3.0,17.0,1.0,1.0,1.0,1.0,3.0,1.0,3.0,5.0,1.0,2.0,2.0,2.0,1.0,1.0,1.0,4.0,1.0,2.0,1.0,1.0,1.0,1.0,1.0,1.0,5.0,2.0,2.0,3.0,1.0,1.0,1.0,1.0,2.0,1.0,1.0,1.0,1.0,1.0,5.0,2.0,3.0,2.0,2.0,3.0,1.0,2.0,4.0,1.0,2.0,2.0,2.0,1.0,1.0,1.0,1.0,1.0,3.0,2.0,1.0,1.0,13.0,3.0,1.0,1.0,1.0,7.0,4.0,1.0,1.0,1.0,8.0,1.0,1.0,6.0,2.0,1.0,3.0,2.0,8.0,2.0,1.0,1.0,1.0,5.0,1.0,8.0,1.0,4.0,9.0,7.0,1.0,1.0,8.0,1.0,2.0,1.0,1.0,4.0,1.0,1.0,1.0,7.0,4.0,5.0,3.0,1.0,1.0,1.0,2.0,1.0,1.0,1.0,1.0,1.0,1.0,6.0,3.0,2.0,2.0,1.0,1.0,1.0,1.0,1.0,1.0,5.0,1.0,1.0,3.0,1.0,1.0,3.0,3.0,1.0,1.0,1.0,2.0,2.0,1.0,1.0,1.0,3.0,4.0,4.0,1.0,1.0,1.0,2.0,1.0,2.0,2.0,2.0,8.0,9.0,3.0,1.0,2.0,1.0,1.0,3.0,2.0,2.0,1.0,5.0,1.0,3.0,3.0,3.0,4.0,1.0,1.0,2.0,2.0,3.0,3.0,1.0,3.0,2.0,1.0,1.0,1.0,1.0,1.0,1.0,1.0,1.0,1.0,1.0,1.0,2.0,10.0,2.0,3.0,3.0,3.0,2.0,1.0,1.0,1.0,1.0,2.0,1.0,15.0,3.0,3.0,3.0,3.0,1.0,1.0,11.0,2.0,2.0,2.0,3.0,1.0,1.0,1.0,1.0,9.0,2.0,2.0,3.0,3.0,1.0,1.0,1.0,2.0,1.0,13.0,2.0,2.0,3.0,3.0,6.0,5.0,2.0,2.0,2.0,2.0,3.0,3.0,4.0,3.0,2.0,2.0,3.0,3.0,4.0,2.0,7.0,3.0,3.0,2.0,2.0,1.0,3.0,7.0,2.0,13.0,6.0,4.0,1.0,1.0,1.0,2.0,1.0,3.0,2.0,10.0,2.0,14.0,1.0,1.0,1.0,9.0,3.0,2.0,1.0,1.0,10.0,2.0,1.0,1.0,1.0,2.0,3.0,7.0,5.0,1.0,1.0,1.0,2.0,6.0,2.0,2.0,4.0,2.0,1.0,1.0,1.0,3.0,2.0,10.0,3.0,1.0,1.0,1.0,5.0,3.0,5.0,1.0,3.0,1.0,1.0,2.0,2.0,3.0,2.0,1.0,2.0,1.0,1.0,1.0,2.0,1.0,1.0,1.0,1.0,5.0,1.0,2.0,1.0,1.0,1.0,1.0,1.0,4.0,1.0,1.0,14.0,1.0,4.0,1.0,13.0,11.0,2.0,2.0,1.0,5.0,1.0,11.0,1.0,1.0,1.0,1.0,1.0,4.0,1.0,1.0,1.0,1.0,3.0,1.0,3.0,1.0,5.0,9.0,1.0,1.0,1.0,1.0,4.0,1.0,6.0,13.0,1.0,3.0,3.0,4.0,1.0,3.0,1.0,4.0,1.0,14.0,9.0,12.0,7.0,1.0,1.0,1.0,2.0,4.0,4.0,6.0,10.0,8.0,21.0,4.0,4.0,3.0,2.0,4.0,1.0,2.0,12.0,11.0,1.0,3.0,4.0,1.0,1.0,1.0,1.0,3.0,6.0,7.0,2.0,5.0,3.0,3.0,8.0,10.0,2.0,19.0,8.0,5.0,1.0,3.0,2.0,6.0,-2.04564786099211,2.0,1.0,2.0,3.0,8.0,9.0,6.0,6.0,1.0,1.0,2.0,2.0,2.0,8.0,4.0,5.0,8.0,7.0,13.0,3.0,9.0,2.0,1.0,3.0,5.0,1.0,3.0,1.0,1.0,5.47566330468136,8.0,1.0,2.0,1.0,1.0,6.0,1.0,1.0,1.0,5.0,15.0,1.0,2.0,7.0,5.0,4.0,5.0,4.0,16.0,6.0,4.0,2.0,1.0,1.0,1.0,1.0,1.0,1.0,2.0,1.0,7.0,7.0,4.0,1.0,2.0,1.0,2.0,1.0,1.0,1.0,1.0,2.0,2.0,1.0,1.0,1.0,1.0,1.0,1.0,1.0,1.0,1.0,1.0,1.0,2.0,2.0,4.0,1.0,1.0,1.0,2.0,7.0,1.0,1.0,1.0,1.0,1.0,1.0,1.0,2.0,3.0,6.0,7.0,4.0,1.0,3.0,1.0,1.0,1.0,1.0,1.0,1.0,1.0,1.0,1.0,2.0,1.0,1.0,2.0,1.0,1.0,1.0,2.0,1.0,1.0,1.0,1.0,1.0,2.0,2.0,3.0,6.0,1.0,1.0,2.0,1.0,1.0,2.0,1.0,1.0,13.0,19.0,2.0,1.0,1.0,4.0,1.0,1.0,1.0,1.0,1.0,1.0,1.0,1.0,1.0,1.0,1.0,2.0,1.0,1.0,1.0,16.0,15.0,1.0,2.0,2.0,2.0,1.0,1.0,1.0,2.0,1.0,1.0,1.0,1.0,1.0,2.0,1.0,1.0,3.0,1.0,1.0,1.0,2.0,1.0,1.0,12.0,7.0,1.0,5.0,1.0,3.0,1.0,1.0,1.0,2.0,3.0,1.0,1.0,6.0,7.0,3.0,5.0,3.0,1.0,1.0,3.0,2.0,1.0,7.0,16.0,1.0,1.0,5.0,3.0,1.0,1.0,3.0,2.0,1.0,3.96952489648403,1.0,2.0,3.0,3.0,1.0,1.0,2.0,1.0,1.0,1.0,2.0,30.0,1.0,4.0,7.0,1.0,1.0,1.0,1.0,1.0,2.0,1.0,2.0,1.0,1.0,1.0,1.0,1.0,1.0,5.0,24.0,4.0,2.0,1.0,1.0,1.0,1.0,1.0,1.0,2.0,2.0,3.0,1.0,2.0,1.0,1.0,1.0,1.0,1.0,1.0,1.0,2.0,1.0,1.0,1.0,1.0,1.0,1.0,1.0,1.0,3.0,1.0,1.0,1.0,3.0,5.0,2.0,3.0,1.0,1.0,2.0,1.0,2.0,1.0,3.0,1.0,2.0,1.0,1.0,2.0,2.0,2.0,1.0,1.0,5.0,2.0,2.0,4.0,1.0,3.0,1.0,4.0,1.0,1.0,2.0,1.0,1.0,4.0,1.0,2.0,1.0,1.0,2.0,4.0,1.0,2.0,2.0,5.0,1.0,1.0,2.0,1.0,1.0,3.0,1.0,1.0,3.0,3.0,5.0,3.0,4.0,1.0,1.0,1.0,2.0,1.0,2.0,1.0,2.0,1.0,1.0,3.0,1.0,1.0,1.0,1.0,2.0,1.0,1.0,1.0,2.0,1.0,1.0,1.0,1.0,1.0,1.0,1.0,1.0,4.0,1.0,1.0,1.0,2.0,1.0,6.0,1.0,1.0,1.0,2.0,2.0,1.0,1.0,1.0,-1.2523449689335,2.0,1.0,1.0,2.0,1.0,-1.0,-1.0,-1.0,-1.0,-2.0,1.0,9.0,-1.0,1.0,-1.0,-1.0,-5.0,-4.0,-3.0,-4.0,-5.0,-5.0,1.0,1.0,1.0,6.0,6.0,2.0,1.0,3.0,2.0,1.0,4.0,5.0,1.0,3.0,1.0,1.0,2.0,1.0,5.0,1.0,1.0,10.0,4.0,1.0,1.0,1.0,3.0,7.0,1.0,2.0,8.0,1.0,2.0,1.0,1.0,1.0,2.0,1.0,2.0,9.0,1.0,9.0,1.0,1.0,1.0,3.0,1.0,1.0,4.0,4.0,1.0,2.0,1.0,2.0,1.0,1.0,1.0,2.0,1.0,1.0,2.0,4.0,1.0,1.0,10.0,1.0,1.0,1.0,3.0,1.0,4.0,4.0,9.0,1.0,1.0,5.0,1.0,1.0,1.0,4.0,2.0,5.0,1.0,7.0,1.0,5.0,1.0,1.0,1.0,18.20845275419301,1.0,5.0,4.0,6.0,1.0,-3.0,-1.0,-1.0,-13.71931735451625,-2.0,-2.0,-1.0,-1.0,-1.0,-1.0,-3.0,-1.0,-2.0,-4.0,-1.0,-2.0,-1.0,-1.0,-1.0,5.0,4.0,2.0,7.0,2.0,1.0,2.0,1.0,2.0,1.0,3.0,4.0,4.0,1.0,1.0,2.0,4.0,2.0,6.0,1.0,5.0,11.27775448851298,8.0,7.0,1.0,4.0,3.0,1.0,1.0,1.0,2.0,1.0,4.0,1.0,1.0,1.0,1.0,2.0,1.0,1.0,3.0,2.0,4.0,7.0,7.0,4.0,1.0,1.0,4.0,1.0,1.0,2.0,1.0,1.0,5.0,1.0,2.0,7.0,4.0,2.0,2.0,1.0,1.0,1.0,2.0,2.0,2.0,1.0,1.0,2.0,6.0,1.0,4.0,2.0,3.0,-9.81276160699843,1.0,8.0,8.0,1.0,1.0,2.0,2.0,1.0,1.0,2.0,2.0,11.0,5.0,2.0,1.0,2.0,2.0,2.0,2.0,2.0,2.0,2.0,2.0,2.0,1.0,1.0,25.0,6.0,5.0,5.0,5.0,5.0,5.0,5.0,3.0,2.0,1.0,1.0,2.0,1.0,1.0,12.0,15.0,4.0,4.0,5.0,4.0,4.0,5.0,2.0,1.0,5.0,1.0,1.0,2.0,1.0,16.0,5.0,4.0,5.0,4.0,10.0,2.0,4.0,3.0,3.0,6.0,4.0,4.0,4.0,4.0,4.0,4.0,4.0,4.0,4.0,2.0,4.0,4.0,4.0,4.0,4.0,4.0,1.0,1.0,4.0,4.0,4.0,4.0,4.0,4.0,1.0,1.0,1.0,1.0,1.0,1.0,4.0,4.0,4.0,4.0,4.0,4.0,4.0,4.0,4.0,4.0,1.0,1.0,1.0,1.0,3.0,1.0,1.0,10.0,1.0,1.0,1.0,1.0,1.0,21.0,15.0,1.0,1.0,1.0,1.0,1.0,1.0,5.0,1.0,6.0,2.0,2.0,23.0,14.0,1.0,3.0,3.0,3.0,3.0,3.0,3.0,3.0,3.0,1.0,1.0,1.0,1.0,1.0,6.0,1.0,4.0,10.0,9.0,26.0,7.0,3.0,3.0,4.0,3.0,3.0,3.0,4.0,3.0,1.0,1.0,1.0,1.0,3.0,1.0,1.0,13.0,2.0,2.0,2.0,2.0,2.0,2.0,2.0,1.0,1.0,2.0,2.0,2.0,2.0,2.0,2.0,3.0,2.0,1.0,2.0,2.0,2.0,2.0,2.0,2.0,2.0,1.0,2.0,2.0,2.0,2.0,2.0,2.0,2.0,2.0,2.0,2.0,2.0,1.0,-2.0,1.0,4.0,1.0,-4.0,-4.0,-5.0,-4.0,-4.0,-4.0,-5.0,-4.0,-1.0,1.0,2.0,-1.0,1.0,-4.0,-5.0,-4.0,-4.0,-5.0,-4.0,2.0,1.0,-5.0,-6.0,-5.0,-5.0,-6.0,-5.0,1.0,1.0,1.0,-5.0,-5.0,-5.0,-5.0,-5.0,-5.0,-1.0,1.0,-1.0,-5.0,-5.0,-5.0,-5.0,-5.0,-5.0,-3.0,-4.0,-1.0,-1.0,-3.0,-1.0,0.0,1.0,-9.0,-5.0,1.0,-1.0,-2.0,-1.0,-1.0,-2.0,-1.0,-3.0,-2.0,-1.0,-1.0,-1.0,-1.0,-1.0,-3.0,-1.0,-1.0,-1.0,-1.0,-3.0,-2.0,19.45784305872714,-2.0,-1.0,-1.0,-1.0,-2.0,7.0,-4.0,-2.0,-3.0,-3.0,-1.0,-1.0,-1.0,1.0,1.0,0.0,-1.0,-5.0,-7.0,-1.0,-2.0,-1.0,9.0,2.0,13.0,-1.0,-1.0,-1.0,-5.0,-5.0,-2.0,-4.0,1.0,5.0,4.0,2.0,2.0,1.0,2.0,15.0,17.0,4.0,5.0,7.0,13.0,1.0,3.0,1.0,1.0,1.0,12.0,5.0,5.0,1.0,11.0,2.0,4.0,2.0,1.0,15.57346510062307,4.0,2.0,1.0,1.0,2.0,1.0,1.0,2.0,1.0,1.0,2.0,6.0,1.0,1.0,2.0,4.0,3.0,2.0,2.0,3.0,7.0,1.0,1.0,1.0,1.0,1.0,2.0,1.0,1.0,1.0,1.0,1.0,1.0,1.0,1.0,2.0,2.0,1.0,4.0,1.0,1.0,1.0,1.0,3.0,1.0,2.0,6.0,1.0,1.0,1.0,1.0,1.0,1.0,1.0,1.0,1.0,1.0,1.0,1.0,3.0,1.0,1.0,3.0,2.0,2.0,2.0,5.0,-20.80157324031526,2.0,2.0,4.0,3.0,1.0,2.0,2.0,2.0,2.0,1.0,1.0,2.0,2.0,2.0,1.0,1.0,1.0,1.0,1.0,2.0,1.0,4.0,1.0,1.0,1.0,1.0,2.0,1.0,1.0,1.0,5.0,5.0,1.0,4.0,3.0,2.0,2.0,1.0,5.0,1.0,3.0,4.0,2.0,1.0,3.0,3.0,4.0,3.0,3.0,1.0,1.0,2.0,1.0,3.0,2.0,4.0,2.0,1.0,4.0,2.0,1.0,2.0,3.0,3.0,3.0,3.0,2.0,1.0,4.0,5.0,1.0,1.0,5.0,4.0,2.0,1.0,1.0,1.0,6.0,10.0,1.0,5.0,5.0,1.0,7.0,2.0,1.0,10.0,4.0,3.0,3.0,1.0,7.0,1.0,11.0,1.0,2.0,2.0,1.0,3.0,2.0,1.0,1.0,5.0,8.0,1.0,7.0,3.0,1.0,2.0,2.0,1.0,2.0,1.0,1.0,1.0,1.0,2.0,7.0,6.0,1.0,2.0,1.0,1.0,1.0,1.0,5.0,1.0,1.0,2.0,5.0,1.0,2.0,7.0,6.0,6.0,1.0,2.0,9.0,3.0,6.0,1.0,6.0,4.0,9.0,1.0,1.0,1.0,2.0,10.0,6.0,2.0,2.0,5.0,5.0,1.0,10.0,1.0,2.0,4.0,5.0,13.0,1.0,1.0,1.0,1.0,4.0,4.0,3.0,1.0,2.0,1.0,1.0,1.0,2.0,4.0,4.0,5.0,11.0,1.0,1.0,13.2640361646798,1.0,5.0,2.0,7.0,1.0,1.0,2.0,1.0,1.0,1.0,3.0,3.0,2.0,2.0,3.0,5.0,1.0,2.0,1.0,-2.0,1.0,1.0,7.0,-3.0,-3.0,-3.0,-3.0,1.0,0.0,4.0,-2.0,5.0,-6.0,-6.0,-6.0,-6.0,-2.0,-1.0,-1.0,-6.0,-6.0,-6.0,-6.0,-3.0,-2.0,-1.0,-1.0,-3.0,-3.0,-3.0,-3.0,-2.0,-1.0,-1.0,2.0,-1.0,-6.0,-6.0,-6.0,-6.0,-6.0,-6.0,-6.0,1.0,1.0,-3.0,-3.0,7.0,2.0,-5.0,-5.0,-5.0,-5.0,1.0,-2.0,-2.0,2.0,1.0,-5.0,-6.0,-5.0,-5.0,2.0,1.0,1.0,1.0,-6.0,-6.0,-6.0,-6.0,-1.0,1.0,-2.0,-2.0,1.0,2.0,-13.0,-13.0,-1.0,-1.0,-2.0,2.0,1.0,-5.0,-5.0,-5.0,-5.0,-5.0,-5.0,1.0,1.0,-5.0,-5.0,-5.0,-5.0,-5.0,0.0,-3.0,-12.0,-12.0,1.0,5.0,-7.0,-7.0,-7.0,-7.0,1.0,7.0,1.0,1.0,1.0,2.0,11.0,1.0,4.0,1.0,3.0,6.0,1.0,2.0,3.0,15.0,3.0,2.0,3.0,4.0,1.0,6.0,6.0,4.0,2.0,1.0,1.0,1.0,1.0,1.0,1.0,3.0,7.0,1.0,3.0,1.0,1.0,1.0,3.0,2.0,1.0,2.0,2.0,1.0,1.0,3.0,3.0,3.0,1.0,1.0,2.0,3.0,3.0,3.0,1.0,1.0,1.0,3.0,4.0,4.0,2.0,3.0,1.0,1.0,1.0,1.0,1.0,1.0,2.0,3.0,4.0,4.0,2.0,6.0,3.0,1.0,1.0,1.0,1.0,1.0,1.0,2.0,3.0,1.0,13.0,3.0,1.0,1.0,6.0,1.0,1.0,1.0,4.0,1.0,1.0,2.0,2.0,4.0,3.0,3.0,1.0,1.0,1.0,1.0,2.0,2.0,3.0,3.0,1.0,1.0,2.0,2.0,1.0,2.0,6.0,6.0,2.0,3.0,2.0,2.0,1.0,1.0,2.0,2.0,6.0,6.0,2.0,3.0,2.0,2.0,1.0,1.0,21.0,3.0,4.0,1.0,2.0,2.0,8.0,1.0,7.0,2.0,1.0,2.0,3.0,4.0,4.0,1.0,16.0,1.0,6.0,3.0,1.0,1.0,2.0,10.0,1.0,10.0,3.0,3.0,2.0,1.0,4.0,3.0,1.0,2.0,1.0,1.0,4.0,1.0,3.0,1.0,2.0,2.0,1.0,1.0,1.0,1.0,3.0,1.0,1.0,2.0,1.0,1.0,1.0,1.0,1.0,1.29786125122586,1.0,1.0,1.0,1.0,1.0,4.0,3.0,1.0,1.0,1.0,1.0,1.0,1.0,2.0,2.0,1.0,4.0,1.0,4.0,1.0,1.0,2.0,1.0,1.0,3.0,2.0,2.0,2.0,2.0,1.0,1.0,6.0,24.0,4.0,1.0,3.0,2.0,1.0,1.0,16.0,35.0,3.0,1.0,1.0,1.0,1.0,1.0,1.0,3.0,5.0,1.0,1.0,2.0,7.0,5.0,5.0,2.0,3.0,1.0,1.0,1.0,8.0,1.0,5.0,3.0,2.0,9.0,6.0,1.0,4.0,13.0,1.0,7.0,7.0,1.0,1.0,1.0,1.0,1.0,4.0,6.0,3.0,2.0,1.0,8.0,6.0,1.0,1.0,1.0,2.0,3.0,1.0,2.0,8.0,1.0,2.0,9.0,2.0,1.0,1.0,1.0,1.0,1.0,4.0,1.0,1.0,4.0,5.0,1.0,1.0,2.0,3.0,2.0,1.0,2.0,5.0,6.0,4.0,6.0,8.0,11.0,7.0,6.0,1.0,1.0,1.0,4.0,1.0,3.0,4.0,5.0,12.0,5.0,2.0,2.0,1.0,4.0,2.0,1.0,1.0,1.0,3.0,4.0,3.0,2.0,17.29671484676516,3.0,5.0,1.0,7.0,5.0,2.0,2.0,3.0,1.0,1.0,1.0,1.0,2.0,1.0,2.0,1.0,1.0,12.0,10.0,8.0,6.0,5.0,1.0,1.0,1.0,3.0,1.0,1.0,1.0,3.0,4.0,1.0,2.0,1.0,1.0,1.0,2.0,1.0,1.0,8.0,1.0,1.0,2.0,2.0,5.0,2.0,2.0,1.0,1.0,3.0,2.0,3.0,1.0,6.0,6.0,1.0,1.0,6.0,1.0,6.0,9.0,3.0,13.0,10.0,1.0,1.0,11.0,1.0,1.0,3.0,8.0,9.0,2.0,1.0,2.0,3.0,3.0,3.0,1.0,1.0,1.0,5.0,5.0,2.0,1.0,2.0,2.0,1.0,1.0,5.0,1.0,1.0,1.0,1.0,3.0,2.0,1.0,2.0,1.0,3.0,4.0,1.0,2.0,1.0,2.0,1.0,2.0,2.0,1.0,1.0,2.0,2.0,1.0,1.0,1.0,1.0,1.0,1.0,2.0,1.0,8.0,2.0,1.0,5.0,6.0,2.0,1.0,1.0,1.0,6.0,2.0,3.0,4.0,3.0,1.0,1.0,2.0,2.0,1.0,1.0,11.0,1.0,1.0,2.0,4.0,5.0,3.0,1.0,4.0,1.0,14.0,4.0,7.0,1.0,1.0,2.0,1.0,1.0,2.92572291035908,1.0,1.0,1.0,3.0,1.0,9.0,2.0,2.0,1.0,1.0,7.0,1.0,8.0,1.0,1.0,1.0,1.0,2.0,1.0,1.0,1.0,1.0,2.0,1.0,1.0,1.0,1.0,1.0,1.0,4.0,4.0,3.0,2.0,1.0,1.0,1.0,1.0,3.0,1.0,1.0,1.0,1.0,1.0,1.0,1.0,1.0,2.0,1.0,3.0,0.24337417607789,1.0,1.0,3.0,5.0,9.0,7.0,2.0,2.0,1.0,1.0,1.0,2.0,3.0,1.0,1.0,2.0,3.0,1.0,1.0,2.0,2.0,1.0,1.0,1.0,1.0,2.0,1.0,1.0,-1.0,-1.0,-2.0,-4.0,-12.0,-7.0,-6.0,-6.0,-9.0,-11.0,-2.0,-8.0,-10.0,-6.0,-11.0,-6.50984180533249,-1.0,-4.0,-1.0,-10.0,-11.0,-3.0,-8.0,-12.0,-10.0,-1.0,-1.0,-1.0,-1.0,-7.0,-7.0,-13.0,-7.0,2.0,1.0,1.0,1.0,2.0,1.0,1.0,5.0,1.0,2.0,1.0,1.0,3.0,1.0,3.0,1.0,1.0,1.0,1.0,1.0,1.0,1.0,1.0,4.0,1.0,1.0,2.0,1.0,1.0,3.0,1.0,1.0,2.0,1.0,1.0,2.0,3.0,1.0,2.0,1.0,1.0,1.0,1.0,1.0,1.0,2.0,1.0,2.0,1.0,2.0,5.0,6.0,1.0,2.0,1.0,1.0,3.0,1.0,1.0,2.0,3.0,3.0,1.0,1.0,2.0,5.0,5.0,1.0,1.0,4.0,3.0,2.0,1.0,1.0,-1.0,1.0,2.0,-3.0,1.0,1.0,-4.0,-4.0,-3.0,2.0,-1.0,-1.0,-1.0,-2.0,2.0,10.0,1.0,1.0,1.0,2.0,3.0,4.0,1.0,2.0,1.0,17.0,1.0,1.0,1.0,1.0,2.0,1.0,1.0,1.0,4.0,4.0,1.0,3.0,1.0,1.0,2.0,1.0,1.0,1.0,2.0,2.0,1.0,1.0,1.0,1.0,2.0,3.0,18.94840458248437,1.0,1.0,3.0,1.0,1.0,1.0,2.0,3.0,1.0,1.0,2.0,4.0,2.0,1.0,1.0,1.0,1.0,2.0,3.0,1.0,4.0,1.0,1.0,1.0,4.0,4.0,1.0,1.0,2.0,2.0,2.0,2.0,1.0,2.0,1.0,2.0,3.0,1.0,6.0,11.0,8.0,5.0,4.0,5.0,3.0,2.0,1.0,1.0,1.0,1.0,1.0,2.0,2.0,3.0,2.0,3.0,1.0,1.0,1.0,1.0,1.0,1.0,3.0,2.0,5.0,1.0,2.0,2.0,1.0,5.0,1.0,5.0,1.0,2.0,5.0,3.0,2.0,1.0,15.11250881122309,1.0,2.0,3.0,1.0,1.0,1.0,3.0,3.0,2.0,4.0,1.0,1.0,1.0,1.0,1.0,1.0,1.0,1.0,1.0,1.0,1.0,3.0,5.0,1.0,1.0,1.0,2.0,2.0,1.0,1.0,5.0,1.0,1.0,5.0,1.0,1.0,-7.0,-7.0,1.0,-1.0,-4.0,-2.0,-1.0,-2.0,-1.0,1.0,-1.0,-3.0,-5.0,0.0,-3.0,-1.0,-2.0,-4.0,1.0,-1.0,1.0,-1.0,-1.0,1.0,-1.0,-1.0,2.0,-2.0,-3.0,2.0,-2.0,-1.0,1.0,-1.0,-1.0,-2.0,1.0,-2.0,-1.0,2.0,-1.0,-1.0,-1.0,-1.0,-2.0,2.0,-2.0,-2.0,0.0,-1.0,-1.0,-1.0,-1.0,-1.0,1.0,1.0,1.0,7.0,1.0,1.0,1.0,1.0,1.0,2.0,1.0,1.0,12.0,1.0,1.0,1.0,1.0,1.0,1.0,2.0,1.0,1.0,1.0,1.0,2.0,4.0,3.0,1.0,1.0,3.0,1.0,1.0,1.0,1.0,2.0,1.0,1.0,1.0,1.0,1.0,2.0,1.0,1.0,3.0,7.0,2.0,1.0,1.0,1.0,1.0,1.0,1.0,1.0,1.0,1.0,1.0,1.0,1.0,6.0,1.0,1.0,1.0,1.0,1.0,1.0,1.0,1.0,1.0,1.0,1.0,1.0,1.0,1.0,1.0,1.0,4.0,1.0,1.0,1.0,1.0,1.0,1.0,1.0,1.0,1.0,1.0,1.0,1.0,1.0,1.0,1.0,1.0,1.0,1.0,1.0,-1.0,-1.0,1.0,1.0,2.0,-2.0,-2.0,-2.0,-2.0,-2.0,1.0,1.0,-3.56110793196185,-3.0,-3.0,-3.0,1.0,-5.0,-5.0,-5.0,1.0,1.0,1.0,1.0,2.0,1.0,1.0,-1.0,-1.0,-1.0,-1.0,-1.0,-1.0,4.0,4.0,1.0,1.0,3.0,1.0,1.0,1.0,1.0,1.0,3.0,3.0,2.0,1.0,1.0,1.0,1.0,1.0,2.0,1.0,1.0,2.0,2.0,1.0,1.0,1.0,1.0,1.0,3.0,3.0,3.0,1.0,1.0,2.0,1.0,1.0,2.0,2.0,2.0,1.0,1.0,1.0,2.0,1.0,1.0,1.0,1.0,3.0,1.0,1.0,1.0,1.0,4.0,2.0,5.0,1.0,2.0,1.0,1.0,1.0,1.0,3.0,1.0,2.0,3.0,2.0,1.0,1.0,1.0,2.0,2.0,2.0,2.0,1.0,6.0,3.0,6.0,1.0,1.0,1.0,3.0,1.0,4.0,5.0,1.0,1.0,1.0,1.0,1.0,17.0,1.0,2.0,12.0,1.0,2.0,3.0,8.0,13.0,5.0,2.0,1.0,2.0,6.0,4.0,4.0,2.0,1.0,3.0,2.0,1.0,1.0,1.0,3.0,1.0,1.0,1.0,3.0,1.0,1.0,1.0,3.0,1.0,1.0,1.0,2.0,3.0,7.0,4.0,3.0,-0.31044766992144,2.0,2.0,2.0,1.0,1.0,1.0,1.0,1.0,1.0,1.0,1.0,1.0,1.0,1.0,1.0,1.0,1.0,1.0,1.0,1.0,1.0,1.0,1.0,1.0,1.0,1.0,1.0,1.0,3.0,1.0,1.0,2.0,2.0,2.0,2.0,3.0,1.0,1.0,1.0,2.0,1.0,4.0,3.0,1.0,1.0,1.0,2.0,1.0,7.39298284432326,1.0,5.0,3.0,2.0,1.0,1.0,1.0,1.0,1.0,1.0,1.0,1.0,1.0,3.0,4.0,3.0,1.0,1.0,1.0,1.0,1.0,1.0,1.0,1.0,1.0,1.0,1.0,1.0,2.0,1.0,1.0,1.0,1.0,1.0,1.0,1.0,1.0,1.0,1.0,1.0,2.0,1.0,1.0,1.0,1.0,1.0,1.0,1.0,1.0,1.0,1.0,1.0,1.0,1.0,3.0,8.0,2.0,1.0,2.0,1.0,1.0,4.0,1.0,1.0,1.0,1.0,1.0,1.0,1.0,7.0,5.0,2.0,3.0,1.0,1.0,2.0,1.0,1.0,1.0,1.0,1.0,1.0,2.0,3.0,1.0,2.0,2.0,2.0,-16.38832593496558,3.0,1.0,1.0,1.0,1.0,3.0,2.0,3.0,3.0,1.0,1.0,2.0,2.0,2.0,3.0,2.0,1.0,3.0,1.0,2.0,2.0,2.0,2.0,2.0,2.0,1.0,1.0,1.0,1.0,1.0,1.0,1.0,1.0,1.0,2.0,1.0,1.0,1.0,3.0,1.0,1.0,1.0,1.0,1.0,1.0,1.0,2.0,1.0,6.0,1.0,5.0,1.0,4.0,1.0,8.0,1.0,3.0,3.0,4.0,1.0,2.0,2.0,1.0,1.0,3.0,2.0,3.0,1.0,2.0,1.0,1.0,2.0,1.0,1.0,4.0,6.0,1.0,1.0,1.0,2.0,2.0,1.0,1.0,3.0,5.0,5.38785976813884,1.0,1.0,5.0,1.0,1.0,2.0,1.0,1.0,1.0,4.0,2.0,1.0,4.0,2.0,6.0,1.0,1.0,1.0,1.0,6.0,5.96397995782018,1.0,1.0,3.0,3.0,-1.3686525685699,9.0,2.0,3.0,3.0,3.0,3.0,1.0,1.0,5.0,5.0,5.0,5.0,1.0,7.0,10.0,2.0,1.0,4.0,5.0,5.0,5.0,5.0,2.0,1.0,3.0,5.0,4.0,2.0,2.0,1.0,1.0,2.0,3.0,1.0,1.0,3.0,11.0,5.0,5.0,5.0,5.0,5.0,5.0,5.0,5.0,13.0,3.0,2.0,2.0,3.0,11.0,5.0,5.0,5.0,5.0,1.0,1.0,2.0,18.0,11.0,2.0,1.0,3.0,3.0,5.0,5.0,5.0,5.0,5.0,5.0,2.0,1.0,3.0,1.0,1.0,21.0,1.0,2.0,3.0,6.0,6.0,6.0,6.0,2.0,5.0,3.0,2.0,5.0,13.0,2.0,5.0,5.0,5.0,5.0,6.0,2.0,24.0,2.0,1.0,2.0,5.0,5.0,5.0,5.0,1.0,2.0,4.0,3.0,12.0,1.0,9.0,4.0,4.0,4.0,4.0,4.0,4.0,4.0,1.0,10.0,4.0,1.0,21.0,1.0,2.0,1.0,1.0,1.0,4.0,3.0,5.0,6.0,6.0,6.0,6.0,6.0,1.0,1.0,3.0,15.0,1.0,1.0,1.0,1.0,7.0,4.0,1.0,10.0,5.0,5.0,5.0,5.0,1.0,1.0,4.0,2.0,-19.72431348956135,1.0,2.0,2.0,9.0,2.0,1.0,1.0,3.0,1.0,4.0,3.0,1.0,1.0,1.0,1.0,1.0,2.0,1.0,1.0,9.0,1.0,1.0,1.0,2.0,5.0,5.0,5.0,5.0,2.0,1.0,7.0,1.0,2.0,5.0,5.0,5.0,5.0,5.0,5.0,5.0,3.0,1.0,1.0,20.0,1.0,1.0,1.0,4.0,1.0,1.0,2.0,1.0,9.0,3.0,4.0,4.0,4.0,4.0,4.0,4.0,4.0,4.0,1.0,1.0,37.0,1.0,1.0,1.0,6.0,6.0,6.0,6.0,6.0,6.0,1.0,1.0,1.0,1.0,6.0,16.0,1.0,5.0,5.0,5.0,5.0,1.0,27.0,1.0,1.0,1.0,7.0,6.0,6.0,6.0,6.0,1.0,2.0,1.0,30.0,1.0,1.0,1.0,1.0,8.0,6.0,6.0,6.0,6.0,13.32796194626393,2.0,2.0,2.0,2.0,5.0,5.0,7.0,3.0,30.0,3.0,10.0,6.0,1.0,10.0,5.0,5.0,5.0,5.0,5.0,5.0,5.0,4.0,1.0,6.0,8.0,1.0,2.0,3.0,4.0,4.0,5.0,6.0,6.0,6.0,6.0,-5.0,-5.0,-5.0,-5.0,-5.0,-5.0,-5.0,-5.0,-5.0,-5.0,1.0
1.0,1.0,1.0,2.0,1.0,2.0,4.0,7.0,1.0,2.0,1.0,5.0,1.0,1.0,1.0,1.0,3.0,1.0,2.0,1.0,1.0,1.0,1.0,1.0,1.0,1.0,5.0,2.0,1.0,3.0,1.0,1.0,5.0,1.0,1.0,2.0,1.0,1.0,1.0,2.0,3.0,1.0,1.0,1.0,1.0,1.0,1.0,1.0,1.0,1.0,1.0,1.0,5.0,3.0,2.0,1.0,1.0,2.0,1.0,1.0,1.0,1.0,1.0,1.0,1.0,1.0,2.0,1.0,5.0,1.0,2.0,1.0,1.0,2.0,1.0,1.0,1.0,1.0,2.0,1.0,7.0,4.0,1.0,2.0,1.0,2.0,12.0,5.0,1.0,15.0,1.0,2.0,2.0,2.0,1.0,1.0,8.0,1.0,4.0,1.0,1.0,16.0,3.0,3.0,1.0,2.0,1.0,1.0,6.0,7.0,1.0,2.0,3.0,2.0,2.0,3.0,2.0,1.0,5.0,1.0,3.0,2.0,2.0,1.0,1.0,1.0,10.0,10.0,1.0,3.0,2.0,1.0,2.0,5.0,2.0,1.0,3.0,1.0,1.0,1.0,1.0,1.0,1.0,1.0,7.0,1.0,1.0,13.0,1.0,1.0,1.0,10.0,2.0,1.0,3.0,1.0,1.0,2.0,3.0,1.0,1.0,1.0,1.0,1.0,1.0,1.0,2.0,1.0,14.0,1.0,1.0,1.0,2.0,2.0,1.0,3.0,2.0,1.0,1.0,1.0,2.0,5.0,1.0,1.0,1.0,4.0,1.0,4.0,2.0,14.0,1.0,2.0,2.0,4.0,1.0,1.0,3.0,1.0,1.0,2.0,1.0,1.0,4.0,3.0,17.0,1.0,1.0,1.0,1.0,3.0,1.0,3.0,5.0,1.0,2.0,2.0,2.0,1.0,1.0,1.0,4.0,1.0,2.0,1.0,1.0,1.0,1.0,1.0,1.0,5.0,2.0,2.0,3.0,1.0,1.0,1.0,1.0,2.0,1.0,1.0,1.0,1.0,1.0,5.0,2.0,3.0,2.0,2.0,3.0,1.0,2.0,4.0,1.0,2.0,2.0,2.0,1.0,1.0,1.0,1.0,1.0,3.0,2.0,1.0,1.0,13.0,3.0,1.0,1.0,1.0,7.0,4.0,1.0,1.0,1.0,8.0,1.0,1.0,6.0,2.0,1.0,3.0,2.0,8.0,2.0,1.0,1.0,1.0,5.0,1.0,8.0,1.0,4.0,9.0,7.0,1.0,1.0,8.0,1.0,2.0,1.0,1.0,4.0,1.0,1.0,1.0,7.0,4.0,5.0,3.0,1.0,1.0,1.0,2.0,1.0,1.0,1.0,1.0,1.0,1.0,6.0,3.0,2.0,2.0,1.0,1.0,1.0,1.0,1.0,1.0,5.0,1.0,1.0,3.0,1.0,1.0,3.0,3.0,1.0,1.0,1.0,2.0,2.0,1.0,1.0,1.0,3.0,4.0,4.0,1.0,1.0,1.0,2.0,1.0,2.0,2.0,2.0,8.0,9.0,3.0,1.0,2.0,1.0,1.0,3.0,2.0,2.0,1.0,5.0,1.0,3.0,3.0,3.0,4.0,1.0,1.0,2.0,2.0,3.0,3.0,1.0,3.0,2.0,1.0,1.0,1.0,1.0,1.0,1.0,1.0,1.0,1.0,1.0,1.0,2.0,10.0,2.0,3.0,3.0,3.0,2.0,1.0,1.0,1.0,1.0,2.0,1.0,15.0,3.0,3.0,3.0,3.0,1.0,1.0,11.0,2.0,2.0,2.0,3.0,1.0,1.0,1.0,1.0,9.0,2.0,2.0,3.0,3.0,1.0,1.0,1.0,2.0,1.0,13.0,2.0,2.0,3.0,3.0,6.0,5.0,2.0,2.0,2.0,2.0,3.0,3.0,4.0,3.0,2.0,2.0,3.0,3.0,4.0,2.0,7.0,3.0,3.0,2.0,2.0,1.0,3.0,7.0,2.0,13.0,6.0,4.0,1.0,1.0,1.0,2.0,1.0,3.0,2.0,10.0,2.0,14.0,1.0,1.0,1.0,9.0,3.0,2.0,1.0,1.0,10.0,2.0,1.0,1.0,1.0,2.0,3.0,7.0,5.0,1.0,1.0,1.0,2.0,6.0,2.0,2.0,4.0,2.0,1.0,1.0,1.0,3.0,2.0,10.0,3.0,1.0,1.0,1.0,5.0,3.0,5.0,1.0,3.0,1.0,1.0,2.0,2.0,3.0,2.0,1.0,2.0,1.0,1.0,1.0,2.0,1.0,1.0,1.0,1.0,5.0,1.0,2.0,1.0,1.0,1.0,1.0,1.0,4.0,1.0,1.0,14.0,1.0,4.0,1.0,13.0,11.0,2.0,2.0,1.0,5.0,1.0,11.0,1.0,1.0,1.0,1.0,1.0,4.0,1.0,1.0,1.0,1.0,3.0,1.0,3.0,1.0,5.0,9.0,1.0,1.0,1.0,1.0,4.0,1.0,6.0,13.0,1.0,3.0,3.0,4.0,1.0,3.0,1.0,4.0,1.0,14.0,9.0,12.0,7.0,1.0,1.0,1.0,2.0,4.0,4.0,6.0,10.0,8.0,21.0,4.0,4.0,3.0,2.0,4.0,1.0,2.0,12.0,11.0,1.0,3.0,4.0,1.0,1.0,1.0,1.0,3.0,6.0,7.0,2.0,5.0,3.0,3.0,8.0,10.0,2.0,19.0,8.0,5.0,1.0,3.0,2.0,6.0,-2.04564786099211,2.0,1.0,2.0,3.0,8.0,9.0,6.0,6.0,1.0,1.0,2.0,2.0,2.0,8.0,4.0,5.0,8.0,7.0,13.0,3.0,9.0,2.0,1.0,3.0,5.0,1.0,3.0,1.0,1.0,5.47566330468136,8.0,1.0,2.0,1.0,1.0,6.0,1.0,1.0,1.0,5.0,15.0,1.0,2.0,7.0,5.0,4.0,5.0,4.0,16.0,6.0,4.0,2.0,1.0,1.0,1.0,1.0,1.0,1.0,2.0,1.0,7.0,7.0,4.0,1.0,2.0,1.0,2.0,1.0,1.0,1.0,1.0,2.0,2.0,1.0,1.0,1.0,1.0,1.0,1.0,1.0,1.0,1.0,1.0,1.0,2.0,2.0,4.0,1.0,1.0,1.0,2.0,7.0,1.0,1.0,1.0,1.0,1.0,1.0,1.0,2.0,3.0,6.0,7.0,4.0,1.0,3.0,1.0,1.0,1.0,1.0,1.0,1.0,1.0,1.0,1.0,2.0,1.0,1.0,2.0,1.0,1.0,1.0,2.0,1.0,1.0,1.0,1.0,1.0,2.0,2.0,3.0,6.0,1.0,1.0,2.0,1.0,1.0,2.0,1.0,1.0,13.0,19.0,2.0,1.0,1.0,4.0,1.0,1.0,1.0,1.0,1.0,1.0,1.0,1.0,1.0,1.0,1.0,2.0,1.0,1.0,1.0,16.0,15.0,1.0,2.0,2.0,2.0,1.0,1.0,1.0,2.0,1.0,1.0,1.0,1.0,1.0,2.0,1.0,1.0,3.0,1.0,1.0,1.0,2.0,1.0,1.0,12.0,7.0,1.0,5.0,1.0,3.0,1.0,1.0,1.0,2.0,3.0,1.0,1.0,6.0,7.0,3.0,5.0,3.0,1.0,1.0,3.0,2.0,1.0,7.0,16.0,1.0,1.0,5.0,3.0,1.0,1.0,3.0,2.0,1.0,3.96952489648403,1.0,2.0,3.0,3.0,1.0,1.0,2.0,1.0,1.0,1.0,2.0,30.0,1.0,4.0,7.0,1.0,1.0,1.0,1.0,1.0,2.0,1.0,2.0,1.0,1.0,1.0,1.0,1.0,1.0,5.0,24.0,4.0,2.0,1.0,1.0,1.0,1.0,1.0,1.0,2.0,2.0,3.0,1.0,2.0,1.0,1.0,1.0,1.0,1.0,1.0,1.0,2.0,1.0,1.0,1.0,1.0,1.0,1.0,1.0,1.0,3.0,1.0,1.0,1.0,3.0,5.0,2.0,3.0,1.0,1.0,2.0,1.0,2.0,1.0,3.0,1.0,2.0,1.0,1.0,2.0,2.0,2.0,1.0,1.0,5.0,2.0,2.0,4.0,1.0,3.0,1.0,4.0,1.0,1.0,2.0,1.0,1.0,4.0,1.0,2.0,1.0,1.0,2.0,4.0,1.0,2.0,2.0,5.0,1.0,1.0,2.0,1.0,1.0,3.0,1.0,1.0,3.0,3.0,5.0,3.0,4.0,1.0,1.0,1.0,2.0,1.0,2.0,1.0,2.0,1.0,1.0,3.0,1.0,1.0,1.0,1.0,2.0,1.0,1.0,1.0,2.0,1.0,1.0,1.0,1.0,1.0,1.0,1.0,1.0,4.0,1.0,1.0,1.0,2.0,1.0,6.0,1.0,1.0,1.0,2.0,2.0,1.0,1.0,1.0,-1.2523449689335,2.0,1.0,1.0,2.0,1.0,-1.0,-1.0,-1.0,-1.0,-2.0,1.0,9.0,-1.0,1.0,-1.0,-1.0,-5.0,-4.0,-3.0,-4.0,-5.0,-5.0,1.0,1.0,1.0,6.0,6.0,2.0,1.0,3.0,2.0,1.0,4.0,5.0,1.0,3.0,1.0,1.0,2.0,1.0,5.0,1.0,1.0,10.0,4.0,1.0,1.0,1.0,3.0,7.0,1.0,2.0,8.0,1.0,2.0,1.0,1.0,1.0,2.0,1.0,2.0,9.0,1.0,9.0,1.0,1.0,1.0,3.0,1.0,1.0,4.0,4.0,1.0,2.0,1.0,2.0,1.0,1.0,1.0,2.0,1.0,1.0,2.0,4.0,1.0,1.0,10.0,1.0,1.0,1.0,3.0,1.0,4.0,4.0,9.0,1.0,1.0,5.0,1.0,1.0,1.0,4.0,2.0,5.0,1.0,7.0,1.0,5.0,1.0,1.0,1.0,18.20845275419301,1.0,5.0,4.0,6.0,1.0,-3.0,-1.0,-1.0,-13.71931735451625,-2.0,-2.0,-1.0,-1.0,-1.0,-1.0,-3.0,-1.0,-2.0,-4.0,-1.0,-2.0,-1.0,-1.0,-1.0,5.0,4.0,2.0,7.0,2.0,1.0,2.0,1.0,2.0,1.0,3.0,4.0,4.0,1.0,1.0,2.0,4.0,2.0,6.0,1.0,5.0,11.27775448851298,8.0,7.0,1.0,4.0,3.0,1.0,1.0,1.0,2.0,1.0,4.0,1.0,1.0,1.0,1.0,2.0,1.0,1.0,3.0,2.0,4.0,7.0,7.0,4.0,1.0,1.0,4.0,1.0,1.0,2.0,1.0,1.0,5.0,1.0,2.0,7.0,4.0,2.0,2.0,1.0,1.0,1.0,2.0,2.0,2.0,1.0,1.0,2.0,6.0,1.0,4.0,2.0,3.0,-9.81276160699843,1.0,8.0,8.0,1.0,1.0,2.0,2.0,1.0,1.0,2.0,2.0,11.0,5.0,2.0,1.0,2.0,2.0,2.0,2.0,2.0,2.0,2.0,2.0,2.0,1.0,1.0,25.0,6.0,5.0,5.0,5.0,5.0,5.0,5.0,3.0,2.0,1.0,1.0,2.0,1.0,1.0,12.0,15.0,4.0,4.0,5.0,4.0,4.0,5.0,2.0,1.0,5.0,1.0,1.0,2.0,1.0,16.0,5.0,4.0,5.0,4.0,10.0,2.0,4.0,3.0,3.0,6.0,4.0,4.0,4.0,4.0,4.0,4.0,4.0,4.0,4.0,2.0,4.0,4.0,4.0,4.0,4.0,4.0,1.0,1.0,4.0,4.0,4.0,4.0,4.0,4.0,1.0,1.0,1.0,1.0,1.0,1.0,4.0,4.0,4.0,4.0,4.0,4.0,4.0,4.0,4.0,4.0,1.0,1.0,1.0,1.0,3.0,1.0,1.0,10.0,1.0,1.0,1.0,1.0,1.0,21.0,15.0,1.0,1.0,1.0,1.0,1.0,1.0,5.0,1.0,6.0,2.0,2.0,23.0,14.0,1.0,3.0,3.0,3.0,3.0,3.0,3.0,3.0,3.0,1.0,1.0,1.0,1.0,1.0,6.0,1.0,4.0,10.0,9.0,26.0,7.0,3.0,3.0,4.0,3.0,3.0,3.0,4.0,3.0,1.0,1.0,1.0,1.0,3.0,1.0,1.0,13.0,2.0,2.0,2.0,2.0,2.0,2.0,2.0,1.0,1.0,2.0,2.0,2.0,2.0,2.0,2.0,3.0,2.0,1.0,2.0,2.0,2.0,2.0,2.0,2.0,2.0,1.0,2.0,2.0,2.0,2.0,2.0,2.0,2.0,2.0,2.0,2.0,2.0,1.0,-2.0,1.0,4.0,1.0,-4.0,-4.0,-5.0,-4.0,-4.0,-4.0,-5.0,-4.0,-1.0,1.0,2.0,-1.0,1.0,-4.0,-5.0,-4.0,-4.0,-5.0,-4.0,2.0,1.0,-5.0,-6.0,-5.0,-5.0,-6.0,-5.0,1.0,1.0,1.0,-5.0,-5.0,-5.0,-5.0,-5.0,-5.0,-1.0,1.0,-1.0,-5.0,-5.0,-5.0,-5.0,-5.0,-5.0,-3.0,-4.0,-1.0,-1.0,-3.0,-1.0,0.0,1.0,-9.0,-5.0,1.0,-1.0,-2.0,-1.0,-1.0,-2.0,-1.0,-3.0,-2.0,-1.0,-1.0,-1.0,-1.0,-1.0,-3.0,-1.0,-1.0,-1.0,-1.0,-3.0,-2.0,19.45784305872714,-2.0,-1.0,-1.0,-1.0,-2.0,7.0,-4.0,-2.0,-3.0,-3.0,-1.0,-1.0,-1.0,1.0,1.0,0.0,-1.0,-5.0,-7.0,-1.0,-2.0,-1.0,9.0,2.0,13.0,-1.0,-1.0,-1.0,-5.0,-5.0,-2.0,-4.0,1.0,5.0,4.0,2.0,2.0,1.0,2.0,15.0,17.0,4.0,5.0,7.0,13.0,1.0,3.0,1.0,1.0,1.0,12.0,5.0,5.0,1.0,11.0,2.0,4.0,2.0,1.0,15.57346510062307,4.0,2.0,1.0,1.0,2.0,1.0,1.0,2.0,1.0,1.0,2.0,6.0,1.0,1.0,2.0,4.0,3.0,2.0,2.0,3.0,7.0,1.0,1.0,1.0,1.0,1.0,2.0,1.0,1.0,1.0,1.0,1.0,1.0,1.0,1.0,2.0,2.0,1.0,4.0,1.0,1.0,1.0,1.0,3.0,1.0,2.0,6.0,1.0,1.0,1.0,1.0,1.0,1.0,1.0,1.0,1.0,1.0,1.0,1.0,3.0,1.0,1.0,3.0,2.0,2.0,2.0,5.0,-20.80157324031526,2.0,2.0,4.0,3.0,1.0,2.0,2.0,2.0,2.0,1.0,1.0,2.0,2.0,2.0,1.0,1.0,1.0,1.0,1.0,2.0,1.0,4.0,1.0,1.0,1.0,1.0,2.0,1.0,1.0,1.0,5.0,5.0,1.0,4.0,3.0,2.0,2.0,1.0,5.0,1.0,3.0,4.0,2.0,1.0,3.0,3.0,4.0,3.0,3.0,1.0,1.0,2.0,1.0,3.0,2.0,4.0,2.0,1.0,4.0,2.0,1.0,2.0,3.0,3.0,3.0,3.0,2.0,1.0,4.0,5.0,1.0,1.0,5.0,4.0,2.0,1.0,1.0,1.0,6.0,10.0,1.0,5.0,5.0,1.0,7.0,2.0,1.0,10.0,4.0,3.0,3.0,1.0,7.0,1.0,11.0,1.0,2.0,2.0,1.0,3.0,2.0,1.0,1.0,5.0,8.0,1.0,7.0,3.0,1.0,2.0,2.0,1.0,2.0,1.0,1.0,1.0,1.0,2.0,7.0,6.0,1.0,2.0,1.0,1.0,1.0,1.0,5.0,1.0,1.0,2.0,5.0,1.0,2.0,7.0,6.0,6.0,1.0,2.0,9.0,3.0,6.0,1.0,6.0,4.0,9.0,1.0,1.0,1.0,2.0,10.0,6.0,2.0,2.0,5.0,5.0,1.0,10.0,1.0,2.0,4.0,5.0,13.0,1.0,1.0,1.0,1.0,4.0,4.0,3.0,1.0,2.0,1.0,1.0,1.0,2.0,4.0,4.0,5.0,11.0,1.0,1.0,13.2640361646798,1.0,5.0,2.0,7.0,1.0,1.0,2.0,1.0,1.0,1.0,3.0,3.0,2.0,2.0,3.0,5.0,1.0,2.0,1.0,-2.0,1.0,1.0,7.0,-3.0,-3.0,-3.0,-3.0,1.0,0.0,4.0,-2.0,5.0,-6.0,-6.0,-6.0,-6.0,-2.0,-1.0,-1.0,-6.0,-6.0,-6.0,-6.0,-3.0,-2.0,-1.0,-1.0,-3.0,-3.0,-3.0,-3.0,-2.0,-1.0,-1.0,2.0,-1.0,-6.0,-6.0,-6.0,-6.0,-6.0,-6.0,-6.0,1.0,1.0,-3.0,-3.0,7.0,2.0,-5.0,-5.0,-5.0,-5.0,1.0,-2.0,-2.0,2.0,1.0,-5.0,-6.0,-5.0,-5.0,2.0,1.0,1.0,1.0,-6.0,-6.0,-6.0,-6.0,-1.0,1.0,-2.0,-2.0,1.0,2.0,-13.0,-13.0,-1.0,-1.0,-2.0,2.0,1.0,-5.0,-5.0,-5.0,-5.0,-5.0,-5.0,1.0,1.0,-5.0,-5.0,-5.0,-5.0,-5.0,0.0,-3.0,-12.0,-12.0,1.0,5.0,-7.0,-7.0,-7.0,-7.0,1.0,7.0,1.0,1.0,1.0,2.0,11.0,1.0,4.0,1.0,3.0,6.0,1.0,2.0,3.0,15.0,3.0,2.0,3.0,4.0,1.0,6.0,6.0,4.0,2.0,1.0,1.0,1.0,1.0,1.0,1.0,3.0,7.0,1.0,3.0,1.0,1.0,1.0,3.0,2.0,1.0,2.0,2.0,1.0,1.0,3.0,3.0,3.0,1.0,1.0,2.0,3.0,3.0,3.0,1.0,1.0,1.0,3.0,4.0,4.0,2.0,3.0,1.0,1.0,1.0,1.0,1.0,1.0,2.0,3.0,4.0,4.0,2.0,6.0,3.0,1.0,1.0,1.0,1.0,1.0,1.0,2.0,3.0,1.0,13.0,3.0,1.0,1.0,6.0,1.0,1.0,1.0,4.0,1.0,1.0,2.0,2.0,4.0,3.0,3.0,1.0,1.0,1.0,1.0,2.0,2.0,3.0,3.0,1.0,1.0,2.0,2.0,1.0,2.0,6.0,6.0,2.0,3.0,2.0,2.0,1.0,1.0,2.0,2.0,6.0,6.0,2.0,3.0,2.0,2.0,1.0,1.0,21.0,3.0,4.0,1.0,2.0,2.0,8.0,1.0,7.0,2.0,1.0,2.0,3.0,4.0,4.0,1.0,16.0,1.0,6.0,3.0,1.0,1.0,2.0,10.0,1.0,10.0,3.0,3.0,2.0,1.0,4.0,3.0,1.0,2.0,1.0,1.0,4.0,1.0,3.0,1.0,2.0,2.0,1.0,1.0,1.0,1.0,3.0,1.0,1.0,2.0,1.0,1.0,1.0,1.0,1.0,1.29786125122586,1.0,1.0,1.0,1.0,1.0,4.0,3.0,1.0,1.0,1.0,1.0,1.0,1.0,2.0,2.0,1.0,4.0,1.0,4.0,1.0,1.0,2.0,1.0,1.0,3.0,2.0,2.0,2.0,2.0,1.0,1.0,6.0,24.0,4.0,1.0,3.0,2.0,1.0,1.0,16.0,35.0,3.0,1.0,1.0,1.0,1.0,1.0,1.0,3.0,5.0,1.0,1.0,2.0,7.0,5.0,5.0,2.0,3.0,1.0,1.0,1.0,8.0,1.0,5.0,3.0,2.0,9.0,6.0,1.0,4.0,13.0,1.0,7.0,7.0,1.0,1.0,1.0,1.0,1.0,4.0,6.0,3.0,2.0,1.0,8.0,6.0,1.0,1.0,1.0,2.0,3.0,1.0,2.0,8.0,1.0,2.0,9.0,2.0,1.0,1.0,1.0,1.0,1.0,4.0,1.0,1.0,4.0,5.0,1.0,1.0,2.0,3.0,2.0,1.0,2.0,5.0,6.0,4.0,6.0,8.0,11.0,7.0,6.0,1.0,1.0,1.0,4.0,1.0,3.0,4.0,5.0,12.0,5.0,2.0,2.0,1.0,4.0,2.0,1.0,1.0,1.0,3.0,4.0,3.0,2.0,17.29671484676516,3.0,5.0,1.0,7.0,5.0,2.0,2.0,3.0,1.0,1.0,1.0,1.0,2.0,1.0,2.0,1.0,1.0,12.0,10.0,8.0,6.0,5.0,1.0,1.0,1.0,3.0,1.0,1.0,1.0,3.0,4.0,1.0,2.0,1.0,1.0,1.0,2.0,1.0,1.0,8.0,1.0,1.0,2.0,2.0,5.0,2.0,2.0,1.0,1.0,3.0,2.0,3.0,1.0,6.0,6.0,1.0,1.0,6.0,1.0,6.0,9.0,3.0,13.0,10.0,1.0,1.0,11.0,1.0,1.0,3.0,8.0,9.0,2.0,1.0,2.0,3.0,3.0,3.0,1.0,1.0,1.0,5.0,5.0,2.0,1.0,2.0,2.0,1.0,1.0,5.0,1.0,1.0,1.0,1.0,3.0,2.0,1.0,2.0,1.0,3.0,4.0,1.0,2.0,1.0,2.0,1.0,2.0,2.0,1.0,1.0,2.0,2.0,1.0,1.0,1.0,1.0,1.0,1.0,2.0,1.0,8.0,2.0,1.0,5.0,6.0,2.0,1.0,1.0,1.0,6.0,2.0,3.0,4.0,3.0,1.0,1.0,2.0,2.0,1.0,1.0,11.0,1.0,1.0,2.0,4.0,5.0,3.0,1.0,4.0,1.0,14.0,4.0,7.0,1.0,1.0,2.0,1.0,1.0,2.92572291035908,1.0,1.0,1.0,3.0,1.0,9.0,2.0,2.0,1.0,1.0,7.0,1.0,8.0,1.0,1.0,1.0,1.0,2.0,1.0,1.0,1.0,1.0,2.0,1.0,1.0,1.0,1.0,1.0,1.0,4.0,4.0,3.0,2.0,1.0,1.0,1.0,1.0,3.0,1.0,1.0,1.0,1.0,1.0,1.0,1.0,1.0,2.0,1.0,3.0,0.24337417607789,1.0,1.0,3.0,5.0,9.0,7.0,2.0,2.0,1.0,1.0,1.0,2.0,3.0,1.0,1.0,2.0,3.0,1.0,1.0,2.0,2.0,1.0,1.0,1.0,1.0,2.0,1.0,1.0,-1.0,-1.0,-2.0,-4.0,-12.0,-7.0,-6.0,-6.0,-9.0,-11.0,-2.0,-8.0,-10.0,-6.0,-11.0,-6.50984180533249,-1.0,-4.0,-1.0,-10.0,-11.0,-3.0,-8.0,-12.0,-10.0,-1.0,-1.0,-1.0,-1.0,-7.0,-7.0,-13.0,-7.0,2.0,1.0,1.0,1.0,2.0,1.0,1.0,5.0,1.0,2.0,1.0,1.0,3.0,1.0,3.0,1.0,1.0,1.0,1.0,1.0,1.0,1.0,1.0,4.0,1.0,1.0,2.0,1.0,1.0,3.0,1.0,1.0,2.0,1.0,1.0,2.0,3.0,1.0,2.0,1.0,1.0,1.0,1.0,1.0,1.0,2.0,1.0,2.0,1.0,2.0,5.0,6.0,1.0,2.0,1.0,1.0,3.0,1.0,1.0,2.0,3.0,3.0,1.0,1.0,2.0,5.0,5.0,1.0,1.0,4.0,3.0,2.0,1.0,1.0,-1.0,1.0,2.0,-3.0,1.0,1.0,-4.0,-4.0,-3.0,2.0,-1.0,-1.0,-1.0,-2.0,2.0,10.0,1.0,1.0,1.0,2.0,3.0,4.0,1.0,2.0,1.0,17.0,1.0,1.0,1.0,1.0,2.0,1.0,1.0,1.0,4.0,4.0,1.0,3.0,1.0,1.0,2.0,1.0,1.0,1.0,2.0,2.0,1.0,1.0,1.0,1.0,2.0,3.0,18.94840458248437,1.0,1.0,3.0,1.0,1.0,1.0,2.0,3.0,1.0,1.0,2.0,4.0,2.0,1.0,1.0,1.0,1.0,2.0,3.0,1.0,4.0,1.0,1.0,1.0,4.0,4.0,1.0,1.0,2.0,2.0,2.0,2.0,1.0,2.0,1.0,2.0,3.0,1.0,6.0,11.0,8.0,5.0,4.0,5.0,3.0,2.0,1.0,1.0,1.0,1.0,1.0,2.0,2.0,3.0,2.0,3.0,1.0,1.0,1.0,1.0,1.0,1.0,3.0,2.0,5.0,1.0,2.0,2.0,1.0,5.0,1.0,5.0,1.0,2.0,5.0,3.0,2.0,1.0,15.11250881122309,1.0,2.0,3.0,1.0,1.0,1.0,3.0,3.0,2.0,4.0,1.0,1.0,1.0,1.0,1.0,1.0,1.0,1.0,1.0,1.0,1.0,3.0,5.0,1.0,1.0,1.0,2.0,2.0,1.0,1.0,5.0,1.0,1.0,5.0,1.0,1.0,-7.0,-7.0,1.0,-1.0,-4.0,-2.0,-1.0,-2.0,-1.0,1.0,-1.0,-3.0,-5.0,0.0,-3.0,-1.0,-2.0,-4.0,1.0,-1.0,1.0,-1.0,-1.0,1.0,-1.0,-1.0,2.0,-2.0,-3.0,2.0,-2.0,-1.0,1.0,-1.0,-1.0,-2.0,1.0,-2.0,-1.0,2.0,-1.0,-1.0,-1.0,-1.0,-2.0,2.0,-2.0,-2.0,0.0,-1.0,-1.0,-1.0,-1.0,-1.0,1.0,1.0,1.0,7.0,1.0,1.0,1.0,1.0,1.0,2.0,1.0,1.0,12.0,1.0,1.0,1.0,1.0,1.0,1.0,2.0,1.0,1.0,1.0,1.0,2.0,4.0,3.0,1.0,1.0,3.0,1.0,1.0,1.0,1.0,2.0,1.0,1.0,1.0,1.0,1.0,2.0,1.0,1.0,3.0,7.0,2.0,1.0,1.0,1.0,1.0,1.0,1.0,1.0,1.0,1.0,1.0,1.0,1.0,6.0,1.0,1.0,1.0,1.0,1.0,1.0,1.0,1.0,1.0,1.0,1.0,1.0,1.0,1.0,1.0,1.0,4.0,1.0,1.0,1.0,1.0,1.0,1.0,1.0,1.0,1.0,1.0,1.0,1.0,1.0,1.0,1.0,1.0,1.0,1.0,1.0,-1.0,-1.0,1.0,1.0,2.0,-2.0,-2.0,-2.0,-2.0,-2.0,1.0,1.0,-3.56110793196185,-3.0,-3.0,-3.0,1.0,-5.0,-5.0,-5.0,1.0,1.0,1.0,1.0,2.0,1.0,1.0,-1.0,-1.0,-1.0,-1.0,-1.0,-1.0,4.0,4.0,1.0,1.0,3.0,1.0,1.0,1.0,1.0,1.0,3.0,3.0,2.0,1.0,1.0,1.0,1.0,1.0,2.0,1.0,1.0,2.0,2.0,1.0,1.0,1.0,1.0,1.0,3.0,3.0,3.0,1.0,1.0,2.0,1.0,1.0,2.0,2.0,2.0,1.0,1.0,1.0,2.0,1.0,1.0,1.0,1.0,3.0,1.0,1.0,1.0,1.0,4.0,2.0,5.0,1.0,2.0,1.0,1.0,1.0,1.0,3.0,1.0,2.0,3.0,2.0,1.0,1.0,1.0,2.0,2.0,2.0,2.0,1.0,6.0,3.0,6.0,1.0,1.0,1.0,3.0,1.0,4.0,5.0,1.0,1.0,1.0,1.0,1.0,17.0,1.0,2.0,12.0,1.0,2.0,3.0,8.0,13.0,5.0,2.0,1.0,2.0,6.0,4.0,4.0,2.0,1.0,3.0,2.0,1.0,1.0,1.0,3.0,1.0,1.0,1.0,3.0,1.0,1.0,1.0,3.0,1.0,1.0,1.0,2.0,3.0,7.0,4.0,3.0,-0.31044766992144,2.0,2.0,2.0,1.0,1.0,1.0,1.0,1.0,1.0,1.0,1.0,1.0,1.0,1.0,1.0,1.0,1.0,1.0,1.0,1.0,1.0,1.0,1.0,1.0,1.0,1.0,1.0,1.0,3.0,1.0,1.0,2.0,2.0,2.0,2.0,3.0,1.0,1.0,1.0,2.0,1.0,4.0,3.0,1.0,1.0,1.0,2.0,1.0,7.39298284432326,1.0,5.0,3.0,2.0,1.0,1.0,1.0,1.0,1.0,1.0,1.0,1.0,1.0,3.0,4.0,3.0,1.0,1.0,1.0,1.0,1.0,1.0,1.0,1.0,1.0,1.0,1.0,1.0,2.0,1.0,1.0,1.0,1.0,1.0,1.0,1.0,1.0,1.0,1.0,1.0,2.0,1.0,1.0,1.0,1.0,1.0,1.0,1.0,1.0,1.0,1.0,1.0,1.0,1.0,3.0,8.0,2.0,1.0,2.0,1.0,1.0,4.0,1.0,1.0,1.0,1.0,1.0,1.0,1.0,7.0,5.0,2.0,3.0,1.0,1.0,2.0,1.0,1.0,1.0,1.0,1.0,1.0,2.0,3.0,1.0,2.0,2.0,2.0,-16.38832593496558,3.0,1.0,1.0,1.0,1.0,3.0,2.0,3.0,3.0,1.0,1.0,2.0,2.0,2.0,3.0,2.0,1.0,3.0,1.0,2.0,2.0,2.0,2.0,2.0,2.0,1.0,1.0,1.0,1.0,1.0,1.0,1.0,1.0,1.0,2.0,1.0,1.0,1.0,3.0,1.0,1.0,1.0,1.0,1.0,1.0,1.0,2.0,1.0,6.0,1.0,5.0,1.0,4.0,1.0,8.0,1.0,3.0,3.0,4.0,1.0,2.0,2.0,1.0,1.0,3.0,2.0,3.0,1.0,2.0,1.0,1.0,2.0,1.0,1.0,4.0,6.0,1.0,1.0,1.0,2.0,2.0,1.0,1.0,3.0,5.0,5.38785976813884,1.0,1.0,5.0,1.0,1.0,2.0,1.0,1.0,1.0,4.0,2.0,1.0,4.0,2.0,6.0,1.0,1.0,1.0,1.0,6.0,5.96397995782018,1.0,1.0,3.0,3.0,-1.3686525685699,9.0,2.0,3.0,3.0,3.0,3.0,1.0,1.0,5.0,5.0,5.0,5.0,1.0,7.0,10.0,2.0,1.0,4.0,5.0,5.0,5.0,5.0,2.0,1.0,3.0,5.0,4.0,2.0,2.0,1.0,1.0,2.0,3.0,1.0,1.0,3.0,11.0,5.0,5.0,5.0,5.0,5.0,5.0,5.0,5.0,13.0,3.0,2.0,2.0,3.0,11.0,5.0,5.0,5.0,5.0,1.0,1.0,2.0,18.0,11.0,2.0,1.0,3.0,3.0,5.0,5.0,5.0,5.0,5.0,5.0,2.0,1.0,3.0,1.0,1.0,21.0,1.0,2.0,3.0,6.0,6.0,6.0,6.0,2.0,5.0,3.0,2.0,5.0,13.0,2.0,5.0,5.0,5.0,5.0,6.0,2.0,24.0,2.0,1.0,2.0,5.0,5.0,5.0,5.0,1.0,2.0,4.0,3.0,12.0,1.0,9.0,4.0,4.0,4.0,4.0,4.0,4.0,4.0,1.0,10.0,4.0,1.0,21.0,1.0,2.0,1.0,1.0,1.0,4.0,3.0,5.0,6.0,6.0,6.0,6.0,6.0,1.0,1.0,3.0,15.0,1.0,1.0,1.0,1.0,7.0,4.0,1.0,10.0,5.0,5.0,5.0,5.0,1.0,1.0,4.0,2.0,-19.72431348956135,1.0,2.0,2.0,9.0,2.0,1.0,1.0,3.0,1.0,4.0,3.0,1.0,1.0,1.0,1.0,1.0,2.0,1.0,1.0,9.0,1.0,1.0,1.0,2.0,5.0,5.0,5.0,5.0,2.0,1.0,7.0,1.0,2.0,5.0,5.0,5.0,5.0,5.0,5.0,5.0,3.0,1.0,1.0,20.0,1.0,1.0,1.0,4.0,1.0,1.0,2.0,1.0,9.0,3.0,4.0,4.0,4.0,4.0,4.0,4.0,4.0,4.0,1.0,1.0,37.0,1.0,1.0,1.0,6.0,6.0,6.0,6.0,6.0,6.0,1.0,1.0,1.0,1.0,6.0,16.0,1.0,5.0,5.0,5.0,5.0,1.0,27.0,1.0,1.0,1.0,7.0,6.0,6.0,6.0,6.0,1.0,2.0,1.0,30.0,1.0,1.0,1.0,1.0,8.0,6.0,6.0,6.0,6.0,13.32796194626393,2.0,2.0,2.0,2.0,5.0,5.0,7.0,3.0,30.0,3.0,10.0,6.0,1.0,10.0,5.0,5.0,5.0,5.0,5.0,5.0,5.0,4.0,1.0,6.0,8.0,1.0,2.0,3.0,4.0,4.0,5.0,6.0,6.0,6.0,6.0,-5.0,-5.0,-5.0,-5.0,-5.0,-5.0,-5.0,-5.0,-5.0,-5.0,1.0
1.0,1.0,1.0,2.0,1.0,2.0,4.0,7.0,1.0,2.0,1.0,5.0,1.0,1.0,1.0,1.0,3.0,1.0,2.0,1.0,1.0,1.0,1.0,1.0,1.0,1.0,5.0,2.0,1.0,3.0,1.0,1.0,5.0,1.0,1.0,2.0,1.0,1.0,1.0,2.0,3.0,1.0,1.0,1.0,1.0,1.0,1.0,1.0,1.0,1.0,1.0,1.0,5.0,3.0,2.0,1.0,1.0,2.0,1.0,1.0,1.0,1.0,1.0,1.0,1.0,1.0,2.0,1.0,5.0,1.0,2.0,1.0,1.0,2.0,1.0,1.0,1.0,1.0,2.0,1.0,7.0,4.0,1.0,2.0,1.0,2.0,12.0,5.0,1.0,15.0,1.0,2.0,2.0,2.0,1.0,1.0,8.0,1.0,4.0,1.0,1.0,16.0,3.0,3.0,1.0,2.0,1.0,1.0,6.0,7.0,1.0,2.0,3.0,2.0,2.0,3.0,2.0,1.0,5.0,1.0,3.0,2.0,2.0,1.0,1.0,1.0,10.0,10.0,1.0,3.0,2.0,1.0,2.0,5.0,2.0,1.0,3.0,1.0,1.0,1.0,1.0,1.0,1.0,1.0,7.0,1.0,1.0,13.0,1.0,1.0,1.0,10.0,2.0,1.0,3.0,1.0,1.0,2.0,3.0,1.0,1.0,1.0,1.0,1.0,1.0,1.0,2.0,1.0,14.0,1.0,1.0,1.0,2.0,2.0,1.0,3.0,2.0,1.0,1.0,1.0,2.0,5.0,1.0,1.0,1.0,4.0,1.0,4.0,2.0,14.0,1.0,2.0,2.0,4.0,1.0,1.0,3.0,1.0,1.0,2.0,1.0,1.0,4.0,3.0,17.0,1.0,1.0,1.0,1.0,3.0,1.0,3.0,5.0,1.0,2.0,2.0,2.0,1.0,1.0,1.0,4.0,1.0,2.0,1.0,1.0,1.0,1.0,1.0,1.0,5.0,2.0,2.0,3.0,1.0,1.0,1.0,1.0,2.0,1.0,1.0,1.0,1.0,1.0,5.0,2.0,3.0,2.0,2.0,3.0,1.0,2.0,4.0,1.0,2.0,2.0,2.0,1.0,1.0,1.0,1.0,1.0,3.0,2.0,1.0,1.0,13.0,3.0,1.0,1.0,1.0,7.0,4.0,1.0,1.0,1.0,8.0,1.0,1.0,6.0,2.0,1.0,3.0,2.0,8.0,2.0,1.0,1.0,1.0,5.0,1.0,8.0,1.0,4.0,9.0,7.0,1.0,1.0,8.0,1.0,2.0,1.0,1.0,4.0,1.0,1.0,1.0,7.0,4.0,5.0,3.0,1.0,1.0,1.0,2.0,1.0,1.0,1.0,1.0,1.0,1.0,6.0,3.0,2.0,2.0,1.0,1.0,1.0,1.0,1.0,1.0,5.0,1.0,1.0,3.0,1.0,1.0,3.0,3.0,1.0,1.0,1.0,2.0,2.0,1.0,1.0,1.0,3.0,4.0,4.0,1.0,1.0,1.0,2.0,1.0,2.0,2.0,2.0,8.0,9.0,3.0,1.0,2.0,1.0,1.0,3.0,2.0,2.0,1.0,5.0,1.0,3.0,3.0,3.0,4.0,1.0,1.0,2.0,2.0,3.0,3.0,1.0,3.0,2.0,1.0,1.0,1.0,1.0,1.0,1.0,1.0,1.0,1.0,1.0,1.0,2.0,10.0,2.0,3.0,3.0,3.0,2.0,1.0,1.0,1.0,1.0,2.0,1.0,15.0,3.0,3.0,3.0,3.0,1.0,1.0,11.0,2.0,2.0,2.0,3.0,1.0,1.0,1.0,1.0,9.0,2.0,2.0,3.0,3.0,1.0,1.0,1.0,2.0,1.0,13.0,2.0,2.0,3.0,3.0,6.0,5.0,2.0,2.0,2.0,2.0,3.0,3.0,4.0,3.0,2.0,2.0,3.0,3.0,4.0,2.0,7.0,3.0,3.0,2.0,2.0,1.0,3.0,7.0,2.0,13.0,6.0,4.0,1.0,1.0,1.0,2.0,1.0,3.0,2.0,10.0,2.0,14.0,1.0,1.0,1.0,9.0,3.0,2.0,1.0,1.0,10.0,2.0,1.0,1.0,1.0,2.0,3.0,7.0,5.0,1.0,1.0,1.0,2.0,6.0,2.0,2.0,4.0,2.0,1.0,1.0,1.0,3.0,2.0,10.0,3.0,1.0,1.0,1.0,5.0,3.0,5.0,1.0,3.0,1.0,1.0,2.0,2.0,3.0,2.0,1.0,2.0,1.0,1.0,1.0,2.0,1.0,1.0,1.0,1.0,5.0,1.0,2.0,1.0,1.0,1.0,1.0,1.0,4.0,1.0,1.0,14.0,1.0,4.0,1.0,13.0,11.0,2.0,2.0,1.0,5.0,1.0,11.0,1.0,1.0,1.0,1.0,1.0,4.0,1.0,1.0,1.0,1.0,3.0,1.0,3.0,1.0,5.0,9.0,1.0,1.0,1.0,1.0,4.0,1.0,6.0,13.0,1.0,3.0,3.0,4.0,1.0,3.0,1.0,4.0,1.0,14.0,9.0,12.0,7.0,1.0,1.0,1.0,2.0,4.0,4.0,6.0,10.0,8.0,21.0,4.0,4.0,3.0,2.0,4.0,1.0,2.0,12.0,11.0,1.0,3.0,4.0,1.0,1.0,1.0,1.0,3.0,6.0,7.0,2.0,5.0,3.0,3.0,8.0,10.0,2.0,19.0,8.0,5.0,1.0,3.0,2.0,6.0,-2.04564786099211,2.0,1.0,2.0,3.0,8.0,9.0,6.0,6.0,1.0,1.0,2.0,2.0,2.0,8.0,4.0,5.0,8.0,7.0,13.0,3.0,9.0,2.0,1.0,3.0,5.0,1.0,3.0,1.0,1.0,5.47566330468136,8.0,1.0,2.0,1.0,1.0,6.0,1.0,1.0,1.0,5.0,15.0,1.0,2.0,7.0,5.0,4.0,5.0,4.0,16.0,6.0,4.0,2.0,1.0,1.0,1.0,1.0,1.0,1.0,2.0,1.0,7.0,7.0,4.0,1.0,2.0,1.0,2.0,1.0,1.0,1.0,1.0,2.0,2.0,1.0,1.0,1.0,1.0,1.0,1.0,1.0,1.0,1.0,1.0,1.0,2.0,2.0,4.0,1.0,1.0,1.0,2.0,7.0,1.0,1.0,1.0,1.0,1.0,1.0,1.0,2.0,3.0,6.0,7.0,4.0,1.0,3.0,1.0,1.0,1.0,1.0,1.0,1.0,1.0,1.0,1.0,2.0,1.0,1.0,2.0,1.0,1.0,1.0,2.0,1.0,1.0,1.0,1.0,1.0,2.0,2.0,3.0,6.0,1.0,1.0,2.0,1.0,1.0,2.0,1.0,1.0,13.0,19.0,2.0,1.0,1.0,4.0,1.0,1.0,1.0,1.0,1.0,1.0,1.0,1.0,1.0,1.0,1.0,2.0,1.0,1.0,1.0,16.0,15.0,1.0,2.0,2.0,2.0,1.0,1.0,1.0,2.0,1.0,1.0,1.0,1.0,1.0,2.0,1.0,1.0,3.0,1.0,1.0,1.0,2.0,1.0,1.0,12.0,7.0,1.0,5.0,1.0,3.0,1.0,1.0,1.0,2.0,3.0,1.0,1.0,6.0,7.0,3.0,5.0,3.0,1.0,1.0,3.0,2.0,1.0,7.0,16.0,1.0,1.0,5.0,3.0,1.0,1.0,3.0,2.0,1.0,3.96952489648403,1.0,2.0,3.0,3.0,1.0,1.0,2.0,1.0,1.0,1.0,2.0,30.0,1.0,4.0,7.0,1.0,1.0,1.0,1.0,1.0,2.0,1.0,2.0,1.0,1.0,1.0,1.0,1.0,1.0,5.0,24.0,4.0,2.0,1.0,1.0,1.0,1.0,1.0,1.0,2.0,2.0,3.0,1.0,2.0,1.0,1.0,1.0,1.0,1.0,1.0,1.0,2.0,1.0,1.0,1.0,1.0,1.0,1.0,1.0,1.0,3.0,1.0,1.0,1.0,3.0,5.0,2.0,3.0,1.0,1.0,2.0,1.0,2.0,1.0,3.0,1.0,2.0,1.0,1.0,2.0,2.0,2.0,1.0,1.0,5.0,2.0,2.0,4.0,1.0,3.0,1.0,4.0,1.0,1.0,2.0,1.0,1.0,4.0,1.0,2.0,1.0,1.0,2.0,4.0,1.0,2.0,2.0,5.0,1.0,1.0,2.0,1.0,1.0,3.0,1.0,1.0,3.0,3.0,5.0,3.0,4.0,1.0,1.0,1.0,2.0,1.0,2.0,1.0,2.0,1.0,1.0,3.0,1.0,1.0,1.0,1.0,2.0,1.0,1.0,1.0,2.0,1.0,1.0,1.0,1.0,1.0,1.0,1.0,1.0,4.0,1.0,1.0,1.0,2.0,1.0,6.0,1.0,1.0,1.0,2.0,2.0,1.0,1.0,1.0,-1.2523449689335,2.0,1.0,1.0,2.0,1.0,-1.0,-1.0,-1.0,-1.0,-2.0,1.0,9.0,-1.0,1.0,-1.0,-1.0,-5.0,-4.0,-3.0,-4.0,-5.0,-5.0,1.0,1.0,1.0,6.0,6.0,2.0,1.0,3.0,2.0,1.0,4.0,5.0,1.0,3.0,1.0,1.0,2.0,1.0,5.0,1.0,1.0,10.0,4.0,1.0,1.0,1.0,3.0,7.0,1.0,2.0,8.0,1.0,2.0,1.0,1.0,1.0,2.0,1.0,2.0,9.0,1.0,9.0,1.0,1.0,1.0,3.0,1.0,1.0,4.0,4.0,1.0,2.0,1.0,2.0,1.0,1.0,1.0,2.0,1.0,1.0,2.0,4.0,1.0,1.0,10.0,1.0,1.0,1.0,3.0,1.0,4.0,4.0,9.0,1.0,1.0,5.0,1.0,1.0,1.0,4.0,2.0,5.0,1.0,7.0,1.0,5.0,1.0,1.0,1.0,18.20845275419301,1.0,5.0,4.0,6.0,1.0,-3.0,-1.0,-1.0,-13.71931735451625,-2.0,-2.0,-1.0,-1.0,-1.0,-1.0,-3.0,-1.0,-2.0,-4.0,-1.0,-2.0,-1.0,-1.0,-1.0,5.0,4.0,2.0,7.0,2.0,1.0,2.0,1.0,2.0,1.0,3.0,4.0,4.0,1.0,1.0,2.0,4.0,2.0,6.0,1.0,5.0,11.27775448851298,8.0,7.0,1.0,4.0,3.0,1.0,1.0,1.0,2.0,1.0,4.0,1.0,1.0,1.0,1.0,2.0,1.0,1.0,3.0,2.0,4.0,7.0,7.0,4.0,1.0,1.0,4.0,1.0,1.0,2.0,1.0,1.0,5.0,1.0,2.0,7.0,4.0,2.0,2.0,1.0,1.0,1.0,2.0,2.0,2.0,1.0,1.0,2.0,6.0,1.0,4.0,2.0,3.0,-9.81276160699843,1.0,8.0,8.0,1.0,1.0,2.0,2.0,1.0,1.0,2.0,2.0,11.0,5.0,2.0,1.0,2.0,2.0,2.0,2.0,2.0,2.0,2.0,2.0,2.0,1.0,1.0,25.0,6.0,5.0,5.0,5.0,5.0,5.0,5.0,3.0,2.0,1.0,1.0,2.0,1.0,1.0,12.0,15.0,4.0,4.0,5.0,4.0,4.0,5.0,2.0,1.0,5.0,1.0,1.0,2.0,1.0,16.0,5.0,4.0,5.0,4.0,10.0,2.0,4.0,3.0,3.0,6.0,4.0,4.0,4.0,4.0,4.0,4.0,4.0,4.0,4.0,2.0,4.0,4.0,4.0,4.0,4.0,4.0,1.0,1.0,4.0,4.0,4.0,4.0,4.0,4.0,1.0,1.0,1.0,1.0,1.0,1.0,4.0,4.0,4.0,4.0,4.0,4.0,4.0,4.0,4.0,4.0,1.0,1.0,1.0,1.0,3.0,1.0,1.0,10.0,1.0,1.0,1.0,1.0,1.0,21.0,15.0,1.0,1.0,1.0,1.0,1.0,1.0,5.0,1.0,6.0,2.0,2.0,23.0,14.0,1.0,3.0,3.0,3.0,3.0,3.0,3.0,3.0,3.0,1.0,1.0,1.0,1.0,1.0,6.0,1.0,4.0,10.0,9.0,26.0,7.0,3.0,3.0,4.0,3.0,3.0,3.0,4.0,3.0,1.0,1.0,1.0,1.0,3.0,1.0,1.0,13.0,2.0,2.0,2.0,2.0,2.0,2.0,2.0,1.0,1.0,2.0,2.0,2.0,2.0,2.0,2.0,3.0,2.0,1.0,2.0,2.0,2.0,2.0,2.0,2.0,2.0,1.0,2.0,2.0,2.0,2.0,2.0,2.0,2.0,2.0,2.0,2.0,2.0,1.0,-2.0,1.0,4.0,1.0,-4.0,-4.0,-5.0,-4.0,-4.0,-4.0,-5.0,-4.0,-1.0,1.0,2.0,-1.0,1.0,-4.0,-5.0,-4.0,-4.0,-5.0,-4.0,2.0,1.0,-5.0,-6.0,-5.0,-5.0,-6.0,-5.0,1.0,1.0,1.0,-5.0,-5.0,-5.0,-5.0,-5.0,-5.0,-1.0,1.0,-1.0,-5.0,-5.0,-5.0,-5.0,-5.0,-5.0,-3.0,-4.0,-1.0,-1.0,-3.0,-1.0,0.0,1.0,-9.0,-5.0,1.0,-1.0,-2.0,-1.0,-1.0,-2.0,-1.0,-3.0,-2.0,-1.0,-1.0,-1.0,-1.0,-1.0,-3.0,-1.0,-1.0,-1.0,-1.0,-3.0,-2.0,19.45784305872714,-2.0,-1.0,-1.0,-1.0,-2.0,7.0,-4.0,-2.0,-3.0,-3.0,-1.0,-1.0,-1.0,1.0,1.0,0.0,-1.0,-5.0,-7.0,-1.0,-2.0,-1.0,9.0,2.0,13.0,-1.0,-1.0,-1.0,-5.0,-5.0,-2.0,-4.0,1.0,5.0,4.0,2.0,2.0,1.0,2.0,15.0,17.0,4.0,5.0,7.0,13.0,1.0,3.0,1.0,1.0,1.0,12.0,5.0,5.0,1.0,11.0,2.0,4.0,2.0,1.0,15.57346510062307,4.0,2.0,1.0,1.0,2.0,1.0,1.0,2.0,1.0,1.0,2.0,6.0,1.0,1.0,2.0,4.0,3.0,2.0,2.0,3.0,7.0,1.0,1.0,1.0,1.0,1.0,2.0,1.0,1.0,1.0,1.0,1.0,1.0,1.0,1.0,2.0,2.0,1.0,4.0,1.0,1.0,1.0,1.0,3.0,1.0,2.0,6.0,1.0,1.0,1.0,1.0,1.0,1.0,1.0,1.0,1.0,1.0,1.0,1.0,3.0,1.0,1.0,3.0,2.0,2.0,2.0,5.0,-20.80157324031526,2.0,2.0,4.0,3.0,1.0,2.0,2.0,2.0,2.0,1.0,1.0,2.0,2.0,2.0,1.0,1.0,1.0,1.0,1.0,2.0,1.0,4.0,1.0,1.0,1.0,1.0,2.0,1.0,1.0,1.0,5.0,5.0,1.0,4.0,3.0,2.0,2.0,1.0,5.0,1.0,3.0,4.0,2.0,1.0,3.0,3.0,4.0,3.0,3.0,1.0,1.0,2.0,1.0,3.0,2.0,4.0,2.0,1.0,4.0,2.0,1.0,2.0,3.0,3.0,3.0,3.0,2.0,1.0,4.0,5.0,1.0,1.0,5.0,4.0,2.0,1.0,1.0,1.0,6.0,10.0,1.0,5.0,5.0,1.0,7.0,2.0,1.0,10.0,4.0,3.0,3.0,1.0,7.0,1.0,11.0,1.0,2.0,2.0,1.0,3.0,2.0,1.0,1.0,5.0,8.0,1.0,7.0,3.0,1.0,2.0,2.0,1.0,2.0,1.0,1.0,1.0,1.0,2.0,7.0,6.0,1.0,2.0,1.0,1.0,1.0,1.0,5.0,1.0,1.0,2.0,5.0,1.0,2.0,7.0,6.0,6.0,1.0,2.0,9.0,3.0,6.0,1.0,6.0,4.0,9.0,1.0,1.0,1.0,2.0,10.0,6.0,2.0,2.0,5.0,5.0,1.0,10.0,1.0,2.0,4.0,5.0,13.0,1.0,1.0,1.0,1.0,4.0,4.0,3.0,1.0,2.0,1.0,1.0,1.0,2.0,4.0,4.0,5.0,11.0,1.0,1.0,13.2640361646798,1.0,5.0,2.0,7.0,1.0,1.0,2.0,1.0,1.0,1.0,3.0,3.0,2.0,2.0,3.0,5.0,1.0,2.0,1.0,-2.0,1.0,1.0,7.0,-3.0,-3.0,-3.0,-3.0,1.0,0.0,4.0,-2.0,5.0,-6.0,-6.0,-6.0,-6.0,-2.0,-1.0,-1.0,-6.0,-6.0,-6.0,-6.0,-3.0,-2.0,-1.0,-1.0,-3.0,-3.0,-3.0,-3.0,-2.0,-1.0,-1.0,2.0,-1.0,-6.0,-6.0,-6.0,-6.0,-6.0,-6.0,-6.0,1.0,1.0,-3.0,-3.0,7.0,2.0,-5.0,-5.0,-5.0,-5.0,1.0,-2.0,-2.0,2.0,1.0,-5.0,-6.0,-5.0,-5.0,2.0,1.0,1.0,1.0,-6.0,-6.0,-6.0,-6.0,-1.0,1.0,-2.0,-2.0,1.0,2.0,-13.0,-13.0,-1.0,-1.0,-2.0,2.0,1.0,-5.0,-5.0,-5.0,-5.0,-5.0,-5.0,1.0,1.0,-5.0,-5.0,-5.0,-5.0,-5.0,0.0,-3.0,-12.0,-12.0,1.0,5.0,-7.0,-7.0,-7.0,-7.0,1.0,7.0,1.0,1.0,1.0,2.0,11.0,1.0,4.0,1.0,3.0,6.0,1.0,2.0,3.0,15.0,3.0,2.0,3.0,4.0,1.0,6.0,6.0,4.0,2.0,1.0,1.0,1.0,1.0,1.0,1.0,3.0,7.0,1.0,3.0,1.0,1.0,1.0,3.0,2.0,1.0,2.0,2.0,1.0,1.0,3.0,3.0,3.0,1.0,1.0,2.0,3.0,3.0,3.0,1.0,1.0,1.0,3.0,4.0,4.0,2.0,3.0,1.0,1.0,1.0,1.0,1.0,1.0,2.0,3.0,4.0,4.0,2.0,6.0,3.0,1.0,1.0,1.0,1.0,1.0,1.0,2.0,3.0,1.0,13.0,3.0,1.0,1.0,6.0,1.0,1.0,1.0,4.0,1.0,1.0,2.0,2.0,4.0,3.0,3.0,1.0,1.0,1.0,1.0,2.0,2.0,3.0,3.0,1.0,1.0,2.0,2.0,1.0,2.0,6.0,6.0,2.0,3.0,2.0,2.0,1.0,1.0,2.0,2.0,6.0,6.0,2.0,3.0,2.0,2.0,1.0,1.0,21.0,3.0,4.0,1.0,2.0,2.0,8.0,1.0,7.0,2.0,1.0,2.0,3.0,4.0,4.0,1.0,16.0,1.0,6.0,3.0,1.0,1.0,2.0,10.0,1.0,10.0,3.0,3.0,2.0,1.0,4.0,3.0,1.0,2.0,1.0,1.0,4.0,1.0,3.0,1.0,2.0,2.0,1.0,1.0,1.0,1.0,3.0,1.0,1.0,2.0,1.0,1.0,1.0,1.0,1.0,1.29786125122586,1.0,1.0,1.0,1.0,1.0,4.0,3.0,1.0,1.0,1.0,1.0,1.0,1.0,2.0,2.0,1.0,4.0,1.0,4.0,1.0,1.0,2.0,1.0,1.0,3.0,2.0,2.0,2.0,2.0,1.0,1.0,6.0,24.0,4.0,1.0,3.0,2.0,1.0,1.0,16.0,35.0,3.0,1.0,1.0,1.0,1.0,1.0,1.0,3.0,5.0,1.0,1.0,2.0,7.0,5.0,5.0,2.0,3.0,1.0,1.0,1.0,8.0,1.0,5.0,3.0,2.0,9.0,6.0,1.0,4.0,13.0,1.0,7.0,7.0,1.0,1.0,1.0,1.0,1.0,4.0,6.0,3.0,2.0,1.0,8.0,6.0,1.0,1.0,1.0,2.0,3.0,1.0,2.0,8.0,1.0,2.0,9.0,2.0,1.0,1.0,1.0,1.0,1.0,4.0,1.0,1.0,4.0,5.0,1.0,1.0,2.0,3.0,2.0,1.0,2.0,5.0,6.0,4.0,6.0,8.0,11.0,7.0,6.0,1.0,1.0,1.0,4.0,1.0,3.0,4.0,5.0,12.0,5.0,2.0,2.0,1.0,4.0,2.0,1.0,1.0,1.0,3.0,4.0,3.0,2.0,17.29671484676516,3.0,5.0,1.0,7.0,5.0,2.0,2.0,3.0,1.0,1.0,1.0,1.0,2.0,1.0,2.0,1.0,1.0,12.0,10.0,8.0,6.0,5.0,1.0,1.0,1.0,3.0,1.0,1.0,1.0,3.0,4.0,1.0,2.0,1.0,1.0,1.0,2.0,1.0,1.0,8.0,1.0,1.0,2.0,2.0,5.0,2.0,2.0,1.0,1.0,3.0,2.0,3.0,1.0,6.0,6.0,1.0,1.0,6.0,1.0,6.0,9.0,3.0,13.0,10.0,1.0,1.0,11.0,1.0,1.0,3.0,8.0,9.0,2.0,1.0,2.0,3.0,3.0,3.0,1.0,1.0,1.0,5.0,5.0,2.0,1.0,2.0,2.0,1.0,1.0,5.0,1.0,1.0,1.0,1.0,3.0,2.0,1.0,2.0,1.0,3.0,4.0,1.0,2.0,1.0,2.0,1.0,2.0,2.0,1.0,1.0,2.0,2.0,1.0,1.0,1.0,1.0,1.0,1.0,2.0,1.0,8.0,2.0,1.0,5.0,6.0,2.0,1.0,1.0,1.0,6.0,2.0,3.0,4.0,3.0,1.0,1.0,2.0,2.0,1.0,1.0,11.0,1.0,1.0,2.0,4.0,5.0,3.0,1.0,4.0,1.0,14.0,4.0,7.0,1.0,1.0,2.0,1.0,1.0,2.92572291035908,1.0,1.0,1.0,3.0,1.0,9.0,2.0,2.0,1.0,1.0,7.0,1.0,8.0,1.0,1.0,1.0,1.0,2.0,1.0,1.0,1.0,1.0,2.0,1.0,1.0,1.0,1.0,1.0,1.0,4.0,4.0,3.0,2.0,1.0,1.0,1.0,1.0,3.0,1.0,1.0,1.0,1.0,1.0,1.0,1.0,1.0,2.0,1.0,3.0,0.24337417607789,1.0,1.0,3.0,5.0,9.0,7.0,2.0,2.0,1.0,1.0,1.0,2.0,3.0,1.0,1.0,2.0,3.0,1.0,1.0,2.0,2.0,1.0,1.0,1.0,1.0,2.0,1.0,1.0,-1.0,-1.0,-2.0,-4.0,-12.0,-7.0,-6.0,-6.0,-9.0,-11.0,-2.0,-8.0,-10.0,-6.0,-11.0,-6.50984180533249,-1.0,-4.0,-1.0,-10.0,-11.0,-3.0,-8.0,-12.0,-10.0,-1.0,-1.0,-1.0,-1.0,-7.0,-7.0,-13.0,-7.0,2.0,1.0,1.0,1.0,2.0,1.0,1.0,5.0,1.0,2.0,1.0,1.0,3.0,1.0,3.0,1.0,1.0,1.0,1.0,1.0,1.0,1.0,1.0,4.0,1.0,1.0,2.0,1.0,1.0,3.0,1.0,1.0,2.0,1.0,1.0,2.0,3.0,1.0,2.0,1.0,1.0,1.0,1.0,1.0,1.0,2.0,1.0,2.0,1.0,2.0,5.0,6.0,1.0,2.0,1.0,1.0,3.0,1.0,1.0,2.0,3.0,3.0,1.0,1.0,2.0,5.0,5.0,1.0,1.0,4.0,3.0,2.0,1.0,1.0,-1.0,1.0,2.0,-3.0,1.0,1.0,-4.0,-4.0,-3.0,2.0,-1.0,-1.0,-1.0,-2.0,2.0,10.0,1.0,1.0,1.0,2.0,3.0,4.0,1.0,2.0,1.0,17.0,1.0,1.0,1.0,1.0,2.0,1.0,1.0,1.0,4.0,4.0,1.0,3.0,1.0,1.0,2.0,1.0,1.0,1.0,2.0,2.0,1.0,1.0,1.0,1.0,2.0,3.0,18.94840458248437,1.0,1.0,3.0,1.0,1.0,1.0,2.0,3.0,1.0,1.0,2.0,4.0,2.0,1.0,1.0,1.0,1.0,2.0,3.0,1.0,4.0,1.0,1.0,1.0,4.0,4.0,1.0,1.0,2.0,2.0,2.0,2.0,1.0,2.0,1.0,2.0,3.0,1.0,6.0,11.0,8.0,5.0,4.0,5.0,3.0,2.0,1.0,1.0,1.0,1.0,1.0,2.0,2.0,3.0,2.0,3.0,1.0,1.0,1.0,1.0,1.0,1.0,3.0,2.0,5.0,1.0,2.0,2.0,1.0,5.0,1.0,5.0,1.0,2.0,5.0,3.0,2.0,1.0,15.11250881122309,1.0,2.0,3.0,1.0,1.0,1.0,3.0,3.0,2.0,4.0,1.0,1.0,1.0,1.0,1.0,1.0,1.0,1.0,1.0,1.0,1.0,3.0,5.0,1.0,1.0,1.0,2.0,2.0,1.0,1.0,5.0,1.0,1.0,5.0,1.0,1.0,-7.0,-7.0,1.0,-1.0,-4.0,-2.0,-1.0,-2.0,-1.0,1.0,-1.0,-3.0,-5.0,0.0,-3.0,-1.0,-2.0,-4.0,1.0,-1.0,1.0,-1.0,-1.0,1.0,-1.0,-1.0,2.0,-2.0,-3.0,2.0,-2.0,-1.0,1.0,-1.0,-1.0,-2.0,1.0,-2.0,-1.0,2.0,-1.0,-1.0,-1.0,-1.0,-2.0,2.0,-2.0,-2.0,0.0,-1.0,-1.0,-1.0,-1.0,-1.0,1.0,1.0,1.0,7.0,1.0,1.0,1.0,1.0,1.0,2.0,1.0,1.0,12.0,1.0,1.0,1.0,1.0,1.0,1.0,2.0,1.0,1.0,1.0,1.0,2.0,4.0,3.0,1.0,1.0,3.0,1.0,1.0,1.0,1.0,2.0,1.0,1.0,1.0,1.0,1.0,2.0,1.0,1.0,3.0,7.0,2.0,1.0,1.0,1.0,1.0,1.0,1.0,1.0,1.0,1.0,1.0,1.0,1.0,6.0,1.0,1.0,1.0,1.0,1.0,1.0,1.0,1.0,1.0,1.0,1.0,1.0,1.0,1.0,1.0,1.0,4.0,1.0,1.0,1.0,1.0,1.0,1.0,1.0,1.0,1.0,1.0,1.0,1.0,1.0,1.0,1.0,1.0,1.0,1.0,1.0,-1.0,-1.0,1.0,1.0,2.0,-2.0,-2.0,-2.0,-2.0,-2.0,1.0,1.0,-3.56110793196185,-3.0,-3.0,-3.0,1.0,-5.0,-5.0,-5.0,1.0,1.0,1.0,1.0,2.0,1.0,1.0,-1.0,-1.0,-1.0,-1.0,-1.0,-1.0,4.0,4.0,1.0,1.0,3.0,1.0,1.0,1.0,1.0,1.0,3.0,3.0,2.0,1.0,1.0,1.0,1.0,1.0,2.0,1.0,1.0,2.0,2.0,1.0,1.0,1.0,1.0,1.0,3.0,3.0,3.0,1.0,1.0,2.0,1.0,1.0,2.0,2.0,2.0,1.0,1.0,1.0,2.0,1.0,1.0,1.0,1.0,3.0,1.0,1.0,1.0,1.0,4.0,2.0,5.0,1.0,2.0,1.0,1.0,1.0,1.0,3.0,1.0,2.0,3.0,2.0,1.0,1.0,1.0,2.0,2.0,2.0,2.0,1.0,6.0,3.0,6.0,1.0,1.0,1.0,3.0,1.0,4.0,5.0,1.0,1.0,1.0,1.0,1.0,17.0,1.0,2.0,12.0,1.0,2.0,3.0,8.0,13.0,5.0,2.0,1.0,2.0,6.0,4.0,4.0,2.0,1.0,3.0,2.0,1.0,1.0,1.0,3.0,1.0,1.0,1.0,3.0,1.0,1.0,1.0,3.0,1.0,1.0,1.0,2.0,3.0,7.0,4.0,3.0,-0.31044766992144,2.0,2.0,2.0,1.0,1.0,1.0,1.0,1.0,1.0,1.0,1.0,1.0,1.0,1.0,1.0,1.0,1.0,1.0,1.0,1.0,1.0,1.0,1.0,1.0,1.0,1.0,1.0,1.0,3.0,1.0,1.0,2.0,2.0,2.0,2.0,3.0,1.0,1.0,1.0,2.0,1.0,4.0,3.0,1.0,1.0,1.0,2.0,1.0,7.39298284432326,1.0,5.0,3.0,2.0,1.0,1.0,1.0,1.0,1.0,1.0,1.0,1.0,1.0,3.0,4.0,3.0,1.0,1.0,1.0,1.0,1.0,1.0,1.0,1.0,1.0,1.0,1.0,1.0,2.0,1.0,1.0,1.0,1.0,1.0,1.0,1.0,1.0,1.0,1.0,1.0,2.0,1.0,1.0,1.0,1.0,1.0,1.0,1.0,1.0,1.0,1.0,1.0,1.0,1.0,3.0,8.0,2.0,1.0,2.0,1.0,1.0,4.0,1.0,1.0,1.0,1.0,1.0,1.0,1.0,7.0,5.0,2.0,3.0,1.0,1.0,2.0,1.0,1.0,1.0,1.0,1.0,1.0,2.0,3.0,1.0,2.0,2.0,2.0,-16.38832593496558,3.0,1.0,1.0,1.0,1.0,3.0,2.0,3.0,3.0,1.0,1.0,2.0,2.0,2.0,3.0,2.0,1.0,3.0,1.0,2.0,2.0,2.0,2.0,2.0,2.0,1.0,1.0,1.0,1.0,1.0,1.0,1.0,1.0,1.0,2.0,1.0,1.0,1.0,3.0,1.0,1.0,1.0,1.0,1.0,1.0,1.0,2.0,1.0,6.0,1.0,5.0,1.0,4.0,1.0,8.0,1.0,3.0,3.0,4.0,1.0,2.0,2.0,1.0,1.0,3.0,2.0,3.0,1.0,2.0,1.0,1.0,2.0,1.0,1.0,4.0,6.0,1.0,1.0,1.0,2.0,2.0,1.0,1.0,3.0,5.0,5.38785976813884,1.0,1.0,5.0,1.0,1.0,2.0,1.0,1.0,1.0,4.0,2.0,1.0,4.0,2.0,6.0,1.0,1.0,1.0,1.0,6.0,5.96397995782018,1.0,1.0,3.0,3.0,-1.3686525685699,9.0,2.0,3.0,3.0,3.0,3.0,1.0,1.0,5.0,5.0,5.0,5.0,1.0,7.0,10.0,2.0,1.0,4.0,5.0,5.0,5.0,5.0,2.0,1.0,3.0,5.0,4.0,2.0,2.0,1.0,1.0,2.0,3.0,1.0,1.0,3.0,11.0,5.0,5.0,5.0,5.0,5.0,5.0,5.0,5.0,13.0,3.0,2.0,2.0,3.0,11.0,5.0,5.0,5.0,5.0,1.0,1.0,2.0,18.0,11.0,2.0,1.0,3.0,3.0,5.0,5.0,5.0,5.0,5.0,5.0,2.0,1.0,3.0,1.0,1.0,21.0,1.0,2.0,3.0,6.0,6.0,6.0,6.0,2.0,5.0,3.0,2.0,5.0,13.0,2.0,5.0,5.0,5.0,5.0,6.0,2.0,24.0,2.0,1.0,2.0,5.0,5.0,5.0,5.0,1.0,2.0,4.0,3.0,12.0,1.0,9.0,4.0,4.0,4.0,4.0,4.0,4.0,4.0,1.0,10.0,4.0,1.0,21.0,1.0,2.0,1.0,1.0,1.0,4.0,3.0,5.0,6.0,6.0,6.0,6.0,6.0,1.0,1.0,3.0,15.0,1.0,1.0,1.0,1.0,7.0,4.0,1.0,10.0,5.0,5.0,5.0,5.0,1.0,1.0,4.0,2.0,-19.72431348956135,1.0,2.0,2.0,9.0,2.0,1.0,1.0,3.0,1.0,4.0,3.0,1.0,1.0,1.0,1.0,1.0,2.0,1.0,1.0,9.0,1.0,1.0,1.0,2.0,5.0,5.0,5.0,5.0,2.0,1.0,7.0,1.0,2.0,5.0,5.0,5.0,5.0,5.0,5.0,5.0,3.0,1.0,1.0,20.0,1.0,1.0,1.0,4.0,1.0,1.0,2.0,1.0,9.0,3.0,4.0,4.0,4.0,4.0,4.0,4.0,4.0,4.0,1.0,1.0,37.0,1.0,1.0,1.0,6.0,6.0,6.0,6.0,6.0,6.0,1.0,1.0,1.0,1.0,6.0,16.0,1.0,5.0,5.0,5.0,5.0,1.0,27.0,1.0,1.0,1.0,7.0,6.0,6.0,6.0,6.0,1.0,2.0,1.0,30.0,1.0,1.0,1.0,1.0,8.0,6.0,6.0,6.0,6.0,13.32796194626393,2.0,2.0,2.0,2.0,5.0,5.0,7.0,3.0,30.0,3.0,10.0,6.0,1.0,10.0,5.0,5.0,5.0,5.0,5.0,5.0,5.0,4.0,1.0,6.0,8.0,1.0,2.0,3.0,4.0,4.0,5.0,6.0,6.0,6.0,6.0,-5.0,-5.0,-5.0,-5.0,-5.0,-5.0,-5.0,-5.0,-5.0,-5.0,1.0
1.0,1.0,1.0,2.0,1.0,2.0,4.0,7.0,1.0,2.0,1.0,5.0,1.0,1.0,1.0,1.0,3.0,1.0,2.0,1.0,1.0,1.0,1.0,1.0,1.0,1.0,5.0,2.0,1.0,3.0,1.0,1.0,5.0,1.0,1.0,2.0,1.0,1.0,1.0,2.0,3.0,1.0,1.0,1.0,1.0,1.0,1.0,1.0,1.0,1.0,1.0,1.0,5.0,3.0,2.0,1.0,1.0,2.0,1.0,1.0,1.0,1.0,1.0,1.0,1.0,1.0,2.0,1.0,5.0,1.0,2.0,1.0,1.0,2.0,1.0,1.0,1.0,1.0,2.0,1.0,7.0,4.0,1.0,2.0,1.0,2.0,12.0,5.0,1.0,15.0,1.0,2.0,2.0,2.0,1.0,1.0,8.0,1.0,4.0,1.0,1.0,16.0,3.0,3.0,1.0,2.0,1.0,1.0,6.0,7.0,1.0,2.0,3.0,2.0,2.0,3.0,2.0,1.0,5.0,1.0,3.0,2.0,2.0,1.0,1.0,1.0,10.0,10.0,1.0,3.0,2.0,1.0,2.0,5.0,2.0,1.0,3.0,1.0,1.0,1.0,1.0,1.0,1.0,1.0,7.0,1.0,1.0,13.0,1.0,1.0,1.0,10.0,2.0,1.0,3.0,1.0,1.0,2.0,3.0,1.0,1.0,1.0,1.0,1.0,1.0,1.0,2.0,1.0,14.0,1.0,1.0,1.0,2.0,2.0,1.0,3.0,2.0,1.0,1.0,1.0,2.0,5.0,1.0,1.0,1.0,4.0,1.0,4.0,2.0,14.0,1.0,2.0,2.0,4.0,1.0,1.0,3.0,1.0,1.0,2.0,1.0,1.0,4.0,3.0,17.0,1.0,1.0,1.0,1.0,3.0,1.0,3.0,5.0,1.0,2.0,2.0,2.0,1.0,1.0,1.0,4.0,1.0,2.0,1.0,1.0,1.0,1.0,1.0,1.0,5.0,2.0,2.0,3.0,1.0,1.0,1.0,1.0,2.0,1.0,1.0,1.0,1.0,1.0,5.0,2.0,3.0,2.0,2.0,3.0,1.0,2.0,4.0,1.0,2.0,2.0,2.0,1.0,1.0,1.0,1.0,1.0,3.0,2.0,1.0,1.0,13.0,3.0,1.0,1.0,1.0,7.0,4.0,1.0,1.0,1.0,8.0,1.0,1.0,6.0,2.0,1.0,3.0,2.0,8.0,2.0,1.0,1.0,1.0,5.0,1.0,8.0,1.0,4.0,9.0,7.0,1.0,1.0,8.0,1.0,2.0,1.0,1.0,4.0,1.0,1.0,1.0,7.0,4.0,5.0,3.0,1.0,1.0,1.0,2.0,1.0,1.0,1.0,1.0,1.0,1.0,6.0,3.0,2.0,2.0,1.0,1.0,1.0,1.0,1.0,1.0,5.0,1.0,1.0,3.0,1.0,1.0,3.0,3.0,1.0,1.0,1.0,2.0,2.0,1.0,1.0,1.0,3.0,4.0,4.0,1.0,1.0,1.0,2.0,1.0,2.0,2.0,2.0,8.0,9.0,3.0,1.0,2.0,1.0,1.0,3.0,2.0,2.0,1.0,5.0,1.0,3.0,3.0,3.0,4.0,1.0,1.0,2.0,2.0,3.0,3.0,1.0,3.0,2.0,1.0,1.0,1.0,1.0,1.0,1.0,1.0,1.0,1.0,1.0,1.0,2.0,10.0,2.0,3.0,3.0,3.0,2.0,1.0,1.0,1.0,1.0,2.0,1.0,15.0,3.0,3.0,3.0,3.0,1.0,1.0,11.0,2.0,2.0,2.0,3.0,1.0,1.0,1.0,1.0,9.0,2.0,2.0,3.0,3.0,1.0,1.0,1.0,2.0,1.0,13.0,2.0,2.0,3.0,3.0,6.0,5.0,2.0,2.0,2.0,2.0,3.0,3.0,4.0,3.0,2.0,2.0,3.0,3.0,4.0,2.0,7.0,3.0,3.0,2.0,2.0,1.0,3.0,7.0,2.0,13.0,6.0,4.0,1.0,1.0,1.0,2.0,1.0,3.0,2.0,10.0,2.0,14.0,1.0,1.0,1.0,9.0,3.0,2.0,1.0,1.0,10.0,2.0,1.0,1.0,1.0,2.0,3.0,7.0,5.0,1.0,1.0,1.0,2.0,6.0,2.0,2.0,4.0,2.0,1.0,1.0,1.0,3.0,2.0,10.0,3.0,1.0,1.0,1.0,5.0,3.0,5.0,1.0,3.0,1.0,1.0,2.0,2.0,3.0,2.0,1.0,2.0,1.0,1.0,1.0,2.0,1.0,1.0,1.0,1.0,5.0,1.0,2.0,1.0,1.0,1.0,1.0,1.0,4.0,1.0,1.0,14.0,1.0,4.0,1.0,13.0,11.0,2.0,2.0,1.0,5.0,1.0,11.0,1.0,1.0,1.0,1.0,1.0,4.0,1.0,1.0,1.0,1.0,3.0,1.0,3.0,1.0,5.0,9.0,1.0,1.0,1.0,1.0,4.0,1.0,6.0,13.0,1.0,3.0,3.0,4.0,1.0,3.0,1.0,4.0,1.0,14.0,9.0,12.0,7.0,1.0,1.0,1.0,2.0,4.0,4.0,6.0,10.0,8.0,21.0,4.0,4.0,3.0,2.0,4.0,1.0,2.0,12.0,11.0,1.0,3.0,4.0,1.0,1.0,1.0,1.0,3.0,6.0,7.0,2.0,5.0,3.0,3.0,8.0,10.0,2.0,19.0,8.0,5.0,1.0,3.0,2.0,6.0,-2.04564786099211,2.0,1.0,2.0,3.0,8.0,9.0,6.0,6.0,1.0,1.0,2.0,2.0,2.0,8.0,4.0,5.0,8.0,7.0,13.0,3.0,9.0,2.0,1.0,3.0,5.0,1.0,3.0,1.0,1.0,5.47566330468136,8.0,1.0,2.0,1.0,1.0,6.0,1.0,1.0,1.0,5.0,15.0,1.0,2.0,7.0,5.0,4.0,5.0,4.0,16.0,6.0,4.0,2.0,1.0,1.0,1.0,1.0,1.0,1.0,2.0,1.0,7.0,7.0,4.0,1.0,2.0,1.0,2.0,1.0,1.0,1.0,1.0,2.0,2.0,1.0,1.0,1.0,1.0,1.0,1.0,1.0,1.0,1.0,1.0,1.0,2.0,2.0,4.0,1.0,1.0,1.0,2.0,7.0,1.0,1.0,1.0,1.0,1.0,1.0,1.0,2.0,3.0,6.0,7.0,4.0,1.0,3.0,1.0,1.0,1.0,1.0,1.0,1.0,1.0,1.0,1.0,2.0,1.0,1.0,2.0,1.0,1.0,1.0,2.0,1.0,1.0,1.0,1.0,1.0,2.0,2.0,3.0,6.0,1.0,1.0,2.0,1.0,1.0,2.0,1.0,1.0,13.0,19.0,2.0,1.0,1.0,4.0,1.0,1.0,1.0,1.0,1.0,1.0,1.0,1.0,1.0,1.0,1.0,2.0,1.0,1.0,1.0,16.0,15.0,1.0,2.0,2.0,2.0,1.0,1.0,1.0,2.0,1.0,1.0,1.0,1.0,1.0,2.0,1.0,1.0,3.0,1.0,1.0,1.0,2.0,1.0,1.0,12.0,7.0,1.0,5.0,1.0,3.0,1.0,1.0,1.0,2.0,3.0,1.0,1.0,6.0,7.0,3.0,5.0,3.0,1.0,1.0,3.0,2.0,1.0,7.0,16.0,1.0,1.0,5.0,3.0,1.0,1.0,3.0,2.0,1.0,3.96952489648403,1.0,2.0,3.0,3.0,1.0,1.0,2.0,1.0,1.0,1.0,2.0,30.0,1.0,4.0,7.0,1.0,1.0,1.0,1.0,1.0,2.0,1.0,2.0,1.0,1.0,1.0,1.0,1.0,1.0,5.0,24.0,4.0,2.0,1.0,1.0,1.0,1.0,1.0,1.0,2.0,2.0,3.0,1.0,2.0,1.0,1.0,1.0,1.0,1.0,1.0,1.0,2.0,1.0,1.0,1.0,1.0,1.0,1.0,1.0,1.0,3.0,1.0,1.0,1.0,3.0,5.0,2.0,3.0,1.0,1.0,2.0,1.0,2.0,1.0,3.0,1.0,2.0,1.0,1.0,2.0,2.0,2.0,1.0,1.0,5.0,2.0,2.0,4.0,1.0,3.0,1.0,4.0,1.0,1.0,2.0,1.0,1.0,4.0,1.0,2.0,1.0,1.0,2.0,4.0,1.0,2.0,2.0,5.0,1.0,1.0,2.0,1.0,1.0,3.0,1.0,1.0,3.0,3.0,5.0,3.0,4.0,1.0,1.0,1.0,2.0,1.0,2.0,1.0,2.0,1.0,1.0,3.0,1.0,1.0,1.0,1.0,2.0,1.0,1.0,1.0,2.0,1.0,1.0,1.0,1.0,1.0,1.0,1.0,1.0,4.0,1.0,1.0,1.0,2.0,1.0,6.0,1.0,1.0,1.0,2.0,2.0,1.0,1.0,1.0,-1.2523449689335,2.0,1.0,1.0,2.0,1.0,-1.0,-1.0,-1.0,-1.0,-2.0,1.0,9.0,-1.0,1.0,-1.0,-1.0,-5.0,-4.0,-3.0,-4.0,-5.0,-5.0,1.0,1.0,1.0,6.0,6.0,2.0,1.0,3.0,2.0,1.0,4.0,5.0,1.0,3.0,1.0,1.0,2.0,1.0,5.0,1.0,1.0,10.0,4.0,1.0,1.0,1.0,3.0,7.0,1.0,2.0,8.0,1.0,2.0,1.0,1.0,1.0,2.0,1.0,2.0,9.0,1.0,9.0,1.0,1.0,1.0,3.0,1.0,1.0,4.0,4.0,1.0,2.0,1.0,2.0,1.0,1.0,1.0,2.0,1.0,1.0,2.0,4.0,1.0,1.0,10.0,1.0,1.0,1.0,3.0,1.0,4.0,4.0,9.0,1.0,1.0,5.0,1.0,1.0,1.0,4.0,2.0,5.0,1.0,7.0,1.0,5.0,1.0,1.0,1.0,18.20845275419301,1.0,5.0,4.0,6.0,1.0,-3.0,-1.0,-1.0,-13.71931735451625,-2.0,-2.0,-1.0,-1.0,-1.0,-1.0,-3.0,-1.0,-2.0,-4.0,-1.0,-2.0,-1.0,-1.0,-1.0,5.0,4.0,2.0,7.0,2.0,1.0,2.0,1.0,2.0,1.0,3.0,4.0,4.0,1.0,1.0,2.0,4.0,2.0,6.0,1.0,5.0,11.27775448851298,8.0,7.0,1.0,4.0,3.0,1.0,1.0,1.0,2.0,1.0,4.0,1.0,1.0,1.0,1.0,2.0,1.0,1.0,3.0,2.0,4.0,7.0,7.0,4.0,1.0,1.0,4.0,1.0,1.0,2.0,1.0,1.0,5.0,1.0,2.0,7.0,4.0,2.0,2.0,1.0,1.0,1.0,2.0,2.0,2.0,1.0,1.0,2.0,6.0,1.0,4.0,2.0,3.0,-9.81276160699843,1.0,8.0,8.0,1.0,1.0,2.0,2.0,1.0,1.0,2.0,2.0,11.0,5.0,2.0,1.0,2.0,2.0,2.0,2.0,2.0,2.0,2.0,2.0,2.0,1.0,1.0,25.0,6.0,5.0,5.0,5.0,5.0,5.0,5.0,3.0,2.0,1.0,1.0,2.0,1.0,1.0,12.0,15.0,4.0,4.0,5.0,4.0,4.0,5.0,2.0,1.0,5.0,1.0,1.0,2.0,1.0,16.0,5.0,4.0,5.0,4.0,10.0,2.0,4.0,3.0,3.0,6.0,4.0,4.0,4.0,4.0,4.0,4.0,4.0,4.0,4.0,2.0,4.0,4.0,4.0,4.0,4.0,4.0,1.0,1.0,4.0,4.0,4.0,4.0,4.0,4.0,1.0,1.0,1.0,1.0,1.0,1.0,4.0,4.0,4.0,4.0,4.0,4.0,4.0,4.0,4.0,4.0,1.0,1.0,1.0,1.0,3.0,1.0,1.0,10.0,1.0,1.0,1.0,1.0,1.0,21.0,15.0,1.0,1.0,1.0,1.0,1.0,1.0,5.0,1.0,6.0,2.0,2.0,23.0,14.0,1.0,3.0,3.0,3.0,3.0,3.0,3.0,3.0,3.0,1.0,1.0,1.0,1.0,1.0,6.0,1.0,4.0,10.0,9.0,26.0,7.0,3.0,3.0,4.0,3.0,3.0,3.0,4.0,3.0,1.0,1.0,1.0,1.0,3.0,1.0,1.0,13.0,2.0,2.0,2.0,2.0,2.0,2.0,2.0,1.0,1.0,2.0,2.0,2.0,2.0,2.0,2.0,3.0,2.0,1.0,2.0,2.0,2.0,2.0,2.0,2.0,2.0,1.0,2.0,2.0,2.0,2.0,2.0,2.0,2.0,2.0,2.0,2.0,2.0,1.0,-2.0,1.0,4.0,1.0,-4.0,-4.0,-5.0,-4.0,-4.0,-4.0,-5.0,-4.0,-1.0,1.0,2.0,-1.0,1.0,-4.0,-5.0,-4.0,-4.0,-5.0,-4.0,2.0,1.0,-5.0,-6.0,-5.0,-5.0,-6.0,-5.0,1.0,1.0,1.0,-5.0,-5.0,-5.0,-5.0,-5.0,-5.0,-1.0,1.0,-1.0,-5.0,-5.0,-5.0,-5.0,-5.0,-5.0,-3.0,-4.0,-1.0,-1.0,-3.0,-1.0,0.0,1.0,-9.0,-5.0,1.0,-1.0,-2.0,-1.0,-1.0,-2.0,-1.0,-3.0,-2.0,-1.0,-1.0,-1.0,-1.0,-1.0,-3.0,-1.0,-1.0,-1.0,-1.0,-3.0,-2.0,19.45784305872714,-2.0,-1.0,-1.0,-1.0,-2.0,7.0,-4.0,-2.0,-3.0,-3.0,-1.0,-1.0,-1.0,1.0,1.0,0.0,-1.0,-5.0,-7.0,-1.0,-2.0,-1.0,9.0,2.0,13.0,-1.0,-1.0,-1.0,-5.0,-5.0,-2.0,-4.0,1.0,5.0,4.0,2.0,2.0,1.0,2.0,15.0,17.0,4.0,5.0,7.0,13.0,1.0,3.0,1.0,1.0,1.0,12.0,5.0,5.0,1.0,11.0,2.0,4.0,2.0,1.0,15.57346510062307,4.0,2.0,1.0,1.0,2.0,1.0,1.0,2.0,1.0,1.0,2.0,6.0,1.0,1.0,2.0,4.0,3.0,2.0,2.0,3.0,7.0,1.0,1.0,1.0,1.0,1.0,2.0,1.0,1.0,1.0,1.0,1.0,1.0,1.0,1.0,2.0,2.0,1.0,4.0,1.0,1.0,1.0,1.0,3.0,1.0,2.0,6.0,1.0,1.0,1.0,1.0,1.0,1.0,1.0,1.0,1.0,1.0,1.0,1.0,3.0,1.0,1.0,3.0,2.0,2.0,2.0,5.0,-20.80157324031526,2.0,2.0,4.0,3.0,1.0,2.0,2.0,2.0,2.0,1.0,1.0,2.0,2.0,2.0,1.0,1.0,1.0,1.0,1.0,2.0,1.0,4.0,1.0,1.0,1.0,1.0,2.0,1.0,1.0,1.0,5.0,5.0,1.0,4.0,3.0,2.0,2.0,1.0,5.0,1.0,3.0,4.0,2.0,1.0,3.0,3.0,4.0,3.0,3.0,1.0,1.0,2.0,1.0,3.0,2.0,4.0,2.0,1.0,4.0,2.0,1.0,2.0,3.0,3.0,3.0,3.0,2.0,1.0,4.0,5.0,1.0,1.0,5.0,4.0,2.0,1.0,1.0,1.0,6.0,10.0,1.0,5.0,5.0,1.0,7.0,2.0,1.0,10.0,4.0,3.0,3.0,1.0,7.0,1.0,11.0,1.0,2.0,2.0,1.0,3.0,2.0,1.0,1.0,5.0,8.0,1.0,7.0,3.0,1.0,2.0,2.0,1.0,2.0,1.0,1.0,1.0,1.0,2.0,7.0,6.0,1.0,2.0,1.0,1.0,1.0,1.0,5.0,1.0,1.0,2.0,5.0,1.0,2.0,7.0,6.0,6.0,1.0,2.0,9.0,3.0,6.0,1.0,6.0,4.0,9.0,1.0,1.0,1.0,2.0,10.0,6.0,2.0,2.0,5.0,5.0,1.0,10.0,1.0,2.0,4.0,5.0,13.0,1.0,1.0,1.0,1.0,4.0,4.0,3.0,1.0,2.0,1.0,1.0,1.0,2.0,4.0,4.0,5.0,11.0,1.0,1.0,13.2640361646798,1.0,5.0,2.0,7.0,1.0,1.0,2.0,1.0,1.0,1.0,3.0,3.0,2.0,2.0,3.0,5.0,1.0,2.0,1.0,-2.0,1.0,1.0,7.0,-3.0,-3.0,-3.0,-3.0,1.0,0.0,4.0,-2.0,5.0,-6.0,-6.0,-6.0,-6.0,-2.0,-1.0,-1.0,-6.0,-6.0,-6.0,-6.0,-3.0,-2.0,-1.0,-1.0,-3.0,-3.0,-3.0,-3.0,-2.0,-1.0,-1.0,2.0,-1.0,-6.0,-6.0,-6.0,-6.0,-6.0,-6.0,-6.0,1.0,1.0,-3.0,-3.0,7.0,2.0,-5.0,-5.0,-5.0,-5.0,1.0,-2.0,-2.0,2.0,1.0,-5.0,-6.0,-5.0,-5.0,2.0,1.0,1.0,1.0,-6.0,-6.0,-6.0,-6.0,-1.0,1.0,-2.0,-2.0,1.0,2.0,-13.0,-13.0,-1.0,-1.0,-2.0,2.0,1.0,-5.0,-5.0,-5.0,-5.0,-5.0,-5.0,1.0,1.0,-5.0,-5.0,-5.0,-5.0,-5.0,0.0,-3.0,-12.0,-12.0,1.0,5.0,-7.0,-7.0,-7.0,-7.0,1.0,7.0,1.0,1.0,1.0,2.0,11.0,1.0,4.0,1.0,3.0,6.0,1.0,2.0,3.0,15.0,3.0,2.0,3.0,4.0,1.0,6.0,6.0,4.0,2.0,1.0,1.0,1.0,1.0,1.0,1.0,3.0,7.0,1.0,3.0,1.0,1.0,1.0,3.0,2.0,1.0,2.0,2.0,1.0,1.0,3.0,3.0,3.0,1.0,1.0,2.0,3.0,3.0,3.0,1.0,1.0,1.0,3.0,4.0,4.0,2.0,3.0,1.0,1.0,1.0,1.0,1.0,1.0,2.0,3.0,4.0,4.0,2.0,6.0,3.0,1.0,1.0,1.0,1.0,1.0,1.0,2.0,3.0,1.0,13.0,3.0,1.0,1.0,6.0,1.0,1.0,1.0,4.0,1.0,1.0,2.0,2.0,4.0,3.0,3.0,1.0,1.0,1.0,1.0,2.0,2.0,3.0,3.0,1.0,1.0,2.0,2.0,1.0,2.0,6.0,6.0,2.0,3.0,2.0,2.0,1.0,1.0,2.0,2.0,6.0,6.0,2.0,3.0,2.0,2.0,1.0,1.0,21.0,3.0,4.0,1.0,2.0,2.0,8.0,1.0,7.0,2.0,1.0,2.0,3.0,4.0,4.0,1.0,16.0,1.0,6.0,3.0,1.0,1.0,2.0,10.0,1.0,10.0,3.0,3.0,2.0,1.0,4.0,3.0,1.0,2.0,1.0,1.0,4.0,1.0,3.0,1.0,2.0,2.0,1.0,1.0,1.0,1.0,3.0,1.0,1.0,2.0,1.0,1.0,1.0,1.0,1.0,1.29786125122586,1.0,1.0,1.0,1.0,1.0,4.0,3.0,1.0,1.0,1.0,1.0,1.0,1.0,2.0,2.0,1.0,4.0,1.0,4.0,1.0,1.0,2.0,1.0,1.0,3.0,2.0,2.0,2.0,2.0,1.0,1.0,6.0,24.0,4.0,1.0,3.0,2.0,1.0,1.0,16.0,35.0,3.0,1.0,1.0,1.0,1.0,1.0,1.0,3.0,5.0,1.0,1.0,2.0,7.0,5.0,5.0,2.0,3.0,1.0,1.0,1.0,8.0,1.0,5.0,3.0,2.0,9.0,6.0,1.0,4.0,13.0,1.0,7.0,7.0,1.0,1.0,1.0,1.0,1.0,4.0,6.0,3.0,2.0,1.0,8.0,6.0,1.0,1.0,1.0,2.0,3.0,1.0,2.0,8.0,1.0,2.0,9.0,2.0,1.0,1.0,1.0,1.0,1.0,4.0,1.0,1.0,4.0,5.0,1.0,1.0,2.0,3.0,2.0,1.0,2.0,5.0,6.0,4.0,6.0,8.0,11.0,7.0,6.0,1.0,1.0,1.0,4.0,1.0,3.0,4.0,5.0,12.0,5.0,2.0,2.0,1.0,4.0,2.0,1.0,1.0,1.0,3.0,4.0,3.0,2.0,17.29671484676516,3.0,5.0,1.0,7.0,5.0,2.0,2.0,3.0,1.0,1.0,1.0,1.0,2.0,1.0,2.0,1.0,1.0,12.0,10.0,8.0,6.0,5.0,1.0,1.0,1.0,3.0,1.0,1.0,1.0,3.0,4.0,1.0,2.0,1.0,1.0,1.0,2.0,1.0,1.0,8.0,1.0,1.0,2.0,2.0,5.0,2.0,2.0,1.0,1.0,3.0,2.0,3.0,1.0,6.0,6.0,1.0,1.0,6.0,1.0,6.0,9.0,3.0,13.0,10.0,1.0,1.0,11.0,1.0,1.0,3.0,8.0,9.0,2.0,1.0,2.0,3.0,3.0,3.0,1.0,1.0,1.0,5.0,5.0,2.0,1.0,2.0,2.0,1.0,1.0,5.0,1.0,1.0,1.0,1.0,3.0,2.0,1.0,2.0,1.0,3.0,4.0,1.0,2.0,1.0,2.0,1.0,2.0,2.0,1.0,1.0,2.0,2.0,1.0,1.0,1.0,1.0,1.0,1.0,2.0,1.0,8.0,2.0,1.0,5.0,6.0,2.0,1.0,1.0,1.0,6.0,2.0,3.0,4.0,3.0,1.0,1.0,2.0,2.0,1.0,1.0,11.0,1.0,1.0,2.0,4.0,5.0,3.0,1.0,4.0,1.0,14.0,4.0,7.0,1.0,1.0,2.0,1.0,1.0,2.92572291035908,1.0,1.0,1.0,3.0,1.0,9.0,2.0,2.0,1.0,1.0,7.0,1.0,8.0,1.0,1.0,1.0,1.0,2.0,1.0,1.0,1.0,1.0,2.0,1.0,1.0,1.0,1.0,1.0,1.0,4.0,4.0,3.0,2.0,1.0,1.0,1.0,1.0,3.0,1.0,1.0,1.0,1.0,1.0,1.0,1.0,1.0,2.0,1.0,3.0,0.24337417607789,1.0,1.0,3.0,5.0,9.0,7.0,2.0,2.0,1.0,1.0,1.0,2.0,3.0,1.0,1.0,2.0,3.0,1.0,1.0,2.0,2.0,1.0,1.0,1.0,1.0,2.0,1.0,1.0,-1.0,-1.0,-2.0,-4.0,-12.0,-7.0,-6.0,-6.0,-9.0,-11.0,-2.0,-8.0,-10.0,-6.0,-11.0,-6.50984180533249,-1.0,-4.0,-1.0,-10.0,-11.0,-3.0,-8.0,-12.0,-10.0,-1.0,-1.0,-1.0,-1.0,-7.0,-7.0,-13.0,-7.0,2.0,1.0,1.0,1.0,2.0,1.0,1.0,5.0,1.0,2.0,1.0,1.0,3.0,1.0,3.0,1.0,1.0,1.0,1.0,1.0,1.0,1.0,1.0,4.0,1.0,1.0,2.0,1.0,1.0,3.0,1.0,1.0,2.0,1.0,1.0,2.0,3.0,1.0,2.0,1.0,1.0,1.0,1.0,1.0,1.0,2.0,1.0,2.0,1.0,2.0,5.0,6.0,1.0,2.0,1.0,1.0,3.0,1.0,1.0,2.0,3.0,3.0,1.0,1.0,2.0,5.0,5.0,1.0,1.0,4.0,3.0,2.0,1.0,1.0,-1.0,1.0,2.0,-3.0,1.0,1.0,-4.0,-4.0,-3.0,2.0,-1.0,-1.0,-1.0,-2.0,2.0,10.0,1.0,1.0,1.0,2.0,3.0,4.0,1.0,2.0,1.0,17.0,1.0,1.0,1.0,1.0,2.0,1.0,1.0,1.0,4.0,4.0,1.0,3.0,1.0,1.0,2.0,1.0,1.0,1.0,2.0,2.0,1.0,1.0,1.0,1.0,2.0,3.0,18.94840458248437,1.0,1.0,3.0,1.0,1.0,1.0,2.0,3.0,1.0,1.0,2.0,4.0,2.0,1.0,1.0,1.0,1.0,2.0,3.0,1.0,4.0,1.0,1.0,1.0,4.0,4.0,1.0,1.0,2.0,2.0,2.0,2.0,1.0,2.0,1.0,2.0,3.0,1.0,6.0,11.0,8.0,5.0,4.0,5.0,3.0,2.0,1.0,1.0,1.0,1.0,1.0,2.0,2.0,3.0,2.0,3.0,1.0,1.0,1.0,1.0,1.0,1.0,3.0,2.0,5.0,1.0,2.0,2.0,1.0,5.0,1.0,5.0,1.0,2.0,5.0,3.0,2.0,1.0,15.11250881122309,1.0,2.0,3.0,1.0,1.0,1.0,3.0,3.0,2.0,4.0,1.0,1.0,1.0,1.0,1.0,1.0,1.0,1.0,1.0,1.0,1.0,3.0,5.0,1.0,1.0,1.0,2.0,2.0,1.0,1.0,5.0,1.0,1.0,5.0,1.0,1.0,-7.0,-7.0,1.0,-1.0,-4.0,-2.0,-1.0,-2.0,-1.0,1.0,-1.0,-3.0,-5.0,0.0,-3.0,-1.0,-2.0,-4.0,1.0,-1.0,1.0,-1.0,-1.0,1.0,-1.0,-1.0,2.0,-2.0,-3.0,2.0,-2.0,-1.0,1.0,-1.0,-1.0,-2.0,1.0,-2.0,-1.0,2.0,-1.0,-1.0,-1.0,-1.0,-2.0,2.0,-2.0,-2.0,0.0,-1.0,-1.0,-1.0,-1.0,-1.0,1.0,1.0,1.0,7.0,1.0,1.0,1.0,1.0,1.0,2.0,1.0,1.0,12.0,1.0,1.0,1.0,1.0,1.0,1.0,2.0,1.0,1.0,1.0,1.0,2.0,4.0,3.0,1.0,1.0,3.0,1.0,1.0,1.0,1.0,2.0,1.0,1.0,1.0,1.0,1.0,2.0,1.0,1.0,3.0,7.0,2.0,1.0,1.0,1.0,1.0,1.0,1.0,1.0,1.0,1.0,1.0,1.0,1.0,6.0,1.0,1.0,1.0,1.0,1.0,1.0,1.0,1.0,1.0,1.0,1.0,1.0,1.0,1.0,1.0,1.0,4.0,1.0,1.0,1.0,1.0,1.0,1.0,1.0,1.0,1.0,1.0,1.0,1.0,1.0,1.0,1.0,1.0,1.0,1.0,1.0,-1.0,-1.0,1.0,1.0,2.0,-2.0,-2.0,-2.0,-2.0,-2.0,1.0,1.0,-3.56110793196185,-3.0,-3.0,-3.0,1.0,-5.0,-5.0,-5.0,1.0,1.0,1.0,1.0,2.0,1.0,1.0,-1.0,-1.0,-1.0,-1.0,-1.0,-1.0,4.0,4.0,1.0,1.0,3.0,1.0,1.0,1.0,1.0,1.0,3.0,3.0,2.0,1.0,1.0,1.0,1.0,1.0,2.0,1.0,1.0,2.0,2.0,1.0,1.0,1.0,1.0,1.0,3.0,3.0,3.0,1.0,1.0,2.0,1.0,1.0,2.0,2.0,2.0,1.0,1.0,1.0,2.0,1.0,1.0,1.0,1.0,3.0,1.0,1.0,1.0,1.0,4.0,2.0,5.0,1.0,2.0,1.0,1.0,1.0,1.0,3.0,1.0,2.0,3.0,2.0,1.0,1.0,1.0,2.0,2.0,2.0,2.0,1.0,6.0,3.0,6.0,1.0,1.0,1.0,3.0,1.0,4.0,5.0,1.0,1.0,1.0,1.0,1.0,17.0,1.0,2.0,12.0,1.0,2.0,3.0,8.0,13.0,5.0,2.0,1.0,2.0,6.0,4.0,4.0,2.0,1.0,3.0,2.0,1.0,1.0,1.0,3.0,1.0,1.0,1.0,3.0,1.0,1.0,1.0,3.0,1.0,1.0,1.0,2.0,3.0,7.0,4.0,3.0,-0.31044766992144,2.0,2.0,2.0,1.0,1.0,1.0,1.0,1.0,1.0,1.0,1.0,1.0,1.0,1.0,1.0,1.0,1.0,1.0,1.0,1.0,1.0,1.0,1.0,1.0,1.0,1.0,1.0,1.0,3.0,1.0,1.0,2.0,2.0,2.0,2.0,3.0,1.0,1.0,1.0,2.0,1.0,4.0,3.0,1.0,1.0,1.0,2.0,1.0,7.39298284432326,1.0,5.0,3.0,2.0,1.0,1.0,1.0,1.0,1.0,1.0,1.0,1.0,1.0,3.0,4.0,3.0,1.0,1.0,1.0,1.0,1.0,1.0,1.0,1.0,1.0,1.0,1.0,1.0,2.0,1.0,1.0,1.0,1.0,1.0,1.0,1.0,1.0,1.0,1.0,1.0,2.0,1.0,1.0,1.0,1.0,1.0,1.0,1.0,1.0,1.0,1.0,1.0,1.0,1.0,3.0,8.0,2.0,1.0,2.0,1.0,1.0,4.0,1.0,1.0,1.0,1.0,1.0,1.0,1.0,7.0,5.0,2.0,3.0,1.0,1.0,2.0,1.0,1.0,1.0,1.0,1.0,1.0,2.0,3.0,1.0,2.0,2.0,2.0,-16.38832593496558,3.0,1.0,1.0,1.0,1.0,3.0,2.0,3.0,3.0,1.0,1.0,2.0,2.0,2.0,3.0,2.0,1.0,3.0,1.0,2.0,2.0,2.0,2.0,2.0,2.0,1.0,1.0,1.0,1.0,1.0,1.0,1.0,1.0,1.0,2.0,1.0,1.0,1.0,3.0,1.0,1.0,1.0,1.0,1.0,1.0,1.0,2.0,1.0,6.0,1.0,5.0,1.0,4.0,1.0,8.0,1.0,3.0,3.0,4.0,1.0,2.0,2.0,1.0,1.0,3.0,2.0,3.0,1.0,2.0,1.0,1.0,2.0,1.0,1.0,4.0,6.0,1.0,1.0,1.0,2.0,2.0,1.0,1.0,3.0,5.0,5.38785976813884,1.0,1.0,5.0,1.0,1.0,2.0,1.0,1.0,1.0,4.0,2.0,1.0,4.0,2.0,6.0,1.0,1.0,1.0,1.0,6.0,5.96397995782018,1.0,1.0,3.0,3.0,-1.3686525685699,9.0,2.0,3.0,3.0,3.0,3.0,1.0,1.0,5.0,5.0,5.0,5.0,1.0,7.0,10.0,2.0,1.0,4.0,5.0,5.0,5.0,5.0,2.0,1.0,3.0,5.0,4.0,2.0,2.0,1.0,1.0,2.0,3.0,1.0,1.0,3.0,11.0,5.0,5.0,5.0,5.0,5.0,5.0,5.0,5.0,13.0,3.0,2.0,2.0,3.0,11.0,5.0,5.0,5.0,5.0,1.0,1.0,2.0,18.0,11.0,2.0,1.0,3.0,3.0,5.0,5.0,5.0,5.0,5.0,5.0,2.0,1.0,3.0,1.0,1.0,21.0,1.0,2.0,3.0,6.0,6.0,6.0,6.0,2.0,5.0,3.0,2.0,5.0,13.0,2.0,5.0,5.0,5.0,5.0,6.0,2.0,24.0,2.0,1.0,2.0,5.0,5.0,5.0,5.0,1.0,2.0,4.0,3.0,12.0,1.0,9.0,4.0,4.0,4.0,4.0,4.0,4.0,4.0,1.0,10.0,4.0,1.0,21.0,1.0,2.0,1.0,1.0,1.0,4.0,3.0,5.0,6.0,6.0,6.0,6.0,6.0,1.0,1.0,3.0,15.0,1.0,1.0,1.0,1.0,7.0,4.0,1.0,10.0,5.0,5.0,5.0,5.0,1.0,1.0,4.0,2.0,-19.72431348956135,1.0,2.0,2.0,9.0,2.0,1.0,1.0,3.0,1.0,4.0,3.0,1.0,1.0,1.0,1.0,1.0,2.0,1.0,1.0,9.0,1.0,1.0,1.0,2.0,5.0,5.0,5.0,5.0,2.0,1.0,7.0,1.0,2.0,5.0,5.0,5.0,5.0,5.0,5.0,5.0,3.0,1.0,1.0,20.0,1.0,1.0,1.0,4.0,1.0,1.0,2.0,1.0,9.0,3.0,4.0,4.0,4.0,4.0,4.0,4.0,4.0,4.0,1.0,1.0,37.0,1.0,1.0,1.0,6.0,6.0,6.0,6.0,6.0,6.0,1.0,1.0,1.0,1.0,6.0,16.0,1.0,5.0,5.0,5.0,5.0,1.0,27.0,1.0,1.0,1.0,7.0,6.0,6.0,6.0,6.0,1.0,2.0,1.0,30.0,1.0,1.0,1.0,1.0,8.0,6.0,6.0,6.0,6.0,13.32796194626393,2.0,2.0,2.0,2.0,5.0,5.0,7.0,3.0,30.0,3.0,10.0,6.0,1.0,10.0,5.0,5.0,5.0,5.0,5.0,5.0,5.0,4.0,1.0,6.0,8.0,1.0,2.0,3.0,4.0,4.0,5.0,6.0,6.0,6.0,6.0,-5.0,-5.0,-5.0,-5.0,-5.0,-5.0,-5.0,-5.0,-5.0,-5.0,1.0
1.0,1.0,1.0,2.0,1.0,2.0,4.0,7.0,1.0,2.0,1.0,5.0,1.0,1.0,1.0,1.0,3.0,1.0,2.0,1.0,1.0,1.0,1.0,1.0,1.0,1.0,5.0,2.0,1.0,3.0,1.0,1.0,5.0,1.0,1.0,2.0,1.0,1.0,1.0,2.0,3.0,1.0,1.0,1.0,1.0,1.0,1.0,1.0,1.0,1.0,1.0,1.0,5.0,3.0,2.0,1.0,1.0,2.0,1.0,1.0,1.0,1.0,1.0,1.0,1.0,1.0,2.0,1.0,5.0,1.0,2.0,1.0,1.0,2.0,1.0,1.0,1.0,1.0,2.0,1.0,7.0,4.0,1.0,2.0,1.0,2.0,12.0,5.0,1.0,15.0,1.0,2.0,2.0,2.0,1.0,1.0,8.0,1.0,4.0,1.0,1.0,16.0,3.0,3.0,1.0,2.0,1.0,1.0,6.0,7.0,1.0,2.0,3.0,2.0,2.0,3.0,2.0,1.0,5.0,1.0,3.0,2.0,2.0,1.0,1.0,1.0,10.0,10.0,1.0,3.0,2.0,1.0,2.0,5.0,2.0,1.0,3.0,1.0,1.0,1.0,1.0,1.0,1.0,1.0,7.0,1.0,1.0,13.0,1.0,1.0,1.0,10.0,2.0,1.0,3.0,1.0,1.0,2.0,3.0,1.0,1.0,1.0,1.0,1.0,1.0,1.0,2.0,1.0,14.0,1.0,1.0,1.0,2.0,2.0,1.0,3.0,2.0,1.0,1.0,1.0,2.0,5.0,1.0,1.0,1.0,4.0,1.0,4.0,2.0,14.0,1.0,2.0,2.0,4.0,1.0,1.0,3.0,1.0,1.0,2.0,1.0,1.0,4.0,3.0,17.0,1.0,1.0,1.0,1.0,3.0,1.0,3.0,5.0,1.0,2.0,2.0,2.0,1.0,1.0,1.0,4.0,1.0,2.0,1.0,1.0,1.0,1.0,1.0,1.0,5.0,2.0,2.0,3.0,1.0,1.0,1.0,1.0,2.0,1.0,1.0,1.0,1.0,1.0,5.0,2.0,3.0,2.0,2.0,3.0,1.0,2.0,4.0,1.0,2.0,2.0,2.0,1.0,1.0,1.0,1.0,1.0,3.0,2.0,1.0,1.0,13.0,3.0,1.0,1.0,1.0,7.0,4.0,1.0,1.0,1.0,8.0,1.0,1.0,6.0,2.0,1.0,3.0,2.0,8.0,2.0,1.0,1.0,1.0,5.0,1.0,8.0,1.0,4.0,9.0,7.0,1.0,1.0,8.0,1.0,2.0,1.0,1.0,4.0,1.0,1.0,1.0,7.0,4.0,5.0,3.0,1.0,1.0,1.0,2.0,1.0,1.0,1.0,1.0,1.0,1.0,6.0,3.0,2.0,2.0,1.0,1.0,1.0,1.0,1.0,1.0,5.0,1.0,1.0,3.0,1.0,1.0,3.0,3.0,1.0,1.0,1.0,2.0,2.0,1.0,1.0,1.0,3.0,4.0,4.0,1.0,1.0,1.0,2.0,1.0,2.0,2.0,2.0,8.0,9.0,3.0,1.0,2.0,1.0,1.0,3.0,2.0,2.0,1.0,5.0,1.0,3.0,3.0,3.0,4.0,1.0,1.0,2.0,2.0,3.0,3.0,1.0,3.0,2.0,1.0,1.0,1.0,1.0,1.0,1.0,1.0,1.0,1.0,1.0,1.0,2.0,10.0,2.0,3.0,3.0,3.0,2.0,1.0,1.0,1.0,1.0,2.0,1.0,15.0,3.0,3.0,3.0,3.0,1.0,1.0,11.0,2.0,2.0,2.0,3.0,1.0,1.0,1.0,1.0,9.0,2.0,2.0,3.0,3.0,1.0,1.0,1.0,2.0,1.0,13.0,2.0,2.0,3.0,3.0,6.0,5.0,2.0,2.0,2.0,2.0,3.0,3.0,4.0,3.0,2.0,2.0,3.0,3.0,4.0,2.0,7.0,3.0,3.0,2.0,2.0,1.0,3.0,7.0,2.0,13.0,6.0,4.0,1.0,1.0,1.0,2.0,1.0,3.0,2.0,10.0,2.0,14.0,1.0,1.0,1.0,9.0,3.0,2.0,1.0,1.0,10.0,2.0,1.0,1.0,1.0,2.0,3.0,7.0,5.0,1.0,1.0,1.0,2.0,6.0,2.0,2.0,4.0,2.0,1.0,1.0,1.0,3.0,2.0,10.0,3.0,1.0,1.0,1.0,5.0,3.0,5.0,1.0,3.0,1.0,1.0,2.0,2.0,3.0,2.0,1.0,2.0,1.0,1.0,1.0,2.0,1.0,1.0,1.0,1.0,5.0,1.0,2.0,1.0,1.0,1.0,1.0,1.0,4.0,1.0,1.0,14.0,1.0,4.0,1.0,13.0,11.0,2.0,2.0,1.0,5.0,1.0,11.0,1.0,1.0,1.0,1.0,1.0,4.0,1.0,1.0,1.0,1.0,3.0,1.0,3.0,1.0,5.0,9.0,1.0,1.0,1.0,1.0,4.0,1.0,6.0,13.0,1.0,3.0,3.0,4.0,1.0,3.0,1.0,4.0,1.0,14.0,9.0,12.0,7.0,1.0,1.0,1.0,2.0,4.0,4.0,6.0,10.0,8.0,21.0,4.0,4.0,3.0,2.0,4.0,1.0,2.0,12.0,11.0,1.0,3.0,4.0,1.0,1.0,1.0,1.0,3.0,6.0,7.0,2.0,5.0,3.0,3.0,8.0,10.0,2.0,19.0,8.0,5.0,1.0,3.0,2.0,6.0,-2.04564786099211,2.0,1.0,2.0,3.0,8.0,9.0,6.0,6.0,1.0,1.0,2.0,2.0,2.0,8.0,4.0,5.0,8.0,7.0,13.0,3.0,9.0,2.0,1.0,3.0,5.0,1.0,3.0,1.0,1.0,5.47566330468136,8.0,1.0,2.0,1.0,1.0,6.0,1.0,1.0,1.0,5.0,15.0,1.0,2.0,7.0,5.0,4.0,5.0,4.0,16.0,6.0,4.0,2.0,1.0,1.0,1.0,1.0,1.0,1.0,2.0,1.0,7.0,7.0,4.0,1.0,2.0,1.0,2.0,1.0,1.0,1.0,1.0,2.0,2.0,1.0,1.0,1.0,1.0,1.0,1.0,1.0,1.0,1.0,1.0,1.0,2.0,2.0,4.0,1.0,1.0,1.0,2.0,7.0,1.0,1.0,1.0,1.0,1.0,1.0,1.0,2.0,3.0,6.0,7.0,4.0,1.0,3.0,1.0,1.0,1.0,1.0,1.0,1.0,1.0,1.0,1.0,2.0,1.0,1.0,2.0,1.0,1.0,1.0,2.0,1.0,1.0,1.0,1.0,1.0,2.0,2.0,3.0,6.0,1.0,1.0,2.0,1.0,1.0,2.0,1.0,1.0,13.0,19.0,2.0,1.0,1.0,4.0,1.0,1.0,1.0,1.0,1.0,1.0,1.0,1.0,1.0,1.0,1.0,2.0,1.0,1.0,1.0,16.0,15.0,1.0,2.0,2.0,2.0,1.0,1.0,1.0,2.0,1.0,1.0,1.0,1.0,1.0,2.0,1.0,1.0,3.0,1.0,1.0,1.0,2.0,1.0,1.0,12.0,7.0,1.0,5.0,1.0,3.0,1.0,1.0,1.0,2.0,3.0,1.0,1.0,6.0,7.0,3.0,5.0,3.0,1.0,1.0,3.0,2.0,1.0,7.0,16.0,1.0,1.0,5.0,3.0,1.0,1.0,3.0,2.0,1.0,3.96952489648403,1.0,2.0,3.0,3.0,1.0,1.0,2.0,1.0,1.0,1.0,2.0,30.0,1.0,4.0,7.0,1.0,1.0,1.0,1.0,1.0,2.0,1.0,2.0,1.0,1.0,1.0,1.0,1.0,1.0,5.0,24.0,4.0,2.0,1.0,1.0,1.0,1.0,1.0,1.0,2.0,2.0,3.0,1.0,2.0,1.0,1.0,1.0,1.0,1.0,1.0,1.0,2.0,1.0,1.0,1.0,1.0,1.0,1.0,1.0,1.0,3.0,1.0,1.0,1.0,3.0,5.0,2.0,3.0,1.0,1.0,2.0,1.0,2.0,1.0,3.0,1.0,2.0,1.0,1.0,2.0,2.0,2.0,1.0,1.0,5.0,2.0,2.0,4.0,1.0,3.0,1.0,4.0,1.0,1.0,2.0,1.0,1.0,4.0,1.0,2.0,1.0,1.0,2.0,4.0,1.0,2.0,2.0,5.0,1.0,1.0,2.0,1.0,1.0,3.0,1.0,1.0,3.0,3.0,5.0,3.0,4.0,1.0,1.0,1.0,2.0,1.0,2.0,1.0,2.0,1.0,1.0,3.0,1.0,1.0,1.0,1.0,2.0,1.0,1.0,1.0,2.0,1.0,1.0,1.0,1.0,1.0,1.0,1.0,1.0,4.0,1.0,1.0,1.0,2.0,1.0,6.0,1.0,1.0,1.0,2.0,2.0,1.0,1.0,1.0,-1.2523449689335,2.0,1.0,1.0,2.0,1.0,-1.0,-1.0,-1.0,-1.0,-2.0,1.0,9.0,-1.0,1.0,-1.0,-1.0,-5.0,-4.0,-3.0,-4.0,-5.0,-5.0,1.0,1.0,1.0,6.0,6.0,2.0,1.0,3.0,2.0,1.0,4.0,5.0,1.0,3.0,1.0,1.0,2.0,1.0,5.0,1.0,1.0,10.0,4.0,1.0,1.0,1.0,3.0,7.0,1.0,2.0,8.0,1.0,2.0,1.0,1.0,1.0,2.0,1.0,2.0,9.0,1.0,9.0,1.0,1.0,1.0,3.0,1.0,1.0,4.0,4.0,1.0,2.0,1.0,2.0,1.0,1.0,1.0,2.0,1.0,1.0,2.0,4.0,1.0,1.0,10.0,1.0,1.0,1.0,3.0,1.0,4.0,4.0,9.0,1.0,1.0,5.0,1.0,1.0,1.0,4.0,2.0,5.0,1.0,7.0,1.0,5.0,1.0,1.0,1.0,18.20845275419301,1.0,5.0,4.0,6.0,1.0,-3.0,-1.0,-1.0,-13.71931735451625,-2.0,-2.0,-1.0,-1.0,-1.0,-1.0,-3.0,-1.0,-2.0,-4.0,-1.0,-2.0,-1.0,-1.0,-1.0,5.0,4.0,2.0,7.0,2.0,1.0,2.0,1.0,2.0,1.0,3.0,4.0,4.0,1.0,1.0,2.0,4.0,2.0,6.0,1.0,5.0,11.27775448851298,8.0,7.0,1.0,4.0,3.0,1.0,1.0,1.0,2.0,1.0,4.0,1.0,1.0,1.0,1.0,2.0,1.0,1.0,3.0,2.0,4.0,7.0,7.0,4.0,1.0,1.0,4.0,1.0,1.0,2.0,1.0,1.0,5.0,1.0,2.0,7.0,4.0,2.0,2.0,1.0,1.0,1.0,2.0,2.0,2.0,1.0,1.0,2.0,6.0,1.0,4.0,2.0,3.0,-9.81276160699843,1.0,8.0,8.0,1.0,1.0,2.0,2.0,1.0,1.0,2.0,2.0,11.0,5.0,2.0,1.0,2.0,2.0,2.0,2.0,2.0,2.0,2.0,2.0,2.0,1.0,1.0,25.0,6.0,5.0,5.0,5.0,5.0,5.0,5.0,3.0,2.0,1.0,1.0,2.0,1.0,1.0,12.0,15.0,4.0,4.0,5.0,4.0,4.0,5.0,2.0,1.0,5.0,1.0,1.0,2.0,1.0,16.0,5.0,4.0,5.0,4.0,10.0,2.0,4.0,3.0,3.0,6.0,4.0,4.0,4.0,4.0,4.0,4.0,4.0,4.0,4.0,2.0,4.0,4.0,4.0,4.0,4.0,4.0,1.0,1.0,4.0,4.0,4.0,4.0,4.0,4.0,1.0,1.0,1.0,1.0,1.0,1.0,4.0,4.0,4.0,4.0,4.0,4.0,4.0,4.0,4.0,4.0,1.0,1.0,1.0,1.0,3.0,1.0,1.0,10.0,1.0,1.0,1.0,1.0,1.0,21.0,15.0,1.0,1.0,1.0,1.0,1.0,1.0,5.0,1.0,6.0,2.0,2.0,23.0,14.0,1.0,3.0,3.0,3.0,3.0,3.0,3.0,3.0,3.0,1.0,1.0,1.0,1.0,1.0,6.0,1.0,4.0,10.0,9.0,26.0,7.0,3.0,3.0,4.0,3.0,3.0,3.0,4.0,3.0,1.0,1.0,1.0,1.0,3.0,1.0,1.0,13.0,2.0,2.0,2.0,2.0,2.0,2.0,2.0,1.0,1.0,2.0,2.0,2.0,2.0,2.0,2.0,3.0,2.0,1.0,2.0,2.0,2.0,2.0,2.0,2.0,2.0,1.0,2.0,2.0,2.0,2.0,2.0,2.0,2.0,2.0,2.0,2.0,2.0,1.0,-2.0,1.0,4.0,1.0,-4.0,-4.0,-5.0,-4.0,-4.0,-4.0,-5.0,-4.0,-1.0,1.0,2.0,-1.0,1.0,-4.0,-5.0,-4.0,-4.0,-5.0,-4.0,2.0,1.0,-5.0,-6.0,-5.0,-5.0,-6.0,-5.0,1.0,1.0,1.0,-5.0,-5.0,-5.0,-5.0,-5.0,-5.0,-1.0,1.0,-1.0,-5.0,-5.0,-5.0,-5.0,-5.0,-5.0,-3.0,-4.0,-1.0,-1.0,-3.0,-1.0,0.0,1.0,-9.0,-5.0,1.0,-1.0,-2.0,-1.0,-1.0,-2.0,-1.0,-3.0,-2.0,-1.0,-1.0,-1.0,-1.0,-1.0,-3.0,-1.0,-1.0,-1.0,-1.0,-3.0,-2.0,19.45784305872714,-2.0,-1.0,-1.0,-1.0,-2.0,7.0,-4.0,-2.0,-3.0,-3.0,-1.0,-1.0,-1.0,1.0,1.0,0.0,-1.0,-5.0,-7.0,-1.0,-2.0,-1.0,9.0,2.0,13.0,-1.0,-1.0,-1.0,-5.0,-5.0,-2.0,-4.0,1.0,5.0,4.0,2.0,2.0,1.0,2.0,15.0,17.0,4.0,5.0,7.0,13.0,1.0,3.0,1.0,1.0,1.0,12.0,5.0,5.0,1.0,11.0,2.0,4.0,2.0,1.0,15.57346510062307,4.0,2.0,1.0,1.0,2.0,1.0,1.0,2.0,1.0,1.0,2.0,6.0,1.0,1.0,2.0,4.0,3.0,2.0,2.0,3.0,7.0,1.0,1.0,1.0,1.0,1.0,2.0,1.0,1.0,1.0,1.0,1.0,1.0,1.0,1.0,2.0,2.0,1.0,4.0,1.0,1.0,1.0,1.0,3.0,1.0,2.0,6.0,1.0,1.0,1.0,1.0,1.0,1.0,1.0,1.0,1.0,1.0,1.0,1.0,3.0,1.0,1.0,3.0,2.0,2.0,2.0,5.0,-20.80157324031526,2.0,2.0,4.0,3.0,1.0,2.0,2.0,2.0,2.0,1.0,1.0,2.0,2.0,2.0,1.0,1.0,1.0,1.0,1.0,2.0,1.0,4.0,1.0,1.0,1.0,1.0,2.0,1.0,1.0,1.0,5.0,5.0,1.0,4.0,3.0,2.0,2.0,1.0,5.0,1.0,3.0,4.0,2.0,1.0,3.0,3.0,4.0,3.0,3.0,1.0,1.0,2.0,1.0,3.0,2.0,4.0,2.0,1.0,4.0,2.0,1.0,2.0,3.0,3.0,3.0,3.0,2.0,1.0,4.0,5.0,1.0,1.0,5.0,4.0,2.0,1.0,1.0,1.0,6.0,10.0,1.0,5.0,5.0,1.0,7.0,2.0,1.0,10.0,4.0,3.0,3.0,1.0,7.0,1.0,11.0,1.0,2.0,2.0,1.0,3.0,2.0,1.0,1.0,5.0,8.0,1.0,7.0,3.0,1.0,2.0,2.0,1.0,2.0,1.0,1.0,1.0,1.0,2.0,7.0,6.0,1.0,2.0,1.0,1.0,1.0,1.0,5.0,1.0,1.0,2.0,5.0,1.0,2.0,7.0,6.0,6.0,1.0,2.0,9.0,3.0,6.0,1.0,6.0,4.0,9.0,1.0,1.0,1.0,2.0,10.0,6.0,2.0,2.0,5.0,5.0,1.0,10.0,1.0,2.0,4.0,5.0,13.0,1.0,1.0,1.0,1.0,4.0,4.0,3.0,1.0,2.0,1.0,1.0,1.0,2.0,4.0,4.0,5.0,11.0,1.0,1.0,13.2640361646798,1.0,5.0,2.0,7.0,1.0,1.0,2.0,1.0,1.0,1.0,3.0,3.0,2.0,2.0,3.0,5.0,1.0,2.0,1.0,-2.0,1.0,1.0,7.0,-3.0,-3.0,-3.0,-3.0,1.0,0.0,4.0,-2.0,5.0,-6.0,-6.0,-6.0,-6.0,-2.0,-1.0,-1.0,-6.0,-6.0,-6.0,-6.0,-3.0,-2.0,-1.0,-1.0,-3.0,-3.0,-3.0,-3.0,-2.0,-1.0,-1.0,2.0,-1.0,-6.0,-6.0,-6.0,-6.0,-6.0,-6.0,-6.0,1.0,1.0,-3.0,-3.0,7.0,2.0,-5.0,-5.0,-5.0,-5.0,1.0,-2.0,-2.0,2.0,1.0,-5.0,-6.0,-5.0,-5.0,2.0,1.0,1.0,1.0,-6.0,-6.0,-6.0,-6.0,-1.0,1.0,-2.0,-2.0,1.0,2.0,-13.0,-13.0,-1.0,-1.0,-2.0,2.0,1.0,-5.0,-5.0,-5.0,-5.0,-5.0,-5.0,1.0,1.0,-5.0,-5.0,-5.0,-5.0,-5.0,0.0,-3.0,-12.0,-12.0,1.0,5.0,-7.0,-7.0,-7.0,-7.0,1.0,7.0,1.0,1.0,1.0,2.0,11.0,1.0,4.0,1.0,3.0,6.0,1.0,2.0,3.0,15.0,3.0,2.0,3.0,4.0,1.0,6.0,6.0,4.0,2.0,1.0,1.0,1.0,1.0,1.0,1.0,3.0,7.0,1.0,3.0,1.0,1.0,1.0,3.0,2.0,1.0,2.0,2.0,1.0,1.0,3.0,3.0,3.0,1.0,1.0,2.0,3.0,3.0,3.0,1.0,1.0,1.0,3.0,4.0,4.0,2.0,3.0,1.0,1.0,1.0,1.0,1.0,1.0,2.0,3.0,4.0,4.0,2.0,6.0,3.0,1.0,1.0,1.0,1.0,1.0,1.0,2.0,3.0,1.0,13.0,3.0,1.0,1.0,6.0,1.0,1.0,1.0,4.0,1.0,1.0,2.0,2.0,4.0,3.0,3.0,1.0,1.0,1.0,1.0,2.0,2.0,3.0,3.0,1.0,1.0,2.0,2.0,1.0,2.0,6.0,6.0,2.0,3.0,2.0,2.0,1.0,1.0,2.0,2.0,6.0,6.0,2.0,3.0,2.0,2.0,1.0,1.0,21.0,3.0,4.0,1.0,2.0,2.0,8.0,1.0,7.0,2.0,1.0,2.0,3.0,4.0,4.0,1.0,16.0,1.0,6.0,3.0,1.0,1.0,2.0,10.0,1.0,10.0,3.0,3.0,2.0,1.0,4.0,3.0,1.0,2.0,1.0,1.0,4.0,1.0,3.0,1.0,2.0,2.0,1.0,1.0,1.0,1.0,3.0,1.0,1.0,2.0,1.0,1.0,1.0,1.0,1.0,1.29786125122586,1.0,1.0,1.0,1.0,1.0,4.0,3.0,1.0,1.0,1.0,1.0,1.0,1.0,2.0,2.0,1.0,4.0,1.0,4.0,1.0,1.0,2.0,1.0,1.0,3.0,2.0,2.0,2.0,2.0,1.0,1.0,6.0,24.0,4.0,1.0,3.0,2.0,1.0,1.0,16.0,35.0,3.0,1.0,1.0,1.0,1.0,1.0,1.0,3.0,5.0,1.0,1.0,2.0,7.0,5.0,5.0,2.0,3.0,1.0,1.0,1.0,8.0,1.0,5.0,3.0,2.0,9.0,6.0,1.0,4.0,13.0,1.0,7.0,7.0,1.0,1.0,1.0,1.0,1.0,4.0,6.0,3.0,2.0,1.0,8.0,6.0,1.0,1.0,1.0,2.0,3.0,1.0,2.0,8.0,1.0,2.0,9.0,2.0,1.0,1.0,1.0,1.0,1.0,4.0,1.0,1.0,4.0,5.0,1.0,1.0,2.0,3.0,2.0,1.0,2.0,5.0,6.0,4.0,6.0,8.0,11.0,7.0,6.0,1.0,1.0,1.0,4.0,1.0,3.0,4.0,5.0,12.0,5.0,2.0,2.0,1.0,4.0,2.0,1.0,1.0,1.0,3.0,4.0,3.0,2.0,17.29671484676516,3.0,5.0,1.0,7.0,5.0,2.0,2.0,3.0,1.0,1.0,1.0,1.0,2.0,1.0,2.0,1.0,1.0,12.0,10.0,8.0,6.0,5.0,1.0,1.0,1.0,3.0,1.0,1.0,1.0,3.0,4.0,1.0,2.0,1.0,1.0,1.0,2.0,1.0,1.0,8.0,1.0,1.0,2.0,2.0,5.0,2.0,2.0,1.0,1.0,3.0,2.0,3.0,1.0,6.0,6.0,1.0,1.0,6.0,1.0,6.0,9.0,3.0,13.0,10.0,1.0,1.0,11.0,1.0,1.0,3.0,8.0,9.0,2.0,1.0,2.0,3.0,3.0,3.0,1.0,1.0,1.0,5.0,5.0,2.0,1.0,2.0,2.0,1.0,1.0,5.0,1.0,1.0,1.0,1.0,3.0,2.0,1.0,2.0,1.0,3.0,4.0,1.0,2.0,1.0,2.0,1.0,2.0,2.0,1.0,1.0,2.0,2.0,1.0,1.0,1.0,1.0,1.0,1.0,2.0,1.0,8.0,2.0,1.0,5.0,6.0,2.0,1.0,1.0,1.0,6.0,2.0,3.0,4.0,3.0,1.0,1.0,2.0,2.0,1.0,1.0,11.0,1.0,1.0,2.0,4.0,5.0,3.0,1.0,4.0,1.0,14.0,4.0,7.0,1.0,1.0,2.0,1.0,1.0,2.92572291035908,1.0,1.0,1.0,3.0,1.0,9.0,2.0,2.0,1.0,1.0,7.0,1.0,8.0,1.0,1.0,1.0,1.0,2.0,1.0,1.0,1.0,1.0,2.0,1.0,1.0,1.0,1.0,1.0,1.0,4.0,4.0,3.0,2.0,1.0,1.0,1.0,1.0,3.0,1.0,1.0,1.0,1.0,1.0,1.0,1.0,1.0,2.0,1.0,3.0,0.24337417607789,1.0,1.0,3.0,5.0,9.0,7.0,2.0,2.0,1.0,1.0,1.0,2.0,3.0,1.0,1.0,2.0,3.0,1.0,1.0,2.0,2.0,1.0,1.0,1.0,1.0,2.0,1.0,1.0,-1.0,-1.0,-2.0,-4.0,-12.0,-7.0,-6.0,-6.0,-9.0,-11.0,-2.0,-8.0,-10.0,-6.0,-11.0,-6.50984180533249,-1.0,-4.0,-1.0,-10.0,-11.0,-3.0,-8.0,-12.0,-10.0,-1.0,-1.0,-1.0,-1.0,-7.0,-7.0,-13.0,-7.0,2.0,1.0,1.0,1.0,2.0,1.0,1.0,5.0,1.0,2.0,1.0,1.0,3.0,1.0,3.0,1.0,1.0,1.0,1.0,1.0,1.0,1.0,1.0,4.0,1.0,1.0,2.0,1.0,1.0,3.0,1.0,1.0,2.0,1.0,1.0,2.0,3.0,1.0,2.0,1.0,1.0,1.0,1.0,1.0,1.0,2.0,1.0,2.0,1.0,2.0,5.0,6.0,1.0,2.0,1.0,1.0,3.0,1.0,1.0,2.0,3.0,3.0,1.0,1.0,2.0,5.0,5.0,1.0,1.0,4.0,3.0,2.0,1.0,1.0,-1.0,1.0,2.0,-3.0,1.0,1.0,-4.0,-4.0,-3.0,2.0,-1.0,-1.0,-1.0,-2.0,2.0,10.0,1.0,1.0,1.0,2.0,3.0,4.0,1.0,2.0,1.0,17.0,1.0,1.0,1.0,1.0,2.0,1.0,1.0,1.0,4.0,4.0,1.0,3.0,1.0,1.0,2.0,1.0,1.0,1.0,2.0,2.0,1.0,1.0,1.0,1.0,2.0,3.0,18.94840458248437,1.0,1.0,3.0,1.0,1.0,1.0,2.0,3.0,1.0,1.0,2.0,4.0,2.0,1.0,1.0,1.0,1.0,2.0,3.0,1.0,4.0,1.0,1.0,1.0,4.0,4.0,1.0,1.0,2.0,2.0,2.0,2.0,1.0,2.0,1.0,2.0,3.0,1.0,6.0,11.0,8.0,5.0,4.0,5.0,3.0,2.0,1.0,1.0,1.0,1.0,1.0,2.0,2.0,3.0,2.0,3.0,1.0,1.0,1.0,1.0,1.0,1.0,3.0,2.0,5.0,1.0,2.0,2.0,1.0,5.0,1.0,5.0,1.0,2.0,5.0,3.0,2.0,1.0,15.11250881122309,1.0,2.0,3.0,1.0,1.0,1.0,3.0,3.0,2.0,4.0,1.0,1.0,1.0,1.0,1.0,1.0,1.0,1.0,1.0,1.0,1.0,3.0,5.0,1.0,1.0,1.0,2.0,2.0,1.0,1.0,5.0,1.0,1.0,5.0,1.0,1.0,-7.0,-7.0,1.0,-1.0,-4.0,-2.0,-1.0,-2.0,-1.0,1.0,-1.0,-3.0,-5.0,0.0,-3.0,-1.0,-2.0,-4.0,1.0,-1.0,1.0,-1.0,-1.0,1.0,-1.0,-1.0,2.0,-2.0,-3.0,2.0,-2.0,-1.0,1.0,-1.0,-1.0,-2.0,1.0,-2.0,-1.0,2.0,-1.0,-1.0,-1.0,-1.0,-2.0,2.0,-2.0,-2.0,0.0,-1.0,-1.0,-1.0,-1.0,-1.0,1.0,1.0,1.0,7.0,1.0,1.0,1.0,1.0,1.0,2.0,1.0,1.0,12.0,1.0,1.0,1.0,1.0,1.0,1.0,2.0,1.0,1.0,1.0,1.0,2.0,4.0,3.0,1.0,1.0,3.0,1.0,1.0,1.0,1.0,2.0,1.0,1.0,1.0,1.0,1.0,2.0,1.0,1.0,3.0,7.0,2.0,1.0,1.0,1.0,1.0,1.0,1.0,1.0,1.0,1.0,1.0,1.0,1.0,6.0,1.0,1.0,1.0,1.0,1.0,1.0,1.0,1.0,1.0,1.0,1.0,1.0,1.0,1.0,1.0,1.0,4.0,1.0,1.0,1.0,1.0,1.0,1.0,1.0,1.0,1.0,1.0,1.0,1.0,1.0,1.0,1.0,1.0,1.0,1.0,1.0,-1.0,-1.0,1.0,1.0,2.0,-2.0,-2.0,-2.0,-2.0,-2.0,1.0,1.0,-3.56110793196185,-3.0,-3.0,-3.0,1.0,-5.0,-5.0,-5.0,1.0,1.0,1.0,1.0,2.0,1.0,1.0,-1.0,-1.0,-1.0,-1.0,-1.0,-1.0,4.0,4.0,1.0,1.0,3.0,1.0,1.0,1.0,1.0,1.0,3.0,3.0,2.0,1.0,1.0,1.0,1.0,1.0,2.0,1.0,1.0,2.0,2.0,1.0,1.0,1.0,1.0,1.0,3.0,3.0,3.0,1.0,1.0,2.0,1.0,1.0,2.0,2.0,2.0,1.0,1.0,1.0,2.0,1.0,1.0,1.0,1.0,3.0,1.0,1.0,1.0,1.0,4.0,2.0,5.0,1.0,2.0,1.0,1.0,1.0,1.0,3.0,1.0,2.0,3.0,2.0,1.0,1.0,1.0,2.0,2.0,2.0,2.0,1.0,6.0,3.0,6.0,1.0,1.0,1.0,3.0,1.0,4.0,5.0,1.0,1.0,1.0,1.0,1.0,17.0,1.0,2.0,12.0,1.0,2.0,3.0,8.0,13.0,5.0,2.0,1.0,2.0,6.0,4.0,4.0,2.0,1.0,3.0,2.0,1.0,1.0,1.0,3.0,1.0,1.0,1.0,3.0,1.0,1.0,1.0,3.0,1.0,1.0,1.0,2.0,3.0,7.0,4.0,3.0,-0.31044766992144,2.0,2.0,2.0,1.0,1.0,1.0,1.0,1.0,1.0,1.0,1.0,1.0,1.0,1.0,1.0,1.0,1.0,1.0,1.0,1.0,1.0,1.0,1.0,1.0,1.0,1.0,1.0,1.0,3.0,1.0,1.0,2.0,2.0,2.0,2.0,3.0,1.0,1.0,1.0,2.0,1.0,4.0,3.0,1.0,1.0,1.0,2.0,1.0,7.39298284432326,1.0,5.0,3.0,2.0,1.0,1.0,1.0,1.0,1.0,1.0,1.0,1.0,1.0,3.0,4.0,3.0,1.0,1.0,1.0,1.0,1.0,1.0,1.0,1.0,1.0,1.0,1.0,1.0,2.0,1.0,1.0,1.0,1.0,1.0,1.0,1.0,1.0,1.0,1.0,1.0,2.0,1.0,1.0,1.0,1.0,1.0,1.0,1.0,1.0,1.0,1.0,1.0,1.0,1.0,3.0,8.0,2.0,1.0,2.0,1.0,1.0,4.0,1.0,1.0,1.0,1.0,1.0,1.0,1.0,7.0,5.0,2.0,3.0,1.0,1.0,2.0,1.0,1.0,1.0,1.0,1.0,1.0,2.0,3.0,1.0,2.0,2.0,2.0,-16.38832593496558,3.0,1.0,1.0,1.0,1.0,3.0,2.0,3.0,3.0,1.0,1.0,2.0,2.0,2.0,3.0,2.0,1.0,3.0,1.0,2.0,2.0,2.0,2.0,2.0,2.0,1.0,1.0,1.0,1.0,1.0,1.0,1.0,1.0,1.0,2.0,1.0,1.0,1.0,3.0,1.0,1.0,1.0,1.0,1.0,1.0,1.0,2.0,1.0,6.0,1.0,5.0,1.0,4.0,1.0,8.0,1.0,3.0,3.0,4.0,1.0,2.0,2.0,1.0,1.0,3.0,2.0,3.0,1.0,2.0,1.0,1.0,2.0,1.0,1.0,4.0,6.0,1.0,1.0,1.0,2.0,2.0,1.0,1.0,3.0,5.0,5.38785976813884,1.0,1.0,5.0,1.0,1.0,2.0,1.0,1.0,1.0,4.0,2.0,1.0,4.0,2.0,6.0,1.0,1.0,1.0,1.0,6.0,5.96397995782018,1.0,1.0,3.0,3.0,-1.3686525685699,9.0,2.0,3.0,3.0,3.0,3.0,1.0,1.0,5.0,5.0,5.0,5.0,1.0,7.0,10.0,2.0,1.0,4.0,5.0,5.0,5.0,5.0,2.0,1.0,3.0,5.0,4.0,2.0,2.0,1.0,1.0,2.0,3.0,1.0,1.0,3.0,11.0,5.0,5.0,5.0,5.0,5.0,5.0,5.0,5.0,13.0,3.0,2.0,2.0,3.0,11.0,5.0,5.0,5.0,5.0,1.0,1.0,2.0,18.0,11.0,2.0,1.0,3.0,3.0,5.0,5.0,5.0,5.0,5.0,5.0,2.0,1.0,3.0,1.0,1.0,21.0,1.0,2.0,3.0,6.0,6.0,6.0,6.0,2.0,5.0,3.0,2.0,5.0,13.0,2.0,5.0,5.0,5.0,5.0,6.0,2.0,24.0,2.0,1.0,2.0,5.0,5.0,5.0,5.0,1.0,2.0,4.0,3.0,12.0,1.0,9.0,4.0,4.0,4.0,4.0,4.0,4.0,4.0,1.0,10.0,4.0,1.0,21.0,1.0,2.0,1.0,1.0,1.0,4.0,3.0,5.0,6.0,6.0,6.0,6.0,6.0,1.0,1.0,3.0,15.0,1.0,1.0,1.0,1.0,7.0,4.0,1.0,10.0,5.0,5.0,5.0,5.0,1.0,1.0,4.0,2.0,-19.72431348956135,1.0,2.0,2.0,9.0,2.0,1.0,1.0,3.0,1.0,4.0,3.0,1.0,1.0,1.0,1.0,1.0,2.0,1.0,1.0,9.0,1.0,1.0,1.0,2.0,5.0,5.0,5.0,5.0,2.0,1.0,7.0,1.0,2.0,5.0,5.0,5.0,5.0,5.0,5.0,5.0,3.0,1.0,1.0,20.0,1.0,1.0,1.0,4.0,1.0,1.0,2.0,1.0,9.0,3.0,4.0,4.0,4.0,4.0,4.0,4.0,4.0,4.0,1.0,1.0,37.0,1.0,1.0,1.0,6.0,6.0,6.0,6.0,6.0,6.0,1.0,1.0,1.0,1.0,6.0,16.0,1.0,5.0,5.0,5.0,5.0,1.0,27.0,1.0,1.0,1.0,7.0,6.0,6.0,6.0,6.0,1.0,2.0,1.0,30.0,1.0,1.0,1.0,1.0,8.0,6.0,6.0,6.0,6.0,13.32796194626393,2.0,2.0,2.0,2.0,5.0,5.0,7.0,3.0,30.0,3.0,10.0,6.0,1.0,10.0,5.0,5.0,5.0,5.0,5.0,5.0,5.0,4.0,1.0,6.0,8.0,1.0,2.0,3.0,4.0,4.0,5.0,6.0,6.0,6.0,6.0,-5.0,-5.0,-5.0,-5.0,-5.0,-5.0,-5.0,-5.0,-5.0,-5.0,1.0
1.0,1.0,1.0,2.0,1.0,2.0,4.0,7.0,1.0,2.0,1.0,5.0,1.0,1.0,1.0,1.0,3.0,1.0,2.0,1.0,1.0,1.0,1.0,1.0,1.0,1.0,5.0,2.0,1.0,3.0,1.0,1.0,5.0,1.0,1.0,2.0,1.0,1.0,1.0,2.0,3.0,1.0,1.0,1.0,1.0,1.0,1.0,1.0,1.0,1.0,1.0,1.0,5.0,3.0,2.0,1.0,1.0,2.0,1.0,1.0,1.0,1.0,1.0,1.0,1.0,1.0,2.0,1.0,5.0,1.0,2.0,1.0,1.0,2.0,1.0,1.0,1.0,1.0,2.0,1.0,7.0,4.0,1.0,2.0,1.0,2.0,12.0,5.0,1.0,15.0,1.0,2.0,2.0,2.0,1.0,1.0,8.0,1.0,4.0,1.0,1.0,16.0,3.0,3.0,1.0,2.0,1.0,1.0,6.0,7.0,1.0,2.0,3.0,2.0,2.0,3.0,2.0,1.0,5.0,1.0,3.0,2.0,2.0,1.0,1.0,1.0,10.0,10.0,1.0,3.0,2.0,1.0,2.0,5.0,2.0,1.0,3.0,1.0,1.0,1.0,1.0,1.0,1.0,1.0,7.0,1.0,1.0,13.0,1.0,1.0,1.0,10.0,2.0,1.0,3.0,1.0,1.0,2.0,3.0,1.0,1.0,1.0,1.0,1.0,1.0,1.0,2.0,1.0,14.0,1.0,1.0,1.0,2.0,2.0,1.0,3.0,2.0,1.0,1.0,1.0,2.0,5.0,1.0,1.0,1.0,4.0,1.0,4.0,2.0,14.0,1.0,2.0,2.0,4.0,1.0,1.0,3.0,1.0,1.0,2.0,1.0,1.0,4.0,3.0,17.0,1.0,1.0,1.0,1.0,3.0,1.0,3.0,5.0,1.0,2.0,2.0,2.0,1.0,1.0,1.0,4.0,1.0,2.0,1.0,1.0,1.0,1.0,1.0,1.0,5.0,2.0,2.0,3.0,1.0,1.0,1.0,1.0,2.0,1.0,1.0,1.0,1.0,1.0,5.0,2.0,3.0,2.0,2.0,3.0,1.0,2.0,4.0,1.0,2.0,2.0,2.0,1.0,1.0,1.0,1.0,1.0,3.0,2.0,1.0,1.0,13.0,3.0,1.0,1.0,1.0,7.0,4.0,1.0,1.0,1.0,8.0,1.0,1.0,6.0,2.0,1.0,3.0,2.0,8.0,2.0,1.0,1.0,1.0,5.0,1.0,8.0,1.0,4.0,9.0,7.0,1.0,1.0,8.0,1.0,2.0,1.0,1.0,4.0,1.0,1.0,1.0,7.0,4.0,5.0,3.0,1.0,1.0,1.0,2.0,1.0,1.0,1.0,1.0,1.0,1.0,6.0,3.0,2.0,2.0,1.0,1.0,1.0,1.0,1.0,1.0,5.0,1.0,1.0,3.0,1.0,1.0,3.0,3.0,1.0,1.0,1.0,2.0,2.0,1.0,1.0,1.0,3.0,4.0,4.0,1.0,1.0,1.0,2.0,1.0,2.0,2.0,2.0,8.0,9.0,3.0,1.0,2.0,1.0,1.0,3.0,2.0,2.0,1.0,5.0,1.0,3.0,3.0,3.0,4.0,1.0,1.0,2.0,2.0,3.0,3.0,1.0,3.0,2.0,1.0,1.0,1.0,1.0,1.0,1.0,1.0,1.0,1.0,1.0,1.0,2.0,10.0,2.0,3.0,3.0,3.0,2.0,1.0,1.0,1.0,1.0,2.0,1.0,15.0,3.0,3.0,3.0,3.0,1.0,1.0,11.0,2.0,2.0,2.0,3.0,1.0,1.0,1.0,1.0,9.0,2.0,2.0,3.0,3.0,1.0,1.0,1.0,2.0,1.0,13.0,2.0,2.0,3.0,3.0,6.0,5.0,2.0,2.0,2.0,2.0,3.0,3.0,4.0,3.0,2.0,2.0,3.0,3.0,4.0,2.0,7.0,3.0,3.0,2.0,2.0,1.0,3.0,7.0,2.0,13.0,6.0,4.0,1.0,1.0,1.0,2.0,1.0,3.0,2.0,10.0,2.0,14.0,1.0,1.0,1.0,9.0,3.0,2.0,1.0,1.0,10.0,2.0,1.0,1.0,1.0,2.0,3.0,7.0,5.0,1.0,1.0,1.0,2.0,6.0,2.0,2.0,4.0,2.0,1.0,1.0,1.0,3.0,2.0,10.0,3.0,1.0,1.0,1.0,5.0,3.0,5.0,1.0,3.0,1.0,1.0,2.0,2.0,3.0,2.0,1.0,2.0,1.0,1.0,1.0,2.0,1.0,1.0,1.0,1.0,5.0,1.0,2.0,1.0,1.0,1.0,1.0,1.0,4.0,1.0,1.0,14.0,1.0,4.0,1.0,13.0,11.0,2.0,2.0,1.0,5.0,1.0,11.0,1.0,1.0,1.0,1.0,1.0,4.0,1.0,1.0,1.0,1.0,3.0,1.0,3.0,1.0,5.0,9.0,1.0,1.0,1.0,1.0,4.0,1.0,6.0,13.0,1.0,3.0,3.0,4.0,1.0,3.0,1.0,4.0,1.0,14.0,9.0,12.0,7.0,1.0,1.0,1.0,2.0,4.0,4.0,6.0,10.0,8.0,21.0,4.0,4.0,3.0,2.0,4.0,1.0,2.0,12.0,11.0,1.0,3.0,4.0,1.0,1.0,1.0,1.0,3.0,6.0,7.0,2.0,5.0,3.0,3.0,8.0,10.0,2.0,19.0,8.0,5.0,1.0,3.0,2.0,6.0,-2.04564786099211,2.0,1.0,2.0,3.0,8.0,9.0,6.0,6.0,1.0,1.0,2.0,2.0,2.0,8.0,4.0,5.0,8.0,7.0,13.0,3.0,9.0,2.0,1.0,3.0,5.0,1.0,3.0,1.0,1.0,5.47566330468136,8.0,1.0,2.0,1.0,1.0,6.0,1.0,1.0,1.0,5.0,15.0,1.0,2.0,7.0,5.0,4.0,5.0,4.0,16.0,6.0,4.0,2.0,1.0,1.0,1.0,1.0,1.0,1.0,2.0,1.0,7.0,7.0,4.0,1.0,2.0,1.0,2.0,1.0,1.0,1.0,1.0,2.0,2.0,1.0,1.0,1.0,1.0,1.0,1.0,1.0,1.0,1.0,1.0,1.0,2.0,2.0,4.0,1.0,1.0,1.0,2.0,7.0,1.0,1.0,1.0,1.0,1.0,1.0,1.0,2.0,3.0,6.0,7.0,4.0,1.0,3.0,1.0,1.0,1.0,1.0,1.0,1.0,1.0,1.0,1.0,2.0,1.0,1.0,2.0,1.0,1.0,1.0,2.0,1.0,1.0,1.0,1.0,1.0,2.0,2.0,3.0,6.0,1.0,1.0,2.0,1.0,1.0,2.0,1.0,1.0,13.0,19.0,2.0,1.0,1.0,4.0,1.0,1.0,1.0,1.0,1.0,1.0,1.0,1.0,1.0,1.0,1.0,2.0,1.0,1.0,1.0,16.0,15.0,1.0,2.0,2.0,2.0,1.0,1.0,1.0,6.59826880862449,1.0,1.0,1.0,1.0,1.0,2.0,1.0,1.0,3.0,1.0,1.0,1.0,2.0,1.0,1.0,12.0,7.0,1.0,5.0,1.0,3.0,1.0,1.0,1.0,2.0,3.0,1.0,1.0,6.0,7.0,3.0,5.0,3.0,1.0,1.0,3.0,2.0,1.0,7.0,16.0,1.0,1.0,5.0,3.0,1.0,1.0,3.0,2.0,1.0,4.96952489648403,1.0,2.0,3.0,3.0,1.0,1.0,2.0,1.0,1.0,1.0,2.0,30.0,1.0,4.0,7.0,1.0,1.0,1.0,1.0,1.0,2.0,1.0,2.0,1.0,1.0,1.0,1.0,1.0,1.0,5.0,24.0,4.0,2.0,1.0,1.0,1.0,1.0,1.0,1.0,2.0,2.0,3.0,1.0,2.0,1.0,1.0,1.0,1.0,1.0,1.0,1.0,2.0,1.0,1.0,1.0,1.0,1.0,1.0,1.0,1.0,3.0,1.0,1.0,1.0,3.0,5.0,2.0,3.0,1.0,1.0,2.0,1.0,2.0,1.0,3.0,1.0,2.0,1.0,1.0,2.0,2.0,2.0,1.0,1.0,5.0,2.0,2.0,4.0,1.0,3.0,1.0,4.0,1.0,1.0,2.0,1.0,1.0,4.0,1.0,2.0,1.0,1.0,2.0,4.0,1.0,2.0,2.0,5.0,1.0,1.0,2.0,1.0,1.0,3.0,1.0,1.0,3.0,3.0,5.0,3.0,4.0,1.0,1.0,1.0,2.0,1.0,2.0,1.0,2.0,1.0,1.0,3.0,1.0,1.0,1.0,1.0,2.0,1.0,1.0,1.0,2.0,1.0,1.0,1.0,1.0,1.0,1.0,1.0,1.0,4.0,1.0,1.0,1.0,2.0,1.0,6.0,1.0,1.0,1.0,2.0,2.0,1.0,1.0,1.0,-1.2523449689335,2.0,1.0,1.0,2.0,1.0,-1.0,-1.0,-1.0,-1.0,-2.0,1.0,9.0,-1.0,1.0,-1.0,-1.0,-5.0,-4.0,-3.0,-4.0,-5.0,-5.0,1.0,1.0,1.0,6.0,6.0,2.0,1.0,3.0,2.0,1.0,4.0,5.0,1.0,3.0,1.0,1.0,2.0,1.0,5.0,1.0,1.0,10.0,4.0,1.0,1.0,1.0,3.0,7.0,1.0,2.0,8.0,1.0,2.0,1.0,1.0,1.0,2.0,1.0,2.0,9.0,1.0,9.0,1.0,1.0,1.0,3.0,1.0,1.0,4.0,4.0,1.0,2.0,1.0,2.0,1.0,1.0,1.0,2.0,1.0,1.0,2.0,4.0,1.0,1.0,10.0,1.0,1.0,1.0,3.0,1.0,4.0,4.0,9.0,1.0,1.0,5.0,1.0,1.0,1.0,4.0,2.0,5.0,1.0,7.0,1.0,5.0,1.0,1.0,1.0,18.20845275419301,1.0,5.0,4.0,6.0,1.0,-3.0,-1.0,-1.0,-13.71931735451625,-2.0,-2.0,-1.0,-1.0,-1.0,-1.0,-3.0,-1.0,-2.0,-4.0,-1.0,-2.0,-1.0,-1.0,-1.0,5.0,4.0,2.0,7.0,2.0,1.0,2.0,1.0,2.0,1.0,3.0,4.0,4.0,1.0,1.0,2.0,4.0,2.0,6.0,1.0,5.0,11.27775448851298,8.0,7.0,1.0,4.0,3.0,1.0,1.0,1.0,2.0,1.0,4.0,1.0,1.0,1.0,1.0,2.0,1.0,1.0,3.0,2.0,4.0,7.0,7.0,4.0,1.0,1.0,4.0,1.0,1.0,2.0,1.0,1.0,5.0,1.0,2.0,7.0,4.0,2.0,2.0,1.0,1.0,1.0,2.0,2.0,2.0,1.0,1.0,2.0,6.0,1.0,4.0,2.0,3.0,-8.81276160699843,1.0,8.0,8.0,1.0,1.0,2.0,2.0,1.0,1.0,2.0,2.0,11.0,5.0,2.0,1.0,2.0,2.0,2.0,2.0,2.0,2.0,2.0,2.0,2.0,1.0,1.0,25.0,6.0,5.0,5.0,5.0,5.0,5.0,5.0,3.0,2.0,1.0,1.0,2.0,1.0,1.0,12.0,15.0,4.0,4.0,5.0,4.0,4.0,5.0,2.0,1.0,5.0,1.0,1.0,2.0,1.0,16.0,5.0,4.0,5.0,4.0,10.0,2.0,4.0,3.0,3.0,6.0,4.0,4.0,4.0,4.0,4.0,4.0,4.0,4.0,4.0,2.0,4.0,4.0,4.0,4.0,4.0,4.0,1.0,1.0,4.0,4.0,4.0,4.0,4.0,4.0,1.0,1.0,1.0,1.0,1.0,1.0,4.0,4.0,4.0,4.0,4.0,4.0,4.0,4.0,4.0,4.0,1.0,1.0,1.0,1.0,3.0,1.0,1.0,10.0,1.0,1.0,1.0,1.0,1.0,21.0,15.0,1.0,1.0,1.0,1.0,1.0,1.0,5.0,1.0,6.0,2.0,2.0,23.0,14.0,1.0,3.0,3.0,3.0,3.0,3.0,3.0,3.0,3.0,1.0,1.0,1.0,1.0,1.0,6.0,1.0,4.0,10.0,9.0,26.0,7.0,3.0,3.0,4.0,3.0,3.0,3.0,4.0,3.0,1.0,1.0,1.0,1.0,3.0,1.0,1.0,13.0,2.0,2.0,2.0,2.0,2.0,2.0,2.0,1.0,1.0,2.0,2.0,2.0,2.0,2.0,2.0,3.0,2.0,1.0,2.0,2.0,2.0,2.0,2.0,2.0,2.0,1.0,2.0,2.0,2.0,2.0,2.0,2.0,2.0,2.0,2.0,2.0,2.0,1.0,-2.0,1.0,4.0,1.0,-4.0,-4.0,-5.0,-4.0,-4.0,-4.0,-5.0,-4.0,-1.0,1.0,2.0,-1.0,1.0,-4.0,-5.0,-4.0,-4.0,-5.0,-4.0,2.0,1.0,-5.0,-6.0,-5.0,-5.0,-6.0,-5.0,1.0,1.0,1.0,-5.0,-5.0,-5.0,-5.0,-5.0,-5.0,-1.0,1.0,-1.0,-5.0,-5.0,-5.0,-5.0,-5.0,-5.0,-3.0,-4.0,-1.0,-1.0,-3.0,-1.0,0.0,1.0,-9.0,-5.0,1.0,-1.0,-2.0,-1.0,-1.0,-2.0,-1.0,-3.0,-2.0,-1.0,-1.0,-1.0,-1.0,-1.0,-3.0,-1.0,-1.0,-1.0,-1.0,-3.0,-2.0,19.45784305872714,-2.0,-1.0,-1.0,-1.0,-2.0,7.0,-4.0,-2.0,-3.0,-3.0,-1.0,-1.0,-1.0,1.0,1.0,0.0,-1.0,-5.0,-7.0,-1.0,-2.0,-1.0,9.0,2.0,13.0,-1.0,-1.0,-1.0,-5.0,-5.0,-2.0,-4.0,1.0,5.0,4.0,2.0,2.0,1.0,2.0,15.0,17.0,4.0,5.0,7.0,13.0,1.0,3.0,1.0,1.0,1.0,12.0,5.0,5.0,1.0,11.0,2.0,4.0,2.0,1.0,15.57346510062307,4.0,2.0,1.0,1.0,2.0,1.0,1.0,2.0,1.0,1.0,2.0,6.0,1.0,1.0,2.0,4.0,3.0,2.0,2.0,3.0,7.0,1.0,1.0,1.0,1.0,1.0,2.0,1.0,1.0,1.0,1.0,1.0,1.0,1.0,1.0,2.0,2.0,1.0,4.0,1.0,1.0,1.0,1.0,3.0,1.0,2.0,6.0,1.0,1.0,1.0,1.0,1.0,1.0,1.0,1.0,1.0,1.0,1.0,1.0,3.0,1.0,1.0,3.0,2.0,2.0,2.0,5.0,-20.80157324031526,2.0,2.0,4.0,3.0,1.0,2.0,2.0,2.0,2.0,1.0,1.0,2.0,2.0,2.0,1.0,1.0,1.0,1.0,1.0,2.0,1.0,4.0,1.0,1.0,1.0,1.0,2.0,1.0,1.0,1.0,5.0,5.0,1.0,4.0,3.0,2.0,2.0,1.0,5.0,1.0,3.0,4.0,2.0,1.0,3.0,3.0,4.0,3.0,3.0,1.0,1.0,2.0,1.0,3.0,2.0,4.0,2.0,1.0,4.0,2.0,1.0,2.0,3.0,3.0,3.0,3.0,2.0,1.0,4.0,5.0,1.0,1.0,5.0,4.0,2.0,1.0,1.0,1.0,6.0,10.0,1.0,5.0,5.0,1.0,7.0,2.0,1.0,10.0,4.0,3.0,3.0,1.0,7.0,1.0,11.0,1.0,2.0,2.0,1.0,3.0,2.0,1.0,1.0,5.0,8.0,1.0,7.0,3.0,1.0,2.0,2.0,1.0,2.0,1.0,1.0,1.0,1.0,2.0,7.0,6.0,1.0,2.0,1.0,1.0,1.0,1.0,5.0,1.0,1.0,2.0,5.0,1.0,2.0,7.0,6.0,6.0,1.0,2.0,9.0,3.0,6.0,1.0,6.0,4.0,9.0,1.0,1.0,1.0,2.0,10.0,6.0,2.0,2.0,5.0,5.0,1.0,10.0,1.0,2.0,4.0,5.0,13.0,1.0,1.0,1.0,1.0,4.0,4.0,3.0,1.0,2.0,1.0,1.0,1.0,2.0,4.0,4.0,5.0,11.0,1.0,1.0,13.2640361646798,1.0,5.0,2.0,7.0,1.0,1.0,2.0,1.0,1.0,1.0,3.0,3.0,2.0,2.0,3.0,5.0,1.0,2.0,1.0,-2.0,1.0,1.0,7.0,-3.0,-3.0,-3.0,-3.0,1.0,0.0,4.0,-2.0,5.0,-6.0,-6.0,-6.0,-6.0,-2.0,-1.0,-1.0,-6.0,-6.0,-6.0,-6.0,-3.0,-2.0,-1.0,-1.0,-3.0,-3.0,-3.0,-3.0,-2.0,-1.0,-1.0,2.0,-1.0,-6.0,-6.0,-6.0,-6.0,-6.0,-6.0,-6.0,1.0,1.0,-3.0,-3.0,7.0,2.0,-5.0,-5.0,-5.0,-5.0,1.0,-2.0,-2.0,2.0,1.0,-5.0,-6.0,-5.0,-5.0,2.0,1.0,1.0,1.0,-6.0,-6.0,-6.0,-6.0,-1.0,1.0,-2.0,-2.0,1.0,2.0,-13.0,-13.0,-1.0,-1.0,-2.0,2.0,1.0,-5.0,-5.0,-5.0,-5.0,-5.0,-5.0,1.0,1.0,-5.0,-5.0,-5.0,-5.0,-5.0,0.0,-3.0,-12.0,-12.0,1.0,5.0,-7.0,-7.0,-7.0,-7.0,1.0,7.0,1.0,1.0,1.0,2.0,11.0,1.0,4.0,1.0,3.0,6.0,1.0,2.0,3.0,15.0,3.0,2.0,3.0,4.0,1.0,6.0,6.0,4.0,2.0,1.0,1.0,1.0,1.0,1.0,1.0,3.0,7.0,1.0,3.0,1.0,1.0,1.0,3.0,2.0,1.0,2.0,2.0,1.0,1.0,3.0,3.0,3.0,1.0,1.0,2.0,3.0,3.0,3.0,1.0,1.0,1.0,3.0,4.0,4.0,2.0,3.0,1.0,1.0,1.0,1.0,1.0,1.0,2.0,3.0,4.0,4.0,2.0,6.0,3.0,1.0,1.0,1.0,1.0,1.0,1.0,2.0,3.0,1.0,13.0,3.0,1.0,1.0,6.0,1.0,1.0,1.0,4.0,1.0,1.0,2.0,2.0,4.0,3.0,3.0,1.0,1.0,1.0,1.0,2.0,2.0,3.0,3.0,1.0,1.0,2.0,2.0,1.0,2.0,6.0,6.0,2.0,3.0,2.0,2.0,1.0,1.0,2.0,2.0,6.0,6.0,2.0,3.0,2.0,2.0,1.0,1.0,21.0,3.0,4.0,1.0,2.0,2.0,8.0,1.0,7.0,2.0,1.0,2.0,3.0,4.0,4.0,1.0,16.0,1.0,6.0,3.0,1.0,1.0,2.0,10.0,1.0,10.0,3.0,3.0,-15.53746168038527,1.0,4.0,3.0,1.0,2.0,1.0,1.0,4.0,1.0,3.0,1.0,2.0,2.0,1.0,1.0,1.0,1.0,3.0,1.0,1.0,2.0,1.0,1.0,1.0,1.0,1.0,1.29786125122586,1.0,1.0,1.0,1.0,1.0,4.0,3.0,1.0,1.0,1.0,1.0,1.0,1.0,2.0,2.0,1.0,4.0,1.0,4.0,1.0,1.0,2.0,1.0,1.0,3.0,2.0,2.0,2.0,2.0,1.0,1.0,6.0,24.0,4.0,1.0,3.0,2.0,1.0,1.0,16.0,35.0,3.0,1.0,1.0,1.0,1.0,1.0,1.0,3.0,5.0,1.0,1.0,2.0,7.0,5.0,5.0,2.0,3.0,1.0,1.0,1.0,8.0,1.0,5.0,3.0,2.0,9.0,6.0,1.0,4.0,13.0,1.0,7.0,7.0,1.0,1.0,1.0,1.0,1.0,4.0,6.0,3.0,2.0,1.0,8.0,6.0,1.0,1.0,1.0,2.0,3.0,1.0,2.0,8.0,1.0,2.0,9.0,2.0,1.0,1.0,1.0,1.0,1.0,4.0,1.0,1.0,4.0,5.0,1.0,1.0,2.0,3.0,2.0,1.0,2.0,5.0,6.0,4.0,6.0,8.0,11.0,7.0,6.0,1.0,1.0,1.0,4.0,1.0,3.0,4.0,5.0,12.0,5.0,2.0,2.0,1.0,4.0,2.0,1.0,1.0,1.0,3.0,4.0,3.0,2.0,17.29671484676516,3.0,5.0,1.0,7.0,5.0,2.0,2.0,3.0,1.0,1.0,1.0,1.0,2.0,1.0,2.0,1.0,1.0,12.0,10.0,8.0,6.0,5.0,1.0,1.0,1.0,3.0,1.0,1.0,1.0,3.0,4.0,1.0,2.0,1.0,1.0,1.0,2.0,1.0,1.0,8.0,1.0,1.0,2.0,2.0,5.0,2.0,2.0,1.0,1.0,3.0,2.0,3.0,1.0,6.0,6.0,1.0,1.0,6.0,1.0,6.0,9.0,3.0,13.0,10.0,1.0,1.0,11.0,1.0,1.0,3.0,8.0,9.0,2.0,1.0,2.0,3.0,3.0,3.0,1.0,1.0,1.0,5.0,5.0,2.0,1.0,2.0,2.0,1.0,1.0,5.0,1.0,1.0,1.0,1.0,3.0,2.0,1.0,2.0,1.0,3.0,4.0,1.0,2.0,1.0,2.0,1.0,2.0,2.0,1.0,1.0,2.0,2.0,1.0,1.0,1.0,1.0,1.0,1.0,2.0,1.0,8.0,2.0,1.0,5.0,6.0,2.0,1.0,1.0,1.0,6.0,2.0,3.0,4.0,3.0,1.0,1.0,2.0,2.0,1.0,1.0,11.0,1.0,1.0,2.0,4.0,5.0,3.0,1.0,4.0,1.0,14.0,4.0,7.0,1.0,1.0,2.0,1.0,1.0,2.92572291035908,1.0,1.0,1.0,3.0,1.0,9.0,2.0,2.0,1.0,1.0,7.0,1.0,8.0,1.0,1.0,1.0,1.0,2.0,1.0,1.0,1.0,1.0,2.0,1.0,1.0,1.0,1.0,1.0,1.0,4.0,4.0,3.0,2.0,1.0,1.0,1.0,1.0,3.0,1.0,1.0,1.0,1.0,1.0,1.0,1.0,1.0,2.0,1.0,3.0,0.24337417607789,1.0,1.0,3.0,5.0,9.0,7.0,2.0,2.0,1.0,1.0,1.0,2.0,3.0,1.0,1.0,2.0,3.0,1.0,1.0,2.0,-2.95261983972371,1.0,1.0,1.0,1.0,2.0,1.0,1.0,-1.0,-1.0,-2.0,-4.0,-12.0,-7.0,-6.0,-6.0,-9.0,-11.0,-2.0,-8.0,-10.0,-6.0,-11.0,-6.50984180533249,-1.0,-4.0,-1.0,-10.0,-11.0,-3.0,-8.0,-12.0,-10.0,-1.0,-1.0,-1.0,-1.0,-7.0,-7.0,-13.0,-7.0,2.0,1.0,1.0,1.0,2.0,1.0,1.0,5.0,1.0,2.0,1.0,1.0,3.0,1.0,3.0,1.0,1.0,1.0,1.0,1.0,1.0,1.0,1.0,4.0,1.0,1.0,2.0,1.0,1.0,3.0,1.0,1.0,2.0,1.0,1.0,2.0,3.0,1.0,2.0,1.0,1.0,1.0,1.0,1.0,1.0,2.0,1.0,2.0,1.0,2.0,5.0,6.0,1.0,2.0,1.0,1.0,3.0,1.0,1.0,2.0,3.0,3.0,1.0,1.0,2.0,5.0,5.0,1.0,1.0,4.0,3.0,2.0,1.0,1.0,-1.0,1.0,2.0,-3.0,1.0,1.0,-4.0,-4.0,-3.0,2.0,-1.0,-1.0,-1.0,-2.0,2.0,10.0,1.0,1.0,1.0,2.0,3.0,4.0,1.0,2.0,1.0,17.0,1.0,1.0,1.0,1.0,2.0,1.0,1.0,1.0,4.0,4.0,1.0,3.0,1.0,1.0,2.0,1.0,1.0,1.0,2.0,2.0,1.0,1.0,1.0,1.0,2.0,3.0,18.94840458248437,1.0,1.0,3.0,1.0,1.0,1.0,2.0,3.0,1.0,1.0,2.0,4.0,2.0,1.0,1.0,1.0,1.0,2.0,3.0,1.0,4.0,1.0,1.0,1.0,4.0,4.0,1.0,1.0,2.0,2.0,2.0,2.0,1.0,2.0,1.0,2.0,3.0,1.0,6.0,11.0,8.0,5.0,4.0,5.0,3.0,2.0,1.0,1.0,1.0,1.0,1.0,2.0,2.0,3.0,2.0,3.0,1.0,1.0,1.0,1.0,1.0,1.0,3.0,2.0,5.0,1.0,2.0,2.0,1.0,5.0,1.0,5.0,1.0,2.0,5.0,3.0,2.0,1.0,15.11250881122309,1.0,2.0,3.0,1.0,1.0,1.0,3.0,3.0,2.0,4.0,1.0,1.0,1.0,1.0,1.0,1.0,1.0,1.0,1.0,1.0,1.0,3.0,5.0,1.0,1.0,1.0,2.0,2.0,1.0,1.0,5.0,1.0,1.0,5.0,1.0,1.0,-7.0,-7.0,1.0,-1.0,-4.0,-2.0,-1.0,-2.0,-1.0,1.0,-1.0,-3.0,-5.0,0.0,-3.0,-1.0,-2.0,-4.0,1.0,-1.0,1.0,-1.0,-1.0,1.0,-1.0,-1.0,2.0,-2.0,-3.0,2.0,-2.0,-1.0,1.0,-1.0,-1.0,-2.0,1.0,-2.0,-1.0,2.0,-1.0,-1.0,-1.0,-1.0,-2.0,2.0,-2.0,-2.0,0.0,-1.0,-1.0,-1.0,-1.0,-1.0,1.0,1.0,1.0,7.0,1.0,1.0,1.0,1.0,1.0,2.0,1.0,1.0,12.0,1.0,1.0,1.0,1.0,1.0,1.0,2.0,1.0,1.0,1.0,1.0,2.0,4.0,3.0,1.0,1.0,3.0,1.0,1.0,1.0,1.0,2.0,1.0,1.0,1.0,1.0,1.0,2.0,1.0,1.0,3.0,7.0,2.0,1.0,1.0,1.0,1.0,1.0,1.0,1.0,1.0,1.0,1.0,1.0,1.0,6.0,1.0,1.0,1.0,1.0,1.0,1.0,1.0,1.0,1.0,1.0,1.0,1.0,1.0,1.0,1.0,1.0,4.0,1.0,1.0,1.0,1.0,1.0,1.0,1.0,1.0,1.0,1.0,1.0,1.0,1.0,1.0,1.0,1.0,1.0,1.0,1.0,-1.0,-1.0,1.0,1.0,2.0,-2.0,-2.0,-2.0,-2.0,-2.0,1.0,1.0,-3.56110793196185,-3.0,-3.0,-3.0,1.0,-5.0,-5.0,-5.0,1.0,1.0,1.0,1.0,2.0,1.0,1.0,-1.0,-1.0,-1.0,-1.0,-1.0,-1.0,4.0,4.0,1.0,1.0,3.0,1.0,1.0,1.0,1.0,1.0,3.0,3.0,2.0,1.0,1.0,1.0,1.0,1.0,2.0,1.0,1.0,2.0,2.0,1.0,1.0,1.0,1.0,1.0,3.0,3.0,3.0,1.0,1.0,2.0,1.0,1.0,2.0,2.0,2.0,1.0,1.0,1.0,2.0,1.0,1.0,1.0,1.0,3.0,1.0,1.0,1.0,1.0,4.0,2.0,5.0,1.0,2.0,1.0,1.0,1.0,1.0,3.0,1.0,2.0,3.0,2.0,1.0,1.0,1.0,2.0,2.0,2.0,2.0,1.0,6.0,3.0,6.0,1.0,1.0,1.0,3.0,1.0,4.0,5.0,1.0,1.0,1.0,1.0,1.0,17.0,1.0,2.0,12.0,1.0,2.0,3.0,8.0,13.0,5.0,2.0,1.0,2.0,6.0,4.0,4.0,2.0,1.0,3.0,2.0,1.0,1.0,1.0,3.0,1.0,1.0,1.0,3.0,1.0,1.0,1.0,3.0,1.0,1.0,1.0,2.0,3.0,7.0,4.0,3.0,-0.31044766992144,2.0,2.0,2.0,1.0,1.0,1.0,1.0,1.0,1.0,1.0,1.0,1.0,1.0,1.0,1.0,1.0,1.0,1.0,1.0,1.0,1.0,1.0,1.0,1.0,1.0,1.0,1.0,1.0,3.0,1.0,1.0,2.0,2.0,2.0,2.0,3.0,1.0,1.0,1.0,2.0,1.0,4.0,3.0,1.0,1.0,1.0,2.0,1.0,7.39298284432326,1.0,5.0,3.0,2.0,1.0,1.0,1.0,1.0,1.0,1.0,1.0,1.0,1.0,3.0,4.0,3.0,1.0,1.0,1.0,1.0,1.0,1.0,1.0,1.0,1.0,1.0,1.0,1.0,2.0,1.0,1.0,1.0,1.0,1.0,1.0,1.0,1.0,1.0,1.0,1.0,2.0,1.0,1.0,-11.44449008350335,1.0,1.0,1.0,1.0,1.0,1.0,1.0,1.0,1.0,1.0,3.0,8.0,2.0,1.0,2.0,1.0,1.0,4.0,1.0,1.0,1.0,1.0,1.0,1.0,1.0,7.0,5.0,2.0,3.0,1.0,1.0,2.0,1.0,1.0,1.0,1.0,1.0,1.0,2.0,3.0,1.0,2.0,2.0,2.0,-16.38832593496558,3.0,1.0,1.0,1.0,1.0,3.0,2.0,3.0,3.0,1.0,1.0,2.0,2.0,2.0,3.0,2.0,1.0,3.0,1.0,2.0,2.0,2.0,2.0,2.0,2.0,1.0,1.0,1.0,1.0,1.0,1.0,1.0,1.0,1.0,2.0,1.0,1.0,1.0,3.0,1.0,1.0,1.0,1.0,1.0,1.0,1.0,2.0,1.0,6.0,1.0,5.0,1.0,4.0,1.0,8.0,1.0,3.0,3.0,4.0,1.0,2.0,2.0,1.0,1.0,3.0,2.0,3.0,1.0,2.0,1.0,1.0,2.0,1.0,1.0,4.0,6.0,1.0,1.0,1.0,2.0,2.0,1.0,-1.99532349106328,3.0,5.0,5.38785976813884,1.0,1.0,5.0,1.0,1.0,2.0,1.0,1.0,1.0,4.0,2.0,1.0,4.0,2.0,6.0,1.0,1.0,1.0,1.0,6.0,5.96397995782018,1.0,1.0,3.0,3.0,-1.3686525685699,9.0,2.0,3.0,3.0,3.0,3.0,1.0,1.0,5.0,5.0,5.0,5.0,1.0,7.0,10.0,2.0,1.0,4.0,5.0,5.0,5.0,5.0,2.0,1.0,3.0,5.0,4.0,2.0,2.0,1.0,1.0,2.0,3.0,1.0,1.0,3.0,11.0,5.0,5.0,5.0,5.0,5.0,5.0,5.0,5.0,13.0,3.0,2.0,2.0,3.0,11.0,5.0,5.0,5.0,5.0,1.0,1.0,2.0,18.0,11.0,2.0,1.0,3.0,3.0,5.0,5.0,5.0,5.0,5.0,5.0,2.0,1.0,3.0,1.0,1.0,21.0,1.0,2.0,3.0,6.0,6.0,6.0,6.0,2.0,5.0,3.0,2.0,5.0,13.0,2.0,5.0,5.0,5.0,5.0,6.0,2.0,24.0,2.0,1.0,2.0,5.0,5.0,5.0,5.0,1.0,2.0,4.0,3.0,12.0,1.0,9.0,4.0,4.0,4.0,4.0,4.0,4.0,4.0,1.0,10.0,4.0,1.0,21.0,1.0,2.0,1.0,1.0,1.0,4.0,3.0,5.0,6.0,6.0,6.0,6.0,6.0,1.0,1.0,3.0,15.0,1.0,1.0,1.0,1.0,7.0,4.0,1.0,10.0,5.0,5.0,5.0,5.0,1.0,1.0,4.0,2.0,-19.72431348956135,1.0,2.0,2.0,9.0,2.0,1.0,1.0,3.0,1.0,4.0,3.0,1.0,1.0,1.0,1.0,1.0,2.0,1.0,1.0,9.0,1.0,1.0,1.0,2.0,5.0,5.0,5.0,5.0,2.0,1.0,7.0,1.0,2.0,5.0,5.0,5.0,5.0,5.0,5.0,5.0,3.0,1.0,1.0,20.0,1.0,1.0,1.0,4.0,1.0,1.0,2.0,1.0,9.0,3.0,4.0,4.0,4.0,4.0,4.0,4.0,4.0,4.0,1.0,1.0,37.0,1.0,1.0,1.0,6.0,6.0,6.0,6.0,6.0,6.0,1.0,1.0,1.0,1.0,6.0,16.0,1.0,5.0,5.0,5.0,5.0,1.0,27.0,1.0,1.0,1.0,7.0,6.0,6.0,6.0,6.0,1.0,2.0,1.0,30.0,1.0,1.0,1.0,1.0,8.0,6.0,6.0,6.0,6.0,13.32796194626393,2.0,2.0,2.0,2.0,5.0,5.0,7.0,3.0,30.0,3.0,10.0,6.0,1.0,10.0,5.0,5.0,5.0,5.0,5.0,5.0,5.0,4.0,1.0,6.0,8.0,1.0,2.0,3.0,4.0,4.0,5.0,6.0,6.0,6.0,6.0,-5.0,-5.0,-5.0,-5.0,-5.0,-5.0,-5.0,-5.0,-5.0,-5.0,1.0
1.0,1.0,1.0,2.0,1.0,2.0,4.0,7.0,1.0,2.0,1.0,5.0,1.0,1.0,1.0,1.0,3.0,1.0,2.0,1.0,1.0,1.0,1.0,1.0,1.0,1.0,5.0,2.0,1.0,3.0,1.0,1.0,5.0,1.0,1.0,2.0,1.0,1.0,1.0,2.0,3.0,1.0,1.0,1.0,1.0,1.0,1.0,1.0,1.0,1.0,1.0,1.0,5.0,3.0,2.0,1.0,1.0,2.0,1.0,1.0,1.0,1.0,1.0,1.0,1.0,1.0,2.0,1.0,5.0,1.0,2.0,1.0,1.0,2.0,1.0,1.0,1.0,1.0,2.0,1.0,7.0,4.0,1.0,2.0,1.0,2.0,12.0,5.0,1.0,15.0,1.0,2.0,2.0,2.0,1.0,1.0,8.0,1.0,4.0,1.0,1.0,16.0,3.0,3.0,1.0,2.0,1.0,1.0,6.0,7.0,1.0,2.0,3.0,2.0,2.0,3.0,2.0,1.0,5.0,1.0,3.0,2.0,2.0,1.0,1.0,1.0,10.0,10.0,1.0,3.0,2.0,1.0,2.0,5.0,2.0,1.0,3.0,1.0,1.0,1.0,1.0,1.0,1.0,1.0,7.0,1.0,1.0,13.0,1.0,1.0,1.0,10.0,2.0,1.0,3.0,1.0,1.0,2.0,3.0,1.0,1.0,1.0,1.0,1.0,1.0,1.0,2.0,1.0,14.0,1.0,1.0,1.0,2.0,2.0,1.0,3.0,2.0,1.0,1.0,1.0,2.0,5.0,1.0,1.0,1.0,4.0,1.0,4.0,2.0,14.0,1.0,2.0,2.0,4.0,1.0,1.0,3.0,1.0,1.0,2.0,1.0,1.0,4.0,3.0,17.0,1.0,1.0,1.0,1.0,3.0,1.0,3.0,5.0,1.0,2.0,2.0,2.0,1.0,1.0,1.0,4.0,1.0,2.0,1.0,1.0,1.0,1.0,1.0,1.0,5.0,2.0,2.0,3.0,1.0,1.0,1.0,1.0,2.0,1.0,1.0,1.0,1.0,1.0,5.0,2.0,3.0,2.0,2.0,3.0,1.0,2.0,4.0,1.0,2.0,2.0,2.0,1.0,1.0,1.0,1.0,1.0,3.0,2.0,1.0,1.0,13.0,3.0,1.0,1.0,1.0,7.0,4.0,1.0,1.0,1.0,8.0,1.0,1.0,6.0,2.0,1.0,3.0,2.0,8.0,2.0,1.0,1.0,1.0,5.0,1.0,8.0,1.0,4.0,9.0,7.0,1.0,1.0,8.0,1.0,2.0,1.0,1.0,4.0,1.0,1.0,1.0,7.0,4.0,5.0,3.0,1.0,1.0,1.0,2.0,1.0,1.0,1.0,1.0,1.0,1.0,6.0,3.0,2.0,2.0,1.0,1.0,1.0,1.0,1.0,1.0,5.0,1.0,1.0,3.0,1.0,1.0,3.0,3.0,1.0,1.0,1.0,2.0,2.0,1.0,1.0,1.0,3.0,4.0,4.0,1.0,1.0,1.0,2.0,1.0,2.0,2.0,2.0,8.0,9.0,3.0,1.0,2.0,1.0,1.0,3.0,2.0,2.0,1.0,5.0,1.0,3.0,3.0,3.0,4.0,1.0,1.0,2.0,2.0,3.0,3.0,1.0,3.0,2.0,1.0,1.0,1.0,1.0,1.0,1.0,1.0,1.0,1.0,1.0,1.0,2.0,10.0,2.0,3.0,3.0,3.0,2.0,1.0,1.0,1.0,1.0,2.0,1.0,15.0,3.0,3.0,3.0,3.0,1.0,1.0,11.0,2.0,2.0,2.0,3.0,1.0,1.0,1.0,1.0,9.0,2.0,2.0,3.0,3.0,1.0,1.0,1.0,2.0,1.0,13.0,2.0,2.0,3.0,3.0,6.0,5.0,2.0,2.0,2.0,2.0,3.0,3.0,4.0,3.0,2.0,2.0,3.0,3.0,4.0,2.0,7.0,3.0,3.0,2.0,2.0,1.0,3.0,7.0,2.0,13.0,6.0,4.0,1.0,1.0,1.0,2.0,1.0,3.0,2.0,10.0,2.0,14.0,1.0,1.0,1.0,9.0,3.0,2.0,1.0,1.0,10.0,2.0,1.0,1.0,1.0,2.0,3.0,7.0,5.0,1.0,1.0,1.0,2.0,6.0,2.0,2.0,4.0,2.0,1.0,1.0,1.0,3.0,2.0,10.0,3.0,1.0,1.0,1.0,5.0,3.0,5.0,1.0,3.0,1.0,1.0,2.0,2.0,3.0,2.0,1.0,2.0,1.0,1.0,1.0,2.0,1.0,1.0,1.0,1.0,5.0,1.0,2.0,1.0,1.0,1.0,1.0,1.0,4.0,1.0,1.0,14.0,1.0,4.0,1.0,13.0,11.0,2.0,2.0,1.0,5.0,1.0,11.0,1.0,1.0,1.0,1.0,1.0,4.0,1.0,1.0,1.0,1.0,3.0,1.0,3.0,1.0,5.0,9.0,1.0,1.0,1.0,1.0,4.0,1.0,6.0,13.0,1.0,3.0,3.0,4.0,1.0,3.0,1.0,4.0,1.0,14.0,9.0,12.0,7.0,1.0,1.0,1.0,2.0,4.0,4.0,6.0,10.0,8.0,21.0,4.0,4.0,3.0,2.0,4.0,1.0,2.0,12.0,11.0,1.0,3.0,4.0,1.0,1.0,1.0,1.0,3.0,6.0,7.0,2.0,5.0,3.0,3.0,8.0,10.0,2.0,19.0,8.0,5.0,1.0,3.0,2.0,6.0,-2.04564786099211,2.0,1.0,2.0,3.0,8.0,9.0,6.0,6.0,1.0,1.0,2.0,2.0,2.0,8.0,4.0,5.0,8.0,7.0,13.0,3.0,9.0,2.0,1.0,3.0,5.0,1.0,3.0,1.0,1.0,5.47566330468136,8.0,1.0,2.0,1.0,1.0,6.0,1.0,1.0,1.0,5.0,15.0,1.0,2.0,7.0,5.0,4.0,5.0,4.0,16.0,6.0,4.0,2.0,1.0,1.0,1.0,1.0,1.0,1.0,2.0,1.0,7.0,7.0,4.0,1.0,2.0,1.0,2.0,1.0,1.0,1.0,1.0,2.0,2.0,1.0,1.0,1.0,1.0,1.0,1.0,1.0,1.0,1.0,1.0,1.0,2.0,2.0,4.0,1.0,1.0,1.0,2.0,7.0,1.0,1.0,1.0,1.0,1.0,1.0,1.0,2.0,3.0,6.0,7.0,4.0,1.0,3.0,1.0,1.0,1.0,1.0,1.0,1.0,1.0,1.0,1.0,2.0,1.0,1.0,2.0,1.0,1.0,1.0,2.0,1.0,1.0,1.0,1.0,1.0,2.0,2.0,3.0,6.0,1.0,1.0,2.0,1.0,1.0,2.0,1.0,1.0,13.0,19.0,2.0,1.0,1.0,4.0,1.0,1.0,1.0,1.0,1.0,1.0,1.0,1.0,1.0,1.0,1.0,2.0,1.0,1.0,1.0,16.0,15.0,1.0,2.0,2.0,2.0,1.0,1.0,1.0,6.59826880862449,1.0,1.0,1.0,1.0,1.0,2.0,1.0,1.0,3.0,1.0,1.0,1.0,2.0,1.0,1.0,12.0,7.0,1.0,5.0,1.0,3.0,1.0,1.0,1.0,2.0,3.0,1.0,1.0,6.0,7.0,3.0,5.0,3.0,1.0,1.0,3.0,2.0,1.0,7.0,16.0,1.0,1.0,5.0,3.0,1.0,1.0,3.0,2.0,1.0,4.96952489648403,1.0,2.0,3.0,3.0,1.0,1.0,2.0,1.0,1.0,1.0,2.0,30.0,1.0,4.0,7.0,1.0,1.0,1.0,1.0,1.0,2.0,1.0,2.0,1.0,1.0,1.0,1.0,1.0,1.0,5.0,24.0,4.0,2.0,1.0,1.0,1.0,1.0,1.0,1.0,2.0,2.0,3.0,1.0,2.0,1.0,1.0,1.0,1.0,1.0,1.0,1.0,2.0,1.0,1.0,1.0,1.0,1.0,1.0,1.0,1.0,3.0,1.0,1.0,1.0,3.0,5.0,2.0,3.0,1.0,1.0,2.0,1.0,2.0,1.0,3.0,1.0,2.0,1.0,1.0,2.0,2.0,2.0,1.0,1.0,5.0,2.0,2.0,4.0,1.0,3.0,1.0,4.0,1.0,1.0,2.0,1.0,1.0,4.0,1.0,2.0,1.0,1.0,2.0,4.0,1.0,2.0,2.0,5.0,1.0,1.0,2.0,1.0,1.0,3.0,1.0,1.0,3.0,3.0,5.0,3.0,4.0,1.0,1.0,1.0,2.0,1.0,2.0,1.0,2.0,1.0,1.0,3.0,1.0,1.0,1.0,1.0,2.0,1.0,1.0,1.0,2.0,1.0,1.0,1.0,1.0,1.0,1.0,1.0,1.0,4.0,1.0,1.0,1.0,2.0,1.0,6.0,1.0,1.0,1.0,2.0,2.0,1.0,1.0,1.0,-1.2523449689335,2.0,1.0,1.0,2.0,1.0,-1.0,-1.0,-1.0,-1.0,-2.0,1.0,9.0,-1.0,1.0,-1.0,-1.0,-5.0,-4.0,-3.0,-4.0,-5.0,-5.0,1.0,1.0,1.0,6.0,6.0,2.0,1.0,3.0,2.0,1.0,4.0,5.0,1.0,3.0,1.0,1.0,2.0,1.0,5.0,1.0,1.0,10.0,4.0,1.0,1.0,1.0,3.0,7.0,1.0,2.0,8.0,1.0,2.0,1.0,1.0,1.0,2.0,1.0,2.0,9.0,1.0,9.0,1.0,1.0,1.0,3.0,1.0,1.0,4.0,4.0,1.0,2.0,1.0,2.0,1.0,1.0,1.0,2.0,1.0,1.0,2.0,4.0,1.0,1.0,10.0,1.0,1.0,1.0,3.0,1.0,4.0,4.0,9.0,1.0,1.0,5.0,1.0,1.0,1.0,4.0,2.0,5.0,1.0,7.0,1.0,5.0,1.0,1.0,1.0,18.20845275419301,1.0,5.0,4.0,6.0,1.0,-3.0,-1.0,-1.0,-13.71931735451625,-2.0,-2.0,-1.0,-1.0,-1.0,-1.0,-3.0,-1.0,-2.0,-4.0,-1.0,-2.0,-1.0,-1.0,-1.0,5.0,4.0,2.0,7.0,2.0,1.0,2.0,1.0,2.0,1.0,3.0,4.0,4.0,1.0,1.0,2.0,4.0,2.0,6.0,1.0,5.0,11.27775448851298,8.0,7.0,1.0,4.0,3.0,1.0,1.0,1.0,2.0,1.0,4.0,1.0,1.0,1.0,1.0,2.0,1.0,1.0,3.0,2.0,4.0,7.0,7.0,4.0,1.0,1.0,4.0,1.0,1.0,2.0,1.0,1.0,5.0,1.0,2.0,7.0,4.0,2.0,2.0,1.0,1.0,1.0,2.0,2.0,2.0,1.0,1.0,2.0,6.0,1.0,4.0,2.0,3.0,-8.81276160699843,1.0,8.0,8.0,1.0,1.0,2.0,2.0,1.0,1.0,2.0,2.0,11.0,5.0,2.0,1.0,2.0,2.0,2.0,2.0,2.0,2.0,2.0,2.0,2.0,1.0,1.0,25.0,6.0,5.0,5.0,5.0,5.0,5.0,5.0,3.0,2.0,1.0,1.0,2.0,1.0,1.0,12.0,15.0,4.0,4.0,5.0,4.0,4.0,5.0,2.0,1.0,5.0,1.0,1.0,2.0,1.0,16.0,5.0,4.0,5.0,4.0,10.0,2.0,4.0,3.0,3.0,6.0,4.0,4.0,4.0,4.0,4.0,4.0,4.0,4.0,4.0,2.0,4.0,4.0,4.0,4.0,4.0,4.0,1.0,1.0,4.0,4.0,4.0,4.0,4.0,4.0,1.0,1.0,1.0,1.0,1.0,1.0,4.0,4.0,4.0,4.0,4.0,4.0,4.0,4.0,4.0,4.0,1.0,1.0,1.0,1.0,3.0,1.0,1.0,10.0,1.0,1.0,1.0,1.0,1.0,21.0,15.0,1.0,1.0,1.0,1.0,1.0,1.0,5.0,1.0,6.0,2.0,2.0,23.0,14.0,1.0,3.0,3.0,3.0,3.0,3.0,3.0,3.0,3.0,1.0,1.0,1.0,1.0,1.0,6.0,1.0,4.0,10.0,9.0,26.0,7.0,3.0,3.0,4.0,3.0,3.0,3.0,4.0,3.0,1.0,1.0,1.0,1.0,3.0,1.0,1.0,13.0,2.0,2.0,2.0,2.0,2.0,2.0,2.0,1.0,1.0,2.0,2.0,2.0,2.0,2.0,2.0,3.0,2.0,1.0,2.0,2.0,2.0,2.0,2.0,2.0,2.0,1.0,2.0,2.0,2.0,2.0,2.0,2.0,2.0,2.0,2.0,2.0,2.0,1.0,-2.0,1.0,4.0,1.0,-4.0,-4.0,-5.0,-4.0,-4.0,-4.0,-5.0,-4.0,-1.0,1.0,2.0,-1.0,1.0,-4.0,-5.0,-4.0,-4.0,-5.0,-4.0,2.0,1.0,-5.0,-6.0,-5.0,-5.0,-6.0,-5.0,1.0,1.0,1.0,-5.0,-5.0,-5.0,-5.0,-5.0,-5.0,-1.0,1.0,-1.0,-5.0,-5.0,-5.0,-5.0,-5.0,-5.0,-3.0,-4.0,-1.0,-1.0,-3.0,-1.0,0.0,1.0,-9.0,-5.0,1.0,-1.0,-2.0,-1.0,-1.0,-2.0,-1.0,-3.0,-2.0,-1.0,-1.0,-1.0,-1.0,-1.0,-3.0,-1.0,-1.0,-1.0,-1.0,-3.0,-2.0,19.45784305872714,-2.0,-1.0,-1.0,-1.0,-2.0,7.0,-4.0,-2.0,-3.0,-3.0,-1.0,-1.0,-1.0,1.0,1.0,0.0,-1.0,-5.0,-7.0,-1.0,-2.0,-1.0,9.0,2.0,13.0,-1.0,-1.0,-1.0,-5.0,-5.0,-2.0,-4.0,1.0,5.0,4.0,2.0,2.0,1.0,2.0,15.0,17.0,4.0,5.0,7.0,13.0,1.0,3.0,1.0,1.0,1.0,12.0,5.0,5.0,1.0,11.0,2.0,4.0,2.0,1.0,15.57346510062307,4.0,2.0,1.0,1.0,2.0,1.0,1.0,2.0,1.0,1.0,2.0,6.0,1.0,1.0,2.0,4.0,3.0,2.0,2.0,3.0,7.0,1.0,1.0,1.0,1.0,1.0,2.0,1.0,1.0,1.0,1.0,1.0,1.0,1.0,1.0,2.0,2.0,1.0,4.0,1.0,1.0,1.0,1.0,3.0,1.0,2.0,6.0,1.0,1.0,1.0,1.0,1.0,1.0,1.0,1.0,1.0,1.0,1.0,1.0,3.0,1.0,1.0,3.0,2.0,2.0,2.0,5.0,-20.80157324031526,2.0,2.0,4.0,3.0,1.0,2.0,2.0,2.0,2.0,1.0,1.0,2.0,2.0,2.0,1.0,1.0,1.0,1.0,1.0,2.0,1.0,4.0,1.0,1.0,1.0,1.0,2.0,1.0,1.0,1.0,5.0,5.0,1.0,4.0,3.0,2.0,2.0,1.0,5.0,1.0,3.0,4.0,2.0,1.0,3.0,3.0,4.0,3.0,3.0,1.0,1.0,2.0,1.0,3.0,2.0,4.0,2.0,1.0,4.0,2.0,1.0,2.0,3.0,3.0,3.0,3.0,2.0,1.0,4.0,5.0,1.0,1.0,5.0,4.0,2.0,1.0,1.0,1.0,6.0,10.0,1.0,5.0,5.0,1.0,7.0,2.0,1.0,10.0,4.0,3.0,3.0,1.0,7.0,1.0,11.0,1.0,2.0,2.0,1.0,3.0,2.0,1.0,1.0,5.0,8.0,1.0,7.0,3.0,1.0,2.0,2.0,1.0,2.0,1.0,1.0,1.0,1.0,2.0,7.0,6.0,1.0,2.0,1.0,1.0,1.0,1.0,5.0,1.0,1.0,2.0,5.0,1.0,2.0,7.0,6.0,6.0,1.0,2.0,9.0,3.0,6.0,1.0,6.0,4.0,9.0,1.0,1.0,1.0,2.0,10.0,6.0,2.0,2.0,5.0,5.0,1.0,10.0,1.0,2.0,4.0,5.0,13.0,1.0,1.0,1.0,1.0,4.0,4.0,3.0,1.0,2.0,1.0,1.0,1.0,2.0,4.0,4.0,5.0,11.0,1.0,1.0,13.2640361646798,1.0,5.0,2.0,7.0,1.0,1.0,2.0,1.0,1.0,1.0,3.0,3.0,2.0,2.0,3.0,5.0,1.0,2.0,1.0,-2.0,1.0,1.0,7.0,-3.0,-3.0,-3.0,-3.0,1.0,0.0,4.0,-2.0,5.0,-6.0,-6.0,-6.0,-6.0,-2.0,-1.0,-1.0,-6.0,-6.0,-6.0,-6.0,-3.0,-2.0,-1.0,-1.0,-3.0,-3.0,-3.0,-3.0,-2.0,-1.0,-1.0,2.0,-1.0,-6.0,-6.0,-6.0,-6.0,-6.0,-6.0,-6.0,1.0,1.0,-3.0,-3.0,7.0,2.0,-5.0,-5.0,-5.0,-5.0,1.0,-2.0,-2.0,2.0,1.0,-5.0,-6.0,-5.0,-5.0,2.0,1.0,1.0,1.0,-6.0,-6.0,-6.0,-6.0,-1.0,1.0,-2.0,-2.0,1.0,2.0,-13.0,-13.0,-1.0,-1.0,-2.0,2.0,1.0,-5.0,-5.0,-5.0,-5.0,-5.0,-5.0,1.0,1.0,-5.0,-5.0,-5.0,-5.0,-5.0,0.0,-3.0,-12.0,-12.0,1.0,5.0,-7.0,-7.0,-7.0,-7.0,1.0,7.0,1.0,1.0,1.0,2.0,11.0,1.0,4.0,1.0,3.0,6.0,1.0,2.0,3.0,15.0,3.0,2.0,3.0,4.0,1.0,6.0,6.0,4.0,2.0,1.0,1.0,1.0,1.0,1.0,1.0,3.0,7.0,1.0,3.0,1.0,1.0,1.0,3.0,2.0,1.0,2.0,2.0,1.0,1.0,3.0,3.0,3.0,1.0,1.0,2.0,3.0,3.0,3.0,1.0,1.0,1.0,3.0,4.0,4.0,2.0,3.0,1.0,1.0,1.0,1.0,1.0,1.0,2.0,3.0,4.0,4.0,2.0,6.0,3.0,1.0,1.0,1.0,1.0,1.0,1.0,2.0,3.0,1.0,13.0,3.0,1.0,1.0,6.0,1.0,1.0,1.0,4.0,1.0,1.0,2.0,2.0,4.0,3.0,3.0,1.0,1.0,1.0,1.0,2.0,2.0,3.0,3.0,1.0,1.0,2.0,2.0,1.0,2.0,6.0,6.0,2.0,3.0,2.0,2.0,1.0,1.0,2.0,2.0,6.0,6.0,2.0,3.0,2.0,2.0,1.0,1.0,21.0,3.0,4.0,1.0,2.0,2.0,8.0,1.0,7.0,2.0,1.0,2.0,3.0,4.0,4.0,1.0,16.0,1.0,6.0,3.0,1.0,1.0,2.0,10.0,1.0,10.0,3.0,3.0,-15.53746168038527,1.0,4.0,3.0,1.0,2.0,1.0,1.0,4.0,1.0,3.0,1.0,2.0,2.0,1.0,1.0,1.0,1.0,3.0,1.0,1.0,2.0,1.0,1.0,1.0,1.0,1.0,1.29786125122586,1.0,1.0,1.0,1.0,1.0,4.0,3.0,1.0,1.0,1.0,1.0,1.0,1.0,2.0,2.0,1.0,4.0,1.0,4.0,1.0,1.0,2.0,1.0,1.0,3.0,2.0,2.0,2.0,2.0,1.0,1.0,6.0,24.0,4.0,1.0,3.0,2.0,1.0,1.0,16.0,35.0,3.0,1.0,1.0,1.0,1.0,1.0,1.0,3.0,5.0,1.0,1.0,2.0,7.0,5.0,5.0,2.0,3.0,1.0,1.0,1.0,8.0,1.0,5.0,3.0,2.0,9.0,6.0,1.0,4.0,13.0,1.0,7.0,7.0,1.0,1.0,1.0,1.0,1.0,4.0,6.0,3.0,2.0,1.0,8.0,6.0,1.0,1.0,1.0,2.0,3.0,1.0,2.0,8.0,1.0,2.0,9.0,2.0,1.0,1.0,1.0,1.0,1.0,4.0,1.0,1.0,4.0,5.0,1.0,1.0,2.0,3.0,2.0,1.0,2.0,5.0,6.0,4.0,6.0,8.0,11.0,7.0,6.0,1.0,1.0,1.0,4.0,1.0,3.0,4.0,5.0,12.0,5.0,2.0,2.0,1.0,4.0,2.0,1.0,1.0,1.0,3.0,4.0,3.0,2.0,17.29671484676516,3.0,5.0,1.0,7.0,5.0,2.0,2.0,3.0,1.0,1.0,1.0,1.0,2.0,1.0,2.0,1.0,1.0,12.0,10.0,8.0,6.0,5.0,1.0,1.0,1.0,3.0,1.0,1.0,1.0,3.0,4.0,1.0,2.0,1.0,1.0,1.0,2.0,1.0,1.0,8.0,1.0,1.0,2.0,2.0,5.0,2.0,2.0,1.0,1.0,3.0,2.0,3.0,1.0,6.0,6.0,1.0,1.0,6.0,1.0,6.0,9.0,3.0,13.0,10.0,1.0,1.0,11.0,1.0,1.0,3.0,8.0,9.0,2.0,1.0,2.0,3.0,3.0,3.0,1.0,1.0,1.0,5.0,5.0,2.0,1.0,2.0,2.0,1.0,1.0,5.0,1.0,1.0,1.0,1.0,3.0,2.0,1.0,2.0,1.0,3.0,4.0,1.0,2.0,1.0,2.0,1.0,2.0,2.0,1.0,1.0,2.0,2.0,1.0,1.0,1.0,1.0,1.0,1.0,2.0,1.0,8.0,2.0,1.0,5.0,6.0,2.0,1.0,1.0,1.0,6.0,2.0,3.0,4.0,3.0,1.0,1.0,2.0,2.0,1.0,1.0,11.0,1.0,1.0,2.0,4.0,5.0,3.0,1.0,4.0,1.0,14.0,4.0,7.0,1.0,1.0,2.0,1.0,1.0,2.92572291035908,1.0,1.0,1.0,3.0,1.0,9.0,2.0,2.0,1.0,1.0,7.0,1.0,8.0,1.0,1.0,1.0,1.0,2.0,1.0,1.0,1.0,1.0,2.0,1.0,1.0,1.0,1.0,1.0,1.0,4.0,4.0,3.0,2.0,1.0,1.0,1.0,1.0,3.0,1.0,1.0,1.0,1.0,1.0,1.0,1.0,1.0,2.0,1.0,3.0,0.24337417607789,1.0,1.0,3.0,5.0,9.0,7.0,2.0,2.0,1.0,1.0,1.0,2.0,3.0,1.0,1.0,2.0,3.0,1.0,1.0,2.0,-2.95261983972371,1.0,1.0,1.0,1.0,2.0,1.0,1.0,-1.0,-1.0,-2.0,-4.0,-12.0,-7.0,-6.0,-6.0,-9.0,-11.0,-2.0,-8.0,-10.0,-6.0,-11.0,-6.50984180533249,-1.0,-4.0,-1.0,-10.0,-11.0,-3.0,-8.0,-12.0,-10.0,-1.0,-1.0,-1.0,-1.0,-7.0,-7.0,-13.0,-7.0,2.0,1.0,1.0,1.0,2.0,1.0,1.0,5.0,1.0,2.0,1.0,1.0,3.0,1.0,3.0,1.0,1.0,1.0,1.0,1.0,1.0,1.0,1.0,4.0,1.0,1.0,2.0,1.0,1.0,3.0,1.0,1.0,2.0,1.0,1.0,2.0,3.0,1.0,2.0,1.0,1.0,1.0,1.0,1.0,1.0,2.0,1.0,2.0,1.0,2.0,5.0,6.0,1.0,2.0,1.0,1.0,3.0,1.0,1.0,2.0,3.0,3.0,1.0,1.0,2.0,5.0,5.0,1.0,1.0,4.0,3.0,2.0,1.0,1.0,-1.0,1.0,2.0,-3.0,1.0,1.0,-4.0,-4.0,-3.0,2.0,-1.0,-1.0,-1.0,-2.0,2.0,10.0,1.0,1.0,1.0,2.0,3.0,4.0,1.0,2.0,1.0,17.0,1.0,1.0,1.0,1.0,2.0,1.0,1.0,1.0,4.0,4.0,1.0,3.0,1.0,1.0,2.0,1.0,1.0,1.0,2.0,2.0,1.0,1.0,1.0,1.0,2.0,3.0,18.94840458248437,1.0,1.0,3.0,1.0,1.0,1.0,2.0,3.0,1.0,1.0,2.0,4.0,2.0,1.0,1.0,1.0,1.0,2.0,3.0,1.0,4.0,1.0,1.0,1.0,4.0,4.0,1.0,1.0,2.0,2.0,2.0,2.0,1.0,2.0,1.0,2.0,3.0,1.0,6.0,11.0,8.0,5.0,4.0,5.0,3.0,2.0,1.0,1.0,1.0,1.0,1.0,2.0,2.0,3.0,2.0,3.0,1.0,1.0,1.0,1.0,1.0,1.0,3.0,2.0,5.0,1.0,2.0,2.0,1.0,5.0,1.0,5.0,1.0,2.0,5.0,3.0,2.0,1.0,15.11250881122309,1.0,2.0,3.0,1.0,1.0,1.0,3.0,3.0,2.0,4.0,1.0,1.0,1.0,1.0,1.0,1.0,1.0,1.0,1.0,1.0,1.0,3.0,5.0,1.0,1.0,1.0,2.0,2.0,1.0,1.0,5.0,1.0,1.0,5.0,1.0,1.0,-7.0,-7.0,1.0,-1.0,-4.0,-2.0,-1.0,-2.0,-1.0,1.0,-1.0,-3.0,-5.0,0.0,-3.0,-1.0,-2.0,-4.0,1.0,-1.0,1.0,-1.0,-1.0,1.0,-1.0,-1.0,2.0,-2.0,-3.0,2.0,-2.0,-1.0,1.0,-1.0,-1.0,-2.0,1.0,-2.0,-1.0,2.0,-1.0,-1.0,-1.0,-1.0,-2.0,2.0,-2.0,-2.0,0.0,-1.0,-1.0,-1.0,-1.0,-1.0,1.0,1.0,1.0,7.0,1.0,1.0,1.0,1.0,1.0,2.0,1.0,1.0,12.0,1.0,1.0,1.0,1.0,1.0,1.0,2.0,1.0,1.0,1.0,1.0,2.0,4.0,3.0,1.0,1.0,3.0,1.0,1.0,1.0,1.0,2.0,1.0,1.0,1.0,1.0,1.0,2.0,1.0,1.0,3.0,7.0,2.0,1.0,1.0,1.0,1.0,1.0,1.0,1.0,1.0,1.0,1.0,1.0,1.0,6.0,1.0,1.0,1.0,1.0,1.0,1.0,1.0,1.0,1.0,1.0,1.0,1.0,1.0,1.0,1.0,1.0,4.0,1.0,1.0,1.0,1.0,1.0,1.0,1.0,1.0,1.0,1.0,1.0,1.0,1.0,1.0,1.0,1.0,1.0,1.0,1.0,-1.0,-1.0,1.0,1.0,2.0,-2.0,-2.0,-2.0,-2.0,-2.0,1.0,1.0,-3.56110793196185,-3.0,-3.0,-3.0,1.0,-5.0,-5.0,-5.0,1.0,1.0,1.0,1.0,2.0,1.0,1.0,-1.0,-1.0,-1.0,-1.0,-1.0,-1.0,4.0,4.0,1.0,1.0,3.0,1.0,1.0,1.0,1.0,1.0,3.0,3.0,2.0,1.0,1.0,1.0,1.0,1.0,2.0,1.0,1.0,2.0,2.0,1.0,1.0,1.0,1.0,1.0,3.0,3.0,3.0,1.0,1.0,2.0,1.0,1.0,2.0,2.0,2.0,1.0,1.0,1.0,2.0,1.0,1.0,1.0,1.0,3.0,1.0,1.0,1.0,1.0,4.0,2.0,5.0,1.0,2.0,1.0,1.0,1.0,1.0,3.0,1.0,2.0,3.0,2.0,1.0,1.0,1.0,2.0,2.0,2.0,2.0,1.0,6.0,3.0,6.0,1.0,1.0,1.0,3.0,1.0,4.0,5.0,1.0,1.0,1.0,1.0,1.0,17.0,1.0,2.0,12.0,1.0,2.0,3.0,8.0,13.0,5.0,2.0,1.0,2.0,6.0,4.0,4.0,2.0,1.0,3.0,2.0,1.0,1.0,1.0,3.0,1.0,1.0,1.0,3.0,1.0,1.0,1.0,3.0,1.0,1.0,1.0,2.0,3.0,7.0,4.0,3.0,-0.31044766992144,2.0,2.0,2.0,1.0,1.0,1.0,1.0,1.0,1.0,1.0,1.0,1.0,1.0,1.0,1.0,1.0,1.0,1.0,1.0,1.0,1.0,1.0,1.0,1.0,1.0,1.0,1.0,1.0,3.0,1.0,1.0,2.0,2.0,2.0,2.0,3.0,1.0,1.0,1.0,2.0,1.0,4.0,3.0,1.0,1.0,1.0,2.0,1.0,7.39298284432326,1.0,5.0,3.0,2.0,1.0,1.0,1.0,1.0,1.0,1.0,1.0,1.0,1.0,3.0,4.0,3.0,1.0,1.0,1.0,1.0,1.0,1.0,1.0,1.0,1.0,1.0,1.0,1.0,2.0,1.0,1.0,1.0,1.0,1.0,1.0,1.0,1.0,1.0,1.0,1.0,2.0,1.0,1.0,-11.44449008350335,1.0,1.0,1.0,1.0,1.0,1.0,1.0,1.0,1.0,1.0,3.0,8.0,2.0,1.0,2.0,1.0,1.0,4.0,1.0,1.0,1.0,1.0,1.0,1.0,1.0,7.0,5.0,2.0,3.0,1.0,1.0,2.0,1.0,1.0,1.0,1.0,1.0,1.0,2.0,3.0,1.0,2.0,2.0,2.0,-16.38832593496558,3.0,1.0,1.0,1.0,1.0,3.0,2.0,3.0,3.0,1.0,1.0,2.0,2.0,2.0,3.0,2.0,1.0,3.0,1.0,2.0,2.0,2.0,2.0,2.0,2.0,1.0,1.0,1.0,1.0,1.0,1.0,1.0,1.0,1.0,2.0,1.0,1.0,1.0,3.0,1.0,1.0,1.0,1.0,1.0,1.0,1.0,2.0,1.0,6.0,1.0,5.0,1.0,4.0,1.0,8.0,1.0,3.0,3.0,4.0,1.0,2.0,2.0,1.0,1.0,3.0,2.0,3.0,1.0,2.0,1.0,1.0,2.0,1.0,1.0,4.0,6.0,1.0,1.0,1.0,2.0,2.0,1.0,-1.99532349106328,3.0,5.0,5.38785976813884,1.0,1.0,5.0,1.0,1.0,2.0,1.0,1.0,1.0,4.0,2.0,1.0,4.0,2.0,6.0,1.0,1.0,1.0,1.0,6.0,5.96397995782018,1.0,1.0,3.0,3.0,-1.3686525685699,9.0,2.0,3.0,3.0,3.0,3.0,1.0,1.0,5.0,5.0,5.0,5.0,1.0,7.0,10.0,2.0,1.0,4.0,5.0,5.0,5.0,5.0,2.0,1.0,3.0,5.0,4.0,2.0,2.0,1.0,1.0,2.0,3.0,1.0,1.0,3.0,11.0,5.0,5.0,5.0,5.0,5.0,5.0,5.0,5.0,13.0,3.0,2.0,2.0,3.0,11.0,5.0,5.0,5.0,5.0,1.0,1.0,2.0,18.0,11.0,2.0,1.0,3.0,3.0,5.0,5.0,5.0,5.0,5.0,5.0,2.0,1.0,3.0,1.0,1.0,21.0,1.0,2.0,3.0,6.0,6.0,6.0,6.0,2.0,5.0,3.0,2.0,5.0,13.0,2.0,5.0,5.0,5.0,5.0,6.0,2.0,24.0,2.0,1.0,2.0,5.0,5.0,5.0,5.0,1.0,2.0,4.0,3.0,12.0,1.0,9.0,4.0,4.0,4.0,4.0,4.0,4.0,4.0,1.0,10.0,4.0,1.0,21.0,1.0,2.0,1.0,1.0,1.0,4.0,3.0,5.0,6.0,6.0,6.0,6.0,6.0,1.0,1.0,3.0,15.0,1.0,1.0,1.0,1.0,7.0,4.0,1.0,10.0,5.0,5.0,5.0,5.0,1.0,1.0,4.0,2.0,-19.72431348956135,1.0,2.0,2.0,9.0,2.0,1.0,1.0,3.0,1.0,4.0,3.0,1.0,1.0,1.0,1.0,1.0,2.0,1.0,1.0,9.0,1.0,1.0,1.0,2.0,5.0,5.0,5.0,5.0,2.0,1.0,7.0,1.0,2.0,5.0,5.0,5.0,5.0,5.0,5.0,5.0,3.0,1.0,1.0,20.0,1.0,1.0,1.0,4.0,1.0,1.0,2.0,1.0,9.0,3.0,4.0,4.0,4.0,4.0,4.0,4.0,4.0,4.0,1.0,1.0,37.0,1.0,1.0,1.0,6.0,6.0,6.0,6.0,6.0,6.0,1.0,1.0,1.0,1.0,6.0,16.0,1.0,5.0,5.0,5.0,5.0,1.0,27.0,1.0,1.0,1.0,7.0,6.0,6.0,6.0,6.0,1.0,2.0,1.0,30.0,1.0,1.0,1.0,1.0,8.0,6.0,6.0,6.0,6.0,13.32796194626393,2.0,2.0,2.0,2.0,5.0,5.0,7.0,3.0,30.0,3.0,10.0,6.0,1.0,10.0,5.0,5.0,5.0,5.0,5.0,5.0,5.0,4.0,1.0,6.0,8.0,1.0,2.0,3.0,4.0,4.0,5.0,6.0,6.0,6.0,6.0,-5.0,-5.0,-5.0,-5.0,-5.0,-5.0,-5.0,-5.0,-5.0,-5.0,1.0
1.0,1.0,1.0,2.0,1.0,2.0,4.0,7.0,1.0,2.0,1.0,5.0,1.0,1.0,1.0,1.0,3.0,1.0,2.0,1.0,1.0,1.0,1.0,1.0,1.0,1.0,5.0,2.0,1.0,3.0,1.0,1.0,5.0,1.0,1.0,2.0,1.0,1.0,1.0,2.0,3.0,1.0,1.0,1.0,1.0,1.0,1.0,1.0,1.0,1.0,1.0,1.0,5.0,3.0,2.0,1.0,1.0,2.0,1.0,1.0,1.0,1.0,1.0,1.0,1.0,1.0,2.0,1.0,5.0,1.0,2.0,1.0,1.0,2.0,1.0,1.0,1.0,1.0,2.0,1.0,7.0,4.0,1.0,2.0,1.0,2.0,12.0,5.0,1.0,15.0,1.0,2.0,2.0,2.0,1.0,1.0,8.0,1.0,4.0,1.0,1.0,16.0,3.0,3.0,1.0,2.0,1.0,1.0,6.0,7.0,1.0,2.0,3.0,2.0,2.0,3.0,2.0,1.0,5.0,1.0,3.0,2.0,2.0,1.0,1.0,1.0,10.0,10.0,1.0,3.0,2.0,1.0,2.0,5.0,2.0,1.0,3.0,1.0,1.0,1.0,1.0,1.0,1.0,1.0,7.0,1.0,1.0,13.0,1.0,1.0,1.0,10.0,2.0,1.0,3.0,1.0,1.0,2.0,3.0,1.0,1.0,1.0,1.0,1.0,1.0,1.0,2.0,1.0,14.0,1.0,1.0,1.0,2.0,2.0,1.0,3.0,2.0,1.0,1.0,1.0,2.0,5.0,1.0,1.0,1.0,4.0,1.0,4.0,2.0,14.0,1.0,2.0,2.0,4.0,1.0,1.0,3.0,1.0,1.0,2.0,1.0,1.0,4.0,3.0,17.0,1.0,1.0,1.0,1.0,3.0,1.0,3.0,5.0,1.0,2.0,2.0,2.0,1.0,1.0,1.0,4.0,1.0,2.0,1.0,1.0,1.0,1.0,1.0,1.0,5.0,2.0,2.0,3.0,1.0,1.0,1.0,1.0,2.0,1.0,1.0,1.0,1.0,1.0,5.0,2.0,3.0,2.0,2.0,3.0,1.0,2.0,4.0,1.0,2.0,2.0,2.0,1.0,1.0,1.0,1.0,1.0,3.0,2.0,1.0,1.0,13.0,3.0,1.0,1.0,1.0,7.0,4.0,1.0,1.0,1.0,8.0,1.0,1.0,6.0,2.0,1.0,3.0,2.0,8.0,2.0,1.0,1.0,1.0,5.0,1.0,8.0,1.0,4.0,9.0,7.0,1.0,1.0,8.0,1.0,2.0,1.0,1.0,4.0,1.0,1.0,1.0,7.0,4.0,5.0,3.0,1.0,1.0,1.0,2.0,1.0,1.0,1.0,1.0,1.0,1.0,6.0,3.0,2.0,2.0,1.0,1.0,1.0,1.0,1.0,1.0,5.0,1.0,1.0,3.0,1.0,1.0,-0.19794830327839,3.0,1.0,1.0,1.0,2.0,2.0,1.0,1.0,1.0,3.0,4.0,4.0,1.0,1.0,1.0,2.0,1.0,2.0,2.0,2.0,8.0,9.0,3.0,1.0,2.0,1.0,1.0,3.0,2.0,2.0,1.0,5.0,1.0,3.0,3.0,3.0,4.0,1.0,1.0,2.0,2.0,3.0,3.0,1.0,3.0,2.0,1.0,1.0,1.0,1.0,1.0,1.0,1.0,1.0,1.0,1.0,1.0,2.0,10.0,2.0,3.0,3.0,3.0,2.0,1.0,1.0,1.0,1.0,2.0,1.0,15.0,3.0,3.0,3.0,3.0,1.0,1.0,11.0,2.0,2.0,2.0,3.0,1.0,1.0,1.0,1.0,9.0,2.0,2.0,3.0,3.0,1.0,1.0,1.0,2.0,1.0,13.0,2.0,2.0,3.0,3.0,6.0,5.0,2.0,2.0,2.0,2.0,3.0,3.0,4.0,3.0,2.0,2.0,3.0,3.0,4.0,2.0,7.0,3.0,3.0,2.0,2.0,1.0,3.0,7.0,2.0,13.0,6.0,4.0,1.0,1.0,1.0,2.0,1.0,3.0,2.0,10.0,2.0,14.0,1.0,1.0,1.0,9.0,3.0,2.0,1.0,1.0,10.0,2.0,1.0,1.0,1.0,2.0,3.0,7.0,5.0,1.0,1.0,1.0,2.0,6.0,2.0,2.0,4.0,2.0,1.0,1.0,1.0,3.0,2.0,10.0,3.0,1.0,1.0,1.0,5.0,3.0,5.0,1.0,3.0,1.0,1.0,2.0,2.0,3.0,2.0,1.0,2.0,1.0,1.0,1.0,2.0,1.0,1.0,1.0,1.0,5.0,1.0,2.0,1.0,1.0,1.0,1.0,1.0,4.0,1.0,1.0,14.0,1.0,4.0,1.0,13.0,11.0,2.0,2.0,1.0,5.0,1.0,11.0,1.0,1.0,1.0,1.0,1.0,4.0,1.0,1.0,1.0,1.0,3.0,1.0,3.0,1.0,5.0,9.0,1.0,1.0,1.0,1.0,4.0,1.0,6.0,13.0,1.0,3.0,3.0,4.0,1.0,3.0,1.0,4.0,1.0,14.0,9.0,12.0,7.0,1.0,1.0,1.0,2.0,4.0,4.0,6.0,10.0,8.0,21.0,4.0,4.0,3.0,2.0,4.0,1.0,2.0,12.0,11.0,1.0,3.0,4.0,1.0,1.0,1.0,1.0,3.0,6.0,7.0,2.0,5.0,3.0,3.0,8.0,10.0,2.0,19.0,8.0,5.0,1.0,3.0,2.0,6.0,-4.04564786099211,2.0,1.0,2.0,3.0,8.0,9.0,6.0,6.0,1.0,1.0,2.0,2.0,2.0,8.0,4.0,5.0,8.0,7.0,13.0,3.0,9.0,2.0,1.0,3.0,5.0,1.0,3.0,1.0,1.0,7.0,8.0,1.0,2.0,1.0,1.0,6.0,1.0,1.0,1.0,5.0,15.0,1.0,2.0,7.0,5.0,4.0,5.0,4.0,16.0,6.0,4.0,2.0,1.0,1.0,1.0,1.0,1.0,1.0,2.0,1.0,7.0,7.0,4.0,1.0,2.0,1.0,2.0,1.0,1.0,1.0,1.0,2.0,2.0,1.0,1.0,1.0,1.0,1.0,1.0,1.0,1.0,1.0,1.0,1.0,2.0,2.0,4.0,1.0,1.0,1.0,2.0,7.0,1.0,1.0,1.0,1.0,1.0,1.0,1.0,2.0,3.0,6.0,7.0,4.0,1.0,3.0,1.0,1.0,1.0,1.0,1.0,1.0,1.0,1.0,1.0,2.0,1.0,1.0,2.0,1.0,1.0,1.0,2.0,1.0,1.0,1.0,1.0,1.0,2.0,2.0,3.0,6.0,1.0,1.0,2.0,1.0,1.0,2.0,1.0,1.0,13.0,19.0,2.0,1.0,1.0,4.0,1.0,1.0,1.0,1.0,1.0,1.0,1.0,1.0,1.0,1.0,1.0,2.0,1.0,1.0,1.0,16.0,15.0,1.0,2.0,2.0,2.0,1.0,1.0,1.0,2.0,1.0,1.0,1.0,1.0,1.0,2.0,1.0,1.0,3.0,1.0,1.0,1.0,2.0,1.0,1.0,12.0,7.0,1.0,5.0,1.0,3.0,1.0,1.0,1.0,2.0,3.0,1.0,1.0,6.0,7.0,3.0,5.0,3.0,1.0,1.0,3.0,2.0,1.0,7.0,16.0,1.0,1.0,5.0,3.0,1.0,1.0,3.0,2.0,1.0,6.96952489648403,1.0,2.0,3.0,3.0,1.0,1.0,2.0,1.0,1.0,1.0,2.0,30.0,1.0,4.0,7.0,1.0,1.0,1.0,1.0,1.0,2.0,1.0,2.0,1.0,1.0,1.0,1.0,1.0,1.0,5.0,24.0,4.0,2.0,1.0,1.0,1.0,1.0,1.0,1.0,2.0,2.0,3.0,1.0,2.0,1.0,1.0,1.0,1.0,1.0,1.0,1.0,2.0,1.0,1.0,1.0,1.0,1.0,1.0,1.0,1.0,3.0,1.0,1.0,1.0,3.0,5.0,2.0,3.0,1.0,1.0,2.0,1.0,2.0,1.0,3.0,1.0,2.0,1.0,1.0,2.0,2.0,2.0,1.0,1.0,5.0,2.0,2.0,4.0,1.0,3.0,1.0,4.0,1.0,1.0,2.0,1.0,1.0,4.0,1.0,2.0,1.0,1.0,2.0,4.0,1.0,2.0,2.0,5.0,1.0,1.0,2.0,1.0,1.0,3.0,1.0,1.0,3.0,3.0,5.0,3.0,4.0,1.0,1.0,1.0,2.0,1.0,2.0,1.0,2.0,1.0,1.0,3.0,1.0,1.0,1.0,1.0,2.0,1.0,1.0,1.0,2.0,1.0,1.0,1.0,1.0,1.0,1.0,1.0,1.0,4.0,1.0,1.0,1.0,2.0,1.0,6.0,1.0,1.0,1.0,2.0,2.0,1.0,1.0,1.0,3.8076550310665,2.0,1.0,1.0,2.0,1.0,-1.0,-1.0,-1.0,-1.0,-2.0,1.0,9.0,-1.0,1.0,-1.0,-1.0,-5.0,-4.0,-3.0,-4.0,-5.0,-5.0,1.0,1.0,1.0,6.0,6.0,2.0,1.0,3.0,2.0,1.0,4.0,5.0,1.0,3.0,1.0,1.0,2.0,1.0,5.0,1.0,1.0,10.0,4.0,1.0,1.0,1.0,3.0,7.0,1.0,2.0,8.0,1.0,2.0,1.0,1.0,1.0,2.0,1.0,2.0,9.0,1.0,9.0,1.0,1.0,1.0,3.0,1.0,1.0,4.0,4.0,1.0,2.0,1.0,2.0,1.0,1.0,1.0,2.0,1.0,1.0,2.0,4.0,1.0,1.0,10.0,1.0,1.0,1.0,3.0,1.0,4.0,4.0,9.0,1.0,1.0,5.0,1.0,1.0,1.0,4.0,2.0,5.0,1.0,7.0,1.0,5.0,1.0,1.0,1.0,18.20845275419301,1.0,5.0,4.0,6.0,1.0,-3.0,-1.0,-1.0,-13.71931735451625,-2.0,-2.0,-1.0,-1.0,-1.0,-1.0,-3.0,-1.0,-2.0,-4.0,-1.0,-2.0,-1.0,-1.0,-1.0,5.0,4.0,2.0,7.0,2.0,1.0,2.0,1.0,2.0,1.0,3.0,4.0,4.0,1.0,1.0,2.0,4.0,2.0,11.56553411323772,1.0,5.0,11.27775448851298,8.0,7.0,1.0,4.0,3.0,1.0,1.0,1.0,2.0,1.0,4.0,1.0,1.0,1.0,1.0,2.0,1.0,1.0,3.0,2.0,4.0,7.0,7.0,4.0,1.0,1.0,4.0,1.0,1.0,2.0,1.0,1.0,5.0,1.0,2.0,7.0,4.0,2.0,2.0,1.0,1.0,1.0,2.0,2.0,2.0,1.0,1.0,2.0,6.0,1.0,4.0,2.0,3.0,-10.81276160699843,1.0,8.0,8.0,1.0,1.0,2.0,2.0,1.0,1.0,2.0,2.0,11.0,5.0,2.0,1.0,2.0,2.0,2.0,2.0,2.0,2.0,2.0,2.0,2.0,1.0,1.0,25.0,6.0,5.0,5.0,5.0,5.0,5.0,5.0,3.0,2.0,1.0,1.0,2.0,1.0,1.0,12.0,15.0,4.0,4.0,5.0,4.0,4.0,5.0,2.0,1.0,5.0,1.0,1.0,2.0,1.0,16.0,5.0,4.0,5.0,4.0,10.0,2.0,4.0,3.0,3.0,6.0,4.0,4.0,4.0,4.0,4.0,4.0,4.0,4.0,4.0,2.0,4.0,4.0,4.0,4.0,4.0,4.0,1.0,1.0,4.0,4.0,4.0,4.0,4.0,4.0,1.0,1.0,1.0,1.0,1.0,1.0,4.0,4.0,4.0,4.0,4.0,4.0,4.0,4.0,4.0,4.0,1.0,1.0,1.0,1.0,3.0,1.0,1.0,10.0,1.0,1.0,1.0,1.0,1.0,21.0,15.0,1.0,1.0,1.0,1.0,1.0,1.0,5.0,1.0,6.0,2.0,2.0,23.0,14.0,1.0,3.0,3.0,3.0,3.0,3.0,3.0,3.0,3.0,1.0,1.0,1.0,1.0,1.0,6.0,1.0,4.0,10.0,9.0,26.0,7.0,3.0,3.0,4.0,3.0,3.0,3.0,4.0,3.0,1.0,1.0,1.0,1.0,3.0,1.0,1.0,13.0,2.0,2.0,2.0,2.0,2.0,2.0,2.0,1.0,1.0,2.0,2.0,2.0,2.0,2.0,2.0,3.0,2.0,1.0,2.0,2.0,2.0,2.0,2.0,2.0,2.0,1.0,2.0,2.0,2.0,2.0,2.0,2.0,2.0,2.0,2.0,2.0,2.0,1.0,-2.0,1.0,4.0,1.0,-4.0,-4.0,-5.0,-4.0,-4.0,-4.0,-5.0,-4.0,-1.0,1.0,2.0,-1.0,1.0,-4.0,-5.0,-4.0,-4.0,-5.0,-4.0,2.0,1.0,-5.0,-6.0,-5.0,-5.0,-6.0,-5.0,1.0,1.0,1.0,-5.0,-5.0,-5.0,-5.0,-5.0,-5.0,-1.0,1.0,-1.0,-5.0,-5.0,-5.0,-5.0,-5.0,-5.0,-3.0,-4.0,-1.0,-1.0,-3.0,-1.0,0.0,1.0,-9.0,-5.0,-11.00604357555452,-1.0,-2.0,-1.0,-1.0,-2.0,-1.0,-3.0,-2.0,-1.0,-1.0,-1.0,-1.0,-1.0,-3.0,-1.0,-1.0,-1.0,-1.0,-3.0,-2.0,18.45784305872714,-2.0,-1.0,-1.0,-1.0,-2.0,7.0,-4.0,-2.0,-3.0,-3.0,-1.0,-1.0,-1.0,1.0,1.0,0.0,-1.0,-5.0,-7.0,-1.0,-2.0,-1.0,9.0,2.0,13.0,-1.0,-1.0,-1.0,-5.0,-5.0,-2.0,-4.0,1.0,5.0,4.0,2.0,2.0,1.0,2.0,15.0,17.0,4.0,5.0,7.0,13.0,1.0,3.0,1.0,1.0,1.0,12.0,5.0,5.0,1.0,11.0,2.0,4.0,2.0,1.0,15.57346510062307,4.0,2.0,1.0,1.0,2.0,1.0,1.0,2.0,1.0,1.0,2.0,6.0,1.0,1.0,2.0,4.0,3.0,2.0,2.0,3.0,7.0,1.0,1.0,1.0,1.0,1.0,2.0,1.0,1.0,1.0,1.0,1.0,1.0,1.0,1.0,2.0,2.0,1.0,4.0,1.0,1.0,1.0,1.0,3.0,1.0,2.0,6.0,1.0,1.0,1.0,1.0,1.0,1.0,1.0,1.0,1.0,1.0,1.0,1.0,3.0,1.0,1.0,3.0,2.0,2.0,2.0,5.0,-20.80157324031526,2.0,2.0,4.0,3.0,1.0,2.0,2.0,2.0,2.0,1.0,1.0,2.0,2.0,2.0,1.0,1.0,1.0,1.0,1.0,2.0,1.0,4.0,1.0,1.0,1.0,1.0,2.0,1.0,1.0,1.0,5.0,5.0,1.0,4.0,3.0,2.0,2.0,1.0,5.0,1.0,3.0,4.0,2.0,1.0,3.0,3.0,4.0,3.0,3.0,1.0,1.0,2.0,1.0,3.0,2.0,4.0,2.0,1.0,4.0,2.0,1.0,2.0,3.0,3.0,3.0,3.0,2.0,1.0,4.0,5.0,1.0,1.0,5.0,4.0,2.0,1.0,1.0,1.0,6.0,10.0,1.0,5.0,5.0,1.0,7.0,2.0,1.0,10.0,4.0,3.0,3.0,1.0,7.0,1.0,11.0,1.0,2.0,2.0,1.0,3.0,2.0,1.0,1.0,5.0,8.0,1.0,7.0,3.0,1.0,2.0,2.0,1.0,2.0,1.0,1.0,1.0,1.0,2.0,7.0,6.0,1.0,2.0,-12.02274586832829,1.0,1.0,1.0,5.0,1.0,1.0,2.0,5.0,1.0,2.0,7.0,6.0,6.0,1.0,2.0,9.0,3.0,6.0,1.0,6.0,4.0,9.0,1.0,1.0,1.0,2.0,10.0,6.0,2.0,2.0,5.0,5.0,1.0,10.0,1.0,2.0,4.0,5.0,13.0,1.0,1.0,1.0,1.0,4.0,4.0,3.0,1.0,2.0,1.0,1.0,1.0,2.0,4.0,4.0,5.0,11.0,1.0,1.0,1.0,1.0,5.0,2.0,7.0,1.0,1.0,2.0,1.0,1.0,1.0,3.0,3.0,2.0,2.0,3.0,5.0,1.0,2.0,1.0,-2.0,1.0,1.0,7.0,-3.0,-3.0,-3.0,-3.0,1.0,0.0,4.0,-2.0,5.0,-6.0,-6.0,-6.0,-6.0,-2.0,-1.0,-1.0,-6.0,-6.0,-6.0,-6.0,-3.0,-2.0,-1.0,-1.0,-3.0,-3.0,-3.0,-3.0,-2.0,-1.0,-1.0,2.0,-1.0,-6.0,-6.0,-6.0,-6.0,-6.0,-6.0,-6.0,1.0,1.0,-3.0,-3.0,7.0,2.0,-5.0,-5.0,-5.0,-5.0,1.0,-2.0,-2.0,2.0,1.0,-5.0,-6.0,-5.0,-5.0,2.0,1.0,1.0,1.0,-6.0,-6.0,-6.0,-6.0,-1.0,1.0,-2.0,-2.0,1.0,2.0,-13.0,-13.0,-1.0,-1.0,-2.0,2.0,1.0,-5.0,-5.0,-5.0,-5.0,-5.0,-5.0,1.0,1.0,-5.0,-5.0,-5.0,-5.0,-5.0,0.0,-3.0,-12.0,-12.0,1.0,5.0,-7.0,-7.0,-7.0,-7.0,1.0,7.0,1.0,1.0,1.0,2.0,11.0,1.0,4.0,1.0,3.0,6.0,1.0,2.0,3.0,15.0,3.0,2.0,3.0,4.0,1.0,6.0,6.0,4.0,2.0,1.0,1.0,1.0,1.0,1.0,1.0,3.0,7.0,1.0,3.0,1.0,1.0,1.0,3.0,2.0,1.0,2.0,2.0,1.0,1.0,3.0,3.0,3.0,1.0,1.0,2.0,3.0,3.0,3.0,1.0,1.0,1.0,3.0,4.0,4.0,2.0,3.0,1.0,1.0,1.0,1.0,1.0,1.0,2.0,3.0,4.0,4.0,2.0,6.0,3.0,1.0,1.0,1.0,1.0,1.0,1.0,2.0,3.0,1.0,13.0,3.0,1.0,1.0,6.0,1.0,1.0,1.0,4.0,1.0,1.0,2.0,2.0,4.0,3.0,3.0,1.0,1.0,1.0,1.0,2.0,2.0,3.0,3.0,1.0,1.0,2.0,2.0,1.0,2.0,6.0,6.0,2.0,3.0,2.0,2.0,1.0,1.0,2.0,2.0,6.0,6.0,2.0,3.0,2.0,2.0,1.0,1.0,21.0,3.0,4.0,1.0,2.0,2.0,8.0,1.0,7.0,2.0,1.0,2.0,3.0,4.0,4.0,1.0,16.0,1.0,6.0,3.0,1.0,1.0,2.0,10.0,1.0,10.0,3.0,3.0,2.0,1.0,4.0,3.0,1.0,2.0,1.0,1.0,4.0,1.0,3.0,1.0,2.0,2.0,1.0,1.0,1.0,1.0,3.0,1.0,1.0,2.0,1.0,1.0,1.0,1.0,1.0,0.29786125122586,1.0,1.0,1.0,1.0,1.0,4.0,3.0,1.0,1.0,1.0,1.0,1.0,1.0,2.0,2.0,1.0,4.0,1.0,4.0,1.0,1.0,2.0,1.0,1.0,3.0,2.0,2.0,2.0,2.0,1.0,1.0,6.0,24.0,4.0,1.0,3.0,2.0,1.0,1.0,16.0,35.0,3.0,1.0,1.0,1.0,1.0,1.0,1.0,3.0,5.0,1.0,1.0,2.0,7.0,5.0,5.0,2.0,3.0,1.0,1.0,1.0,8.0,1.0,5.0,3.0,2.0,9.0,6.0,1.0,4.0,13.0,1.0,7.0,7.0,1.0,1.0,1.0,1.0,1.0,4.0,6.0,3.0,2.0,1.0,8.0,6.0,1.0,1.0,1.0,2.0,3.0,1.0,2.0,8.0,1.0,2.0,9.0,2.0,1.0,1.0,1.0,1.0,1.0,4.0,1.0,1.0,4.0,5.0,1.0,1.0,2.0,3.0,2.0,1.0,2.0,5.0,6.0,4.0,6.0,8.0,11.0,7.0,6.0,1.0,1.0,1.0,4.0,1.0,3.0,4.0,5.0,12.0,5.0,2.0,2.0,1.0,4.0,2.0,1.0,1.0,1.0,3.0,4.0,3.0,2.0,2.0,3.0,5.0,1.0,7.0,5.0,2.0,2.0,3.0,1.0,1.0,1.0,1.0,2.0,1.0,2.0,1.0,1.0,12.0,10.0,8.0,6.0,5.0,1.0,1.0,1.0,3.0,1.0,1.0,1.0,3.0,4.0,1.0,2.0,1.0,1.0,1.0,2.0,1.0,1.0,8.0,1.0,1.0,2.0,2.0,5.0,2.0,2.0,1.0,1.0,3.0,2.0,3.0,1.0,6.0,6.0,1.0,1.0,6.0,1.0,6.0,9.0,3.0,13.0,10.0,1.0,1.0,11.0,1.0,1.0,3.0,8.0,9.0,2.0,1.0,2.0,3.0,-11.27402785368881,3.0,1.0,1.0,1.0,5.0,5.0,2.0,1.0,2.0,2.0,1.0,1.0,5.0,1.0,1.0,1.0,1.0,3.0,2.0,1.0,2.0,1.0,3.0,4.0,1.0,2.0,1.0,2.0,1.0,2.0,2.0,1.0,1.0,2.0,2.0,1.0,1.0,1.0,1.0,1.0,1.0,2.0,1.0,8.0,2.0,1.0,5.0,6.0,2.0,1.0,1.0,1.0,6.0,2.0,3.0,4.0,3.0,1.0,1.0,2.0,2.0,1.0,1.0,11.0,1.0,1.0,2.0,4.0,5.0,3.0,1.0,4.0,1.0,14.0,4.0,7.0,1.0,1.0,2.0,1.0,1.0,1.92572291035908,1.0,1.0,1.0,3.0,1.0,9.0,2.0,2.0,1.0,1.0,7.0,1.0,8.0,1.0,1.0,1.0,1.0,2.0,1.0,1.0,1.0,1.0,2.0,1.0,1.0,1.0,1.0,1.0,1.0,4.0,4.0,3.0,2.0,1.0,1.0,1.0,1.0,3.0,1.0,1.0,1.0,1.0,1.0,1.0,1.0,1.0,2.0,1.0,3.0,3.0,1.0,1.0,3.0,5.0,9.0,7.0,2.0,2.0,1.0,1.0,1.0,2.0,3.0,1.0,1.0,2.0,3.0,1.0,1.0,2.0,2.0,1.0,1.0,1.0,1.0,2.0,1.0,1.0,-1.0,-1.0,-2.0,-4.0,-12.0,-7.0,-6.0,-6.0,-9.0,-11.0,-2.0,-8.0,-10.0,-6.0,-11.0,-6.50984180533249,-1.0,-4.0,-1.0,-10.0,-11.0,-3.0,-8.0,-12.0,-10.0,-1.0,-1.0,-1.0,-1.0,-7.0,-7.0,-13.0,-7.0,2.0,1.0,1.0,1.0,2.0,1.0,1.0,5.0,1.0,2.0,1.0,1.0,3.0,1.0,3.0,1.0,1.0,1.0,1.0,1.0,1.0,1.0,1.0,4.0,1.0,1.0,2.0,1.0,1.0,3.0,1.0,1.0,2.0,1.0,1.0,2.0,3.0,1.0,2.0,1.0,1.0,1.0,1.0,1.0,1.0,2.0,1.0,2.0,1.0,2.0,5.0,6.0,1.0,2.0,1.0,1.0,3.0,1.0,1.0,2.0,3.0,3.0,1.0,1.0,2.0,5.0,5.0,1.0,1.0,4.0,3.0,2.0,1.0,1.0,-1.0,1.0,2.0,-3.0,1.0,1.0,-4.0,-4.0,-3.0,2.0,-1.0,-1.0,-1.0,-2.0,2.0,10.0,1.0,1.0,1.0,2.0,3.0,4.0,1.0,2.0,1.0,17.0,1.0,1.0,1.0,1.0,2.0,1.0,1.0,1.0,4.0,4.0,1.0,3.0,1.0,1.0,2.0,1.0,1.0,1.0,2.0,2.0,1.0,1.0,1.0,1.0,2.0,3.0,18.94840458248437,1.0,1.0,3.0,1.0,1.0,1.0,2.0,3.0,1.0,1.0,2.0,4.0,2.0,1.0,1.0,1.0,1.0,2.0,3.0,1.0,4.0,1.0,1.0,1.0,4.0,4.0,1.0,1.0,2.0,2.0,2.0,2.0,1.0,2.0,1.0,2.0,3.0,1.0,6.0,11.0,8.0,5.0,4.0,5.0,3.0,2.0,1.0,1.0,1.0,1.0,1.0,2.0,2.0,3.0,2.0,3.0,1.0,1.0,1.0,1.0,1.0,1.0,3.0,2.0,5.0,1.0,2.0,2.0,1.0,5.0,1.0,5.0,1.0,2.0,5.0,3.0,2.0,1.0,15.11250881122309,1.0,2.0,3.0,1.0,1.0,1.0,3.0,3.0,2.0,4.0,1.0,1.0,1.0,1.0,1.0,1.0,1.0,1.0,1.0,1.0,1.0,3.0,5.0,1.0,1.0,1.0,2.0,2.0,1.0,1.0,5.0,1.0,1.0,5.0,1.0,1.0,-7.0,-7.0,1.0,-1.0,-4.0,-2.0,-1.0,-2.0,-1.0,1.0,-1.0,-3.0,-5.0,0.0,-3.0,-1.0,-2.0,-4.0,1.0,-1.0,1.0,-1.0,-1.0,1.0,-1.0,-1.0,2.0,-2.0,-3.0,2.0,-2.0,-1.0,1.0,-1.0,-1.0,-2.0,1.0,-2.0,-1.0,2.0,-1.0,-1.0,-1.0,-1.0,-2.0,2.0,-2.0,-2.0,0.0,-1.0,-1.0,-1.0,-1.0,-1.0,1.0,1.0,1.0,7.0,1.0,1.0,1.0,1.0,1.0,2.0,1.0,1.0,12.0,1.0,1.0,1.0,1.0,1.0,1.0,2.0,1.0,1.0,1.0,1.0,2.0,4.0,3.0,1.0,1.0,3.0,1.0,1.0,1.0,1.0,2.0,1.0,1.0,1.0,1.0,1.0,2.0,1.0,1.0,3.0,7.0,2.0,1.0,1.0,1.0,1.0,1.0,1.0,1.0,1.0,1.0,1.0,1.0,1.0,6.0,1.0,1.0,1.0,1.0,1.0,1.0,1.0,1.0,1.0,1.0,1.0,1.0,1.0,1.0,1.0,1.0,4.0,1.0,1.0,1.0,1.0,1.0,1.0,1.0,1.0,1.0,1.0,1.0,1.0,1.0,1.0,1.0,1.0,1.0,1.0,1.0,-1.0,-1.0,1.0,1.0,2.0,-2.0,-2.0,-2.0,-2.0,-2.0,1.0,1.0,-3.56110793196185,-3.0,-3.0,-3.0,1.0,-5.0,-5.0,-5.0,1.0,1.0,1.0,1.0,2.0,1.0,1.0,-1.0,-1.0,-1.0,-1.0,-1.0,-1.0,4.0,4.0,1.0,1.0,3.0,1.0,1.0,1.0,1.0,1.0,3.0,3.0,2.0,1.0,1.0,1.0,1.0,1.0,2.0,1.0,1.0,2.0,2.0,1.0,1.0,1.0,1.0,1.0,3.0,3.0,3.0,1.0,1.0,2.0,1.0,1.0,2.0,2.0,2.0,1.0,1.0,1.0,2.0,1.0,1.0,1.0,1.0,3.0,1.0,1.0,1.0,1.0,4.0,2.0,5.0,1.0,2.0,1.0,1.0,1.0,1.0,3.0,1.0,2.0,3.0,2.0,1.0,1.0,1.0,2.0,10.58690883109722,2.0,2.0,1.0,6.0,3.0,6.0,1.0,1.0,1.0,3.0,1.0,4.0,5.0,1.0,1.0,1.0,1.0,1.0,17.0,1.0,2.0,12.0,1.0,2.0,3.0,8.0,13.0,5.0,2.0,1.0,2.0,6.0,4.0,4.0,2.0,1.0,3.0,2.0,1.0,1.0,1.0,3.0,1.0,1.0,1.0,3.0,1.0,1.0,1.0,3.0,1.0,1.0,1.0,2.0,3.0,7.0,4.0,3.0,-0.31044766992144,2.0,2.0,2.0,1.0,1.0,1.0,1.0,1.0,1.0,1.0,1.0,1.0,1.0,1.0,1.0,1.0,1.0,1.0,1.0,1.0,1.0,1.0,1.0,1.0,1.0,1.0,1.0,1.0,3.0,1.0,1.0,2.0,2.0,2.0,2.0,3.0,1.0,1.0,1.0,2.0,1.0,4.0,3.0,1.0,1.0,1.0,2.0,1.0,7.39298284432326,1.0,5.0,3.0,2.0,1.0,1.0,1.0,1.0,1.0,1.0,1.0,1.0,1.0,3.0,4.0,3.0,1.0,1.0,1.0,1.0,1.0,1.0,1.0,1.0,1.0,1.0,1.0,1.0,2.0,1.0,1.0,1.0,1.0,1.0,1.0,1.0,1.0,1.0,1.0,1.0,2.0,1.0,1.0,1.0,1.0,1.0,1.0,1.0,1.0,1.0,1.0,1.0,1.0,1.0,3.0,8.0,2.0,1.0,2.0,1.0,1.0,4.0,1.0,1.0,1.0,1.0,1.0,1.0,1.0,7.0,5.0,2.0,3.0,1.0,1.0,2.0,1.0,1.0,1.0,1.0,1.0,1.0,2.0,3.0,1.0,2.0,2.0,2.0,1.0,3.0,1.0,1.0,1.0,1.0,3.0,2.0,3.0,3.0,1.0,1.0,2.0,2.0,2.0,3.0,2.0,1.0,3.0,1.0,2.0,2.0,2.0,2.0,2.0,2.0,1.0,1.0,1.0,1.0,1.0,1.0,1.0,1.0,1.0,2.0,1.0,1.0,1.0,3.0,1.0,1.0,1.0,1.0,1.0,1.0,1.0,2.0,1.0,6.0,1.0,5.0,1.0,4.0,1.0,8.0,1.0,3.0,3.0,4.0,1.0,2.0,2.0,1.0,1.0,3.0,2.0,3.0,1.0,2.0,1.0,1.0,2.0,1.0,1.0,4.0,6.0,1.0,1.0,1.0,2.0,2.0,1.0,1.0,3.0,5.0,4.0,1.0,1.0,5.0,1.0,1.0,2.0,1.0,1.0,1.0,4.0,2.0,1.0,4.0,2.0,6.0,1.0,1.0,1.0,1.0,6.0,4.0,1.0,1.0,3.0,3.0,-1.3686525685699,9.0,2.0,3.0,3.0,3.0,3.0,1.0,1.0,5.0,5.0,5.0,5.0,1.0,7.0,10.0,2.0,1.0,4.0,5.0,5.0,5.0,5.0,2.0,1.0,3.0,5.0,4.0,2.0,2.0,1.0,1.0,2.0,3.0,1.0,1.0,3.0,11.0,5.0,5.0,5.0,5.0,5.0,5.0,5.0,5.0,13.0,3.0,2.0,2.0,3.0,11.0,5.0,5.0,5.0,5.0,1.0,1.0,2.0,18.0,11.0,2.0,1.0,3.0,3.0,5.0,5.0,5.0,5.0,5.0,5.0,2.0,1.0,3.0,1.0,1.0,21.0,1.0,2.0,3.0,6.0,6.0,6.0,6.0,2.0,5.0,3.0,2.0,5.0,13.0,2.0,5.0,5.0,5.0,5.0,6.0,2.0,24.0,2.0,1.0,2.0,5.0,5.0,5.0,5.0,1.0,2.0,4.0,3.0,12.0,1.0,9.0,4.0,4.0,4.0,4.0,4.0,4.0,4.0,1.0,10.0,4.0,1.0,21.0,1.0,2.0,1.0,1.0,1.0,4.0,3.0,5.0,6.0,6.0,6.0,6.0,6.0,1.0,1.0,3.0,15.0,1.0,1.0,1.0,1.0,7.0,4.0,1.0,10.0,5.0,5.0,5.0,5.0,1.0,1.0,4.0,2.0,1.0,1.0,2.0,2.0,9.0,2.0,1.0,1.0,3.0,1.0,4.0,3.0,1.0,1.0,1.0,1.0,1.0,2.0,1.0,1.0,9.0,1.0,1.0,1.0,2.0,5.0,5.0,5.0,5.0,2.0,1.0,7.0,1.0,2.0,5.0,5.0,5.0,5.0,5.0,5.0,5.0,3.0,1.0,1.0,20.0,1.0,1.0,1.0,4.0,1.0,1.0,2.0,1.0,9.0,3.0,4.0,4.0,4.0,4.0,4.0,4.0,4.0,4.0,1.0,1.0,37.0,1.0,1.0,1.0,6.0,6.0,6.0,6.0,6.0,6.0,1.0,1.0,1.0,1.0,6.0,16.0,1.0,5.0,5.0,5.0,5.0,1.0,27.0,1.0,1.0,1.0,7.0,6.0,6.0,6.0,6.0,1.0,2.0,1.0,30.0,1.0,1.0,1.0,1.0,8.0,6.0,6.0,6.0,6.0,13.32796194626393,2.0,2.0,2.0,2.0,5.0,5.0,7.0,3.0,30.0,3.0,10.0,6.0,1.0,10.0,5.0,5.0,5.0,5.0,5.0,5.0,5.0,4.0,1.0,6.0,8.0,1.0,2.0,3.0,4.0,4.0,5.0,6.0,6.0,6.0,6.0,-5.0,-5.0,-5.0,-5.0,-5.0,-5.0,-5.0,-5.0,-5.0,-5.0,1.0
1.0,1.0,1.0,2.0,1.0,2.0,4.0,7.0,1.0,2.0,1.0,5.0,1.0,1.0,1.0,1.0,3.0,1.0,2.0,1.0,1.0,1.0,1.0,1.0,1.0,1.0,5.0,2.0,1.0,3.0,1.0,1.0,5.0,1.0,1.0,2.0,1.0,1.0,1.0,2.0,3.0,1.0,1.0,1.0,1.0,1.0,1.0,1.0,1.0,1.0,1.0,1.0,5.0,3.0,2.0,1.0,1.0,2.0,1.0,1.0,1.0,1.0,1.0,1.0,1.0,1.0,2.0,1.0,5.0,1.0,2.0,1.0,1.0,2.0,1.0,1.0,1.0,1.0,2.0,1.0,7.0,4.0,1.0,2.0,1.0,2.0,12.0,5.0,1.0,15.0,1.0,2.0,2.0,2.0,1.0,1.0,8.0,1.0,4.0,1.0,1.0,16.0,3.0,3.0,1.0,2.0,1.0,1.0,6.0,7.0,1.0,2.0,3.0,2.0,2.0,3.0,2.0,1.0,5.0,1.0,3.0,2.0,2.0,1.0,1.0,1.0,10.0,10.0,1.0,3.0,2.0,1.0,2.0,5.0,2.0,1.0,3.0,1.0,1.0,1.0,1.0,1.0,1.0,1.0,7.0,1.0,1.0,13.0,1.0,1.0,1.0,10.0,2.0,1.0,3.0,1.0,1.0,2.0,3.0,1.0,1.0,1.0,1.0,1.0,1.0,1.0,2.0,1.0,14.0,1.0,1.0,1.0,2.0,2.0,1.0,3.0,2.0,1.0,1.0,1.0,2.0,5.0,1.0,1.0,1.0,4.0,1.0,4.0,2.0,14.0,1.0,2.0,2.0,4.0,1.0,1.0,3.0,1.0,1.0,2.0,1.0,1.0,4.0,3.0,17.0,1.0,1.0,1.0,1.0,3.0,1.0,3.0,5.0,1.0,2.0,2.0,2.0,1.0,1.0,1.0,4.0,1.0,2.0,1.0,1.0,1.0,1.0,1.0,1.0,5.0,2.0,2.0,3.0,1.0,1.0,1.0,1.0,2.0,1.0,1.0,1.0,1.0,1.0,5.0,2.0,3.0,2.0,2.0,3.0,1.0,2.0,4.0,1.0,2.0,2.0,2.0,1.0,1.0,1.0,1.0,1.0,3.0,2.0,1.0,1.0,13.0,3.0,1.0,1.0,1.0,7.0,4.0,1.0,1.0,1.0,8.0,1.0,1.0,6.0,2.0,1.0,3.0,2.0,8.0,2.0,1.0,1.0,1.0,5.0,1.0,8.0,1.0,4.0,9.0,7.0,1.0,1.0,8.0,1.0,2.0,1.0,1.0,4.0,1.0,1.0,1.0,7.0,4.0,5.0,3.0,1.0,1.0,1.0,2.0,1.0,1.0,1.0,1.0,1.0,1.0,6.0,3.0,2.0,2.0,1.0,1.0,1.0,1.0,1.0,1.0,5.0,1.0,1.0,3.0,1.0,1.0,-0.19794830327839,3.0,1.0,1.0,1.0,2.0,2.0,1.0,1.0,1.0,3.0,4.0,4.0,1.0,1.0,1.0,2.0,1.0,2.0,2.0,2.0,8.0,9.0,3.0,1.0,2.0,1.0,1.0,3.0,2.0,2.0,1.0,5.0,1.0,3.0,3.0,3.0,4.0,1.0,1.0,2.0,2.0,3.0,3.0,1.0,3.0,2.0,1.0,1.0,1.0,1.0,1.0,1.0,1.0,1.0,1.0,1.0,1.0,2.0,10.0,2.0,3.0,3.0,3.0,2.0,1.0,1.0,1.0,1.0,2.0,1.0,15.0,3.0,3.0,3.0,3.0,1.0,1.0,11.0,2.0,2.0,2.0,3.0,1.0,1.0,1.0,1.0,9.0,2.0,2.0,3.0,3.0,1.0,1.0,1.0,2.0,1.0,13.0,2.0,2.0,3.0,3.0,6.0,5.0,2.0,2.0,2.0,2.0,3.0,3.0,4.0,3.0,2.0,2.0,3.0,3.0,4.0,2.0,7.0,3.0,3.0,2.0,2.0,1.0,3.0,7.0,2.0,13.0,6.0,4.0,1.0,1.0,1.0,2.0,1.0,3.0,2.0,10.0,2.0,14.0,1.0,1.0,1.0,9.0,3.0,2.0,1.0,1.0,10.0,2.0,1.0,1.0,1.0,2.0,3.0,7.0,5.0,1.0,1.0,1.0,2.0,6.0,2.0,2.0,4.0,2.0,1.0,1.0,1.0,3.0,2.0,10.0,3.0,1.0,1.0,1.0,5.0,3.0,5.0,1.0,3.0,1.0,1.0,2.0,2.0,3.0,2.0,1.0,2.0,1.0,1.0,1.0,2.0,1.0,1.0,1.0,1.0,5.0,1.0,2.0,1.0,1.0,1.0,1.0,1.0,4.0,1.0,1.0,14.0,1.0,4.0,1.0,13.0,11.0,2.0,2.0,1.0,5.0,1.0,11.0,1.0,1.0,1.0,1.0,1.0,4.0,1.0,1.0,1.0,1.0,3.0,1.0,3.0,1.0,5.0,9.0,1.0,1.0,1.0,1.0,4.0,1.0,6.0,13.0,1.0,3.0,3.0,4.0,1.0,3.0,1.0,4.0,1.0,14.0,9.0,12.0,7.0,1.0,1.0,1.0,2.0,4.0,4.0,6.0,10.0,8.0,21.0,4.0,4.0,3.0,2.0,4.0,1.0,2.0,12.0,11.0,1.0,3.0,4.0,1.0,1.0,1.0,1.0,3.0,6.0,7.0,2.0,5.0,3.0,3.0,8.0,10.0,2.0,19.0,8.0,5.0,1.0,3.0,2.0,6.0,-4.04564786099211,2.0,1.0,2.0,3.0,8.0,9.0,6.0,6.0,1.0,1.0,2.0,2.0,2.0,8.0,4.0,5.0,8.0,7.0,13.0,3.0,9.0,2.0,1.0,3.0,5.0,1.0,3.0,1.0,1.0,7.0,8.0,1.0,2.0,1.0,1.0,6.0,1.0,1.0,1.0,5.0,15.0,1.0,2.0,7.0,5.0,4.0,5.0,4.0,16.0,6.0,4.0,2.0,1.0,1.0,1.0,1.0,1.0,1.0,2.0,1.0,7.0,7.0,4.0,1.0,2.0,1.0,2.0,1.0,1.0,1.0,1.0,2.0,2.0,1.0,1.0,1.0,1.0,1.0,1.0,1.0,1.0,1.0,1.0,1.0,2.0,2.0,4.0,1.0,1.0,1.0,2.0,7.0,1.0,1.0,1.0,1.0,1.0,1.0,1.0,2.0,3.0,6.0,7.0,4.0,1.0,3.0,1.0,1.0,1.0,1.0,1.0,1.0,1.0,1.0,1.0,2.0,1.0,1.0,2.0,1.0,1.0,1.0,2.0,1.0,1.0,1.0,1.0,1.0,2.0,2.0,3.0,6.0,1.0,1.0,2.0,1.0,1.0,2.0,1.0,1.0,13.0,19.0,2.0,1.0,1.0,4.0,1.0,1.0,1.0,1.0,1.0,1.0,1.0,1.0,1.0,1.0,1.0,2.0,1.0,1.0,1.0,16.0,15.0,1.0,2.0,2.0,2.0,1.0,1.0,1.0,2.0,1.0,1.0,1.0,1.0,1.0,2.0,1.0,1.0,3.0,1.0,1.0,1.0,2.0,1.0,1.0,12.0,7.0,1.0,5.0,1.0,3.0,1.0,1.0,1.0,2.0,3.0,1.0,1.0,6.0,7.0,3.0,5.0,3.0,1.0,1.0,3.0,2.0,1.0,7.0,16.0,1.0,1.0,5.0,3.0,1.0,1.0,3.0,2.0,1.0,6.96952489648403,1.0,2.0,3.0,3.0,1.0,1.0,2.0,1.0,1.0,1.0,2.0,30.0,1.0,4.0,7.0,1.0,1.0,1.0,1.0,1.0,2.0,1.0,2.0,1.0,1.0,1.0,1.0,1.0,1.0,5.0,24.0,4.0,2.0,1.0,1.0,1.0,1.0,1.0,1.0,2.0,2.0,3.0,1.0,2.0,1.0,1.0,1.0,1.0,1.0,1.0,1.0,2.0,1.0,1.0,1.0,1.0,1.0,1.0,1.0,1.0,3.0,1.0,1.0,1.0,3.0,5.0,2.0,3.0,1.0,1.0,2.0,1.0,2.0,1.0,3.0,1.0,2.0,1.0,1.0,2.0,2.0,2.0,1.0,1.0,5.0,2.0,2.0,4.0,1.0,3.0,1.0,4.0,1.0,1.0,2.0,1.0,1.0,4.0,1.0,2.0,1.0,1.0,2.0,4.0,1.0,2.0,2.0,5.0,1.0,1.0,2.0,1.0,1.0,3.0,1.0,1.0,3.0,3.0,5.0,3.0,4.0,1.0,1.0,1.0,2.0,1.0,2.0,1.0,2.0,1.0,1.0,3.0,1.0,1.0,1.0,1.0,2.0,1.0,1.0,1.0,2.0,1.0,1.0,1.0,1.0,1.0,1.0,1.0,1.0,4.0,1.0,1.0,1.0,2.0,1.0,6.0,1.0,1.0,1.0,2.0,2.0,1.0,1.0,1.0,3.8076550310665,2.0,1.0,1.0,2.0,1.0,-1.0,-1.0,-1.0,-1.0,-2.0,1.0,9.0,-1.0,1.0,-1.0,-1.0,-5.0,-4.0,-3.0,-4.0,-5.0,-5.0,1.0,1.0,1.0,6.0,6.0,2.0,1.0,3.0,2.0,1.0,4.0,5.0,1.0,3.0,1.0,1.0,2.0,1.0,5.0,1.0,1.0,10.0,4.0,1.0,1.0,1.0,3.0,7.0,1.0,2.0,8.0,1.0,2.0,1.0,1.0,1.0,2.0,1.0,2.0,9.0,1.0,9.0,1.0,1.0,1.0,3.0,1.0,1.0,4.0,4.0,1.0,2.0,1.0,2.0,1.0,1.0,1.0,2.0,1.0,1.0,2.0,4.0,1.0,1.0,10.0,1.0,1.0,1.0,3.0,1.0,4.0,4.0,9.0,1.0,1.0,5.0,1.0,1.0,1.0,4.0,2.0,5.0,1.0,7.0,1.0,5.0,1.0,1.0,1.0,18.20845275419301,1.0,5.0,4.0,6.0,1.0,-3.0,-1.0,-1.0,-13.71931735451625,-2.0,-2.0,-1.0,-1.0,-1.0,-1.0,-3.0,-1.0,-2.0,-4.0,-1.0,-2.0,-1.0,-1.0,-1.0,5.0,4.0,2.0,7.0,2.0,1.0,2.0,1.0,2.0,1.0,3.0,4.0,4.0,1.0,1.0,2.0,4.0,2.0,11.56553411323772,1.0,5.0,11.27775448851298,8.0,7.0,1.0,4.0,3.0,1.0,1.0,1.0,2.0,1.0,4.0,1.0,1.0,1.0,1.0,2.0,1.0,1.0,3.0,2.0,4.0,7.0,7.0,4.0,1.0,1.0,4.0,1.0,1.0,2.0,1.0,1.0,5.0,1.0,2.0,7.0,4.0,2.0,2.0,1.0,1.0,1.0,2.0,2.0,2.0,1.0,1.0,2.0,6.0,1.0,4.0,2.0,3.0,-10.81276160699843,1.0,8.0,8.0,1.0,1.0,2.0,2.0,1.0,1.0,2.0,2.0,11.0,5.0,2.0,1.0,2.0,2.0,2.0,2.0,2.0,2.0,2.0,2.0,2.0,1.0,1.0,25.0,6.0,5.0,5.0,5.0,5.0,5.0,5.0,3.0,2.0,1.0,1.0,2.0,1.0,1.0,12.0,15.0,4.0,4.0,5.0,4.0,4.0,5.0,2.0,1.0,5.0,1.0,1.0,2.0,1.0,16.0,5.0,4.0,5.0,4.0,10.0,2.0,4.0,3.0,3.0,6.0,4.0,4.0,4.0,4.0,4.0,4.0,4.0,4.0,4.0,2.0,4.0,4.0,4.0,4.0,4.0,4.0,1.0,1.0,4.0,4.0,4.0,4.0,4.0,4.0,1.0,1.0,1.0,1.0,1.0,1.0,4.0,4.0,4.0,4.0,4.0,4.0,4.0,4.0,4.0,4.0,1.0,1.0,1.0,1.0,3.0,1.0,1.0,10.0,1.0,1.0,1.0,1.0,1.0,21.0,15.0,1.0,1.0,1.0,1.0,1.0,1.0,5.0,1.0,6.0,2.0,2.0,23.0,14.0,1.0,3.0,3.0,3.0,3.0,3.0,3.0,3.0,3.0,1.0,1.0,1.0,1.0,1.0,6.0,1.0,4.0,10.0,9.0,26.0,7.0,3.0,3.0,4.0,3.0,3.0,3.0,4.0,3.0,1.0,1.0,1.0,1.0,3.0,1.0,1.0,13.0,2.0,2.0,2.0,2.0,2.0,2.0,2.0,1.0,1.0,2.0,2.0,2.0,2.0,2.0,2.0,3.0,2.0,1.0,2.0,2.0,2.0,2.0,2.0,2.0,2.0,1.0,2.0,2.0,2.0,2.0,2.0,2.0,2.0,2.0,2.0,2.0,2.0,1.0,-2.0,1.0,4.0,1.0,-4.0,-4.0,-5.0,-4.0,-4.0,-4.0,-5.0,-4.0,-1.0,1.0,2.0,-1.0,1.0,-4.0,-5.0,-4.0,-4.0,-5.0,-4.0,2.0,1.0,-5.0,-6.0,-5.0,-5.0,-6.0,-5.0,1.0,1.0,1.0,-5.0,-5.0,-5.0,-5.0,-5.0,-5.0,-1.0,1.0,-1.0,-5.0,-5.0,-5.0,-5.0,-5.0,-5.0,-3.0,-4.0,-1.0,-1.0,-3.0,-1.0,0.0,1.0,-9.0,-5.0,-11.00604357555452,-1.0,-2.0,-1.0,-1.0,-2.0,-1.0,-3.0,-2.0,-1.0,-1.0,-1.0,-1.0,-1.0,-3.0,-1.0,-1.0,-1.0,-1.0,-3.0,-2.0,18.45784305872714,-2.0,-1.0,-1.0,-1.0,-2.0,7.0,-4.0,-2.0,-3.0,-3.0,-1.0,-1.0,-1.0,1.0,1.0,0.0,-1.0,-5.0,-7.0,-1.0,-2.0,-1.0,9.0,2.0,13.0,-1.0,-1.0,-1.0,-5.0,-5.0,-2.0,-4.0,1.0,5.0,4.0,2.0,2.0,1.0,2.0,15.0,17.0,4.0,5.0,7.0,13.0,1.0,3.0,1.0,1.0,1.0,12.0,5.0,5.0,1.0,11.0,2.0,4.0,2.0,1.0,15.57346510062307,4.0,2.0,1.0,1.0,2.0,1.0,1.0,2.0,1.0,1.0,2.0,6.0,1.0,1.0,2.0,4.0,3.0,2.0,2.0,3.0,7.0,1.0,1.0,1.0,1.0,1.0,2.0,1.0,1.0,1.0,1.0,1.0,1.0,1.0,1.0,2.0,2.0,1.0,4.0,1.0,1.0,1.0,1.0,3.0,1.0,2.0,6.0,1.0,1.0,1.0,1.0,1.0,1.0,1.0,1.0,1.0,1.0,1.0,1.0,3.0,1.0,1.0,3.0,2.0,2.0,2.0,5.0,-20.80157324031526,2.0,2.0,4.0,3.0,1.0,2.0,2.0,2.0,2.0,1.0,1.0,2.0,2.0,2.0,1.0,1.0,1.0,1.0,1.0,2.0,1.0,4.0,1.0,1.0,1.0,1.0,2.0,1.0,1.0,1.0,5.0,5.0,1.0,4.0,3.0,2.0,2.0,1.0,5.0,1.0,3.0,4.0,2.0,1.0,3.0,3.0,4.0,3.0,3.0,1.0,1.0,2.0,1.0,3.0,2.0,4.0,2.0,1.0,4.0,2.0,1.0,2.0,3.0,3.0,3.0,3.0,2.0,1.0,4.0,5.0,1.0,1.0,5.0,4.0,2.0,1.0,1.0,1.0,6.0,10.0,1.0,5.0,5.0,1.0,7.0,2.0,1.0,10.0,4.0,3.0,3.0,1.0,7.0,1.0,11.0,1.0,2.0,2.0,1.0,3.0,2.0,1.0,1.0,5.0,8.0,1.0,7.0,3.0,1.0,2.0,2.0,1.0,2.0,1.0,1.0,1.0,1.0,2.0,7.0,6.0,1.0,2.0,-12.02274586832829,1.0,1.0,1.0,5.0,1.0,1.0,2.0,5.0,1.0,2.0,7.0,6.0,6.0,1.0,2.0,9.0,3.0,6.0,1.0,6.0,4.0,9.0,1.0,1.0,1.0,2.0,10.0,6.0,2.0,2.0,5.0,5.0,1.0,10.0,1.0,2.0,4.0,5.0,13.0,1.0,1.0,1.0,1.0,4.0,4.0,3.0,1.0,2.0,1.0,1.0,1.0,2.0,4.0,4.0,5.0,11.0,1.0,1.0,1.0,1.0,5.0,2.0,7.0,1.0,1.0,2.0,1.0,1.0,1.0,3.0,3.0,2.0,2.0,3.0,5.0,1.0,2.0,1.0,-2.0,1.0,1.0,7.0,-3.0,-3.0,-3.0,-3.0,1.0,0.0,4.0,-2.0,5.0,-6.0,-6.0,-6.0,-6.0,-2.0,-1.0,-1.0,-6.0,-6.0,-6.0,-6.0,-3.0,-2.0,-1.0,-1.0,-3.0,-3.0,-3.0,-3.0,-2.0,-1.0,-1.0,2.0,-1.0,-6.0,-6.0,-6.0,-6.0,-6.0,-6.0,-6.0,1.0,1.0,-3.0,-3.0,7.0,2.0,-5.0,-5.0,-5.0,-5.0,1.0,-2.0,-2.0,2.0,1.0,-5.0,-6.0,-5.0,-5.0,2.0,1.0,1.0,1.0,-6.0,-6.0,-6.0,-6.0,-1.0,1.0,-2.0,-2.0,1.0,2.0,-13.0,-13.0,-1.0,-1.0,-2.0,2.0,1.0,-5.0,-5.0,-5.0,-5.0,-5.0,-5.0,1.0,1.0,-5.0,-5.0,-5.0,-5.0,-5.0,0.0,-3.0,-12.0,-12.0,1.0,5.0,-7.0,-7.0,-7.0,-7.0,1.0,7.0,1.0,1.0,1.0,2.0,11.0,1.0,4.0,1.0,3.0,6.0,1.0,2.0,3.0,15.0,3.0,2.0,3.0,4.0,1.0,6.0,6.0,4.0,2.0,1.0,1.0,1.0,1.0,1.0,1.0,3.0,7.0,1.0,3.0,1.0,1.0,1.0,3.0,2.0,1.0,2.0,2.0,1.0,1.0,3.0,3.0,3.0,1.0,1.0,2.0,3.0,3.0,3.0,1.0,1.0,1.0,3.0,4.0,4.0,2.0,3.0,1.0,1.0,1.0,1.0,1.0,1.0,2.0,3.0,4.0,4.0,2.0,6.0,3.0,1.0,1.0,1.0,1.0,1.0,1.0,2.0,3.0,1.0,13.0,3.0,1.0,1.0,6.0,1.0,1.0,1.0,4.0,1.0,1.0,2.0,2.0,4.0,3.0,3.0,1.0,1.0,1.0,1.0,2.0,2.0,3.0,3.0,1.0,1.0,2.0,2.0,1.0,2.0,6.0,6.0,2.0,3.0,2.0,2.0,1.0,1.0,2.0,2.0,6.0,6.0,2.0,3.0,2.0,2.0,1.0,1.0,21.0,3.0,4.0,1.0,2.0,2.0,8.0,1.0,7.0,2.0,1.0,2.0,3.0,4.0,4.0,1.0,16.0,1.0,6.0,3.0,1.0,1.0,2.0,10.0,1.0,10.0,3.0,3.0,2.0,1.0,4.0,3.0,1.0,2.0,1.0,1.0,4.0,1.0,3.0,1.0,2.0,2.0,1.0,1.0,1.0,1.0,3.0,1.0,1.0,2.0,1.0,1.0,1.0,1.0,1.0,0.29786125122586,1.0,1.0,1.0,1.0,1.0,4.0,3.0,1.0,1.0,1.0,1.0,1.0,1.0,2.0,2.0,1.0,4.0,1.0,4.0,1.0,1.0,2.0,1.0,1.0,3.0,2.0,2.0,2.0,2.0,1.0,1.0,6.0,24.0,4.0,1.0,3.0,2.0,1.0,1.0,16.0,35.0,3.0,1.0,1.0,1.0,1.0,1.0,1.0,3.0,5.0,1.0,1.0,2.0,7.0,5.0,5.0,2.0,3.0,1.0,1.0,1.0,8.0,1.0,5.0,3.0,2.0,9.0,6.0,1.0,4.0,13.0,1.0,7.0,7.0,1.0,1.0,1.0,1.0,1.0,4.0,6.0,3.0,2.0,1.0,8.0,6.0,1.0,1.0,1.0,2.0,3.0,1.0,2.0,8.0,1.0,2.0,9.0,2.0,1.0,1.0,1.0,1.0,1.0,4.0,1.0,1.0,4.0,5.0,1.0,1.0,2.0,3.0,2.0,1.0,2.0,5.0,6.0,4.0,6.0,8.0,11.0,7.0,6.0,1.0,1.0,1.0,4.0,1.0,3.0,4.0,5.0,12.0,5.0,2.0,2.0,1.0,4.0,2.0,1.0,1.0,1.0,3.0,4.0,3.0,2.0,2.0,3.0,5.0,1.0,7.0,5.0,2.0,2.0,3.0,1.0,1.0,1.0,1.0,2.0,1.0,2.0,1.0,1.0,12.0,10.0,8.0,6.0,5.0,1.0,1.0,1.0,3.0,1.0,1.0,1.0,3.0,4.0,1.0,2.0,1.0,1.0,1.0,2.0,1.0,1.0,8.0,1.0,1.0,2.0,2.0,5.0,2.0,2.0,1.0,1.0,3.0,2.0,3.0,1.0,6.0,6.0,1.0,1.0,6.0,1.0,6.0,9.0,3.0,13.0,10.0,1.0,1.0,11.0,1.0,1.0,3.0,8.0,9.0,2.0,1.0,2.0,3.0,-11.27402785368881,3.0,1.0,1.0,1.0,5.0,5.0,2.0,1.0,2.0,2.0,1.0,1.0,5.0,1.0,1.0,1.0,1.0,3.0,2.0,1.0,2.0,1.0,3.0,4.0,1.0,2.0,1.0,2.0,1.0,2.0,2.0,1.0,1.0,2.0,2.0,1.0,1.0,1.0,1.0,1.0,1.0,2.0,1.0,8.0,2.0,1.0,5.0,6.0,2.0,1.0,1.0,1.0,6.0,2.0,3.0,4.0,3.0,1.0,1.0,2.0,2.0,1.0,1.0,11.0,1.0,1.0,2.0,4.0,5.0,3.0,1.0,4.0,1.0,14.0,4.0,7.0,1.0,1.0,2.0,1.0,1.0,1.92572291035908,1.0,1.0,1.0,3.0,1.0,9.0,2.0,2.0,1.0,1.0,7.0,1.0,8.0,1.0,1.0,1.0,1.0,2.0,1.0,1.0,1.0,1.0,2.0,1.0,1.0,1.0,1.0,1.0,1.0,4.0,4.0,3.0,2.0,1.0,1.0,1.0,1.0,3.0,1.0,1.0,1.0,1.0,1.0,1.0,1.0,1.0,2.0,1.0,3.0,3.0,1.0,1.0,3.0,5.0,9.0,7.0,2.0,2.0,1.0,1.0,1.0,2.0,3.0,1.0,1.0,2.0,3.0,1.0,1.0,2.0,2.0,1.0,1.0,1.0,1.0,2.0,1.0,1.0,-1.0,-1.0,-2.0,-4.0,-12.0,-7.0,-6.0,-6.0,-9.0,-11.0,-2.0,-8.0,-10.0,-6.0,-11.0,-6.50984180533249,-1.0,-4.0,-1.0,-10.0,-11.0,-3.0,-8.0,-12.0,-10.0,-1.0,-1.0,-1.0,-1.0,-7.0,-7.0,-13.0,-7.0,2.0,1.0,1.0,1.0,2.0,1.0,1.0,5.0,1.0,2.0,1.0,1.0,3.0,1.0,3.0,1.0,1.0,1.0,1.0,1.0,1.0,1.0,1.0,4.0,1.0,1.0,2.0,1.0,1.0,3.0,1.0,1.0,2.0,1.0,1.0,2.0,3.0,1.0,2.0,1.0,1.0,1.0,1.0,1.0,1.0,2.0,1.0,2.0,1.0,2.0,5.0,6.0,1.0,2.0,1.0,1.0,3.0,1.0,1.0,2.0,3.0,3.0,1.0,1.0,2.0,5.0,5.0,1.0,1.0,4.0,3.0,2.0,1.0,1.0,-1.0,1.0,2.0,-3.0,1.0,1.0,-4.0,-4.0,-3.0,2.0,-1.0,-1.0,-1.0,-2.0,2.0,10.0,1.0,1.0,1.0,2.0,3.0,4.0,1.0,2.0,1.0,17.0,1.0,1.0,1.0,1.0,2.0,1.0,1.0,1.0,4.0,4.0,1.0,3.0,1.0,1.0,2.0,1.0,1.0,1.0,2.0,2.0,1.0,1.0,1.0,1.0,2.0,3.0,18.94840458248437,1.0,1.0,3.0,1.0,1.0,1.0,2.0,3.0,1.0,1.0,2.0,4.0,2.0,1.0,1.0,1.0,1.0,2.0,3.0,1.0,4.0,1.0,1.0,1.0,4.0,4.0,1.0,1.0,2.0,2.0,2.0,2.0,1.0,2.0,1.0,2.0,3.0,1.0,6.0,11.0,8.0,5.0,4.0,5.0,3.0,2.0,1.0,1.0,1.0,1.0,1.0,2.0,2.0,3.0,2.0,3.0,1.0,1.0,1.0,1.0,1.0,1.0,3.0,2.0,5.0,1.0,2.0,2.0,1.0,5.0,1.0,5.0,1.0,2.0,5.0,3.0,2.0,1.0,15.11250881122309,1.0,2.0,3.0,1.0,1.0,1.0,3.0,3.0,2.0,4.0,1.0,1.0,1.0,1.0,1.0,1.0,1.0,1.0,1.0,1.0,1.0,3.0,5.0,1.0,1.0,1.0,2.0,2.0,1.0,1.0,5.0,1.0,1.0,5.0,1.0,1.0,-7.0,-7.0,1.0,-1.0,-4.0,-2.0,-1.0,-2.0,-1.0,1.0,-1.0,-3.0,-5.0,0.0,-3.0,-1.0,-2.0,-4.0,1.0,-1.0,1.0,-1.0,-1.0,1.0,-1.0,-1.0,2.0,-2.0,-3.0,2.0,-2.0,-1.0,1.0,-1.0,-1.0,-2.0,1.0,-2.0,-1.0,2.0,-1.0,-1.0,-1.0,-1.0,-2.0,2.0,-2.0,-2.0,0.0,-1.0,-1.0,-1.0,-1.0,-1.0,1.0,1.0,1.0,7.0,1.0,1.0,1.0,1.0,1.0,2.0,1.0,1.0,12.0,1.0,1.0,1.0,1.0,1.0,1.0,2.0,1.0,1.0,1.0,1.0,2.0,4.0,3.0,1.0,1.0,3.0,1.0,1.0,1.0,1.0,2.0,1.0,1.0,1.0,1.0,1.0,2.0,1.0,1.0,3.0,7.0,2.0,1.0,1.0,1.0,1.0,1.0,1.0,1.0,1.0,1.0,1.0,1.0,1.0,6.0,1.0,1.0,1.0,1.0,1.0,1.0,1.0,1.0,1.0,1.0,1.0,1.0,1.0,1.0,1.0,1.0,4.0,1.0,1.0,1.0,1.0,1.0,1.0,1.0,1.0,1.0,1.0,1.0,1.0,1.0,1.0,1.0,1.0,1.0,1.0,1.0,-1.0,-1.0,1.0,1.0,2.0,-2.0,-2.0,-2.0,-2.0,-2.0,1.0,1.0,-3.56110793196185,-3.0,-3.0,-3.0,1.0,-5.0,-5.0,-5.0,1.0,1.0,1.0,1.0,2.0,1.0,1.0,-1.0,-1.0,-1.0,-1.0,-1.0,-1.0,4.0,4.0,1.0,1.0,3.0,1.0,1.0,1.0,1.0,1.0,3.0,3.0,2.0,1.0,1.0,1.0,1.0,1.0,2.0,1.0,1.0,2.0,2.0,1.0,1.0,1.0,1.0,1.0,3.0,3.0,3.0,1.0,1.0,2.0,1.0,1.0,2.0,2.0,2.0,1.0,1.0,1.0,2.0,1.0,1.0,1.0,1.0,3.0,1.0,1.0,1.0,1.0,4.0,2.0,5.0,1.0,2.0,1.0,1.0,1.0,1.0,3.0,1.0,2.0,3.0,2.0,1.0,1.0,1.0,2.0,10.58690883109722,2.0,2.0,1.0,6.0,3.0,6.0,1.0,1.0,1.0,3.0,1.0,4.0,5.0,1.0,1.0,1.0,1.0,1.0,17.0,1.0,2.0,12.0,1.0,2.0,3.0,8.0,13.0,5.0,2.0,1.0,2.0,6.0,4.0,4.0,2.0,1.0,3.0,2.0,1.0,1.0,1.0,3.0,1.0,1.0,1.0,3.0,1.0,1.0,1.0,3.0,1.0,1.0,1.0,2.0,3.0,7.0,4.0,3.0,-0.31044766992144,2.0,2.0,2.0,1.0,1.0,1.0,1.0,1.0,1.0,1.0,1.0,1.0,1.0,1.0,1.0,1.0,1.0,1.0,1.0,1.0,1.0,1.0,1.0,1.0,1.0,1.0,1.0,1.0,3.0,1.0,1.0,2.0,2.0,2.0,2.0,3.0,1.0,1.0,1.0,2.0,1.0,4.0,3.0,1.0,1.0,1.0,2.0,1.0,7.39298284432326,1.0,5.0,3.0,2.0,1.0,1.0,1.0,1.0,1.0,1.0,1.0,1.0,1.0,3.0,4.0,3.0,1.0,1.0,1.0,1.0,1.0,1.0,1.0,1.0,1.0,1.0,1.0,1.0,2.0,1.0,1.0,1.0,1.0,1.0,1.0,1.0,1.0,1.0,1.0,1.0,2.0,1.0,1.0,1.0,1.0,1.0,1.0,1.0,1.0,1.0,1.0,1.0,1.0,1.0,3.0,8.0,2.0,1.0,2.0,1.0,1.0,4.0,1.0,1.0,1.0,1.0,1.0,1.0,1.0,7.0,5.0,2.0,3.0,1.0,1.0,2.0,1.0,1.0,1.0,1.0,1.0,1.0,2.0,3.0,1.0,2.0,2.0,2.0,1.0,3.0,1.0,1.0,1.0,1.0,3.0,2.0,3.0,3.0,1.0,1.0,2.0,2.0,2.0,3.0,2.0,1.0,3.0,1.0,2.0,2.0,2.0,2.0,2.0,2.0,1.0,1.0,1.0,1.0,1.0,1.0,1.0,1.0,1.0,2.0,1.0,1.0,1.0,3.0,1.0,1.0,1.0,1.0,1.0,1.0,1.0,2.0,1.0,6.0,1.0,5.0,1.0,4.0,1.0,8.0,1.0,3.0,3.0,4.0,1.0,2.0,2.0,1.0,1.0,3.0,2.0,3.0,1.0,2.0,1.0,1.0,2.0,1.0,1.0,4.0,6.0,1.0,1.0,1.0,2.0,2.0,1.0,1.0,3.0,5.0,4.0,1.0,1.0,5.0,1.0,1.0,2.0,1.0,1.0,1.0,4.0,2.0,1.0,4.0,2.0,6.0,1.0,1.0,1.0,1.0,6.0,4.0,1.0,1.0,3.0,3.0,-1.3686525685699,9.0,2.0,3.0,3.0,3.0,3.0,1.0,1.0,5.0,5.0,5.0,5.0,1.0,7.0,10.0,2.0,1.0,4.0,5.0,5.0,5.0,5.0,2.0,1.0,3.0,5.0,4.0,2.0,2.0,1.0,1.0,2.0,3.0,1.0,1.0,3.0,11.0,5.0,5.0,5.0,5.0,5.0,5.0,5.0,5.0,13.0,3.0,2.0,2.0,3.0,11.0,5.0,5.0,5.0,5.0,1.0,1.0,2.0,18.0,11.0,2.0,1.0,3.0,3.0,5.0,5.0,5.0,5.0,5.0,5.0,2.0,1.0,3.0,1.0,1.0,21.0,1.0,2.0,3.0,6.0,6.0,6.0,6.0,2.0,5.0,3.0,2.0,5.0,13.0,2.0,5.0,5.0,5.0,5.0,6.0,2.0,24.0,2.0,1.0,2.0,5.0,5.0,5.0,5.0,1.0,2.0,4.0,3.0,12.0,1.0,9.0,4.0,4.0,4.0,4.0,4.0,4.0,4.0,1.0,10.0,4.0,1.0,21.0,1.0,2.0,1.0,1.0,1.0,4.0,3.0,5.0,6.0,6.0,6.0,6.0,6.0,1.0,1.0,3.0,15.0,1.0,1.0,1.0,1.0,7.0,4.0,1.0,10.0,5.0,5.0,5.0,5.0,1.0,1.0,4.0,2.0,1.0,1.0,2.0,2.0,9.0,2.0,1.0,1.0,3.0,1.0,4.0,3.0,1.0,1.0,1.0,1.0,1.0,2.0,1.0,1.0,9.0,1.0,1.0,1.0,2.0,5.0,5.0,5.0,5.0,2.0,1.0,7.0,1.0,2.0,5.0,5.0,5.0,5.0,5.0,5.0,5.0,3.0,1.0,1.0,20.0,1.0,1.0,1.0,4.0,1.0,1.0,2.0,1.0,9.0,3.0,4.0,4.0,4.0,4.0,4.0,4.0,4.0,4.0,1.0,1.0,37.0,1.0,1.0,1.0,6.0,6.0,6.0,6.0,6.0,6.0,1.0,1.0,1.0,1.0,6.0,16.0,1.0,5.0,5.0,5.0,5.0,1.0,27.0,1.0,1.0,1.0,7.0,6.0,6.0,6.0,6.0,1.0,2.0,1.0,30.0,1.0,1.0,1.0,1.0,8.0,6.0,6.0,6.0,6.0,13.32796194626393,2.0,2.0,2.0,2.0,5.0,5.0,7.0,3.0,30.0,3.0,10.0,6.0,1.0,10.0,5.0,5.0,5.0,5.0,5.0,5.0,5.0,4.0,1.0,6.0,8.0,1.0,2.0,3.0,4.0,4.0,5.0,6.0,6.0,6.0,6.0,-5.0,-5.0,-5.0,-5.0,-5.0,-5.0,-5.0,-5.0,-5.0,-5.0,1.0
1.0,1.0,1.0,2.0,1.0,2.0,4.0,7.0,1.0,2.0,1.0,5.0,1.0,1.0,1.0,1.0,3.0,1.0,2.0,1.0,1.0,1.0,1.0,1.0,1.0,1.0,5.0,2.0,1.0,3.0,1.0,1.0,5.0,1.0,1.0,2.0,1.0,1.0,1.0,2.0,3.0,1.0,1.0,1.0,1.0,1.0,1.0,1.0,1.0,1.0,1.0,1.0,5.0,3.0,2.0,1.0,1.0,2.0,1.0,1.0,1.0,1.0,1.0,1.0,1.0,1.0,2.0,1.0,5.0,1.0,2.0,1.0,1.0,2.0,1.0,1.0,1.0,1.0,2.0,1.0,7.0,4.0,1.0,2.0,1.0,2.0,12.0,5.0,1.0,15.0,1.0,2.0,2.0,2.0,1.0,1.0,8.0,1.0,4.0,1.0,1.0,16.0,3.0,3.0,1.0,2.0,1.0,1.0,6.0,7.0,1.0,2.0,3.0,2.0,2.0,3.0,2.0,1.0,5.0,1.0,3.0,2.0,2.0,1.0,1.0,1.0,10.0,10.0,1.0,3.0,2.0,1.0,2.0,5.0,2.0,1.0,3.0,1.0,1.0,1.0,1.0,1.0,1.0,1.0,7.0,1.0,1.0,13.0,1.0,1.0,1.0,10.0,2.0,1.0,3.0,1.0,1.0,2.0,3.0,1.0,1.0,1.0,1.0,1.0,1.0,1.0,2.0,1.0,14.0,1.0,1.0,1.0,2.0,2.0,1.0,3.0,2.0,1.0,1.0,1.0,2.0,5.0,1.0,1.0,1.0,4.0,1.0,4.0,2.0,14.0,1.0,2.0,2.0,4.0,1.0,1.0,3.0,1.0,1.0,2.0,1.0,1.0,4.0,3.0,17.0,1.0,1.0,1.0,1.0,3.0,1.0,3.0,5.0,1.0,2.0,2.0,2.0,1.0,1.0,1.0,4.0,1.0,2.0,1.0,1.0,1.0,1.0,1.0,1.0,5.0,2.0,2.0,3.0,1.0,1.0,1.0,1.0,2.0,1.0,1.0,1.0,1.0,1.0,5.0,2.0,3.0,2.0,2.0,3.0,1.0,2.0,4.0,1.0,2.0,2.0,2.0,1.0,1.0,1.0,1.0,1.0,3.0,2.0,1.0,1.0,13.0,3.0,1.0,1.0,1.0,7.0,4.0,1.0,1.0,1.0,8.0,1.0,1.0,6.0,2.0,1.0,3.0,2.0,8.0,2.0,1.0,1.0,1.0,5.0,1.0,8.0,1.0,4.0,9.0,7.0,1.0,1.0,8.0,1.0,2.0,1.0,1.0,4.0,1.0,1.0,1.0,7.0,4.0,5.0,3.0,1.0,1.0,1.0,2.0,1.0,1.0,1.0,1.0,1.0,1.0,6.0,3.0,2.0,2.0,1.0,1.0,1.0,1.0,1.0,1.0,5.0,1.0,1.0,3.0,1.0,1.0,-0.19794830327839,3.0,1.0,1.0,1.0,2.0,2.0,1.0,1.0,1.0,3.0,4.0,4.0,1.0,1.0,1.0,2.0,1.0,2.0,2.0,2.0,8.0,9.0,3.0,1.0,2.0,1.0,1.0,3.0,2.0,2.0,1.0,5.0,1.0,3.0,3.0,3.0,4.0,1.0,1.0,2.0,2.0,3.0,3.0,1.0,3.0,2.0,1.0,1.0,1.0,1.0,1.0,1.0,1.0,1.0,1.0,1.0,1.0,2.0,10.0,2.0,3.0,3.0,3.0,2.0,1.0,1.0,1.0,1.0,2.0,1.0,15.0,3.0,3.0,3.0,3.0,1.0,1.0,11.0,2.0,2.0,2.0,3.0,1.0,1.0,1.0,1.0,9.0,2.0,2.0,3.0,3.0,1.0,1.0,1.0,2.0,1.0,13.0,2.0,2.0,3.0,3.0,6.0,5.0,2.0,2.0,2.0,2.0,3.0,3.0,4.0,3.0,2.0,2.0,3.0,3.0,4.0,2.0,7.0,3.0,3.0,2.0,2.0,1.0,3.0,7.0,2.0,13.0,6.0,4.0,1.0,1.0,1.0,2.0,1.0,3.0,2.0,10.0,2.0,14.0,1.0,1.0,1.0,9.0,3.0,2.0,1.0,1.0,10.0,2.0,1.0,1.0,1.0,2.0,3.0,7.0,5.0,1.0,1.0,1.0,2.0,6.0,2.0,2.0,4.0,2.0,1.0,1.0,1.0,3.0,2.0,10.0,3.0,1.0,1.0,1.0,5.0,3.0,5.0,1.0,3.0,1.0,1.0,2.0,2.0,3.0,2.0,1.0,2.0,1.0,1.0,1.0,2.0,1.0,1.0,1.0,1.0,5.0,1.0,2.0,1.0,1.0,1.0,1.0,1.0,4.0,1.0,1.0,14.0,1.0,4.0,1.0,13.0,11.0,2.0,2.0,1.0,5.0,1.0,11.0,1.0,1.0,1.0,1.0,1.0,4.0,1.0,1.0,1.0,1.0,3.0,1.0,3.0,1.0,5.0,9.0,1.0,1.0,1.0,1.0,4.0,1.0,6.0,13.0,1.0,3.0,3.0,4.0,1.0,3.0,1.0,4.0,1.0,14.0,9.0,12.0,7.0,1.0,1.0,1.0,2.0,4.0,4.0,6.0,10.0,8.0,21.0,4.0,4.0,3.0,2.0,4.0,1.0,2.0,12.0,11.0,1.0,3.0,4.0,1.0,1.0,1.0,1.0,3.0,6.0,7.0,2.0,5.0,3.0,3.0,8.0,10.0,2.0,19.0,8.0,5.0,1.0,3.0,2.0,6.0,-4.04564786099211,2.0,1.0,2.0,3.0,8.0,9.0,6.0,6.0,1.0,1.0,2.0,2.0,2.0,8.0,4.0,5.0,8.0,7.0,13.0,3.0,9.0,2.0,1.0,3.0,5.0,1.0,3.0,1.0,1.0,7.0,8.0,1.0,2.0,1.0,1.0,6.0,1.0,1.0,1.0,5.0,15.0,1.0,2.0,7.0,5.0,4.0,5.0,4.0,16.0,6.0,4.0,2.0,1.0,1.0,1.0,1.0,1.0,1.0,2.0,1.0,7.0,7.0,4.0,1.0,2.0,1.0,2.0,1.0,1.0,1.0,1.0,2.0,2.0,1.0,1.0,1.0,1.0,1.0,1.0,1.0,1.0,1.0,1.0,1.0,2.0,2.0,4.0,1.0,1.0,1.0,2.0,7.0,1.0,1.0,1.0,1.0,1.0,1.0,1.0,2.0,3.0,6.0,7.0,4.0,1.0,3.0,1.0,1.0,1.0,1.0,1.0,1.0,1.0,1.0,1.0,2.0,1.0,1.0,2.0,1.0,1.0,1.0,2.0,1.0,1.0,1.0,1.0,1.0,2.0,2.0,3.0,6.0,1.0,1.0,2.0,1.0,1.0,2.0,1.0,1.0,13.0,19.0,2.0,1.0,1.0,4.0,1.0,1.0,1.0,1.0,1.0,1.0,1.0,1.0,1.0,1.0,1.0,2.0,1.0,1.0,1.0,16.0,15.0,1.0,2.0,2.0,2.0,1.0,1.0,1.0,2.0,1.0,1.0,1.0,1.0,1.0,2.0,1.0,1.0,3.0,1.0,1.0,1.0,2.0,1.0,1.0,12.0,7.0,1.0,5.0,1.0,3.0,1.0,1.0,1.0,2.0,3.0,1.0,1.0,6.0,7.0,3.0,5.0,3.0,1.0,1.0,3.0,2.0,1.0,7.0,16.0,1.0,1.0,5.0,3.0,1.0,1.0,3.0,2.0,1.0,6.96952489648403,1.0,2.0,3.0,3.0,1.0,1.0,2.0,1.0,1.0,1.0,2.0,30.0,1.0,4.0,7.0,1.0,1.0,1.0,1.0,1.0,2.0,1.0,2.0,1.0,1.0,1.0,1.0,1.0,1.0,5.0,24.0,4.0,2.0,1.0,1.0,1.0,1.0,1.0,1.0,2.0,2.0,3.0,1.0,2.0,1.0,1.0,1.0,1.0,1.0,1.0,1.0,2.0,1.0,1.0,1.0,1.0,1.0,1.0,1.0,1.0,3.0,1.0,1.0,1.0,3.0,5.0,2.0,3.0,1.0,1.0,2.0,1.0,2.0,1.0,3.0,1.0,2.0,1.0,1.0,2.0,2.0,2.0,1.0,1.0,5.0,2.0,2.0,4.0,1.0,3.0,1.0,4.0,1.0,1.0,2.0,1.0,1.0,4.0,1.0,2.0,1.0,1.0,2.0,4.0,1.0,2.0,2.0,5.0,1.0,1.0,2.0,1.0,1.0,3.0,1.0,1.0,3.0,3.0,5.0,3.0,4.0,1.0,1.0,1.0,2.0,1.0,2.0,1.0,2.0,1.0,1.0,3.0,1.0,1.0,1.0,1.0,2.0,1.0,1.0,1.0,2.0,1.0,1.0,1.0,1.0,1.0,1.0,1.0,1.0,4.0,1.0,1.0,1.0,2.0,1.0,6.0,1.0,1.0,1.0,2.0,2.0,1.0,1.0,1.0,3.8076550310665,2.0,1.0,1.0,2.0,1.0,-1.0,-1.0,-1.0,-1.0,-2.0,1.0,9.0,-1.0,1.0,-1.0,-1.0,-5.0,-4.0,-3.0,-4.0,-5.0,-5.0,1.0,1.0,1.0,6.0,6.0,2.0,1.0,3.0,2.0,1.0,4.0,5.0,1.0,3.0,1.0,1.0,2.0,1.0,5.0,1.0,1.0,10.0,4.0,1.0,1.0,1.0,3.0,7.0,1.0,2.0,8.0,1.0,2.0,1.0,1.0,1.0,2.0,1.0,2.0,9.0,1.0,9.0,1.0,1.0,1.0,3.0,1.0,1.0,4.0,4.0,1.0,2.0,1.0,2.0,1.0,1.0,1.0,2.0,1.0,1.0,2.0,4.0,1.0,1.0,10.0,1.0,1.0,1.0,3.0,1.0,4.0,4.0,9.0,1.0,1.0,5.0,1.0,1.0,1.0,4.0,2.0,5.0,1.0,7.0,1.0,5.0,1.0,1.0,1.0,18.20845275419301,1.0,5.0,4.0,6.0,1.0,-3.0,-1.0,-1.0,-13.71931735451625,-2.0,-2.0,-1.0,-1.0,-1.0,-1.0,-3.0,-1.0,-2.0,-4.0,-1.0,-2.0,-1.0,-1.0,-1.0,5.0,4.0,2.0,7.0,2.0,1.0,2.0,1.0,2.0,1.0,3.0,4.0,4.0,1.0,1.0,2.0,4.0,2.0,11.56553411323772,1.0,5.0,11.27775448851298,8.0,7.0,1.0,4.0,3.0,1.0,1.0,1.0,2.0,1.0,4.0,1.0,1.0,1.0,1.0,2.0,1.0,1.0,3.0,2.0,4.0,7.0,7.0,4.0,1.0,1.0,4.0,1.0,1.0,2.0,1.0,1.0,5.0,1.0,2.0,7.0,4.0,2.0,2.0,1.0,1.0,1.0,2.0,2.0,2.0,1.0,1.0,2.0,6.0,1.0,4.0,2.0,3.0,-10.81276160699843,1.0,8.0,8.0,1.0,1.0,2.0,2.0,1.0,1.0,2.0,2.0,11.0,5.0,2.0,1.0,2.0,2.0,2.0,2.0,2.0,2.0,2.0,2.0,2.0,1.0,1.0,25.0,6.0,5.0,5.0,5.0,5.0,5.0,5.0,3.0,2.0,1.0,1.0,2.0,1.0,1.0,12.0,15.0,4.0,4.0,5.0,4.0,4.0,5.0,2.0,1.0,5.0,1.0,1.0,2.0,1.0,16.0,5.0,4.0,5.0,4.0,10.0,2.0,4.0,3.0,3.0,6.0,4.0,4.0,4.0,4.0,4.0,4.0,4.0,4.0,4.0,2.0,4.0,4.0,4.0,4.0,4.0,4.0,1.0,1.0,4.0,4.0,4.0,4.0,4.0,4.0,1.0,1.0,1.0,1.0,1.0,1.0,4.0,4.0,4.0,4.0,4.0,4.0,4.0,4.0,4.0,4.0,1.0,1.0,1.0,1.0,3.0,1.0,1.0,10.0,1.0,1.0,1.0,1.0,1.0,21.0,15.0,1.0,1.0,1.0,1.0,1.0,1.0,5.0,1.0,6.0,2.0,2.0,23.0,14.0,1.0,3.0,3.0,3.0,3.0,3.0,3.0,3.0,3.0,1.0,1.0,1.0,1.0,1.0,6.0,1.0,4.0,10.0,9.0,26.0,7.0,3.0,3.0,4.0,3.0,3.0,3.0,4.0,3.0,1.0,1.0,1.0,1.0,3.0,1.0,1.0,13.0,2.0,2.0,2.0,2.0,2.0,2.0,2.0,1.0,1.0,2.0,2.0,2.0,2.0,2.0,2.0,3.0,2.0,1.0,2.0,2.0,2.0,2.0,2.0,2.0,2.0,1.0,2.0,2.0,2.0,2.0,2.0,2.0,2.0,2.0,2.0,2.0,2.0,1.0,-2.0,1.0,4.0,1.0,-4.0,-4.0,-5.0,-4.0,-4.0,-4.0,-5.0,-4.0,-1.0,1.0,2.0,-1.0,1.0,-4.0,-5.0,-4.0,-4.0,-5.0,-4.0,2.0,1.0,-5.0,-6.0,-5.0,-5.0,-6.0,-5.0,1.0,1.0,1.0,-5.0,-5.0,-5.0,-5.0,-5.0,-5.0,-1.0,1.0,-1.0,-5.0,-5.0,-5.0,-5.0,-5.0,-5.0,-3.0,-4.0,-1.0,-1.0,-3.0,-1.0,0.0,1.0,-9.0,-5.0,-11.00604357555452,-1.0,-2.0,-1.0,-1.0,-2.0,-1.0,-3.0,-2.0,-1.0,-1.0,-1.0,-1.0,-1.0,-3.0,-1.0,-1.0,-1.0,-1.0,-3.0,-2.0,18.45784305872714,-2.0,-1.0,-1.0,-1.0,-2.0,7.0,-4.0,-2.0,-3.0,-3.0,-1.0,-1.0,-1.0,1.0,1.0,0.0,-1.0,-5.0,-7.0,-1.0,-2.0,-1.0,9.0,2.0,13.0,-1.0,-1.0,-1.0,-5.0,-5.0,-2.0,-4.0,1.0,5.0,4.0,2.0,2.0,1.0,2.0,15.0,17.0,4.0,5.0,7.0,13.0,1.0,3.0,1.0,1.0,1.0,12.0,5.0,5.0,1.0,11.0,2.0,4.0,2.0,1.0,15.57346510062307,4.0,2.0,1.0,1.0,2.0,1.0,1.0,2.0,1.0,1.0,2.0,6.0,1.0,1.0,2.0,4.0,3.0,2.0,2.0,3.0,7.0,1.0,1.0,1.0,1.0,1.0,2.0,1.0,1.0,1.0,1.0,1.0,1.0,1.0,1.0,2.0,2.0,1.0,4.0,1.0,1.0,1.0,1.0,3.0,1.0,2.0,6.0,1.0,1.0,1.0,1.0,1.0,1.0,1.0,1.0,1.0,1.0,1.0,1.0,3.0,1.0,1.0,3.0,2.0,2.0,2.0,5.0,-20.80157324031526,2.0,2.0,4.0,3.0,1.0,2.0,2.0,2.0,2.0,1.0,1.0,2.0,2.0,2.0,1.0,1.0,1.0,1.0,1.0,2.0,1.0,4.0,1.0,1.0,1.0,1.0,2.0,1.0,1.0,1.0,5.0,5.0,1.0,4.0,3.0,2.0,2.0,1.0,5.0,1.0,3.0,4.0,2.0,1.0,3.0,3.0,4.0,3.0,3.0,1.0,1.0,2.0,1.0,3.0,2.0,4.0,2.0,1.0,4.0,2.0,1.0,2.0,3.0,3.0,3.0,3.0,2.0,1.0,4.0,5.0,1.0,1.0,5.0,4.0,2.0,1.0,1.0,1.0,6.0,10.0,1.0,5.0,5.0,1.0,7.0,2.0,1.0,10.0,4.0,3.0,3.0,1.0,7.0,1.0,11.0,1.0,2.0,2.0,1.0,3.0,2.0,1.0,1.0,5.0,8.0,1.0,7.0,3.0,1.0,2.0,2.0,1.0,2.0,1.0,1.0,1.0,1.0,2.0,7.0,6.0,1.0,2.0,-12.02274586832829,1.0,1.0,1.0,5.0,1.0,1.0,2.0,5.0,1.0,2.0,7.0,6.0,6.0,1.0,2.0,9.0,3.0,6.0,1.0,6.0,4.0,9.0,1.0,1.0,1.0,2.0,10.0,6.0,2.0,2.0,5.0,5.0,1.0,10.0,1.0,2.0,4.0,5.0,13.0,1.0,1.0,1.0,1.0,4.0,4.0,3.0,1.0,2.0,1.0,1.0,1.0,2.0,4.0,4.0,5.0,11.0,1.0,1.0,1.0,1.0,5.0,2.0,7.0,1.0,1.0,2.0,1.0,1.0,1.0,3.0,3.0,2.0,2.0,3.0,5.0,1.0,2.0,1.0,-2.0,1.0,1.0,7.0,-3.0,-3.0,-3.0,-3.0,1.0,0.0,4.0,-2.0,5.0,-6.0,-6.0,-6.0,-6.0,-2.0,-1.0,-1.0,-6.0,-6.0,-6.0,-6.0,-3.0,-2.0,-1.0,-1.0,-3.0,-3.0,-3.0,-3.0,-2.0,-1.0,-1.0,2.0,-1.0,-6.0,-6.0,-6.0,-6.0,-6.0,-6.0,-6.0,1.0,1.0,-3.0,-3.0,7.0,2.0,-5.0,-5.0,-5.0,-5.0,1.0,-2.0,-2.0,2.0,1.0,-5.0,-6.0,-5.0,-5.0,2.0,1.0,1.0,1.0,-6.0,-6.0,-6.0,-6.0,-1.0,1.0,-2.0,-2.0,1.0,2.0,-13.0,-13.0,-1.0,-1.0,-2.0,2.0,1.0,-5.0,-5.0,-5.0,-5.0,-5.0,-5.0,1.0,1.0,-5.0,-5.0,-5.0,-5.0,-5.0,0.0,-3.0,-12.0,-12.0,1.0,5.0,-7.0,-7.0,-7.0,-7.0,1.0,7.0,1.0,1.0,1.0,2.0,11.0,1.0,4.0,1.0,3.0,6.0,1.0,2.0,3.0,15.0,3.0,2.0,3.0,4.0,1.0,6.0,6.0,4.0,2.0,1.0,1.0,1.0,1.0,1.0,1.0,3.0,7.0,1.0,3.0,1.0,1.0,1.0,3.0,2.0,1.0,2.0,2.0,1.0,1.0,3.0,3.0,3.0,1.0,1.0,2.0,3.0,3.0,3.0,1.0,1.0,1.0,3.0,4.0,4.0,2.0,3.0,1.0,1.0,1.0,1.0,1.0,1.0,2.0,3.0,4.0,4.0,2.0,6.0,3.0,1.0,1.0,1.0,1.0,1.0,1.0,2.0,3.0,1.0,13.0,3.0,1.0,1.0,6.0,1.0,1.0,1.0,4.0,1.0,1.0,2.0,2.0,4.0,3.0,3.0,1.0,1.0,1.0,1.0,2.0,2.0,3.0,3.0,1.0,1.0,2.0,2.0,1.0,2.0,6.0,6.0,2.0,3.0,2.0,2.0,1.0,1.0,2.0,2.0,6.0,6.0,2.0,3.0,2.0,2.0,1.0,1.0,21.0,3.0,4.0,1.0,2.0,2.0,8.0,1.0,7.0,2.0,1.0,2.0,3.0,4.0,4.0,1.0,16.0,1.0,6.0,3.0,1.0,1.0,2.0,10.0,1.0,10.0,3.0,3.0,2.0,1.0,4.0,3.0,1.0,2.0,1.0,1.0,4.0,1.0,3.0,1.0,2.0,2.0,1.0,1.0,1.0,1.0,3.0,1.0,1.0,2.0,1.0,1.0,1.0,1.0,1.0,0.29786125122586,1.0,1.0,1.0,1.0,1.0,4.0,3.0,1.0,1.0,1.0,1.0,1.0,1.0,2.0,2.0,1.0,4.0,1.0,4.0,1.0,1.0,2.0,1.0,1.0,3.0,2.0,2.0,2.0,2.0,1.0,1.0,6.0,24.0,4.0,1.0,3.0,2.0,1.0,1.0,16.0,35.0,3.0,1.0,1.0,1.0,1.0,1.0,1.0,3.0,5.0,1.0,1.0,2.0,7.0,5.0,5.0,2.0,3.0,1.0,1.0,1.0,8.0,1.0,5.0,3.0,2.0,9.0,6.0,1.0,4.0,13.0,1.0,7.0,7.0,1.0,1.0,1.0,1.0,1.0,4.0,6.0,3.0,2.0,1.0,8.0,6.0,1.0,1.0,1.0,2.0,3.0,1.0,2.0,8.0,1.0,2.0,9.0,2.0,1.0,1.0,1.0,1.0,1.0,4.0,1.0,1.0,4.0,5.0,1.0,1.0,2.0,3.0,2.0,1.0,2.0,5.0,6.0,4.0,6.0,8.0,11.0,7.0,6.0,1.0,1.0,1.0,4.0,1.0,3.0,4.0,5.0,12.0,5.0,2.0,2.0,1.0,4.0,2.0,1.0,1.0,1.0,3.0,4.0,3.0,2.0,2.0,3.0,5.0,1.0,7.0,5.0,2.0,2.0,3.0,1.0,1.0,1.0,1.0,2.0,1.0,2.0,1.0,1.0,12.0,10.0,8.0,6.0,5.0,1.0,1.0,1.0,3.0,1.0,1.0,1.0,3.0,4.0,1.0,2.0,1.0,1.0,1.0,2.0,1.0,1.0,8.0,1.0,1.0,2.0,2.0,5.0,2.0,2.0,1.0,1.0,3.0,2.0,3.0,1.0,6.0,6.0,1.0,1.0,6.0,1.0,6.0,9.0,3.0,13.0,10.0,1.0,1.0,11.0,1.0,1.0,3.0,8.0,9.0,2.0,1.0,2.0,3.0,-11.27402785368881,3.0,1.0,1.0,1.0,5.0,5.0,2.0,1.0,2.0,2.0,1.0,1.0,5.0,1.0,1.0,1.0,1.0,3.0,2.0,1.0,2.0,1.0,3.0,4.0,1.0,2.0,1.0,2.0,1.0,2.0,2.0,1.0,1.0,2.0,2.0,1.0,1.0,1.0,1.0,1.0,1.0,2.0,1.0,8.0,2.0,1.0,5.0,6.0,2.0,1.0,1.0,1.0,6.0,2.0,3.0,4.0,3.0,1.0,1.0,2.0,2.0,1.0,1.0,11.0,1.0,1.0,2.0,4.0,5.0,3.0,1.0,4.0,1.0,14.0,4.0,7.0,1.0,1.0,2.0,1.0,1.0,1.92572291035908,1.0,1.0,1.0,3.0,1.0,9.0,2.0,2.0,1.0,1.0,7.0,1.0,8.0,1.0,1.0,1.0,1.0,2.0,1.0,1.0,1.0,1.0,2.0,1.0,1.0,1.0,1.0,1.0,1.0,4.0,4.0,3.0,2.0,1.0,1.0,1.0,1.0,3.0,1.0,1.0,1.0,1.0,1.0,1.0,1.0,1.0,2.0,1.0,3.0,3.0,1.0,1.0,3.0,5.0,9.0,7.0,2.0,2.0,1.0,1.0,1.0,2.0,3.0,1.0,1.0,2.0,3.0,1.0,1.0,2.0,2.0,1.0,1.0,1.0,1.0,2.0,1.0,1.0,-1.0,-1.0,-2.0,-4.0,-12.0,-7.0,-6.0,-6.0,-9.0,-11.0,-2.0,-8.0,-10.0,-6.0,-11.0,-6.50984180533249,-1.0,-4.0,-1.0,-10.0,-11.0,-3.0,-8.0,-12.0,-10.0,-1.0,-1.0,-1.0,-1.0,-7.0,-7.0,-13.0,-7.0,2.0,1.0,1.0,1.0,2.0,1.0,1.0,5.0,1.0,2.0,1.0,1.0,3.0,1.0,3.0,1.0,1.0,1.0,1.0,1.0,1.0,1.0,1.0,4.0,1.0,1.0,2.0,1.0,1.0,3.0,1.0,1.0,2.0,1.0,1.0,2.0,3.0,1.0,2.0,1.0,1.0,1.0,1.0,1.0,1.0,2.0,1.0,2.0,1.0,2.0,5.0,6.0,1.0,2.0,1.0,1.0,3.0,1.0,1.0,2.0,3.0,3.0,1.0,1.0,2.0,5.0,5.0,1.0,1.0,4.0,3.0,2.0,1.0,1.0,-1.0,1.0,2.0,-3.0,1.0,1.0,-4.0,-4.0,-3.0,2.0,-1.0,-1.0,-1.0,-2.0,2.0,10.0,1.0,1.0,1.0,2.0,3.0,4.0,1.0,2.0,1.0,17.0,1.0,1.0,1.0,1.0,2.0,1.0,1.0,1.0,4.0,4.0,1.0,3.0,1.0,1.0,2.0,1.0,1.0,1.0,2.0,2.0,1.0,1.0,1.0,1.0,2.0,3.0,18.94840458248437,1.0,1.0,3.0,1.0,1.0,1.0,2.0,3.0,1.0,1.0,2.0,4.0,2.0,1.0,1.0,1.0,1.0,2.0,3.0,1.0,4.0,1.0,1.0,1.0,4.0,4.0,1.0,1.0,2.0,2.0,2.0,2.0,1.0,2.0,1.0,2.0,3.0,1.0,6.0,11.0,8.0,5.0,4.0,5.0,3.0,2.0,1.0,1.0,1.0,1.0,1.0,2.0,2.0,3.0,2.0,3.0,1.0,1.0,1.0,1.0,1.0,1.0,3.0,2.0,5.0,1.0,2.0,2.0,1.0,5.0,1.0,5.0,1.0,2.0,5.0,3.0,2.0,1.0,15.11250881122309,1.0,2.0,3.0,1.0,1.0,1.0,3.0,3.0,2.0,4.0,1.0,1.0,1.0,1.0,1.0,1.0,1.0,1.0,1.0,1.0,1.0,3.0,5.0,1.0,1.0,1.0,2.0,2.0,1.0,1.0,5.0,1.0,1.0,5.0,1.0,1.0,-7.0,-7.0,1.0,-1.0,-4.0,-2.0,-1.0,-2.0,-1.0,1.0,-1.0,-3.0,-5.0,0.0,-3.0,-1.0,-2.0,-4.0,1.0,-1.0,1.0,-1.0,-1.0,1.0,-1.0,-1.0,2.0,-2.0,-3.0,2.0,-2.0,-1.0,1.0,-1.0,-1.0,-2.0,1.0,-2.0,-1.0,2.0,-1.0,-1.0,-1.0,-1.0,-2.0,2.0,-2.0,-2.0,0.0,-1.0,-1.0,-1.0,-1.0,-1.0,1.0,1.0,1.0,7.0,1.0,1.0,1.0,1.0,1.0,2.0,1.0,1.0,12.0,1.0,1.0,1.0,1.0,1.0,1.0,2.0,1.0,1.0,1.0,1.0,2.0,4.0,3.0,1.0,1.0,3.0,1.0,1.0,1.0,1.0,2.0,1.0,1.0,1.0,1.0,1.0,2.0,1.0,1.0,3.0,7.0,2.0,1.0,1.0,1.0,1.0,1.0,1.0,1.0,1.0,1.0,1.0,1.0,1.0,6.0,1.0,1.0,1.0,1.0,1.0,1.0,1.0,1.0,1.0,1.0,1.0,1.0,1.0,1.0,1.0,1.0,4.0,1.0,1.0,1.0,1.0,1.0,1.0,1.0,1.0,1.0,1.0,1.0,1.0,1.0,1.0,1.0,1.0,1.0,1.0,1.0,-1.0,-1.0,1.0,1.0,2.0,-2.0,-2.0,-2.0,-2.0,-2.0,1.0,1.0,-3.56110793196185,-3.0,-3.0,-3.0,1.0,-5.0,-5.0,-5.0,1.0,1.0,1.0,1.0,2.0,1.0,1.0,-1.0,-1.0,-1.0,-1.0,-1.0,-1.0,4.0,4.0,1.0,1.0,3.0,1.0,1.0,1.0,1.0,1.0,3.0,3.0,2.0,1.0,1.0,1.0,1.0,1.0,2.0,1.0,1.0,2.0,2.0,1.0,1.0,1.0,1.0,1.0,3.0,3.0,3.0,1.0,1.0,2.0,1.0,1.0,2.0,2.0,2.0,1.0,1.0,1.0,2.0,1.0,1.0,1.0,1.0,3.0,1.0,1.0,1.0,1.0,4.0,2.0,5.0,1.0,2.0,1.0,1.0,1.0,1.0,3.0,1.0,2.0,3.0,2.0,1.0,1.0,1.0,2.0,10.58690883109722,2.0,2.0,1.0,6.0,3.0,6.0,1.0,1.0,1.0,3.0,1.0,4.0,5.0,1.0,1.0,1.0,1.0,1.0,17.0,1.0,2.0,12.0,1.0,2.0,3.0,8.0,13.0,5.0,2.0,1.0,2.0,6.0,4.0,4.0,2.0,1.0,3.0,2.0,1.0,1.0,1.0,3.0,1.0,1.0,1.0,3.0,1.0,1.0,1.0,3.0,1.0,1.0,1.0,2.0,3.0,7.0,4.0,3.0,-0.31044766992144,2.0,2.0,2.0,1.0,1.0,1.0,1.0,1.0,1.0,1.0,1.0,1.0,1.0,1.0,1.0,1.0,1.0,1.0,1.0,1.0,1.0,1.0,1.0,1.0,1.0,1.0,1.0,1.0,3.0,1.0,1.0,2.0,2.0,2.0,2.0,3.0,1.0,1.0,1.0,2.0,1.0,4.0,3.0,1.0,1.0,1.0,2.0,1.0,7.39298284432326,1.0,5.0,3.0,2.0,1.0,1.0,1.0,1.0,1.0,1.0,1.0,1.0,1.0,3.0,4.0,3.0,1.0,1.0,1.0,1.0,1.0,1.0,1.0,1.0,1.0,1.0,1.0,1.0,2.0,1.0,1.0,1.0,1.0,1.0,1.0,1.0,1.0,1.0,1.0,1.0,2.0,1.0,1.0,1.0,1.0,1.0,1.0,1.0,1.0,1.0,1.0,1.0,1.0,1.0,3.0,8.0,2.0,1.0,2.0,1.0,1.0,4.0,1.0,1.0,1.0,1.0,1.0,1.0,1.0,7.0,5.0,2.0,3.0,1.0,1.0,2.0,1.0,1.0,1.0,1.0,1.0,1.0,2.0,3.0,1.0,2.0,2.0,2.0,1.0,3.0,1.0,1.0,1.0,1.0,3.0,2.0,3.0,3.0,1.0,1.0,2.0,2.0,2.0,3.0,2.0,1.0,3.0,1.0,2.0,2.0,2.0,2.0,2.0,2.0,1.0,1.0,1.0,1.0,1.0,1.0,1.0,1.0,1.0,2.0,1.0,1.0,1.0,3.0,1.0,1.0,1.0,1.0,1.0,1.0,1.0,2.0,1.0,6.0,1.0,5.0,1.0,4.0,1.0,8.0,1.0,3.0,3.0,4.0,1.0,2.0,2.0,1.0,1.0,3.0,2.0,3.0,1.0,2.0,1.0,1.0,2.0,1.0,1.0,4.0,6.0,1.0,1.0,1.0,2.0,2.0,1.0,1.0,3.0,5.0,4.0,1.0,1.0,5.0,1.0,1.0,2.0,1.0,1.0,1.0,4.0,2.0,1.0,4.0,2.0,6.0,1.0,1.0,1.0,1.0,6.0,4.0,1.0,1.0,3.0,3.0,-1.3686525685699,9.0,2.0,3.0,3.0,3.0,3.0,1.0,1.0,5.0,5.0,5.0,5.0,1.0,7.0,10.0,2.0,1.0,4.0,5.0,5.0,5.0,5.0,2.0,1.0,3.0,5.0,4.0,2.0,2.0,1.0,1.0,2.0,3.0,1.0,1.0,3.0,11.0,5.0,5.0,5.0,5.0,5.0,5.0,5.0,5.0,13.0,3.0,2.0,2.0,3.0,11.0,5.0,5.0,5.0,5.0,1.0,1.0,2.0,18.0,11.0,2.0,1.0,3.0,3.0,5.0,5.0,5.0,5.0,5.0,5.0,2.0,1.0,3.0,1.0,1.0,21.0,1.0,2.0,3.0,6.0,6.0,6.0,6.0,2.0,5.0,3.0,2.0,5.0,13.0,2.0,5.0,5.0,5.0,5.0,6.0,2.0,24.0,2.0,1.0,2.0,5.0,5.0,5.0,5.0,1.0,2.0,4.0,3.0,12.0,1.0,9.0,4.0,4.0,4.0,4.0,4.0,4.0,4.0,1.0,10.0,4.0,1.0,21.0,1.0,2.0,1.0,1.0,1.0,4.0,3.0,5.0,6.0,6.0,6.0,6.0,6.0,1.0,1.0,3.0,15.0,1.0,1.0,1.0,1.0,7.0,4.0,1.0,10.0,5.0,5.0,5.0,5.0,1.0,1.0,4.0,2.0,1.0,1.0,2.0,2.0,9.0,2.0,1.0,1.0,3.0,1.0,4.0,3.0,1.0,1.0,1.0,1.0,1.0,2.0,1.0,1.0,9.0,1.0,1.0,1.0,2.0,5.0,5.0,5.0,5.0,2.0,1.0,7.0,1.0,2.0,5.0,5.0,5.0,5.0,5.0,5.0,5.0,3.0,1.0,1.0,20.0,1.0,1.0,1.0,4.0,1.0,1.0,2.0,1.0,9.0,3.0,4.0,4.0,4.0,4.0,4.0,4.0,4.0,4.0,1.0,1.0,37.0,1.0,1.0,1.0,6.0,6.0,6.0,6.0,6.0,6.0,1.0,1.0,1.0,1.0,6.0,16.0,1.0,5.0,5.0,5.0,5.0,1.0,27.0,1.0,1.0,1.0,7.0,6.0,6.0,6.0,6.0,1.0,2.0,1.0,30.0,1.0,1.0,1.0,1.0,8.0,6.0,6.0,6.0,6.0,13.32796194626393,2.0,2.0,2.0,2.0,5.0,5.0,7.0,3.0,30.0,3.0,10.0,6.0,1.0,10.0,5.0,5.0,5.0,5.0,5.0,5.0,5.0,4.0,1.0,6.0,8.0,1.0,2.0,3.0,4.0,4.0,5.0,6.0,6.0,6.0,6.0,-5.0,-5.0,-5.0,-5.0,-5.0,-5.0,-5.0,-5.0,-5.0,-5.0,1.0
1.0,1.0,1.0,2.0,1.0,2.0,4.0,7.0,1.0,2.0,1.0,5.0,1.0,1.0,1.0,1.0,3.0,1.0,2.0,1.0,1.0,1.0,1.0,1.0,1.0,1.0,5.0,2.0,1.0,3.0,1.0,1.0,5.0,1.0,1.0,2.0,1.0,1.0,1.0,2.0,3.0,1.0,1.0,1.0,1.0,1.0,1.0,1.0,1.0,1.0,1.0,1.0,5.0,3.0,2.0,1.0,1.0,2.0,1.0,1.0,1.0,1.0,1.0,1.0,1.0,1.0,2.0,1.0,5.0,1.0,2.0,1.0,1.0,2.0,1.0,1.0,1.0,1.0,2.0,1.0,7.0,4.0,1.0,2.0,1.0,2.0,12.0,5.0,1.0,15.0,1.0,2.0,2.0,2.0,1.0,1.0,8.0,1.0,4.0,1.0,1.0,16.0,3.0,3.0,1.0,2.0,1.0,1.0,6.0,7.0,1.0,2.0,3.0,2.0,2.0,3.0,2.0,1.0,5.0,1.0,3.0,2.0,2.0,1.0,1.0,1.0,10.0,10.0,1.0,3.0,2.0,1.0,2.0,5.0,2.0,1.0,3.0,1.0,1.0,1.0,1.0,1.0,1.0,1.0,7.0,1.0,1.0,13.0,1.0,1.0,1.0,10.0,2.0,1.0,3.0,1.0,1.0,2.0,3.0,1.0,1.0,1.0,1.0,1.0,1.0,1.0,2.0,1.0,14.0,1.0,1.0,1.0,2.0,2.0,1.0,3.0,2.0,1.0,1.0,1.0,2.0,5.0,1.0,1.0,1.0,4.0,1.0,4.0,2.0,14.0,1.0,2.0,2.0,4.0,1.0,1.0,3.0,1.0,1.0,2.0,1.0,1.0,4.0,3.0,17.0,1.0,1.0,1.0,1.0,3.0,1.0,3.0,5.0,1.0,2.0,2.0,2.0,1.0,1.0,1.0,4.0,1.0,2.0,1.0,1.0,1.0,1.0,1.0,1.0,5.0,2.0,2.0,3.0,1.0,1.0,1.0,1.0,2.0,1.0,1.0,1.0,1.0,1.0,5.0,2.0,3.0,2.0,2.0,3.0,1.0,2.0,4.0,1.0,2.0,2.0,2.0,1.0,1.0,1.0,1.0,1.0,3.0,2.0,1.0,1.0,13.0,3.0,1.0,1.0,1.0,7.0,4.0,1.0,1.0,1.0,8.0,1.0,1.0,6.0,2.0,1.0,3.0,2.0,8.0,2.0,1.0,1.0,1.0,5.0,1.0,8.0,1.0,4.0,9.0,7.0,1.0,1.0,8.0,1.0,2.0,1.0,1.0,4.0,1.0,1.0,1.0,7.0,4.0,5.0,3.0,1.0,1.0,1.0,2.0,1.0,1.0,1.0,1.0,1.0,1.0,6.0,3.0,2.0,2.0,1.0,1.0,1.0,1.0,1.0,1.0,5.0,1.0,1.0,3.0,1.0,1.0,-0.19794830327839,3.0,1.0,1.0,1.0,2.0,2.0,1.0,1.0,1.0,3.0,4.0,4.0,1.0,1.0,1.0,2.0,1.0,2.0,2.0,2.0,8.0,9.0,3.0,1.0,2.0,1.0,1.0,3.0,2.0,2.0,1.0,5.0,1.0,3.0,3.0,3.0,4.0,1.0,1.0,2.0,2.0,3.0,3.0,1.0,3.0,2.0,1.0,1.0,1.0,1.0,1.0,1.0,1.0,1.0,1.0,1.0,1.0,2.0,10.0,2.0,3.0,3.0,3.0,2.0,1.0,1.0,1.0,1.0,2.0,1.0,15.0,3.0,3.0,3.0,3.0,1.0,1.0,11.0,2.0,2.0,2.0,3.0,1.0,1.0,1.0,1.0,9.0,2.0,2.0,3.0,3.0,1.0,1.0,1.0,2.0,1.0,13.0,2.0,2.0,3.0,3.0,6.0,5.0,2.0,2.0,2.0,2.0,3.0,3.0,4.0,3.0,2.0,2.0,3.0,3.0,4.0,2.0,7.0,3.0,3.0,2.0,2.0,1.0,3.0,7.0,2.0,13.0,6.0,4.0,1.0,1.0,1.0,2.0,1.0,3.0,2.0,10.0,2.0,14.0,1.0,1.0,1.0,9.0,3.0,2.0,1.0,1.0,10.0,2.0,1.0,1.0,1.0,2.0,3.0,7.0,5.0,1.0,1.0,1.0,2.0,6.0,2.0,2.0,4.0,2.0,1.0,1.0,1.0,3.0,2.0,10.0,3.0,1.0,1.0,1.0,5.0,3.0,5.0,1.0,3.0,1.0,1.0,2.0,2.0,3.0,2.0,1.0,2.0,1.0,1.0,1.0,2.0,1.0,1.0,1.0,1.0,5.0,1.0,2.0,1.0,1.0,1.0,1.0,1.0,4.0,1.0,1.0,14.0,1.0,4.0,1.0,13.0,11.0,2.0,2.0,1.0,5.0,1.0,11.0,1.0,1.0,1.0,1.0,1.0,4.0,1.0,1.0,1.0,1.0,3.0,1.0,3.0,1.0,5.0,9.0,1.0,1.0,1.0,1.0,4.0,1.0,6.0,13.0,1.0,3.0,3.0,4.0,1.0,3.0,1.0,4.0,1.0,14.0,9.0,12.0,7.0,1.0,1.0,1.0,2.0,4.0,4.0,6.0,10.0,8.0,21.0,4.0,4.0,3.0,2.0,4.0,1.0,2.0,12.0,11.0,1.0,3.0,4.0,1.0,1.0,1.0,1.0,3.0,6.0,7.0,2.0,5.0,3.0,3.0,8.0,10.0,2.0,19.0,8.0,5.0,1.0,3.0,2.0,6.0,-4.04564786099211,2.0,1.0,2.0,3.0,8.0,9.0,6.0,6.0,1.0,1.0,2.0,2.0,2.0,8.0,4.0,5.0,8.0,7.0,13.0,3.0,9.0,2.0,1.0,3.0,5.0,1.0,3.0,1.0,1.0,7.0,8.0,1.0,2.0,1.0,1.0,6.0,1.0,1.0,1.0,5.0,15.0,1.0,2.0,7.0,5.0,4.0,5.0,4.0,16.0,6.0,4.0,2.0,1.0,1.0,1.0,1.0,1.0,1.0,2.0,1.0,7.0,7.0,4.0,1.0,2.0,1.0,2.0,1.0,1.0,1.0,1.0,2.0,2.0,1.0,1.0,1.0,1.0,1.0,1.0,1.0,1.0,1.0,1.0,1.0,2.0,2.0,4.0,1.0,1.0,1.0,2.0,7.0,1.0,1.0,1.0,1.0,1.0,1.0,1.0,2.0,3.0,6.0,7.0,4.0,1.0,3.0,1.0,1.0,1.0,1.0,1.0,1.0,1.0,1.0,1.0,2.0,1.0,1.0,2.0,1.0,1.0,1.0,2.0,1.0,1.0,1.0,1.0,1.0,2.0,2.0,3.0,6.0,1.0,1.0,2.0,1.0,1.0,2.0,1.0,1.0,13.0,19.0,2.0,1.0,1.0,4.0,1.0,1.0,1.0,1.0,1.0,1.0,1.0,1.0,1.0,1.0,1.0,2.0,1.0,1.0,1.0,16.0,15.0,1.0,2.0,2.0,2.0,1.0,1.0,1.0,2.0,1.0,1.0,1.0,1.0,1.0,2.0,1.0,1.0,3.0,1.0,1.0,1.0,2.0,1.0,1.0,12.0,7.0,1.0,5.0,1.0,3.0,1.0,1.0,1.0,2.0,3.0,1.0,1.0,6.0,7.0,3.0,5.0,3.0,1.0,1.0,3.0,2.0,1.0,7.0,16.0,1.0,1.0,5.0,3.0,1.0,1.0,3.0,2.0,1.0,6.96952489648403,1.0,2.0,3.0,3.0,1.0,1.0,2.0,1.0,1.0,1.0,2.0,30.0,1.0,4.0,7.0,1.0,1.0,1.0,1.0,1.0,2.0,1.0,2.0,1.0,1.0,1.0,1.0,1.0,1.0,5.0,24.0,4.0,2.0,1.0,1.0,1.0,1.0,1.0,1.0,2.0,2.0,3.0,1.0,2.0,1.0,1.0,1.0,1.0,1.0,1.0,1.0,2.0,1.0,1.0,1.0,1.0,1.0,1.0,1.0,1.0,3.0,1.0,1.0,1.0,3.0,5.0,2.0,3.0,1.0,1.0,2.0,1.0,2.0,1.0,3.0,1.0,2.0,1.0,1.0,2.0,2.0,2.0,1.0,1.0,5.0,2.0,2.0,4.0,1.0,3.0,1.0,4.0,1.0,1.0,2.0,1.0,1.0,4.0,1.0,2.0,1.0,1.0,2.0,4.0,1.0,2.0,2.0,5.0,1.0,1.0,2.0,1.0,1.0,3.0,1.0,1.0,3.0,3.0,5.0,3.0,4.0,1.0,1.0,1.0,2.0,1.0,2.0,1.0,2.0,1.0,1.0,3.0,1.0,1.0,1.0,1.0,2.0,1.0,1.0,1.0,2.0,1.0,1.0,1.0,1.0,1.0,1.0,1.0,1.0,4.0,1.0,1.0,1.0,2.0,1.0,6.0,1.0,1.0,1.0,2.0,2.0,1.0,1.0,1.0,3.8076550310665,2.0,1.0,1.0,2.0,1.0,-1.0,-1.0,-1.0,-1.0,-2.0,1.0,9.0,-1.0,1.0,-1.0,-1.0,-5.0,-4.0,-3.0,-4.0,-5.0,-5.0,1.0,1.0,1.0,6.0,6.0,2.0,1.0,3.0,2.0,1.0,4.0,5.0,1.0,3.0,1.0,1.0,2.0,1.0,5.0,1.0,1.0,10.0,4.0,1.0,1.0,1.0,3.0,7.0,1.0,2.0,8.0,1.0,2.0,1.0,1.0,1.0,2.0,1.0,2.0,9.0,1.0,9.0,1.0,1.0,1.0,3.0,1.0,1.0,4.0,4.0,1.0,2.0,1.0,2.0,1.0,1.0,1.0,2.0,1.0,1.0,2.0,4.0,1.0,1.0,10.0,1.0,1.0,1.0,3.0,1.0,4.0,4.0,9.0,1.0,1.0,5.0,1.0,1.0,1.0,4.0,2.0,5.0,1.0,7.0,1.0,5.0,1.0,1.0,1.0,18.20845275419301,1.0,5.0,4.0,6.0,1.0,-3.0,-1.0,-1.0,-13.71931735451625,-2.0,-2.0,-1.0,-1.0,-1.0,-1.0,-3.0,-1.0,-2.0,-4.0,-1.0,-2.0,-1.0,-1.0,-1.0,5.0,4.0,2.0,7.0,2.0,1.0,2.0,1.0,2.0,1.0,3.0,4.0,4.0,1.0,1.0,2.0,4.0,2.0,11.56553411323772,1.0,5.0,11.27775448851298,8.0,7.0,1.0,4.0,3.0,1.0,1.0,1.0,2.0,1.0,4.0,1.0,1.0,1.0,1.0,2.0,1.0,1.0,3.0,2.0,4.0,7.0,7.0,4.0,1.0,1.0,4.0,1.0,1.0,2.0,1.0,1.0,5.0,1.0,2.0,7.0,4.0,2.0,2.0,1.0,1.0,1.0,2.0,2.0,2.0,1.0,1.0,2.0,6.0,1.0,4.0,2.0,3.0,-10.81276160699843,1.0,8.0,8.0,1.0,1.0,2.0,2.0,1.0,1.0,2.0,2.0,11.0,5.0,2.0,1.0,2.0,2.0,2.0,2.0,2.0,2.0,2.0,2.0,2.0,1.0,1.0,25.0,6.0,5.0,5.0,5.0,5.0,5.0,5.0,3.0,2.0,1.0,1.0,2.0,1.0,1.0,12.0,15.0,4.0,4.0,5.0,4.0,4.0,5.0,2.0,1.0,5.0,1.0,1.0,2.0,1.0,16.0,5.0,4.0,5.0,4.0,10.0,2.0,4.0,3.0,3.0,6.0,4.0,4.0,4.0,4.0,4.0,4.0,4.0,4.0,4.0,2.0,4.0,4.0,4.0,4.0,4.0,4.0,1.0,1.0,4.0,4.0,4.0,4.0,4.0,4.0,1.0,1.0,1.0,1.0,1.0,1.0,4.0,4.0,4.0,4.0,4.0,4.0,4.0,4.0,4.0,4.0,1.0,1.0,1.0,1.0,3.0,1.0,1.0,10.0,1.0,1.0,1.0,1.0,1.0,21.0,15.0,1.0,1.0,1.0,1.0,1.0,1.0,5.0,1.0,6.0,2.0,2.0,23.0,14.0,1.0,3.0,3.0,3.0,3.0,3.0,3.0,3.0,3.0,1.0,1.0,1.0,1.0,1.0,6.0,1.0,4.0,10.0,9.0,26.0,7.0,3.0,3.0,4.0,3.0,3.0,3.0,4.0,3.0,1.0,1.0,1.0,1.0,3.0,1.0,1.0,13.0,2.0,2.0,2.0,2.0,2.0,2.0,2.0,1.0,1.0,2.0,2.0,2.0,2.0,2.0,2.0,3.0,2.0,1.0,2.0,2.0,2.0,2.0,2.0,2.0,2.0,1.0,2.0,2.0,2.0,2.0,2.0,2.0,2.0,2.0,2.0,2.0,2.0,1.0,-2.0,1.0,4.0,1.0,-4.0,-4.0,-5.0,-4.0,-4.0,-4.0,-5.0,-4.0,-1.0,1.0,2.0,-1.0,1.0,-4.0,-5.0,-4.0,-4.0,-5.0,-4.0,2.0,1.0,-5.0,-6.0,-5.0,-5.0,-6.0,-5.0,1.0,1.0,1.0,-5.0,-5.0,-5.0,-5.0,-5.0,-5.0,-1.0,1.0,-1.0,-5.0,-5.0,-5.0,-5.0,-5.0,-5.0,-3.0,-4.0,-1.0,-1.0,-3.0,-1.0,0.0,1.0,-9.0,-5.0,-11.00604357555452,-1.0,-2.0,-1.0,-1.0,-2.0,-1.0,-3.0,-2.0,-1.0,-1.0,-1.0,-1.0,-1.0,-3.0,-1.0,-1.0,-1.0,-1.0,-3.0,-2.0,18.45784305872714,-2.0,-1.0,-1.0,-1.0,-2.0,7.0,-4.0,-2.0,-3.0,-3.0,-1.0,-1.0,-1.0,1.0,1.0,0.0,-1.0,-5.0,-7.0,-1.0,-2.0,-1.0,9.0,2.0,13.0,-1.0,-1.0,-1.0,-5.0,-5.0,-2.0,-4.0,1.0,5.0,4.0,2.0,2.0,1.0,2.0,15.0,17.0,4.0,5.0,7.0,13.0,1.0,3.0,1.0,1.0,1.0,12.0,5.0,5.0,1.0,11.0,2.0,4.0,2.0,1.0,15.57346510062307,4.0,2.0,1.0,1.0,2.0,1.0,1.0,2.0,1.0,1.0,2.0,6.0,1.0,1.0,2.0,4.0,3.0,2.0,2.0,3.0,7.0,1.0,1.0,1.0,1.0,1.0,2.0,1.0,1.0,1.0,1.0,1.0,1.0,1.0,1.0,2.0,2.0,1.0,4.0,1.0,1.0,1.0,1.0,3.0,1.0,2.0,6.0,1.0,1.0,1.0,1.0,1.0,1.0,1.0,1.0,1.0,1.0,1.0,1.0,3.0,1.0,1.0,3.0,2.0,2.0,2.0,5.0,-20.80157324031526,2.0,2.0,4.0,3.0,1.0,2.0,2.0,2.0,2.0,1.0,1.0,2.0,2.0,2.0,1.0,1.0,1.0,1.0,1.0,2.0,1.0,4.0,1.0,1.0,1.0,1.0,2.0,1.0,1.0,1.0,5.0,5.0,1.0,4.0,3.0,2.0,2.0,1.0,5.0,1.0,3.0,4.0,2.0,1.0,3.0,3.0,4.0,3.0,3.0,1.0,1.0,2.0,1.0,3.0,2.0,4.0,2.0,1.0,4.0,2.0,1.0,2.0,3.0,3.0,3.0,3.0,2.0,1.0,4.0,5.0,1.0,1.0,5.0,4.0,2.0,1.0,1.0,1.0,6.0,10.0,1.0,5.0,5.0,1.0,7.0,2.0,1.0,10.0,4.0,3.0,3.0,1.0,7.0,1.0,11.0,1.0,2.0,2.0,1.0,3.0,2.0,1.0,1.0,5.0,8.0,1.0,7.0,3.0,1.0,2.0,2.0,1.0,2.0,1.0,1.0,1.0,1.0,2.0,7.0,6.0,1.0,2.0,-12.02274586832829,1.0,1.0,1.0,5.0,1.0,1.0,2.0,5.0,1.0,2.0,7.0,6.0,6.0,1.0,2.0,9.0,3.0,6.0,1.0,6.0,4.0,9.0,1.0,1.0,1.0,2.0,10.0,6.0,2.0,2.0,5.0,5.0,1.0,10.0,1.0,2.0,4.0,5.0,13.0,1.0,1.0,1.0,1.0,4.0,4.0,3.0,1.0,2.0,1.0,1.0,1.0,2.0,4.0,4.0,5.0,11.0,1.0,1.0,1.0,1.0,5.0,2.0,7.0,1.0,1.0,2.0,1.0,1.0,1.0,3.0,3.0,2.0,2.0,3.0,5.0,1.0,2.0,1.0,-2.0,1.0,1.0,7.0,-3.0,-3.0,-3.0,-3.0,1.0,0.0,4.0,-2.0,5.0,-6.0,-6.0,-6.0,-6.0,-2.0,-1.0,-1.0,-6.0,-6.0,-6.0,-6.0,-3.0,-2.0,-1.0,-1.0,-3.0,-3.0,-3.0,-3.0,-2.0,-1.0,-1.0,2.0,-1.0,-6.0,-6.0,-6.0,-6.0,-6.0,-6.0,-6.0,1.0,1.0,-3.0,-3.0,7.0,2.0,-5.0,-5.0,-5.0,-5.0,1.0,-2.0,-2.0,2.0,1.0,-5.0,-6.0,-5.0,-5.0,2.0,1.0,1.0,1.0,-6.0,-6.0,-6.0,-6.0,-1.0,1.0,-2.0,-2.0,1.0,2.0,-13.0,-13.0,-1.0,-1.0,-2.0,2.0,1.0,-5.0,-5.0,-5.0,-5.0,-5.0,-5.0,1.0,1.0,-5.0,-5.0,-5.0,-5.0,-5.0,0.0,-3.0,-12.0,-12.0,1.0,5.0,-7.0,-7.0,-7.0,-7.0,1.0,7.0,1.0,1.0,1.0,2.0,11.0,1.0,4.0,1.0,3.0,6.0,1.0,2.0,3.0,15.0,3.0,2.0,3.0,4.0,1.0,6.0,6.0,4.0,2.0,1.0,1.0,1.0,1.0,1.0,1.0,3.0,7.0,1.0,3.0,1.0,1.0,1.0,3.0,2.0,1.0,2.0,2.0,1.0,1.0,3.0,3.0,3.0,1.0,1.0,2.0,3.0,3.0,3.0,1.0,1.0,1.0,3.0,4.0,4.0,2.0,3.0,1.0,1.0,1.0,1.0,1.0,1.0,2.0,3.0,4.0,4.0,2.0,6.0,3.0,1.0,1.0,1.0,1.0,1.0,1.0,2.0,3.0,1.0,13.0,3.0,1.0,1.0,6.0,1.0,1.0,1.0,4.0,1.0,1.0,2.0,2.0,4.0,3.0,3.0,1.0,1.0,1.0,1.0,2.0,2.0,3.0,3.0,1.0,1.0,2.0,2.0,1.0,2.0,6.0,6.0,2.0,3.0,2.0,2.0,1.0,1.0,2.0,2.0,6.0,6.0,2.0,3.0,2.0,2.0,1.0,1.0,21.0,3.0,4.0,1.0,2.0,2.0,8.0,1.0,7.0,2.0,1.0,2.0,3.0,4.0,4.0,1.0,16.0,1.0,6.0,3.0,1.0,1.0,2.0,10.0,1.0,10.0,3.0,3.0,2.0,1.0,4.0,3.0,1.0,2.0,1.0,1.0,4.0,1.0,3.0,1.0,2.0,2.0,1.0,1.0,1.0,1.0,3.0,1.0,1.0,2.0,1.0,1.0,1.0,1.0,1.0,0.29786125122586,1.0,1.0,1.0,1.0,1.0,4.0,3.0,1.0,1.0,1.0,1.0,1.0,1.0,2.0,2.0,1.0,4.0,1.0,4.0,1.0,1.0,2.0,1.0,1.0,3.0,2.0,2.0,2.0,2.0,1.0,1.0,6.0,24.0,4.0,1.0,3.0,2.0,1.0,1.0,16.0,35.0,3.0,1.0,1.0,1.0,1.0,1.0,1.0,3.0,5.0,1.0,1.0,2.0,7.0,5.0,5.0,2.0,3.0,1.0,1.0,1.0,8.0,1.0,5.0,3.0,2.0,9.0,6.0,1.0,4.0,13.0,1.0,7.0,7.0,1.0,1.0,1.0,1.0,1.0,4.0,6.0,3.0,2.0,1.0,8.0,6.0,1.0,1.0,1.0,2.0,3.0,1.0,2.0,8.0,1.0,2.0,9.0,2.0,1.0,1.0,1.0,1.0,1.0,4.0,1.0,1.0,4.0,5.0,1.0,1.0,2.0,3.0,2.0,1.0,2.0,5.0,6.0,4.0,6.0,8.0,11.0,7.0,6.0,1.0,1.0,1.0,4.0,1.0,3.0,4.0,5.0,12.0,5.0,2.0,2.0,1.0,4.0,2.0,1.0,1.0,1.0,3.0,4.0,3.0,2.0,2.0,3.0,5.0,1.0,7.0,5.0,2.0,2.0,3.0,1.0,1.0,1.0,1.0,2.0,1.0,2.0,1.0,1.0,12.0,10.0,8.0,6.0,5.0,1.0,1.0,1.0,3.0,1.0,1.0,1.0,3.0,4.0,1.0,2.0,1.0,1.0,1.0,2.0,1.0,1.0,8.0,1.0,1.0,2.0,2.0,5.0,2.0,2.0,1.0,1.0,3.0,2.0,3.0,1.0,6.0,6.0,1.0,1.0,6.0,1.0,6.0,9.0,3.0,13.0,10.0,1.0,1.0,11.0,1.0,1.0,3.0,8.0,9.0,2.0,1.0,2.0,3.0,-11.27402785368881,3.0,1.0,1.0,1.0,5.0,5.0,2.0,1.0,2.0,2.0,1.0,1.0,5.0,1.0,1.0,1.0,1.0,3.0,2.0,1.0,2.0,1.0,3.0,4.0,1.0,2.0,1.0,2.0,1.0,2.0,2.0,1.0,1.0,2.0,2.0,1.0,1.0,1.0,1.0,1.0,1.0,2.0,1.0,8.0,2.0,1.0,5.0,6.0,2.0,1.0,1.0,1.0,6.0,2.0,3.0,4.0,3.0,1.0,1.0,2.0,2.0,1.0,1.0,11.0,1.0,1.0,2.0,4.0,5.0,3.0,1.0,4.0,1.0,14.0,4.0,7.0,1.0,1.0,2.0,1.0,1.0,1.92572291035908,1.0,1.0,1.0,3.0,1.0,9.0,2.0,2.0,1.0,1.0,7.0,1.0,8.0,1.0,1.0,1.0,1.0,2.0,1.0,1.0,1.0,1.0,2.0,1.0,1.0,1.0,1.0,1.0,1.0,4.0,4.0,3.0,2.0,1.0,1.0,1.0,1.0,3.0,1.0,1.0,1.0,1.0,1.0,1.0,1.0,1.0,2.0,1.0,3.0,3.0,1.0,1.0,3.0,5.0,9.0,7.0,2.0,2.0,1.0,1.0,1.0,2.0,3.0,1.0,1.0,2.0,3.0,1.0,1.0,2.0,2.0,1.0,1.0,1.0,1.0,2.0,1.0,1.0,-1.0,-1.0,-2.0,-4.0,-12.0,-7.0,-6.0,-6.0,-9.0,-11.0,-2.0,-8.0,-10.0,-6.0,-11.0,-6.50984180533249,-1.0,-4.0,-1.0,-10.0,-11.0,-3.0,-8.0,-12.0,-10.0,-1.0,-1.0,-1.0,-1.0,-7.0,-7.0,-13.0,-7.0,2.0,1.0,1.0,1.0,2.0,1.0,1.0,5.0,1.0,2.0,1.0,1.0,3.0,1.0,3.0,1.0,1.0,1.0,1.0,1.0,1.0,1.0,1.0,4.0,1.0,1.0,2.0,1.0,1.0,3.0,1.0,1.0,2.0,1.0,1.0,2.0,3.0,1.0,2.0,1.0,1.0,1.0,1.0,1.0,1.0,2.0,1.0,2.0,1.0,2.0,5.0,6.0,1.0,2.0,1.0,1.0,3.0,1.0,1.0,2.0,3.0,3.0,1.0,1.0,2.0,5.0,5.0,1.0,1.0,4.0,3.0,2.0,1.0,1.0,-1.0,1.0,2.0,-3.0,1.0,1.0,-4.0,-4.0,-3.0,2.0,-1.0,-1.0,-1.0,-2.0,2.0,10.0,1.0,1.0,1.0,2.0,3.0,4.0,1.0,2.0,1.0,17.0,1.0,1.0,1.0,1.0,2.0,1.0,1.0,1.0,4.0,4.0,1.0,3.0,1.0,1.0,2.0,1.0,1.0,1.0,2.0,2.0,1.0,1.0,1.0,1.0,2.0,3.0,18.94840458248437,1.0,1.0,3.0,1.0,1.0,1.0,2.0,3.0,1.0,1.0,2.0,4.0,2.0,1.0,1.0,1.0,1.0,2.0,3.0,1.0,4.0,1.0,1.0,1.0,4.0,4.0,1.0,1.0,2.0,2.0,2.0,2.0,1.0,2.0,1.0,2.0,3.0,1.0,6.0,11.0,8.0,5.0,4.0,5.0,3.0,2.0,1.0,1.0,1.0,1.0,1.0,2.0,2.0,3.0,2.0,3.0,1.0,1.0,1.0,1.0,1.0,1.0,3.0,2.0,5.0,1.0,2.0,2.0,1.0,5.0,1.0,5.0,1.0,2.0,5.0,3.0,2.0,1.0,15.11250881122309,1.0,2.0,3.0,1.0,1.0,1.0,3.0,3.0,2.0,4.0,1.0,1.0,1.0,1.0,1.0,1.0,1.0,1.0,1.0,1.0,1.0,3.0,5.0,1.0,1.0,1.0,2.0,2.0,1.0,1.0,5.0,1.0,1.0,5.0,1.0,1.0,-7.0,-7.0,1.0,-1.0,-4.0,-2.0,-1.0,-2.0,-1.0,1.0,-1.0,-3.0,-5.0,0.0,-3.0,-1.0,-2.0,-4.0,1.0,-1.0,1.0,-1.0,-1.0,1.0,-1.0,-1.0,2.0,-2.0,-3.0,2.0,-2.0,-1.0,1.0,-1.0,-1.0,-2.0,1.0,-2.0,-1.0,2.0,-1.0,-1.0,-1.0,-1.0,-2.0,2.0,-2.0,-2.0,0.0,-1.0,-1.0,-1.0,-1.0,-1.0,1.0,1.0,1.0,7.0,1.0,1.0,1.0,1.0,1.0,2.0,1.0,1.0,12.0,1.0,1.0,1.0,1.0,1.0,1.0,2.0,1.0,1.0,1.0,1.0,2.0,4.0,3.0,1.0,1.0,3.0,1.0,1.0,1.0,1.0,2.0,1.0,1.0,1.0,1.0,1.0,2.0,1.0,1.0,3.0,7.0,2.0,1.0,1.0,1.0,1.0,1.0,1.0,1.0,1.0,1.0,1.0,1.0,1.0,6.0,1.0,1.0,1.0,1.0,1.0,1.0,1.0,1.0,1.0,1.0,1.0,1.0,1.0,1.0,1.0,1.0,4.0,1.0,1.0,1.0,1.0,1.0,1.0,1.0,1.0,1.0,1.0,1.0,1.0,1.0,1.0,1.0,1.0,1.0,1.0,1.0,-1.0,-1.0,1.0,1.0,2.0,-2.0,-2.0,-2.0,-2.0,-2.0,1.0,1.0,-3.56110793196185,-3.0,-3.0,-3.0,1.0,-5.0,-5.0,-5.0,1.0,1.0,1.0,1.0,2.0,1.0,1.0,-1.0,-1.0,-1.0,-1.0,-1.0,-1.0,4.0,4.0,1.0,1.0,3.0,1.0,1.0,1.0,1.0,1.0,3.0,3.0,2.0,1.0,1.0,1.0,1.0,1.0,2.0,1.0,1.0,2.0,2.0,1.0,1.0,1.0,1.0,1.0,3.0,3.0,3.0,1.0,1.0,2.0,1.0,1.0,2.0,2.0,2.0,1.0,1.0,1.0,2.0,1.0,1.0,1.0,1.0,3.0,1.0,1.0,1.0,1.0,4.0,2.0,5.0,1.0,2.0,1.0,1.0,1.0,1.0,3.0,1.0,2.0,3.0,2.0,1.0,1.0,1.0,2.0,10.58690883109722,2.0,2.0,1.0,6.0,3.0,6.0,1.0,1.0,1.0,3.0,1.0,4.0,5.0,1.0,1.0,1.0,1.0,1.0,17.0,1.0,2.0,12.0,1.0,2.0,3.0,8.0,13.0,5.0,2.0,1.0,2.0,6.0,4.0,4.0,2.0,1.0,3.0,2.0,1.0,1.0,1.0,3.0,1.0,1.0,1.0,3.0,1.0,1.0,1.0,3.0,1.0,1.0,1.0,2.0,3.0,7.0,4.0,3.0,-0.31044766992144,2.0,2.0,2.0,1.0,1.0,1.0,1.0,1.0,1.0,1.0,1.0,1.0,1.0,1.0,1.0,1.0,1.0,1.0,1.0,1.0,1.0,1.0,1.0,1.0,1.0,1.0,1.0,1.0,3.0,1.0,1.0,2.0,2.0,2.0,2.0,3.0,1.0,1.0,1.0,2.0,1.0,4.0,3.0,1.0,1.0,1.0,2.0,1.0,7.39298284432326,1.0,5.0,3.0,2.0,1.0,1.0,1.0,1.0,1.0,1.0,1.0,1.0,1.0,3.0,4.0,3.0,1.0,1.0,1.0,1.0,1.0,1.0,1.0,1.0,1.0,1.0,1.0,1.0,2.0,1.0,1.0,1.0,1.0,1.0,1.0,1.0,1.0,1.0,1.0,1.0,2.0,1.0,1.0,1.0,1.0,1.0,1.0,1.0,1.0,1.0,1.0,1.0,1.0,1.0,3.0,8.0,2.0,1.0,2.0,1.0,1.0,4.0,1.0,1.0,1.0,1.0,1.0,1.0,1.0,7.0,5.0,2.0,3.0,1.0,1.0,2.0,1.0,1.0,1.0,1.0,1.0,1.0,2.0,3.0,1.0,2.0,2.0,2.0,1.0,3.0,1.0,1.0,1.0,1.0,3.0,2.0,3.0,3.0,1.0,1.0,2.0,2.0,2.0,3.0,2.0,1.0,3.0,1.0,2.0,2.0,2.0,2.0,2.0,2.0,1.0,1.0,1.0,1.0,1.0,1.0,1.0,1.0,1.0,2.0,1.0,1.0,1.0,3.0,1.0,1.0,1.0,1.0,1.0,1.0,1.0,2.0,1.0,6.0,1.0,5.0,1.0,4.0,1.0,8.0,1.0,3.0,3.0,4.0,1.0,2.0,2.0,1.0,1.0,3.0,2.0,3.0,1.0,2.0,1.0,1.0,2.0,1.0,1.0,4.0,6.0,1.0,1.0,1.0,2.0,2.0,1.0,1.0,3.0,5.0,4.0,1.0,1.0,5.0,1.0,1.0,2.0,1.0,1.0,1.0,4.0,2.0,1.0,4.0,2.0,6.0,1.0,1.0,1.0,1.0,6.0,4.0,1.0,1.0,3.0,3.0,-1.3686525685699,9.0,2.0,3.0,3.0,3.0,3.0,1.0,1.0,5.0,5.0,5.0,5.0,1.0,7.0,10.0,2.0,1.0,4.0,5.0,5.0,5.0,5.0,2.0,1.0,3.0,5.0,4.0,2.0,2.0,1.0,1.0,2.0,3.0,1.0,1.0,3.0,11.0,5.0,5.0,5.0,5.0,5.0,5.0,5.0,5.0,13.0,3.0,2.0,2.0,3.0,11.0,5.0,5.0,5.0,5.0,1.0,1.0,2.0,18.0,11.0,2.0,1.0,3.0,3.0,5.0,5.0,5.0,5.0,5.0,5.0,2.0,1.0,3.0,1.0,1.0,21.0,1.0,2.0,3.0,6.0,6.0,6.0,6.0,2.0,5.0,3.0,2.0,5.0,13.0,2.0,5.0,5.0,5.0,5.0,6.0,2.0,24.0,2.0,1.0,2.0,5.0,5.0,5.0,5.0,1.0,2.0,4.0,3.0,12.0,1.0,9.0,4.0,4.0,4.0,4.0,4.0,4.0,4.0,1.0,10.0,4.0,1.0,21.0,1.0,2.0,1.0,1.0,1.0,4.0,3.0,5.0,6.0,6.0,6.0,6.0,6.0,1.0,1.0,3.0,15.0,1.0,1.0,1.0,1.0,7.0,4.0,1.0,10.0,5.0,5.0,5.0,5.0,1.0,1.0,4.0,2.0,1.0,1.0,2.0,2.0,9.0,2.0,1.0,1.0,3.0,1.0,4.0,3.0,1.0,1.0,1.0,1.0,1.0,2.0,1.0,1.0,9.0,1.0,1.0,1.0,2.0,5.0,5.0,5.0,5.0,2.0,1.0,7.0,1.0,2.0,5.0,5.0,5.0,5.0,5.0,5.0,5.0,3.0,1.0,1.0,20.0,1.0,1.0,1.0,4.0,1.0,1.0,2.0,1.0,9.0,3.0,4.0,4.0,4.0,4.0,4.0,4.0,4.0,4.0,1.0,1.0,37.0,1.0,1.0,1.0,6.0,6.0,6.0,6.0,6.0,6.0,1.0,1.0,1.0,1.0,6.0,16.0,1.0,5.0,5.0,5.0,5.0,1.0,27.0,1.0,1.0,1.0,7.0,6.0,6.0,6.0,6.0,1.0,2.0,1.0,30.0,1.0,1.0,1.0,1.0,8.0,6.0,6.0,6.0,6.0,13.32796194626393,2.0,2.0,2.0,2.0,5.0,5.0,7.0,3.0,30.0,3.0,10.0,6.0,1.0,10.0,5.0,5.0,5.0,5.0,5.0,5.0,5.0,4.0,1.0,6.0,8.0,1.0,2.0,3.0,4.0,4.0,5.0,6.0,6.0,6.0,6.0,-5.0,-5.0,-5.0,-5.0,-5.0,-5.0,-5.0,-5.0,-5.0,-5.0,1.0
1.0,1.0,1.0,2.0,1.0,2.0,4.0,7.0,1.0,2.0,1.0,5.0,1.0,1.0,1.0,1.0,3.0,1.0,2.0,1.0,1.0,1.0,1.0,1.0,1.0,1.0,5.0,2.0,1.0,3.0,1.0,1.0,5.0,1.0,1.0,2.0,1.0,1.0,1.0,2.0,3.0,1.0,1.0,1.0,1.0,1.0,1.0,1.0,1.0,1.0,1.0,1.0,5.0,3.0,2.0,1.0,1.0,2.0,1.0,1.0,1.0,1.0,1.0,1.0,1.0,1.0,2.0,1.0,5.0,1.0,2.0,1.0,1.0,2.0,1.0,1.0,1.0,1.0,2.0,1.0,7.0,4.0,1.0,2.0,1.0,2.0,12.0,5.0,1.0,15.0,1.0,2.0,2.0,2.0,1.0,1.0,8.0,1.0,4.0,1.0,1.0,16.0,3.0,3.0,1.0,2.0,1.0,1.0,6.0,7.0,1.0,2.0,3.0,2.0,2.0,3.0,2.0,1.0,5.0,1.0,3.0,2.0,2.0,1.0,1.0,1.0,10.0,10.0,1.0,3.0,2.0,1.0,2.0,5.0,2.0,1.0,3.0,1.0,1.0,1.0,1.0,1.0,1.0,1.0,7.0,1.0,1.0,13.0,1.0,1.0,1.0,10.0,2.0,1.0,3.0,1.0,1.0,2.0,3.0,1.0,1.0,1.0,1.0,1.0,1.0,1.0,2.0,1.0,14.0,1.0,1.0,1.0,2.0,2.0,1.0,3.0,2.0,1.0,1.0,1.0,2.0,5.0,1.0,1.0,1.0,4.0,1.0,4.0,2.0,14.0,1.0,2.0,2.0,4.0,1.0,1.0,3.0,1.0,1.0,2.0,1.0,1.0,4.0,3.0,17.0,1.0,1.0,1.0,1.0,3.0,1.0,3.0,5.0,1.0,2.0,2.0,2.0,1.0,1.0,1.0,4.0,1.0,2.0,1.0,1.0,1.0,1.0,1.0,1.0,5.0,2.0,2.0,3.0,1.0,1.0,1.0,1.0,2.0,1.0,1.0,1.0,1.0,1.0,5.0,2.0,3.0,2.0,2.0,3.0,1.0,2.0,4.0,1.0,2.0,2.0,2.0,1.0,1.0,1.0,1.0,1.0,3.0,2.0,1.0,1.0,13.0,3.0,1.0,1.0,1.0,7.0,4.0,1.0,1.0,1.0,8.0,1.0,1.0,6.0,2.0,1.0,3.0,2.0,8.0,2.0,1.0,1.0,1.0,5.0,1.0,8.0,1.0,4.0,9.0,7.0,1.0,1.0,8.0,1.0,2.0,1.0,1.0,4.0,1.0,1.0,1.0,7.0,4.0,5.0,3.0,1.0,1.0,1.0,2.0,1.0,1.0,1.0,1.0,1.0,1.0,6.0,3.0,2.0,2.0,1.0,1.0,1.0,1.0,1.0,1.0,5.0,1.0,1.0,3.0,1.0,1.0,-0.19794830327839,3.0,1.0,1.0,1.0,2.0,2.0,1.0,1.0,1.0,3.0,4.0,4.0,1.0,1.0,1.0,2.0,1.0,2.0,2.0,2.0,8.0,9.0,3.0,1.0,2.0,1.0,1.0,3.0,2.0,2.0,1.0,5.0,1.0,3.0,3.0,3.0,4.0,1.0,1.0,2.0,2.0,3.0,3.0,1.0,3.0,2.0,1.0,1.0,1.0,1.0,1.0,1.0,1.0,1.0,1.0,1.0,1.0,2.0,10.0,2.0,3.0,3.0,3.0,2.0,1.0,1.0,1.0,1.0,2.0,1.0,15.0,3.0,3.0,3.0,3.0,1.0,1.0,11.0,2.0,2.0,2.0,3.0,1.0,1.0,1.0,1.0,9.0,2.0,2.0,3.0,3.0,1.0,1.0,1.0,2.0,1.0,13.0,2.0,2.0,3.0,3.0,6.0,5.0,2.0,2.0,2.0,2.0,3.0,3.0,4.0,3.0,2.0,2.0,3.0,3.0,4.0,2.0,7.0,3.0,3.0,2.0,2.0,1.0,3.0,7.0,2.0,13.0,6.0,4.0,1.0,1.0,1.0,2.0,1.0,3.0,2.0,10.0,2.0,14.0,1.0,1.0,1.0,9.0,3.0,2.0,1.0,1.0,10.0,2.0,1.0,1.0,1.0,2.0,3.0,7.0,5.0,1.0,1.0,1.0,2.0,6.0,2.0,2.0,4.0,2.0,1.0,1.0,1.0,3.0,2.0,10.0,3.0,1.0,1.0,1.0,5.0,3.0,5.0,1.0,3.0,1.0,1.0,2.0,2.0,3.0,2.0,1.0,2.0,1.0,1.0,1.0,2.0,1.0,1.0,1.0,1.0,5.0,1.0,2.0,1.0,1.0,1.0,1.0,1.0,4.0,1.0,1.0,14.0,1.0,4.0,1.0,13.0,11.0,2.0,2.0,1.0,5.0,1.0,11.0,1.0,1.0,1.0,1.0,1.0,4.0,1.0,1.0,1.0,1.0,3.0,1.0,3.0,1.0,5.0,9.0,1.0,1.0,1.0,1.0,4.0,1.0,6.0,13.0,1.0,3.0,3.0,4.0,1.0,3.0,1.0,4.0,1.0,14.0,9.0,12.0,7.0,1.0,1.0,1.0,2.0,4.0,4.0,6.0,10.0,8.0,21.0,4.0,4.0,3.0,2.0,4.0,1.0,2.0,12.0,11.0,1.0,3.0,4.0,1.0,1.0,1.0,1.0,3.0,6.0,7.0,2.0,5.0,3.0,3.0,8.0,10.0,2.0,19.0,8.0,5.0,1.0,3.0,2.0,6.0,-4.04564786099211,2.0,1.0,2.0,3.0,8.0,9.0,6.0,6.0,1.0,1.0,2.0,2.0,2.0,8.0,4.0,5.0,8.0,7.0,13.0,3.0,9.0,2.0,1.0,3.0,5.0,1.0,3.0,1.0,1.0,7.0,8.0,1.0,2.0,1.0,1.0,6.0,1.0,1.0,1.0,5.0,15.0,1.0,2.0,7.0,5.0,4.0,5.0,4.0,16.0,6.0,4.0,2.0,1.0,1.0,1.0,1.0,1.0,1.0,2.0,1.0,7.0,7.0,4.0,1.0,2.0,1.0,2.0,1.0,1.0,1.0,1.0,2.0,2.0,1.0,1.0,1.0,1.0,1.0,1.0,1.0,1.0,1.0,1.0,1.0,2.0,2.0,4.0,1.0,1.0,1.0,2.0,7.0,1.0,1.0,1.0,1.0,1.0,1.0,1.0,2.0,3.0,6.0,7.0,4.0,1.0,3.0,1.0,1.0,1.0,1.0,1.0,1.0,1.0,1.0,1.0,2.0,1.0,1.0,2.0,1.0,1.0,1.0,2.0,1.0,1.0,1.0,1.0,1.0,2.0,2.0,3.0,6.0,1.0,1.0,2.0,1.0,1.0,2.0,1.0,1.0,13.0,19.0,2.0,1.0,1.0,4.0,1.0,1.0,1.0,1.0,1.0,1.0,1.0,1.0,1.0,1.0,1.0,2.0,1.0,1.0,1.0,16.0,15.0,1.0,2.0,2.0,2.0,1.0,1.0,1.0,2.0,1.0,1.0,1.0,1.0,1.0,2.0,1.0,1.0,3.0,1.0,1.0,1.0,2.0,1.0,1.0,12.0,7.0,1.0,5.0,1.0,3.0,1.0,1.0,1.0,2.0,3.0,1.0,1.0,6.0,7.0,3.0,5.0,3.0,1.0,1.0,3.0,2.0,1.0,7.0,16.0,1.0,1.0,5.0,3.0,1.0,1.0,3.0,2.0,1.0,6.96952489648403,1.0,2.0,3.0,3.0,1.0,1.0,2.0,1.0,1.0,1.0,2.0,30.0,1.0,4.0,7.0,1.0,1.0,1.0,1.0,1.0,2.0,1.0,2.0,1.0,1.0,1.0,1.0,1.0,1.0,5.0,24.0,4.0,2.0,1.0,1.0,1.0,1.0,1.0,1.0,2.0,2.0,3.0,1.0,2.0,1.0,1.0,1.0,1.0,1.0,1.0,1.0,2.0,1.0,1.0,1.0,1.0,1.0,1.0,1.0,1.0,3.0,1.0,1.0,1.0,3.0,5.0,2.0,3.0,1.0,1.0,2.0,1.0,2.0,1.0,3.0,1.0,2.0,1.0,1.0,2.0,2.0,2.0,1.0,1.0,5.0,2.0,2.0,4.0,1.0,3.0,1.0,4.0,1.0,1.0,2.0,1.0,1.0,4.0,1.0,2.0,1.0,1.0,2.0,4.0,1.0,2.0,2.0,5.0,1.0,1.0,2.0,1.0,1.0,3.0,1.0,1.0,3.0,3.0,5.0,3.0,4.0,1.0,1.0,1.0,2.0,1.0,2.0,1.0,2.0,1.0,1.0,3.0,1.0,1.0,1.0,1.0,2.0,1.0,1.0,1.0,2.0,1.0,1.0,1.0,1.0,1.0,1.0,1.0,1.0,4.0,1.0,1.0,1.0,2.0,1.0,6.0,1.0,1.0,1.0,2.0,2.0,1.0,1.0,1.0,3.8076550310665,2.0,1.0,1.0,2.0,1.0,-1.0,-1.0,-1.0,-1.0,-2.0,1.0,9.0,-1.0,1.0,-1.0,-1.0,-5.0,-4.0,-3.0,-4.0,-5.0,-5.0,1.0,1.0,1.0,6.0,6.0,2.0,1.0,3.0,2.0,1.0,4.0,5.0,1.0,3.0,1.0,1.0,2.0,1.0,5.0,1.0,1.0,10.0,4.0,1.0,1.0,1.0,3.0,7.0,1.0,2.0,8.0,1.0,2.0,1.0,1.0,1.0,2.0,1.0,2.0,9.0,1.0,9.0,1.0,1.0,1.0,3.0,1.0,1.0,4.0,4.0,1.0,2.0,1.0,2.0,1.0,1.0,1.0,2.0,1.0,1.0,2.0,4.0,1.0,1.0,10.0,1.0,1.0,1.0,3.0,1.0,4.0,4.0,9.0,1.0,1.0,5.0,1.0,1.0,1.0,4.0,2.0,5.0,1.0,7.0,1.0,5.0,1.0,1.0,1.0,18.20845275419301,1.0,5.0,4.0,6.0,1.0,-3.0,-1.0,-1.0,-13.71931735451625,-2.0,-2.0,-1.0,-1.0,-1.0,-1.0,-3.0,-1.0,-2.0,-4.0,-1.0,-2.0,-1.0,-1.0,-1.0,5.0,4.0,2.0,7.0,2.0,1.0,2.0,1.0,2.0,1.0,3.0,4.0,4.0,1.0,1.0,2.0,4.0,2.0,11.56553411323772,1.0,5.0,11.27775448851298,8.0,7.0,1.0,4.0,3.0,1.0,1.0,1.0,2.0,1.0,4.0,1.0,1.0,1.0,1.0,2.0,1.0,1.0,3.0,2.0,4.0,7.0,7.0,4.0,1.0,1.0,4.0,1.0,1.0,2.0,1.0,1.0,5.0,1.0,2.0,7.0,4.0,2.0,2.0,1.0,1.0,1.0,2.0,2.0,2.0,1.0,1.0,2.0,6.0,1.0,4.0,2.0,3.0,-10.81276160699843,1.0,8.0,8.0,1.0,1.0,2.0,2.0,1.0,1.0,2.0,2.0,11.0,5.0,2.0,1.0,2.0,2.0,2.0,2.0,2.0,2.0,2.0,2.0,2.0,1.0,1.0,25.0,6.0,5.0,5.0,5.0,5.0,5.0,5.0,3.0,2.0,1.0,1.0,2.0,1.0,1.0,12.0,15.0,4.0,4.0,5.0,4.0,4.0,5.0,2.0,1.0,5.0,1.0,1.0,2.0,1.0,16.0,5.0,4.0,5.0,4.0,10.0,2.0,4.0,3.0,3.0,6.0,4.0,4.0,4.0,4.0,4.0,4.0,4.0,4.0,4.0,2.0,4.0,4.0,4.0,4.0,4.0,4.0,1.0,1.0,4.0,4.0,4.0,4.0,4.0,4.0,1.0,1.0,1.0,1.0,1.0,1.0,4.0,4.0,4.0,4.0,4.0,4.0,4.0,4.0,4.0,4.0,1.0,1.0,1.0,1.0,3.0,1.0,1.0,10.0,1.0,1.0,1.0,1.0,1.0,21.0,15.0,1.0,1.0,1.0,1.0,1.0,1.0,5.0,1.0,6.0,2.0,2.0,23.0,14.0,1.0,3.0,3.0,3.0,3.0,3.0,3.0,3.0,3.0,1.0,1.0,1.0,1.0,1.0,6.0,1.0,4.0,10.0,9.0,26.0,7.0,3.0,3.0,4.0,3.0,3.0,3.0,4.0,3.0,1.0,1.0,1.0,1.0,3.0,1.0,1.0,13.0,2.0,2.0,2.0,2.0,2.0,2.0,2.0,1.0,1.0,2.0,2.0,2.0,2.0,2.0,2.0,3.0,2.0,1.0,2.0,2.0,2.0,2.0,2.0,2.0,2.0,1.0,2.0,2.0,2.0,2.0,2.0,2.0,2.0,2.0,2.0,2.0,2.0,1.0,-2.0,1.0,4.0,1.0,-4.0,-4.0,-5.0,-4.0,-4.0,-4.0,-5.0,-4.0,-1.0,1.0,2.0,-1.0,1.0,-4.0,-5.0,-4.0,-4.0,-5.0,-4.0,2.0,1.0,-5.0,-6.0,-5.0,-5.0,-6.0,-5.0,1.0,1.0,1.0,-5.0,-5.0,-5.0,-5.0,-5.0,-5.0,-1.0,1.0,-1.0,-5.0,-5.0,-5.0,-5.0,-5.0,-5.0,-3.0,-4.0,-1.0,-1.0,-3.0,-1.0,0.0,1.0,-9.0,-5.0,-11.00604357555452,-1.0,-2.0,-1.0,-1.0,-2.0,-1.0,-3.0,-2.0,-1.0,-1.0,-1.0,-1.0,-1.0,-3.0,-1.0,-1.0,-1.0,-1.0,-3.0,-2.0,18.45784305872714,-2.0,-1.0,-1.0,-1.0,-2.0,7.0,-4.0,-2.0,-3.0,-3.0,-1.0,-1.0,-1.0,1.0,1.0,0.0,-1.0,-5.0,-7.0,-1.0,-2.0,-1.0,9.0,2.0,13.0,-1.0,-1.0,-1.0,-5.0,-5.0,-2.0,-4.0,1.0,5.0,4.0,2.0,2.0,1.0,2.0,15.0,17.0,4.0,5.0,7.0,13.0,1.0,3.0,1.0,1.0,1.0,12.0,5.0,5.0,1.0,11.0,2.0,4.0,2.0,1.0,15.57346510062307,4.0,2.0,1.0,1.0,2.0,1.0,1.0,2.0,1.0,1.0,2.0,6.0,1.0,1.0,2.0,4.0,3.0,2.0,2.0,3.0,7.0,1.0,1.0,1.0,1.0,1.0,2.0,1.0,1.0,1.0,1.0,1.0,1.0,1.0,1.0,2.0,2.0,1.0,4.0,1.0,1.0,1.0,1.0,3.0,1.0,2.0,6.0,1.0,1.0,1.0,1.0,1.0,1.0,1.0,1.0,1.0,1.0,1.0,1.0,3.0,1.0,1.0,3.0,2.0,2.0,2.0,5.0,-20.80157324031526,2.0,2.0,4.0,3.0,1.0,2.0,2.0,2.0,2.0,1.0,1.0,2.0,2.0,2.0,1.0,1.0,1.0,1.0,1.0,2.0,1.0,4.0,1.0,1.0,1.0,1.0,2.0,1.0,1.0,1.0,5.0,5.0,1.0,4.0,3.0,2.0,2.0,1.0,5.0,1.0,3.0,4.0,2.0,1.0,3.0,3.0,4.0,3.0,3.0,1.0,1.0,2.0,1.0,3.0,2.0,4.0,2.0,1.0,4.0,2.0,1.0,2.0,3.0,3.0,3.0,3.0,2.0,1.0,4.0,5.0,1.0,1.0,5.0,4.0,2.0,1.0,1.0,1.0,6.0,10.0,1.0,5.0,5.0,1.0,7.0,2.0,1.0,10.0,4.0,3.0,3.0,1.0,7.0,1.0,11.0,1.0,2.0,2.0,1.0,3.0,2.0,1.0,1.0,5.0,8.0,1.0,7.0,3.0,1.0,2.0,2.0,1.0,2.0,1.0,1.0,1.0,1.0,2.0,7.0,6.0,1.0,2.0,-12.02274586832829,1.0,1.0,1.0,5.0,1.0,1.0,2.0,5.0,1.0,2.0,7.0,6.0,6.0,1.0,2.0,9.0,3.0,6.0,1.0,6.0,4.0,9.0,1.0,1.0,1.0,2.0,10.0,6.0,2.0,2.0,5.0,5.0,1.0,10.0,1.0,2.0,4.0,5.0,13.0,1.0,1.0,1.0,1.0,4.0,4.0,3.0,1.0,2.0,1.0,1.0,1.0,2.0,4.0,4.0,5.0,11.0,1.0,1.0,1.0,1.0,5.0,2.0,7.0,1.0,1.0,2.0,1.0,1.0,1.0,3.0,3.0,2.0,2.0,3.0,5.0,1.0,2.0,1.0,-2.0,1.0,1.0,7.0,-3.0,-3.0,-3.0,-3.0,1.0,0.0,4.0,-2.0,5.0,-6.0,-6.0,-6.0,-6.0,-2.0,-1.0,-1.0,-6.0,-6.0,-6.0,-6.0,-3.0,-2.0,-1.0,-1.0,-3.0,-3.0,-3.0,-3.0,-2.0,-1.0,-1.0,2.0,-1.0,-6.0,-6.0,-6.0,-6.0,-6.0,-6.0,-6.0,1.0,1.0,-3.0,-3.0,7.0,2.0,-5.0,-5.0,-5.0,-5.0,1.0,-2.0,-2.0,2.0,1.0,-5.0,-6.0,-5.0,-5.0,2.0,1.0,1.0,1.0,-6.0,-6.0,-6.0,-6.0,-1.0,1.0,-2.0,-2.0,1.0,2.0,-13.0,-13.0,-1.0,-1.0,-2.0,2.0,1.0,-5.0,-5.0,-5.0,-5.0,-5.0,-5.0,1.0,1.0,-5.0,-5.0,-5.0,-5.0,-5.0,0.0,-3.0,-12.0,-12.0,1.0,5.0,-7.0,-7.0,-7.0,-7.0,1.0,7.0,1.0,1.0,1.0,2.0,11.0,1.0,4.0,1.0,3.0,6.0,1.0,2.0,3.0,15.0,3.0,2.0,3.0,4.0,1.0,6.0,6.0,4.0,2.0,1.0,1.0,1.0,1.0,1.0,1.0,3.0,7.0,1.0,3.0,1.0,1.0,1.0,3.0,2.0,1.0,2.0,2.0,1.0,1.0,3.0,3.0,3.0,1.0,1.0,2.0,3.0,3.0,3.0,1.0,1.0,1.0,3.0,4.0,4.0,2.0,3.0,1.0,1.0,1.0,1.0,1.0,1.0,2.0,3.0,4.0,4.0,2.0,6.0,3.0,1.0,1.0,1.0,1.0,1.0,1.0,2.0,3.0,1.0,13.0,3.0,1.0,1.0,6.0,1.0,1.0,1.0,4.0,1.0,1.0,2.0,2.0,4.0,3.0,3.0,1.0,1.0,1.0,1.0,2.0,2.0,3.0,3.0,1.0,1.0,2.0,2.0,1.0,2.0,6.0,6.0,2.0,3.0,2.0,2.0,1.0,1.0,2.0,2.0,6.0,6.0,2.0,3.0,2.0,2.0,1.0,1.0,21.0,3.0,4.0,1.0,2.0,2.0,8.0,1.0,7.0,2.0,1.0,2.0,3.0,4.0,4.0,1.0,16.0,1.0,6.0,3.0,1.0,1.0,2.0,10.0,1.0,10.0,3.0,3.0,2.0,1.0,4.0,3.0,1.0,2.0,1.0,1.0,4.0,1.0,3.0,1.0,2.0,2.0,1.0,1.0,1.0,1.0,3.0,1.0,1.0,2.0,1.0,1.0,1.0,1.0,1.0,0.29786125122586,1.0,1.0,1.0,1.0,1.0,4.0,3.0,1.0,1.0,1.0,1.0,1.0,1.0,2.0,2.0,1.0,4.0,1.0,4.0,1.0,1.0,2.0,1.0,1.0,3.0,2.0,2.0,2.0,2.0,1.0,1.0,6.0,24.0,4.0,1.0,3.0,2.0,1.0,1.0,16.0,35.0,3.0,1.0,1.0,1.0,1.0,1.0,1.0,3.0,5.0,1.0,1.0,2.0,7.0,5.0,5.0,2.0,3.0,1.0,1.0,1.0,8.0,1.0,5.0,3.0,2.0,9.0,6.0,1.0,4.0,13.0,1.0,7.0,7.0,1.0,1.0,1.0,1.0,1.0,4.0,6.0,3.0,2.0,1.0,8.0,6.0,1.0,1.0,1.0,2.0,3.0,1.0,2.0,8.0,1.0,2.0,9.0,2.0,1.0,1.0,1.0,1.0,1.0,4.0,1.0,1.0,4.0,5.0,1.0,1.0,2.0,3.0,2.0,1.0,2.0,5.0,6.0,4.0,6.0,8.0,11.0,7.0,6.0,1.0,1.0,1.0,4.0,1.0,3.0,4.0,5.0,12.0,5.0,2.0,2.0,1.0,4.0,2.0,1.0,1.0,1.0,3.0,4.0,3.0,2.0,2.0,3.0,5.0,1.0,7.0,5.0,2.0,2.0,3.0,1.0,1.0,1.0,1.0,2.0,1.0,2.0,1.0,1.0,12.0,10.0,8.0,6.0,5.0,1.0,1.0,1.0,3.0,1.0,1.0,1.0,3.0,4.0,1.0,2.0,1.0,1.0,1.0,2.0,1.0,1.0,8.0,1.0,1.0,2.0,2.0,5.0,2.0,2.0,1.0,1.0,3.0,2.0,3.0,1.0,6.0,6.0,1.0,1.0,6.0,1.0,6.0,9.0,3.0,13.0,10.0,1.0,1.0,11.0,1.0,1.0,3.0,8.0,9.0,2.0,1.0,2.0,3.0,-11.27402785368881,3.0,1.0,1.0,1.0,5.0,5.0,2.0,1.0,2.0,2.0,1.0,1.0,5.0,1.0,1.0,1.0,1.0,3.0,2.0,1.0,2.0,1.0,3.0,4.0,1.0,2.0,1.0,2.0,1.0,2.0,2.0,1.0,1.0,2.0,2.0,1.0,1.0,1.0,1.0,1.0,1.0,2.0,1.0,8.0,2.0,1.0,5.0,6.0,2.0,1.0,1.0,1.0,6.0,2.0,3.0,4.0,3.0,1.0,1.0,2.0,2.0,1.0,1.0,11.0,1.0,1.0,2.0,4.0,5.0,3.0,1.0,4.0,1.0,14.0,4.0,7.0,1.0,1.0,2.0,1.0,1.0,1.92572291035908,1.0,1.0,1.0,3.0,1.0,9.0,2.0,2.0,1.0,1.0,7.0,1.0,8.0,1.0,1.0,1.0,1.0,2.0,1.0,1.0,1.0,1.0,2.0,1.0,1.0,1.0,1.0,1.0,1.0,4.0,4.0,3.0,2.0,1.0,1.0,1.0,1.0,3.0,1.0,1.0,1.0,1.0,1.0,1.0,1.0,1.0,2.0,1.0,3.0,3.0,1.0,1.0,3.0,5.0,9.0,7.0,2.0,2.0,1.0,1.0,1.0,2.0,3.0,1.0,1.0,2.0,3.0,1.0,1.0,2.0,2.0,1.0,1.0,1.0,1.0,2.0,1.0,1.0,-1.0,-1.0,-2.0,-4.0,-12.0,-7.0,-6.0,-6.0,-9.0,-11.0,-2.0,-8.0,-10.0,-6.0,-11.0,-6.50984180533249,-1.0,-4.0,-1.0,-10.0,-11.0,-3.0,-8.0,-12.0,-10.0,-1.0,-1.0,-1.0,-1.0,-7.0,-7.0,-13.0,-7.0,2.0,1.0,1.0,1.0,2.0,1.0,1.0,5.0,1.0,2.0,1.0,1.0,3.0,1.0,3.0,1.0,1.0,1.0,1.0,1.0,1.0,1.0,1.0,4.0,1.0,1.0,2.0,1.0,1.0,3.0,1.0,1.0,2.0,1.0,1.0,2.0,3.0,1.0,2.0,1.0,1.0,1.0,1.0,1.0,1.0,2.0,1.0,2.0,1.0,2.0,5.0,6.0,1.0,2.0,1.0,1.0,3.0,1.0,1.0,2.0,3.0,3.0,1.0,1.0,2.0,5.0,5.0,1.0,1.0,4.0,3.0,2.0,1.0,1.0,-1.0,1.0,2.0,-3.0,1.0,1.0,-4.0,-4.0,-3.0,2.0,-1.0,-1.0,-1.0,-2.0,2.0,10.0,1.0,1.0,1.0,2.0,3.0,4.0,1.0,2.0,1.0,17.0,1.0,1.0,1.0,1.0,2.0,1.0,1.0,1.0,4.0,4.0,1.0,3.0,1.0,1.0,2.0,1.0,1.0,1.0,2.0,2.0,1.0,1.0,1.0,1.0,2.0,3.0,18.94840458248437,1.0,1.0,3.0,1.0,1.0,1.0,2.0,3.0,1.0,1.0,2.0,4.0,2.0,1.0,1.0,1.0,1.0,2.0,3.0,1.0,4.0,1.0,1.0,1.0,4.0,4.0,1.0,1.0,2.0,2.0,2.0,2.0,1.0,2.0,1.0,2.0,3.0,1.0,6.0,11.0,8.0,5.0,4.0,5.0,3.0,2.0,1.0,1.0,1.0,1.0,1.0,2.0,2.0,3.0,2.0,3.0,1.0,1.0,1.0,1.0,1.0,1.0,3.0,2.0,5.0,1.0,2.0,2.0,1.0,5.0,1.0,5.0,1.0,2.0,5.0,3.0,2.0,1.0,15.11250881122309,1.0,2.0,3.0,1.0,1.0,1.0,3.0,3.0,2.0,4.0,1.0,1.0,1.0,1.0,1.0,1.0,1.0,1.0,1.0,1.0,1.0,3.0,5.0,1.0,1.0,1.0,2.0,2.0,1.0,1.0,5.0,1.0,1.0,5.0,1.0,1.0,-7.0,-7.0,1.0,-1.0,-4.0,-2.0,-1.0,-2.0,-1.0,1.0,-1.0,-3.0,-5.0,0.0,-3.0,-1.0,-2.0,-4.0,1.0,-1.0,1.0,-1.0,-1.0,1.0,-1.0,-1.0,2.0,-2.0,-3.0,2.0,-2.0,-1.0,1.0,-1.0,-1.0,-2.0,1.0,-2.0,-1.0,2.0,-1.0,-1.0,-1.0,-1.0,-2.0,2.0,-2.0,-2.0,0.0,-1.0,-1.0,-1.0,-1.0,-1.0,1.0,1.0,1.0,7.0,1.0,1.0,1.0,1.0,1.0,2.0,1.0,1.0,12.0,1.0,1.0,1.0,1.0,1.0,1.0,2.0,1.0,1.0,1.0,1.0,2.0,4.0,3.0,1.0,1.0,3.0,1.0,1.0,1.0,1.0,2.0,1.0,1.0,1.0,1.0,1.0,2.0,1.0,1.0,3.0,7.0,2.0,1.0,1.0,1.0,1.0,1.0,1.0,1.0,1.0,1.0,1.0,1.0,1.0,6.0,1.0,1.0,1.0,1.0,1.0,1.0,1.0,1.0,1.0,1.0,1.0,1.0,1.0,1.0,1.0,1.0,4.0,1.0,1.0,1.0,1.0,1.0,1.0,1.0,1.0,1.0,1.0,1.0,1.0,1.0,1.0,1.0,1.0,1.0,1.0,1.0,-1.0,-1.0,1.0,1.0,2.0,-2.0,-2.0,-2.0,-2.0,-2.0,1.0,1.0,-3.56110793196185,-3.0,-3.0,-3.0,1.0,-5.0,-5.0,-5.0,1.0,1.0,1.0,1.0,2.0,1.0,1.0,-1.0,-1.0,-1.0,-1.0,-1.0,-1.0,4.0,4.0,1.0,1.0,3.0,1.0,1.0,1.0,1.0,1.0,3.0,3.0,2.0,1.0,1.0,1.0,1.0,1.0,2.0,1.0,1.0,2.0,2.0,1.0,1.0,1.0,1.0,1.0,3.0,3.0,3.0,1.0,1.0,2.0,1.0,1.0,2.0,2.0,2.0,1.0,1.0,1.0,2.0,1.0,1.0,1.0,1.0,3.0,1.0,1.0,1.0,1.0,4.0,2.0,5.0,1.0,2.0,1.0,1.0,1.0,1.0,3.0,1.0,2.0,3.0,2.0,1.0,1.0,1.0,2.0,10.58690883109722,2.0,2.0,1.0,6.0,3.0,6.0,1.0,1.0,1.0,3.0,1.0,4.0,5.0,1.0,1.0,1.0,1.0,1.0,17.0,1.0,2.0,12.0,1.0,2.0,3.0,8.0,13.0,5.0,2.0,1.0,2.0,6.0,4.0,4.0,2.0,1.0,3.0,2.0,1.0,1.0,1.0,3.0,1.0,1.0,1.0,3.0,1.0,1.0,1.0,3.0,1.0,1.0,1.0,2.0,3.0,7.0,4.0,3.0,-0.31044766992144,2.0,2.0,2.0,1.0,1.0,1.0,1.0,1.0,1.0,1.0,1.0,1.0,1.0,1.0,1.0,1.0,1.0,1.0,1.0,1.0,1.0,1.0,1.0,1.0,1.0,1.0,1.0,1.0,3.0,1.0,1.0,2.0,2.0,2.0,2.0,3.0,1.0,1.0,1.0,2.0,1.0,4.0,3.0,1.0,1.0,1.0,2.0,1.0,7.39298284432326,1.0,5.0,3.0,2.0,1.0,1.0,1.0,1.0,1.0,1.0,1.0,1.0,1.0,3.0,4.0,3.0,1.0,1.0,1.0,1.0,1.0,1.0,1.0,1.0,1.0,1.0,1.0,1.0,2.0,1.0,1.0,1.0,1.0,1.0,1.0,1.0,1.0,1.0,1.0,1.0,2.0,1.0,1.0,1.0,1.0,1.0,1.0,1.0,1.0,1.0,1.0,1.0,1.0,1.0,3.0,8.0,2.0,1.0,2.0,1.0,1.0,4.0,1.0,1.0,1.0,1.0,1.0,1.0,1.0,7.0,5.0,2.0,3.0,1.0,1.0,2.0,1.0,1.0,1.0,1.0,1.0,1.0,2.0,3.0,1.0,2.0,2.0,2.0,1.0,3.0,1.0,1.0,1.0,1.0,3.0,2.0,3.0,3.0,1.0,1.0,2.0,2.0,2.0,3.0,2.0,1.0,3.0,1.0,2.0,2.0,2.0,2.0,2.0,2.0,1.0,1.0,1.0,1.0,1.0,1.0,1.0,1.0,1.0,2.0,1.0,1.0,1.0,3.0,1.0,1.0,1.0,1.0,1.0,1.0,1.0,2.0,1.0,6.0,1.0,5.0,1.0,4.0,1.0,8.0,1.0,3.0,3.0,4.0,1.0,2.0,2.0,1.0,1.0,3.0,2.0,3.0,1.0,2.0,1.0,1.0,2.0,1.0,1.0,4.0,6.0,1.0,1.0,1.0,2.0,2.0,1.0,1.0,3.0,5.0,4.0,1.0,1.0,5.0,1.0,1.0,2.0,1.0,1.0,1.0,4.0,2.0,1.0,4.0,2.0,6.0,1.0,1.0,1.0,1.0,6.0,4.0,1.0,1.0,3.0,3.0,-1.3686525685699,9.0,2.0,3.0,3.0,3.0,3.0,1.0,1.0,5.0,5.0,5.0,5.0,1.0,7.0,10.0,2.0,1.0,4.0,5.0,5.0,5.0,5.0,2.0,1.0,3.0,5.0,4.0,2.0,2.0,1.0,1.0,2.0,3.0,1.0,1.0,3.0,11.0,5.0,5.0,5.0,5.0,5.0,5.0,5.0,5.0,13.0,3.0,2.0,2.0,3.0,11.0,5.0,5.0,5.0,5.0,1.0,1.0,2.0,18.0,11.0,2.0,1.0,3.0,3.0,5.0,5.0,5.0,5.0,5.0,5.0,2.0,1.0,3.0,1.0,1.0,21.0,1.0,2.0,3.0,6.0,6.0,6.0,6.0,2.0,5.0,3.0,2.0,5.0,13.0,2.0,5.0,5.0,5.0,5.0,6.0,2.0,24.0,2.0,1.0,2.0,5.0,5.0,5.0,5.0,1.0,2.0,4.0,3.0,12.0,1.0,9.0,4.0,4.0,4.0,4.0,4.0,4.0,4.0,1.0,10.0,4.0,1.0,21.0,1.0,2.0,1.0,1.0,1.0,4.0,3.0,5.0,6.0,6.0,6.0,6.0,6.0,1.0,1.0,3.0,15.0,1.0,1.0,1.0,1.0,7.0,4.0,1.0,10.0,5.0,5.0,5.0,5.0,1.0,1.0,4.0,2.0,1.0,1.0,2.0,2.0,9.0,2.0,1.0,1.0,3.0,1.0,4.0,3.0,1.0,1.0,1.0,1.0,1.0,2.0,1.0,1.0,9.0,1.0,1.0,1.0,2.0,5.0,5.0,5.0,5.0,2.0,1.0,7.0,1.0,2.0,5.0,5.0,5.0,5.0,5.0,5.0,5.0,3.0,1.0,1.0,20.0,1.0,1.0,1.0,4.0,1.0,1.0,2.0,1.0,9.0,3.0,4.0,4.0,4.0,4.0,4.0,4.0,4.0,4.0,1.0,1.0,37.0,1.0,1.0,1.0,6.0,6.0,6.0,6.0,6.0,6.0,1.0,1.0,1.0,1.0,6.0,16.0,1.0,5.0,5.0,5.0,5.0,1.0,27.0,1.0,1.0,1.0,7.0,6.0,6.0,6.0,6.0,1.0,2.0,1.0,30.0,1.0,1.0,1.0,1.0,8.0,6.0,6.0,6.0,6.0,13.32796194626393,2.0,2.0,2.0,2.0,5.0,5.0,7.0,3.0,30.0,3.0,10.0,6.0,1.0,10.0,5.0,5.0,5.0,5.0,5.0,5.0,5.0,4.0,1.0,6.0,8.0,1.0,2.0,3.0,4.0,4.0,5.0,6.0,6.0,6.0,6.0,-5.0,-5.0,-5.0,-5.0,-5.0,-5.0,-5.0,-5.0,-5.0,-5.0,1.0
1.0,1.0,1.0,2.0,1.0,2.0,4.0,7.0,1.0,2.0,1.0,5.0,1.0,1.0,1.0,1.0,3.0,1.0,2.0,1.0,1.0,1.0,1.0,1.0,1.0,1.0,5.0,2.0,1.0,3.0,1.0,1.0,5.0,1.0,1.0,2.0,1.0,1.0,1.0,2.0,3.0,1.0,1.0,1.0,1.0,1.0,1.0,1.0,1.0,1.0,1.0,1.0,5.0,3.0,2.0,1.0,1.0,2.0,1.0,1.0,1.0,1.0,1.0,1.0,1.0,1.0,2.0,1.0,5.0,1.0,2.0,1.0,1.0,2.0,1.0,1.0,1.0,1.0,2.0,1.0,7.0,4.0,1.0,2.0,1.0,2.0,12.0,5.0,1.0,15.0,1.0,2.0,2.0,2.0,1.0,1.0,8.0,1.0,4.0,1.0,1.0,16.0,3.0,3.0,1.0,2.0,1.0,1.0,6.0,7.0,1.0,2.0,3.0,2.0,2.0,3.0,2.0,1.0,5.0,1.0,3.0,2.0,2.0,1.0,1.0,1.0,10.0,10.0,1.0,3.0,2.0,1.0,2.0,5.0,2.0,1.0,3.0,1.0,1.0,1.0,1.0,1.0,1.0,1.0,7.0,1.0,1.0,13.0,1.0,1.0,1.0,10.0,2.0,1.0,3.0,1.0,1.0,2.0,3.0,1.0,1.0,1.0,1.0,1.0,1.0,1.0,2.0,1.0,14.0,1.0,1.0,1.0,2.0,2.0,1.0,3.0,2.0,1.0,1.0,1.0,2.0,5.0,1.0,1.0,1.0,4.0,1.0,4.0,2.0,14.0,1.0,2.0,2.0,4.0,1.0,1.0,3.0,1.0,1.0,2.0,1.0,1.0,4.0,3.0,17.0,1.0,1.0,1.0,1.0,3.0,1.0,3.0,5.0,1.0,2.0,2.0,2.0,1.0,1.0,1.0,4.0,1.0,2.0,1.0,1.0,1.0,1.0,1.0,1.0,5.0,2.0,2.0,3.0,1.0,1.0,1.0,1.0,2.0,1.0,1.0,1.0,1.0,1.0,5.0,2.0,3.0,2.0,2.0,3.0,1.0,2.0,4.0,1.0,2.0,2.0,2.0,1.0,1.0,1.0,1.0,1.0,3.0,2.0,1.0,1.0,13.0,3.0,1.0,1.0,1.0,7.0,4.0,1.0,1.0,1.0,8.0,1.0,1.0,6.0,2.0,1.0,3.0,2.0,8.0,2.0,1.0,1.0,1.0,5.0,1.0,8.0,1.0,4.0,9.0,7.0,1.0,1.0,8.0,1.0,2.0,1.0,1.0,4.0,1.0,1.0,1.0,7.0,4.0,5.0,3.0,1.0,1.0,1.0,2.0,1.0,1.0,1.0,1.0,1.0,1.0,6.0,3.0,2.0,2.0,1.0,1.0,1.0,1.0,1.0,1.0,5.0,1.0,1.0,3.0,1.0,1.0,-0.19794830327839,3.0,1.0,1.0,1.0,2.0,2.0,1.0,1.0,1.0,3.0,4.0,4.0,1.0,1.0,1.0,2.0,1.0,2.0,2.0,2.0,8.0,9.0,3.0,1.0,2.0,1.0,1.0,3.0,2.0,2.0,1.0,5.0,1.0,3.0,3.0,3.0,4.0,1.0,1.0,2.0,2.0,3.0,3.0,1.0,3.0,2.0,1.0,1.0,1.0,1.0,1.0,1.0,1.0,1.0,1.0,1.0,1.0,2.0,10.0,2.0,3.0,3.0,3.0,2.0,1.0,1.0,1.0,1.0,2.0,1.0,15.0,3.0,3.0,3.0,3.0,1.0,1.0,11.0,2.0,2.0,2.0,3.0,1.0,1.0,1.0,1.0,9.0,2.0,2.0,3.0,3.0,1.0,1.0,1.0,2.0,1.0,13.0,2.0,2.0,3.0,3.0,6.0,5.0,2.0,2.0,2.0,2.0,3.0,3.0,4.0,3.0,2.0,2.0,3.0,3.0,4.0,2.0,7.0,3.0,3.0,2.0,2.0,1.0,3.0,7.0,2.0,13.0,6.0,4.0,1.0,1.0,1.0,2.0,1.0,3.0,2.0,10.0,2.0,14.0,1.0,1.0,1.0,9.0,3.0,2.0,1.0,1.0,10.0,2.0,1.0,1.0,1.0,2.0,3.0,7.0,5.0,1.0,1.0,1.0,2.0,6.0,2.0,2.0,4.0,2.0,1.0,1.0,1.0,3.0,2.0,10.0,3.0,1.0,1.0,1.0,5.0,3.0,5.0,1.0,3.0,1.0,1.0,2.0,2.0,3.0,2.0,1.0,2.0,1.0,1.0,1.0,2.0,1.0,1.0,1.0,1.0,5.0,1.0,2.0,1.0,1.0,1.0,1.0,1.0,4.0,1.0,1.0,14.0,1.0,4.0,1.0,13.0,11.0,2.0,2.0,1.0,5.0,1.0,11.0,1.0,1.0,1.0,1.0,1.0,4.0,1.0,1.0,1.0,1.0,3.0,1.0,3.0,1.0,5.0,9.0,1.0,1.0,1.0,1.0,4.0,1.0,6.0,13.0,1.0,3.0,3.0,4.0,1.0,3.0,1.0,4.0,1.0,14.0,9.0,12.0,7.0,1.0,1.0,1.0,2.0,4.0,4.0,6.0,10.0,8.0,21.0,4.0,4.0,3.0,2.0,4.0,1.0,2.0,12.0,11.0,1.0,3.0,4.0,1.0,1.0,1.0,1.0,3.0,6.0,7.0,2.0,5.0,3.0,3.0,8.0,10.0,2.0,19.0,8.0,5.0,1.0,3.0,2.0,6.0,-4.04564786099211,2.0,1.0,2.0,3.0,8.0,9.0,6.0,6.0,1.0,1.0,2.0,2.0,2.0,8.0,4.0,5.0,8.0,7.0,13.0,3.0,9.0,2.0,1.0,3.0,5.0,1.0,3.0,1.0,1.0,7.0,8.0,1.0,2.0,1.0,1.0,6.0,1.0,1.0,1.0,5.0,15.0,1.0,2.0,7.0,5.0,4.0,5.0,4.0,16.0,6.0,4.0,2.0,1.0,1.0,1.0,1.0,1.0,1.0,2.0,1.0,7.0,7.0,4.0,1.0,2.0,1.0,2.0,1.0,1.0,1.0,1.0,2.0,2.0,1.0,1.0,1.0,1.0,1.0,1.0,1.0,1.0,1.0,1.0,1.0,2.0,2.0,4.0,1.0,1.0,1.0,2.0,7.0,1.0,1.0,1.0,1.0,1.0,1.0,1.0,2.0,3.0,6.0,7.0,4.0,1.0,3.0,1.0,1.0,1.0,1.0,1.0,1.0,1.0,1.0,1.0,2.0,1.0,1.0,2.0,1.0,1.0,1.0,2.0,1.0,1.0,1.0,1.0,1.0,2.0,2.0,3.0,6.0,1.0,1.0,2.0,1.0,1.0,2.0,1.0,1.0,13.0,19.0,2.0,1.0,1.0,4.0,1.0,1.0,1.0,1.0,1.0,1.0,1.0,1.0,1.0,1.0,1.0,2.0,1.0,1.0,1.0,16.0,15.0,1.0,2.0,2.0,2.0,1.0,1.0,1.0,2.0,1.0,1.0,1.0,1.0,1.0,2.0,1.0,1.0,3.0,1.0,1.0,1.0,2.0,1.0,1.0,12.0,7.0,1.0,5.0,1.0,3.0,1.0,1.0,1.0,2.0,3.0,1.0,1.0,6.0,7.0,3.0,5.0,3.0,1.0,1.0,3.0,2.0,1.0,7.0,16.0,1.0,1.0,5.0,3.0,1.0,1.0,3.0,2.0,1.0,6.96952489648403,1.0,2.0,3.0,3.0,1.0,1.0,2.0,1.0,1.0,1.0,2.0,30.0,1.0,4.0,7.0,1.0,1.0,1.0,1.0,1.0,2.0,1.0,2.0,1.0,1.0,1.0,1.0,1.0,1.0,5.0,24.0,4.0,2.0,1.0,1.0,1.0,1.0,1.0,1.0,2.0,2.0,3.0,1.0,2.0,1.0,1.0,1.0,1.0,1.0,1.0,1.0,2.0,1.0,1.0,1.0,1.0,1.0,1.0,1.0,1.0,3.0,1.0,1.0,1.0,3.0,5.0,2.0,3.0,1.0,1.0,2.0,1.0,2.0,1.0,3.0,1.0,2.0,1.0,1.0,2.0,2.0,2.0,1.0,1.0,5.0,2.0,2.0,4.0,1.0,3.0,1.0,4.0,1.0,1.0,2.0,1.0,1.0,4.0,1.0,2.0,1.0,1.0,2.0,4.0,1.0,2.0,2.0,5.0,1.0,1.0,2.0,1.0,1.0,3.0,1.0,1.0,3.0,3.0,5.0,3.0,4.0,1.0,1.0,1.0,2.0,1.0,2.0,1.0,2.0,1.0,1.0,3.0,1.0,1.0,1.0,1.0,2.0,1.0,1.0,1.0,2.0,1.0,1.0,1.0,1.0,1.0,1.0,1.0,1.0,4.0,1.0,1.0,1.0,2.0,1.0,6.0,1.0,1.0,1.0,2.0,2.0,1.0,1.0,1.0,3.8076550310665,2.0,1.0,1.0,2.0,1.0,-1.0,-1.0,-1.0,-1.0,-2.0,1.0,9.0,-1.0,1.0,-1.0,-1.0,-5.0,-4.0,-3.0,-4.0,-5.0,-5.0,1.0,1.0,1.0,6.0,6.0,2.0,1.0,3.0,2.0,1.0,4.0,5.0,1.0,3.0,1.0,1.0,2.0,1.0,5.0,1.0,1.0,10.0,4.0,1.0,1.0,1.0,3.0,7.0,1.0,2.0,8.0,1.0,2.0,1.0,1.0,1.0,2.0,1.0,2.0,9.0,1.0,9.0,1.0,1.0,1.0,3.0,1.0,1.0,4.0,4.0,1.0,2.0,1.0,2.0,1.0,1.0,1.0,2.0,1.0,1.0,2.0,4.0,1.0,1.0,10.0,1.0,1.0,1.0,3.0,1.0,4.0,4.0,9.0,1.0,1.0,5.0,1.0,1.0,1.0,4.0,2.0,5.0,1.0,7.0,1.0,5.0,1.0,1.0,1.0,18.20845275419301,1.0,5.0,4.0,6.0,1.0,-3.0,-1.0,-1.0,-13.71931735451625,-2.0,-2.0,-1.0,-1.0,-1.0,-1.0,-3.0,-1.0,-2.0,-4.0,-1.0,-2.0,-1.0,-1.0,-1.0,5.0,4.0,2.0,7.0,2.0,1.0,2.0,1.0,2.0,1.0,3.0,4.0,4.0,1.0,1.0,2.0,4.0,2.0,11.56553411323772,1.0,5.0,11.27775448851298,8.0,7.0,1.0,4.0,3.0,1.0,1.0,1.0,2.0,1.0,4.0,1.0,1.0,1.0,1.0,2.0,1.0,1.0,3.0,2.0,4.0,7.0,7.0,4.0,1.0,1.0,4.0,1.0,1.0,2.0,1.0,1.0,5.0,1.0,2.0,7.0,4.0,2.0,2.0,1.0,1.0,1.0,2.0,2.0,2.0,1.0,1.0,2.0,6.0,1.0,4.0,2.0,3.0,-10.81276160699843,1.0,8.0,8.0,1.0,1.0,2.0,2.0,1.0,1.0,2.0,2.0,11.0,5.0,2.0,1.0,2.0,2.0,2.0,2.0,2.0,2.0,2.0,2.0,2.0,1.0,1.0,25.0,6.0,5.0,5.0,5.0,5.0,5.0,5.0,3.0,2.0,1.0,1.0,2.0,1.0,1.0,12.0,15.0,4.0,4.0,5.0,4.0,4.0,5.0,2.0,1.0,5.0,1.0,1.0,2.0,1.0,16.0,5.0,4.0,5.0,4.0,10.0,2.0,4.0,3.0,3.0,6.0,4.0,4.0,4.0,4.0,4.0,4.0,4.0,4.0,4.0,2.0,4.0,4.0,4.0,4.0,4.0,4.0,1.0,1.0,4.0,4.0,4.0,4.0,4.0,4.0,1.0,1.0,1.0,1.0,1.0,1.0,4.0,4.0,4.0,4.0,4.0,4.0,4.0,4.0,4.0,4.0,1.0,1.0,1.0,1.0,3.0,1.0,1.0,10.0,1.0,1.0,1.0,1.0,1.0,21.0,15.0,1.0,1.0,1.0,1.0,1.0,1.0,5.0,1.0,6.0,2.0,2.0,23.0,14.0,1.0,3.0,3.0,3.0,3.0,3.0,3.0,3.0,3.0,1.0,1.0,1.0,1.0,1.0,6.0,1.0,4.0,10.0,9.0,26.0,7.0,3.0,3.0,4.0,3.0,3.0,3.0,4.0,3.0,1.0,1.0,1.0,1.0,3.0,1.0,1.0,13.0,2.0,2.0,2.0,2.0,2.0,2.0,2.0,1.0,1.0,2.0,2.0,2.0,2.0,2.0,2.0,3.0,2.0,1.0,2.0,2.0,2.0,2.0,2.0,2.0,2.0,1.0,2.0,2.0,2.0,2.0,2.0,2.0,2.0,2.0,2.0,2.0,2.0,1.0,-2.0,1.0,4.0,1.0,-4.0,-4.0,-5.0,-4.0,-4.0,-4.0,-5.0,-4.0,-1.0,1.0,2.0,-1.0,1.0,-4.0,-5.0,-4.0,-4.0,-5.0,-4.0,2.0,1.0,-5.0,-6.0,-5.0,-5.0,-6.0,-5.0,1.0,1.0,1.0,-5.0,-5.0,-5.0,-5.0,-5.0,-5.0,-1.0,1.0,-1.0,-5.0,-5.0,-5.0,-5.0,-5.0,-5.0,-3.0,-4.0,-1.0,-1.0,-3.0,-1.0,0.0,1.0,-9.0,-5.0,-11.00604357555452,-1.0,-2.0,-1.0,-1.0,-2.0,-1.0,-3.0,-2.0,-1.0,-1.0,-1.0,-1.0,-1.0,-3.0,-1.0,-1.0,-1.0,-1.0,-3.0,-2.0,18.45784305872714,-2.0,-1.0,-1.0,-1.0,-2.0,7.0,-4.0,-2.0,-3.0,-3.0,-1.0,-1.0,-1.0,1.0,1.0,0.0,-1.0,-5.0,-7.0,-1.0,-2.0,-1.0,9.0,2.0,13.0,-1.0,-1.0,-1.0,-5.0,-5.0,-2.0,-4.0,1.0,5.0,4.0,2.0,2.0,1.0,2.0,15.0,17.0,4.0,5.0,7.0,13.0,1.0,3.0,1.0,1.0,1.0,12.0,5.0,5.0,1.0,11.0,2.0,4.0,2.0,1.0,15.57346510062307,4.0,2.0,1.0,1.0,2.0,1.0,1.0,2.0,1.0,1.0,2.0,6.0,1.0,1.0,2.0,4.0,3.0,2.0,2.0,3.0,7.0,1.0,1.0,1.0,1.0,1.0,2.0,1.0,1.0,1.0,1.0,1.0,1.0,1.0,1.0,2.0,2.0,1.0,4.0,1.0,1.0,1.0,1.0,3.0,1.0,2.0,6.0,1.0,1.0,1.0,1.0,1.0,1.0,1.0,1.0,1.0,1.0,1.0,1.0,3.0,1.0,1.0,3.0,2.0,2.0,2.0,5.0,-20.80157324031526,2.0,2.0,4.0,3.0,1.0,2.0,2.0,2.0,2.0,1.0,1.0,2.0,2.0,2.0,1.0,1.0,1.0,1.0,1.0,2.0,1.0,4.0,1.0,1.0,1.0,1.0,2.0,1.0,1.0,1.0,5.0,5.0,1.0,4.0,3.0,2.0,2.0,1.0,5.0,1.0,3.0,4.0,2.0,1.0,3.0,3.0,4.0,3.0,3.0,1.0,1.0,2.0,1.0,3.0,2.0,4.0,2.0,1.0,4.0,2.0,1.0,2.0,3.0,3.0,3.0,3.0,2.0,1.0,4.0,5.0,1.0,1.0,5.0,4.0,2.0,1.0,1.0,1.0,6.0,10.0,1.0,5.0,5.0,1.0,7.0,2.0,1.0,10.0,4.0,3.0,3.0,1.0,7.0,1.0,11.0,1.0,2.0,2.0,1.0,3.0,2.0,1.0,1.0,5.0,8.0,1.0,7.0,3.0,1.0,2.0,2.0,1.0,2.0,1.0,1.0,1.0,1.0,2.0,7.0,6.0,1.0,2.0,-12.02274586832829,1.0,1.0,1.0,5.0,1.0,1.0,2.0,5.0,1.0,2.0,7.0,6.0,6.0,1.0,2.0,9.0,3.0,6.0,1.0,6.0,4.0,9.0,1.0,1.0,1.0,2.0,10.0,6.0,2.0,2.0,5.0,5.0,1.0,10.0,1.0,2.0,4.0,5.0,13.0,1.0,1.0,1.0,1.0,4.0,4.0,3.0,1.0,2.0,1.0,1.0,1.0,2.0,4.0,4.0,5.0,11.0,1.0,1.0,1.0,1.0,5.0,2.0,7.0,1.0,1.0,2.0,1.0,1.0,1.0,3.0,3.0,2.0,2.0,3.0,5.0,1.0,2.0,1.0,-2.0,1.0,1.0,7.0,-3.0,-3.0,-3.0,-3.0,1.0,0.0,4.0,-2.0,5.0,-6.0,-6.0,-6.0,-6.0,-2.0,-1.0,-1.0,-6.0,-6.0,-6.0,-6.0,-3.0,-2.0,-1.0,-1.0,-3.0,-3.0,-3.0,-3.0,-2.0,-1.0,-1.0,2.0,-1.0,-6.0,-6.0,-6.0,-6.0,-6.0,-6.0,-6.0,1.0,1.0,-3.0,-3.0,7.0,2.0,-5.0,-5.0,-5.0,-5.0,1.0,-2.0,-2.0,2.0,1.0,-5.0,-6.0,-5.0,-5.0,2.0,1.0,1.0,1.0,-6.0,-6.0,-6.0,-6.0,-1.0,1.0,-2.0,-2.0,1.0,2.0,-13.0,-13.0,-1.0,-1.0,-2.0,2.0,1.0,-5.0,-5.0,-5.0,-5.0,-5.0,-5.0,1.0,1.0,-5.0,-5.0,-5.0,-5.0,-5.0,0.0,-3.0,-12.0,-12.0,1.0,5.0,-7.0,-7.0,-7.0,-7.0,1.0,7.0,1.0,1.0,1.0,2.0,11.0,1.0,4.0,1.0,3.0,6.0,1.0,2.0,3.0,15.0,3.0,2.0,3.0,4.0,1.0,6.0,6.0,4.0,2.0,1.0,1.0,1.0,1.0,1.0,1.0,3.0,7.0,1.0,3.0,1.0,1.0,1.0,3.0,2.0,1.0,2.0,2.0,1.0,1.0,3.0,3.0,3.0,1.0,1.0,2.0,3.0,3.0,3.0,1.0,1.0,1.0,3.0,4.0,4.0,2.0,3.0,1.0,1.0,1.0,1.0,1.0,1.0,2.0,3.0,4.0,4.0,2.0,6.0,3.0,1.0,1.0,1.0,1.0,1.0,1.0,2.0,3.0,1.0,13.0,3.0,1.0,1.0,6.0,1.0,1.0,1.0,4.0,1.0,1.0,2.0,2.0,4.0,3.0,3.0,1.0,1.0,1.0,1.0,2.0,2.0,3.0,3.0,1.0,1.0,2.0,2.0,1.0,2.0,6.0,6.0,2.0,3.0,2.0,2.0,1.0,1.0,2.0,2.0,6.0,6.0,2.0,3.0,2.0,2.0,1.0,1.0,21.0,3.0,4.0,1.0,2.0,2.0,8.0,1.0,7.0,2.0,1.0,2.0,3.0,4.0,4.0,1.0,16.0,1.0,6.0,3.0,1.0,1.0,2.0,10.0,1.0,10.0,3.0,3.0,2.0,1.0,4.0,3.0,1.0,2.0,1.0,1.0,4.0,1.0,3.0,1.0,2.0,2.0,1.0,1.0,1.0,1.0,3.0,1.0,1.0,2.0,1.0,1.0,1.0,1.0,1.0,0.29786125122586,1.0,1.0,1.0,1.0,1.0,4.0,3.0,1.0,1.0,1.0,1.0,1.0,1.0,2.0,2.0,1.0,4.0,1.0,4.0,1.0,1.0,2.0,1.0,1.0,3.0,2.0,2.0,2.0,2.0,1.0,1.0,6.0,24.0,4.0,1.0,3.0,2.0,1.0,1.0,16.0,35.0,3.0,1.0,1.0,1.0,1.0,1.0,1.0,3.0,5.0,1.0,1.0,2.0,7.0,5.0,5.0,2.0,3.0,1.0,1.0,1.0,8.0,1.0,5.0,3.0,2.0,9.0,6.0,1.0,4.0,13.0,1.0,7.0,7.0,1.0,1.0,1.0,1.0,1.0,4.0,6.0,3.0,2.0,1.0,8.0,6.0,1.0,1.0,1.0,2.0,3.0,1.0,2.0,8.0,1.0,2.0,9.0,2.0,1.0,1.0,1.0,1.0,1.0,4.0,1.0,1.0,4.0,5.0,1.0,1.0,2.0,3.0,2.0,1.0,2.0,5.0,6.0,4.0,6.0,8.0,11.0,7.0,6.0,1.0,1.0,1.0,4.0,1.0,3.0,4.0,5.0,12.0,5.0,2.0,2.0,1.0,4.0,2.0,1.0,1.0,1.0,3.0,4.0,3.0,2.0,2.0,3.0,5.0,1.0,7.0,5.0,2.0,2.0,3.0,1.0,1.0,1.0,1.0,2.0,1.0,2.0,1.0,1.0,12.0,10.0,8.0,6.0,5.0,1.0,1.0,1.0,3.0,1.0,1.0,1.0,3.0,4.0,1.0,2.0,1.0,1.0,1.0,2.0,1.0,1.0,8.0,1.0,1.0,2.0,2.0,5.0,2.0,2.0,1.0,1.0,3.0,2.0,3.0,1.0,6.0,6.0,1.0,1.0,6.0,1.0,6.0,9.0,3.0,13.0,10.0,1.0,1.0,11.0,1.0,1.0,3.0,8.0,9.0,2.0,1.0,2.0,3.0,-11.27402785368881,3.0,1.0,1.0,1.0,5.0,5.0,2.0,1.0,2.0,2.0,1.0,1.0,5.0,1.0,1.0,1.0,1.0,3.0,2.0,1.0,2.0,1.0,3.0,4.0,1.0,2.0,1.0,2.0,1.0,2.0,2.0,1.0,1.0,2.0,2.0,1.0,1.0,1.0,1.0,1.0,1.0,2.0,1.0,8.0,2.0,1.0,5.0,6.0,2.0,1.0,1.0,1.0,6.0,2.0,3.0,4.0,3.0,1.0,1.0,2.0,2.0,1.0,1.0,11.0,1.0,1.0,2.0,4.0,5.0,3.0,1.0,4.0,1.0,14.0,4.0,7.0,1.0,1.0,2.0,1.0,1.0,1.92572291035908,1.0,1.0,1.0,3.0,1.0,9.0,2.0,2.0,1.0,1.0,7.0,1.0,8.0,1.0,1.0,1.0,1.0,2.0,1.0,1.0,1.0,1.0,2.0,1.0,1.0,1.0,1.0,1.0,1.0,4.0,4.0,3.0,2.0,1.0,1.0,1.0,1.0,3.0,1.0,1.0,1.0,1.0,1.0,1.0,1.0,1.0,2.0,1.0,3.0,3.0,1.0,1.0,3.0,5.0,9.0,7.0,2.0,2.0,1.0,1.0,1.0,2.0,3.0,1.0,1.0,2.0,3.0,1.0,1.0,2.0,2.0,1.0,1.0,1.0,1.0,2.0,1.0,1.0,-1.0,-1.0,-2.0,-4.0,-12.0,-7.0,-6.0,-6.0,-9.0,-11.0,-2.0,-8.0,-10.0,-6.0,-11.0,-6.50984180533249,-1.0,-4.0,-1.0,-10.0,-11.0,-3.0,-8.0,-12.0,-10.0,-1.0,-1.0,-1.0,-1.0,-7.0,-7.0,-13.0,-7.0,2.0,1.0,1.0,1.0,2.0,1.0,1.0,5.0,1.0,2.0,1.0,1.0,3.0,1.0,3.0,1.0,1.0,1.0,1.0,1.0,1.0,1.0,1.0,4.0,1.0,1.0,2.0,1.0,1.0,3.0,1.0,1.0,2.0,1.0,1.0,2.0,3.0,1.0,2.0,1.0,1.0,1.0,1.0,1.0,1.0,2.0,1.0,2.0,1.0,2.0,5.0,6.0,1.0,2.0,1.0,1.0,3.0,1.0,1.0,2.0,3.0,3.0,1.0,1.0,2.0,5.0,5.0,1.0,1.0,4.0,3.0,2.0,1.0,1.0,-1.0,1.0,2.0,-3.0,1.0,1.0,-4.0,-4.0,-3.0,2.0,-1.0,-1.0,-1.0,-2.0,2.0,10.0,1.0,1.0,1.0,2.0,3.0,4.0,1.0,2.0,1.0,17.0,1.0,1.0,1.0,1.0,2.0,1.0,1.0,1.0,4.0,4.0,1.0,3.0,1.0,1.0,2.0,1.0,1.0,1.0,2.0,2.0,1.0,1.0,1.0,1.0,2.0,3.0,18.94840458248437,1.0,1.0,3.0,1.0,1.0,1.0,2.0,3.0,1.0,1.0,2.0,4.0,2.0,1.0,1.0,1.0,1.0,2.0,3.0,1.0,4.0,1.0,1.0,1.0,4.0,4.0,1.0,1.0,2.0,2.0,2.0,2.0,1.0,2.0,1.0,2.0,3.0,1.0,6.0,11.0,8.0,5.0,4.0,5.0,3.0,2.0,1.0,1.0,1.0,1.0,1.0,2.0,2.0,3.0,2.0,3.0,1.0,1.0,1.0,1.0,1.0,1.0,3.0,2.0,5.0,1.0,2.0,2.0,1.0,5.0,1.0,5.0,1.0,2.0,5.0,3.0,2.0,1.0,15.11250881122309,1.0,2.0,3.0,1.0,1.0,1.0,3.0,3.0,2.0,4.0,1.0,1.0,1.0,1.0,1.0,1.0,1.0,1.0,1.0,1.0,1.0,3.0,5.0,1.0,1.0,1.0,2.0,2.0,1.0,1.0,5.0,1.0,1.0,5.0,1.0,1.0,-7.0,-7.0,1.0,-1.0,-4.0,-2.0,-1.0,-2.0,-1.0,1.0,-1.0,-3.0,-5.0,0.0,-3.0,-1.0,-2.0,-4.0,1.0,-1.0,1.0,-1.0,-1.0,1.0,-1.0,-1.0,2.0,-2.0,-3.0,2.0,-2.0,-1.0,1.0,-1.0,-1.0,-2.0,1.0,-2.0,-1.0,2.0,-1.0,-1.0,-1.0,-1.0,-2.0,2.0,-2.0,-2.0,0.0,-1.0,-1.0,-1.0,-1.0,-1.0,1.0,1.0,1.0,7.0,1.0,1.0,1.0,1.0,1.0,2.0,1.0,1.0,12.0,1.0,1.0,1.0,1.0,1.0,1.0,2.0,1.0,1.0,1.0,1.0,2.0,4.0,3.0,1.0,1.0,3.0,1.0,1.0,1.0,1.0,2.0,1.0,1.0,1.0,1.0,1.0,2.0,1.0,1.0,3.0,7.0,2.0,1.0,1.0,1.0,1.0,1.0,1.0,1.0,1.0,1.0,1.0,1.0,1.0,6.0,1.0,1.0,1.0,1.0,1.0,1.0,1.0,1.0,1.0,1.0,1.0,1.0,1.0,1.0,1.0,1.0,4.0,1.0,1.0,1.0,1.0,1.0,1.0,1.0,1.0,1.0,1.0,1.0,1.0,1.0,1.0,1.0,1.0,1.0,1.0,1.0,-1.0,-1.0,1.0,1.0,2.0,-2.0,-2.0,-2.0,-2.0,-2.0,1.0,1.0,-3.56110793196185,-3.0,-3.0,-3.0,1.0,-5.0,-5.0,-5.0,1.0,1.0,1.0,1.0,2.0,1.0,1.0,-1.0,-1.0,-1.0,-1.0,-1.0,-1.0,4.0,4.0,1.0,1.0,3.0,1.0,1.0,1.0,1.0,1.0,3.0,3.0,2.0,1.0,1.0,1.0,1.0,1.0,2.0,1.0,1.0,2.0,2.0,1.0,1.0,1.0,1.0,1.0,3.0,3.0,3.0,1.0,1.0,2.0,1.0,1.0,2.0,2.0,2.0,1.0,1.0,1.0,2.0,1.0,1.0,1.0,1.0,3.0,1.0,1.0,1.0,1.0,4.0,2.0,5.0,1.0,2.0,1.0,1.0,1.0,1.0,3.0,1.0,2.0,3.0,2.0,1.0,1.0,1.0,2.0,10.58690883109722,2.0,2.0,1.0,6.0,3.0,6.0,1.0,1.0,1.0,3.0,1.0,4.0,5.0,1.0,1.0,1.0,1.0,1.0,17.0,1.0,2.0,12.0,1.0,2.0,3.0,8.0,13.0,5.0,2.0,1.0,2.0,6.0,4.0,4.0,2.0,1.0,3.0,2.0,1.0,1.0,1.0,3.0,1.0,1.0,1.0,3.0,1.0,1.0,1.0,3.0,1.0,1.0,1.0,2.0,3.0,7.0,4.0,3.0,-0.31044766992144,2.0,2.0,2.0,1.0,1.0,1.0,1.0,1.0,1.0,1.0,1.0,1.0,1.0,1.0,1.0,1.0,1.0,1.0,1.0,1.0,1.0,1.0,1.0,1.0,1.0,1.0,1.0,1.0,3.0,1.0,1.0,2.0,2.0,2.0,2.0,3.0,1.0,1.0,1.0,2.0,1.0,4.0,3.0,1.0,1.0,1.0,2.0,1.0,7.39298284432326,1.0,5.0,3.0,2.0,1.0,1.0,1.0,1.0,1.0,1.0,1.0,1.0,1.0,3.0,4.0,3.0,1.0,1.0,1.0,1.0,1.0,1.0,1.0,1.0,1.0,1.0,1.0,1.0,2.0,1.0,1.0,1.0,1.0,1.0,1.0,1.0,1.0,1.0,1.0,1.0,2.0,1.0,1.0,1.0,1.0,1.0,1.0,1.0,1.0,1.0,1.0,1.0,1.0,1.0,3.0,8.0,2.0,1.0,2.0,1.0,1.0,4.0,1.0,1.0,1.0,1.0,1.0,1.0,1.0,7.0,5.0,2.0,3.0,1.0,1.0,2.0,1.0,1.0,1.0,1.0,1.0,1.0,2.0,3.0,1.0,2.0,2.0,2.0,1.0,3.0,1.0,1.0,1.0,1.0,3.0,2.0,3.0,3.0,1.0,1.0,2.0,2.0,2.0,3.0,2.0,1.0,3.0,1.0,2.0,2.0,2.0,2.0,2.0,2.0,1.0,1.0,1.0,1.0,1.0,1.0,1.0,1.0,1.0,2.0,1.0,1.0,1.0,3.0,1.0,1.0,1.0,1.0,1.0,1.0,1.0,2.0,1.0,6.0,1.0,5.0,1.0,4.0,1.0,8.0,1.0,3.0,3.0,4.0,1.0,2.0,2.0,1.0,1.0,3.0,2.0,3.0,1.0,2.0,1.0,1.0,2.0,1.0,1.0,4.0,6.0,1.0,1.0,1.0,2.0,2.0,1.0,1.0,3.0,5.0,4.0,1.0,1.0,5.0,1.0,1.0,2.0,1.0,1.0,1.0,4.0,2.0,1.0,4.0,2.0,6.0,1.0,1.0,1.0,1.0,6.0,4.0,1.0,1.0,3.0,3.0,-1.3686525685699,9.0,2.0,3.0,3.0,3.0,3.0,1.0,1.0,5.0,5.0,5.0,5.0,1.0,7.0,10.0,2.0,1.0,4.0,5.0,5.0,5.0,5.0,2.0,1.0,3.0,5.0,4.0,2.0,2.0,1.0,1.0,2.0,3.0,1.0,1.0,3.0,11.0,5.0,5.0,5.0,5.0,5.0,5.0,5.0,5.0,13.0,3.0,2.0,2.0,3.0,11.0,5.0,5.0,5.0,5.0,1.0,1.0,2.0,18.0,11.0,2.0,1.0,3.0,3.0,5.0,5.0,5.0,5.0,5.0,5.0,2.0,1.0,3.0,1.0,1.0,21.0,1.0,2.0,3.0,6.0,6.0,6.0,6.0,2.0,5.0,3.0,2.0,5.0,13.0,2.0,5.0,5.0,5.0,5.0,6.0,2.0,24.0,2.0,1.0,2.0,5.0,5.0,5.0,5.0,1.0,2.0,4.0,3.0,12.0,1.0,9.0,4.0,4.0,4.0,4.0,4.0,4.0,4.0,1.0,10.0,4.0,1.0,21.0,1.0,2.0,1.0,1.0,1.0,4.0,3.0,5.0,6.0,6.0,6.0,6.0,6.0,1.0,1.0,3.0,15.0,1.0,1.0,1.0,1.0,7.0,4.0,1.0,10.0,5.0,5.0,5.0,5.0,1.0,1.0,4.0,2.0,1.0,1.0,2.0,2.0,9.0,2.0,1.0,1.0,3.0,1.0,4.0,3.0,1.0,1.0,1.0,1.0,1.0,2.0,1.0,1.0,9.0,1.0,1.0,1.0,2.0,5.0,5.0,5.0,5.0,2.0,1.0,7.0,1.0,2.0,5.0,5.0,5.0,5.0,5.0,5.0,5.0,3.0,1.0,1.0,20.0,1.0,1.0,1.0,4.0,1.0,1.0,2.0,1.0,9.0,3.0,4.0,4.0,4.0,4.0,4.0,4.0,4.0,4.0,1.0,1.0,37.0,1.0,1.0,1.0,6.0,6.0,6.0,6.0,6.0,6.0,1.0,1.0,1.0,1.0,6.0,16.0,1.0,5.0,5.0,5.0,5.0,1.0,27.0,1.0,1.0,1.0,7.0,6.0,6.0,6.0,6.0,1.0,2.0,1.0,30.0,1.0,1.0,1.0,1.0,8.0,6.0,6.0,6.0,6.0,13.32796194626393,2.0,2.0,2.0,2.0,5.0,5.0,7.0,3.0,30.0,3.0,10.0,6.0,1.0,10.0,5.0,5.0,5.0,5.0,5.0,5.0,5.0,4.0,1.0,6.0,8.0,1.0,2.0,3.0,4.0,4.0,5.0,6.0,6.0,6.0,6.0,-5.0,-5.0,-5.0,-5.0,-5.0,-5.0,-5.0,-5.0,-5.0,-5.0,1.0
1.0,1.0,1.0,2.0,1.0,2.0,4.0,7.0,1.0,2.0,1.0,5.0,1.0,1.0,1.0,1.0,3.0,1.0,2.0,1.0,1.0,1.0,1.0,1.0,1.0,1.0,5.0,2.0,1.0,3.0,1.0,1.0,5.0,1.0,1.0,2.0,1.0,1.0,1.0,2.0,3.0,1.0,1.0,1.0,1.0,1.0,1.0,1.0,1.0,1.0,1.0,1.0,5.0,3.0,2.0,1.0,1.0,2.0,1.0,1.0,1.0,1.0,1.0,1.0,1.0,1.0,2.0,1.0,5.0,1.0,2.0,1.0,1.0,2.0,1.0,1.0,1.0,1.0,2.0,1.0,7.0,4.0,1.0,2.0,1.0,2.0,12.0,5.0,1.0,15.0,1.0,2.0,2.0,2.0,1.0,1.0,8.0,1.0,4.0,1.0,1.0,16.0,3.0,3.0,1.0,2.0,1.0,1.0,6.0,7.0,1.0,2.0,3.0,2.0,2.0,3.0,2.0,1.0,5.0,1.0,3.0,2.0,2.0,1.0,1.0,1.0,10.0,10.0,1.0,3.0,2.0,1.0,2.0,5.0,2.0,1.0,3.0,1.0,1.0,1.0,1.0,1.0,1.0,1.0,7.0,1.0,1.0,13.0,1.0,1.0,1.0,10.0,2.0,1.0,3.0,1.0,1.0,2.0,3.0,1.0,1.0,1.0,1.0,1.0,1.0,1.0,2.0,1.0,14.0,1.0,1.0,1.0,2.0,2.0,1.0,3.0,2.0,1.0,1.0,1.0,2.0,5.0,1.0,1.0,1.0,4.0,1.0,4.0,2.0,14.0,1.0,2.0,2.0,4.0,1.0,1.0,3.0,1.0,1.0,2.0,1.0,1.0,4.0,3.0,17.0,1.0,1.0,1.0,1.0,3.0,1.0,3.0,5.0,1.0,2.0,2.0,2.0,1.0,1.0,1.0,4.0,1.0,2.0,1.0,1.0,1.0,1.0,1.0,1.0,5.0,2.0,2.0,3.0,1.0,1.0,1.0,1.0,2.0,1.0,1.0,1.0,1.0,1.0,5.0,2.0,3.0,2.0,2.0,3.0,1.0,2.0,4.0,1.0,2.0,2.0,2.0,1.0,1.0,1.0,1.0,1.0,3.0,2.0,1.0,1.0,13.0,3.0,1.0,1.0,1.0,7.0,4.0,1.0,1.0,1.0,8.0,1.0,1.0,6.0,2.0,1.0,3.0,2.0,8.0,2.0,1.0,1.0,1.0,5.0,1.0,8.0,1.0,4.0,9.0,7.0,1.0,1.0,8.0,1.0,2.0,1.0,1.0,4.0,1.0,1.0,1.0,7.0,4.0,5.0,3.0,1.0,1.0,1.0,2.0,1.0,1.0,1.0,1.0,1.0,1.0,6.0,3.0,2.0,2.0,1.0,1.0,1.0,1.0,1.0,1.0,5.0,1.0,1.0,3.0,1.0,1.0,-0.19794830327839,3.0,1.0,1.0,1.0,2.0,2.0,1.0,1.0,1.0,3.0,4.0,4.0,1.0,1.0,1.0,2.0,1.0,2.0,2.0,2.0,8.0,9.0,3.0,1.0,2.0,1.0,1.0,3.0,2.0,2.0,1.0,5.0,1.0,3.0,3.0,3.0,4.0,1.0,1.0,2.0,2.0,3.0,3.0,1.0,3.0,2.0,1.0,1.0,1.0,1.0,1.0,1.0,1.0,1.0,1.0,1.0,1.0,2.0,10.0,2.0,3.0,3.0,3.0,2.0,1.0,1.0,1.0,1.0,2.0,1.0,15.0,3.0,3.0,3.0,3.0,1.0,1.0,11.0,2.0,2.0,2.0,3.0,1.0,1.0,1.0,1.0,9.0,2.0,2.0,3.0,3.0,1.0,1.0,1.0,2.0,1.0,13.0,2.0,2.0,3.0,3.0,6.0,5.0,2.0,2.0,2.0,2.0,3.0,3.0,4.0,3.0,2.0,2.0,3.0,3.0,4.0,2.0,7.0,3.0,3.0,2.0,2.0,1.0,3.0,7.0,2.0,13.0,6.0,4.0,1.0,1.0,1.0,2.0,1.0,3.0,2.0,10.0,2.0,14.0,1.0,1.0,1.0,9.0,3.0,2.0,1.0,1.0,10.0,2.0,1.0,1.0,1.0,2.0,3.0,7.0,5.0,1.0,1.0,1.0,2.0,6.0,2.0,2.0,4.0,2.0,1.0,1.0,1.0,3.0,2.0,10.0,3.0,1.0,1.0,1.0,5.0,3.0,5.0,1.0,3.0,1.0,1.0,2.0,2.0,3.0,2.0,1.0,2.0,1.0,1.0,1.0,2.0,1.0,1.0,1.0,1.0,5.0,1.0,2.0,1.0,1.0,1.0,1.0,1.0,4.0,1.0,1.0,14.0,1.0,4.0,1.0,13.0,11.0,2.0,2.0,1.0,5.0,1.0,11.0,1.0,1.0,1.0,1.0,1.0,4.0,1.0,1.0,1.0,1.0,3.0,1.0,3.0,1.0,5.0,9.0,1.0,1.0,1.0,1.0,4.0,1.0,6.0,13.0,1.0,3.0,3.0,4.0,1.0,3.0,1.0,4.0,1.0,14.0,9.0,12.0,7.0,1.0,1.0,1.0,2.0,4.0,4.0,6.0,10.0,8.0,21.0,4.0,4.0,3.0,2.0,4.0,1.0,2.0,12.0,11.0,1.0,3.0,4.0,1.0,1.0,1.0,1.0,3.0,6.0,7.0,2.0,5.0,3.0,3.0,8.0,10.0,2.0,19.0,8.0,5.0,1.0,3.0,2.0,6.0,-4.04564786099211,2.0,1.0,2.0,3.0,8.0,9.0,6.0,6.0,1.0,1.0,2.0,2.0,2.0,8.0,4.0,5.0,8.0,7.0,13.0,3.0,9.0,2.0,1.0,3.0,5.0,1.0,3.0,1.0,1.0,7.0,8.0,1.0,2.0,1.0,1.0,6.0,1.0,1.0,1.0,5.0,15.0,1.0,2.0,7.0,5.0,4.0,5.0,4.0,16.0,6.0,4.0,2.0,1.0,1.0,1.0,1.0,1.0,1.0,2.0,1.0,7.0,7.0,4.0,1.0,2.0,1.0,2.0,1.0,1.0,1.0,1.0,2.0,2.0,1.0,1.0,1.0,1.0,1.0,1.0,1.0,1.0,1.0,1.0,1.0,2.0,2.0,4.0,1.0,1.0,1.0,2.0,7.0,1.0,1.0,1.0,1.0,1.0,1.0,1.0,2.0,3.0,6.0,7.0,4.0,1.0,3.0,1.0,1.0,1.0,1.0,1.0,1.0,1.0,1.0,1.0,2.0,1.0,1.0,2.0,1.0,1.0,1.0,2.0,1.0,1.0,1.0,1.0,1.0,2.0,2.0,3.0,6.0,1.0,1.0,2.0,1.0,1.0,2.0,1.0,1.0,13.0,19.0,2.0,1.0,1.0,4.0,1.0,1.0,1.0,1.0,1.0,1.0,1.0,1.0,1.0,1.0,1.0,2.0,1.0,1.0,1.0,16.0,15.0,1.0,2.0,2.0,2.0,1.0,1.0,1.0,2.0,1.0,1.0,1.0,1.0,1.0,2.0,1.0,1.0,3.0,1.0,1.0,1.0,2.0,1.0,1.0,12.0,7.0,1.0,5.0,1.0,3.0,1.0,1.0,1.0,2.0,3.0,1.0,1.0,6.0,7.0,3.0,5.0,3.0,1.0,1.0,3.0,2.0,1.0,7.0,16.0,1.0,1.0,5.0,3.0,1.0,1.0,3.0,2.0,1.0,6.96952489648403,1.0,2.0,3.0,3.0,1.0,1.0,2.0,1.0,1.0,1.0,2.0,30.0,1.0,4.0,7.0,1.0,1.0,1.0,1.0,1.0,2.0,1.0,2.0,1.0,1.0,1.0,1.0,1.0,1.0,5.0,24.0,4.0,2.0,1.0,1.0,1.0,1.0,1.0,1.0,2.0,2.0,3.0,1.0,2.0,1.0,1.0,1.0,1.0,1.0,1.0,1.0,2.0,1.0,1.0,1.0,1.0,1.0,1.0,1.0,1.0,3.0,1.0,1.0,1.0,3.0,5.0,2.0,3.0,1.0,1.0,2.0,1.0,2.0,1.0,3.0,1.0,2.0,1.0,1.0,2.0,2.0,2.0,1.0,1.0,5.0,2.0,2.0,4.0,1.0,3.0,1.0,4.0,1.0,1.0,2.0,1.0,1.0,4.0,1.0,2.0,1.0,1.0,2.0,4.0,1.0,2.0,2.0,5.0,1.0,1.0,2.0,1.0,1.0,3.0,1.0,1.0,3.0,3.0,5.0,3.0,4.0,1.0,1.0,1.0,2.0,1.0,2.0,1.0,2.0,1.0,1.0,3.0,1.0,1.0,1.0,1.0,2.0,1.0,1.0,1.0,2.0,1.0,1.0,1.0,1.0,1.0,1.0,1.0,1.0,4.0,1.0,1.0,1.0,2.0,1.0,6.0,1.0,1.0,1.0,2.0,2.0,1.0,1.0,1.0,3.8076550310665,2.0,1.0,1.0,2.0,1.0,-1.0,-1.0,-1.0,-1.0,-2.0,1.0,9.0,-1.0,1.0,-1.0,-1.0,-5.0,-4.0,-3.0,-4.0,-5.0,-5.0,1.0,1.0,1.0,6.0,6.0,2.0,1.0,3.0,2.0,1.0,4.0,5.0,1.0,3.0,1.0,1.0,2.0,1.0,5.0,1.0,1.0,10.0,4.0,1.0,1.0,1.0,3.0,7.0,1.0,2.0,8.0,1.0,2.0,1.0,1.0,1.0,2.0,1.0,2.0,9.0,1.0,9.0,1.0,1.0,1.0,3.0,1.0,1.0,4.0,4.0,1.0,2.0,1.0,2.0,1.0,1.0,1.0,2.0,1.0,1.0,2.0,4.0,1.0,1.0,10.0,1.0,1.0,1.0,3.0,1.0,4.0,4.0,9.0,1.0,1.0,5.0,1.0,1.0,1.0,4.0,2.0,5.0,1.0,7.0,1.0,5.0,1.0,1.0,1.0,18.20845275419301,1.0,5.0,4.0,6.0,1.0,-3.0,-1.0,-1.0,-13.71931735451625,-2.0,-2.0,-1.0,-1.0,-1.0,-1.0,-3.0,-1.0,-2.0,-4.0,-1.0,-2.0,-1.0,-1.0,-1.0,5.0,4.0,2.0,7.0,2.0,1.0,2.0,1.0,2.0,1.0,3.0,4.0,4.0,1.0,1.0,2.0,4.0,2.0,11.56553411323772,1.0,5.0,11.27775448851298,8.0,7.0,1.0,4.0,3.0,1.0,1.0,1.0,2.0,1.0,4.0,1.0,1.0,1.0,1.0,2.0,1.0,1.0,3.0,2.0,4.0,7.0,7.0,4.0,1.0,1.0,4.0,1.0,1.0,2.0,1.0,1.0,5.0,1.0,2.0,7.0,4.0,2.0,2.0,1.0,1.0,1.0,2.0,2.0,2.0,1.0,1.0,2.0,6.0,1.0,4.0,2.0,3.0,-10.81276160699843,1.0,8.0,8.0,1.0,1.0,2.0,2.0,1.0,1.0,2.0,2.0,11.0,5.0,2.0,1.0,2.0,2.0,2.0,2.0,2.0,2.0,2.0,2.0,2.0,1.0,1.0,25.0,6.0,5.0,5.0,5.0,5.0,5.0,5.0,3.0,2.0,1.0,1.0,2.0,1.0,1.0,12.0,15.0,4.0,4.0,5.0,4.0,4.0,5.0,2.0,1.0,5.0,1.0,1.0,2.0,1.0,16.0,5.0,4.0,5.0,4.0,10.0,2.0,4.0,3.0,3.0,6.0,4.0,4.0,4.0,4.0,4.0,4.0,4.0,4.0,4.0,2.0,4.0,4.0,4.0,4.0,4.0,4.0,1.0,1.0,4.0,4.0,4.0,4.0,4.0,4.0,1.0,1.0,1.0,1.0,1.0,1.0,4.0,4.0,4.0,4.0,4.0,4.0,4.0,4.0,4.0,4.0,1.0,1.0,1.0,1.0,3.0,1.0,1.0,10.0,1.0,1.0,1.0,1.0,1.0,21.0,15.0,1.0,1.0,1.0,1.0,1.0,1.0,5.0,1.0,6.0,2.0,2.0,23.0,14.0,1.0,3.0,3.0,3.0,3.0,3.0,3.0,3.0,3.0,1.0,1.0,1.0,1.0,1.0,6.0,1.0,4.0,10.0,9.0,26.0,7.0,3.0,3.0,4.0,3.0,3.0,3.0,4.0,3.0,1.0,1.0,1.0,1.0,3.0,1.0,1.0,13.0,2.0,2.0,2.0,2.0,2.0,2.0,2.0,1.0,1.0,2.0,2.0,2.0,2.0,2.0,2.0,3.0,2.0,1.0,2.0,2.0,2.0,2.0,2.0,2.0,2.0,1.0,2.0,2.0,2.0,2.0,2.0,2.0,2.0,2.0,2.0,2.0,2.0,1.0,-2.0,1.0,4.0,1.0,-4.0,-4.0,-5.0,-4.0,-4.0,-4.0,-5.0,-4.0,-1.0,1.0,2.0,-1.0,1.0,-4.0,-5.0,-4.0,-4.0,-5.0,-4.0,2.0,1.0,-5.0,-6.0,-5.0,-5.0,-6.0,-5.0,1.0,1.0,1.0,-5.0,-5.0,-5.0,-5.0,-5.0,-5.0,-1.0,1.0,-1.0,-5.0,-5.0,-5.0,-5.0,-5.0,-5.0,-3.0,-4.0,-1.0,-1.0,-3.0,-1.0,0.0,1.0,-9.0,-5.0,-11.00604357555452,-1.0,-2.0,-1.0,-1.0,-2.0,-1.0,-3.0,-2.0,-1.0,-1.0,-1.0,-1.0,-1.0,-3.0,-1.0,-1.0,-1.0,-1.0,-3.0,-2.0,18.45784305872714,-2.0,-1.0,-1.0,-1.0,-2.0,7.0,-4.0,-2.0,-3.0,-3.0,-1.0,-1.0,-1.0,1.0,1.0,0.0,-1.0,-5.0,-7.0,-1.0,-2.0,-1.0,9.0,2.0,13.0,-1.0,-1.0,-1.0,-5.0,-5.0,-2.0,-4.0,1.0,5.0,4.0,2.0,2.0,1.0,2.0,15.0,17.0,4.0,5.0,7.0,13.0,1.0,3.0,1.0,1.0,1.0,12.0,5.0,5.0,1.0,11.0,2.0,4.0,2.0,1.0,15.57346510062307,4.0,2.0,1.0,1.0,2.0,1.0,1.0,2.0,1.0,1.0,2.0,6.0,1.0,1.0,2.0,4.0,3.0,2.0,2.0,3.0,7.0,1.0,1.0,1.0,1.0,1.0,2.0,1.0,1.0,1.0,1.0,1.0,1.0,1.0,1.0,2.0,2.0,1.0,4.0,1.0,1.0,1.0,1.0,3.0,1.0,2.0,6.0,1.0,1.0,1.0,1.0,1.0,1.0,1.0,1.0,1.0,1.0,1.0,1.0,3.0,1.0,1.0,3.0,2.0,2.0,2.0,5.0,-20.80157324031526,2.0,2.0,4.0,3.0,1.0,2.0,2.0,2.0,2.0,1.0,1.0,2.0,2.0,2.0,1.0,1.0,1.0,1.0,1.0,2.0,1.0,4.0,1.0,1.0,1.0,1.0,2.0,1.0,1.0,1.0,5.0,5.0,1.0,4.0,3.0,2.0,2.0,1.0,5.0,1.0,3.0,4.0,2.0,1.0,3.0,3.0,4.0,3.0,3.0,1.0,1.0,2.0,1.0,3.0,2.0,4.0,2.0,1.0,4.0,2.0,1.0,2.0,3.0,3.0,3.0,3.0,2.0,1.0,4.0,5.0,1.0,1.0,5.0,4.0,2.0,1.0,1.0,1.0,6.0,10.0,1.0,5.0,5.0,1.0,7.0,2.0,1.0,10.0,4.0,3.0,3.0,1.0,7.0,1.0,11.0,1.0,2.0,2.0,1.0,3.0,2.0,1.0,1.0,5.0,8.0,1.0,7.0,3.0,1.0,2.0,2.0,1.0,2.0,1.0,1.0,1.0,1.0,2.0,7.0,6.0,1.0,2.0,-12.02274586832829,1.0,1.0,1.0,5.0,1.0,1.0,2.0,5.0,1.0,2.0,7.0,6.0,6.0,1.0,2.0,9.0,3.0,6.0,1.0,6.0,4.0,9.0,1.0,1.0,1.0,2.0,10.0,6.0,2.0,2.0,5.0,5.0,1.0,10.0,1.0,2.0,4.0,5.0,13.0,1.0,1.0,1.0,1.0,4.0,4.0,3.0,1.0,2.0,1.0,1.0,1.0,2.0,4.0,4.0,5.0,11.0,1.0,1.0,1.0,1.0,5.0,2.0,7.0,1.0,1.0,2.0,1.0,1.0,1.0,3.0,3.0,2.0,2.0,3.0,5.0,1.0,2.0,1.0,-2.0,1.0,1.0,7.0,-3.0,-3.0,-3.0,-3.0,1.0,0.0,4.0,-2.0,5.0,-6.0,-6.0,-6.0,-6.0,-2.0,-1.0,-1.0,-6.0,-6.0,-6.0,-6.0,-3.0,-2.0,-1.0,-1.0,-3.0,-3.0,-3.0,-3.0,-2.0,-1.0,-1.0,2.0,-1.0,-6.0,-6.0,-6.0,-6.0,-6.0,-6.0,-6.0,1.0,1.0,-3.0,-3.0,7.0,2.0,-5.0,-5.0,-5.0,-5.0,1.0,-2.0,-2.0,2.0,1.0,-5.0,-6.0,-5.0,-5.0,2.0,1.0,1.0,1.0,-6.0,-6.0,-6.0,-6.0,-1.0,1.0,-2.0,-2.0,1.0,2.0,-13.0,-13.0,-1.0,-1.0,-2.0,2.0,1.0,-5.0,-5.0,-5.0,-5.0,-5.0,-5.0,1.0,1.0,-5.0,-5.0,-5.0,-5.0,-5.0,0.0,-3.0,-12.0,-12.0,1.0,5.0,-7.0,-7.0,-7.0,-7.0,1.0,7.0,1.0,1.0,1.0,2.0,11.0,1.0,4.0,1.0,3.0,6.0,1.0,2.0,3.0,15.0,3.0,2.0,3.0,4.0,1.0,6.0,6.0,4.0,2.0,1.0,1.0,1.0,1.0,1.0,1.0,3.0,7.0,1.0,3.0,1.0,1.0,1.0,3.0,2.0,1.0,2.0,2.0,1.0,1.0,3.0,3.0,3.0,1.0,1.0,2.0,3.0,3.0,3.0,1.0,1.0,1.0,3.0,4.0,4.0,2.0,3.0,1.0,1.0,1.0,1.0,1.0,1.0,2.0,3.0,4.0,4.0,2.0,6.0,3.0,1.0,1.0,1.0,1.0,1.0,1.0,2.0,3.0,1.0,13.0,3.0,1.0,1.0,6.0,1.0,1.0,1.0,4.0,1.0,1.0,2.0,2.0,4.0,3.0,3.0,1.0,1.0,1.0,1.0,2.0,2.0,3.0,3.0,1.0,1.0,2.0,2.0,1.0,2.0,6.0,6.0,2.0,3.0,2.0,2.0,1.0,1.0,2.0,2.0,6.0,6.0,2.0,3.0,2.0,2.0,1.0,1.0,21.0,3.0,4.0,1.0,2.0,2.0,8.0,1.0,7.0,2.0,1.0,2.0,3.0,4.0,4.0,1.0,16.0,1.0,6.0,3.0,1.0,1.0,2.0,10.0,1.0,10.0,3.0,3.0,2.0,1.0,4.0,3.0,1.0,2.0,1.0,1.0,4.0,1.0,3.0,1.0,2.0,2.0,1.0,1.0,1.0,1.0,3.0,1.0,1.0,2.0,1.0,1.0,1.0,1.0,1.0,0.29786125122586,1.0,1.0,1.0,1.0,1.0,4.0,3.0,1.0,1.0,1.0,1.0,1.0,1.0,2.0,2.0,1.0,4.0,1.0,4.0,1.0,1.0,2.0,1.0,1.0,3.0,2.0,2.0,2.0,2.0,1.0,1.0,6.0,24.0,4.0,1.0,3.0,2.0,1.0,1.0,16.0,35.0,3.0,1.0,1.0,1.0,1.0,1.0,1.0,3.0,5.0,1.0,1.0,2.0,7.0,5.0,5.0,2.0,3.0,1.0,1.0,1.0,8.0,1.0,5.0,3.0,2.0,9.0,6.0,1.0,4.0,13.0,1.0,7.0,7.0,1.0,1.0,1.0,1.0,1.0,4.0,6.0,3.0,2.0,1.0,8.0,6.0,1.0,1.0,1.0,2.0,3.0,1.0,2.0,8.0,1.0,2.0,9.0,2.0,1.0,1.0,1.0,1.0,1.0,4.0,1.0,1.0,4.0,5.0,1.0,1.0,2.0,3.0,2.0,1.0,2.0,5.0,6.0,4.0,6.0,8.0,11.0,7.0,6.0,1.0,1.0,1.0,4.0,1.0,3.0,4.0,5.0,12.0,5.0,2.0,2.0,1.0,4.0,2.0,1.0,1.0,1.0,3.0,4.0,3.0,2.0,2.0,3.0,5.0,1.0,7.0,5.0,2.0,2.0,3.0,1.0,1.0,1.0,1.0,2.0,1.0,2.0,1.0,1.0,12.0,10.0,8.0,6.0,5.0,1.0,1.0,1.0,3.0,1.0,1.0,1.0,3.0,4.0,1.0,2.0,1.0,1.0,1.0,2.0,1.0,1.0,8.0,1.0,1.0,2.0,2.0,5.0,2.0,2.0,1.0,1.0,3.0,2.0,3.0,1.0,6.0,6.0,1.0,1.0,6.0,1.0,6.0,9.0,3.0,13.0,10.0,1.0,1.0,11.0,1.0,1.0,3.0,8.0,9.0,2.0,1.0,2.0,3.0,-11.27402785368881,3.0,1.0,1.0,1.0,5.0,5.0,2.0,1.0,2.0,2.0,1.0,1.0,5.0,1.0,1.0,1.0,1.0,3.0,2.0,1.0,2.0,1.0,3.0,4.0,1.0,2.0,1.0,2.0,1.0,2.0,2.0,1.0,1.0,2.0,2.0,1.0,1.0,1.0,1.0,1.0,1.0,2.0,1.0,8.0,2.0,1.0,5.0,6.0,2.0,1.0,1.0,1.0,6.0,2.0,3.0,4.0,3.0,1.0,1.0,2.0,2.0,1.0,1.0,11.0,1.0,1.0,2.0,4.0,5.0,3.0,1.0,4.0,1.0,14.0,4.0,7.0,1.0,1.0,2.0,1.0,1.0,1.92572291035908,1.0,1.0,1.0,3.0,1.0,9.0,2.0,2.0,1.0,1.0,7.0,1.0,8.0,1.0,1.0,1.0,1.0,2.0,1.0,1.0,1.0,1.0,2.0,1.0,1.0,1.0,1.0,1.0,1.0,4.0,4.0,3.0,2.0,1.0,1.0,1.0,1.0,3.0,1.0,1.0,1.0,1.0,1.0,1.0,1.0,1.0,2.0,1.0,3.0,3.0,1.0,1.0,3.0,5.0,9.0,7.0,2.0,2.0,1.0,1.0,1.0,2.0,3.0,1.0,1.0,2.0,3.0,1.0,1.0,2.0,2.0,1.0,1.0,1.0,1.0,2.0,1.0,1.0,-1.0,-1.0,-2.0,-4.0,-12.0,-7.0,-6.0,-6.0,-9.0,-11.0,-2.0,-8.0,-10.0,-6.0,-11.0,-6.50984180533249,-1.0,-4.0,-1.0,-10.0,-11.0,-3.0,-8.0,-12.0,-10.0,-1.0,-1.0,-1.0,-1.0,-7.0,-7.0,-13.0,-7.0,2.0,1.0,1.0,1.0,2.0,1.0,1.0,5.0,1.0,2.0,1.0,1.0,3.0,1.0,3.0,1.0,1.0,1.0,1.0,1.0,1.0,1.0,1.0,4.0,1.0,1.0,2.0,1.0,1.0,3.0,1.0,1.0,2.0,1.0,1.0,2.0,3.0,1.0,2.0,1.0,1.0,1.0,1.0,1.0,1.0,2.0,1.0,2.0,1.0,2.0,5.0,6.0,1.0,2.0,1.0,1.0,3.0,1.0,1.0,2.0,3.0,3.0,1.0,1.0,2.0,5.0,5.0,1.0,1.0,4.0,3.0,2.0,1.0,1.0,-1.0,1.0,2.0,-3.0,1.0,1.0,-4.0,-4.0,-3.0,2.0,-1.0,-1.0,-1.0,-2.0,2.0,10.0,1.0,1.0,1.0,2.0,3.0,4.0,1.0,2.0,1.0,17.0,1.0,1.0,1.0,1.0,2.0,1.0,1.0,1.0,4.0,4.0,1.0,3.0,1.0,1.0,2.0,1.0,1.0,1.0,2.0,2.0,1.0,1.0,1.0,1.0,2.0,3.0,18.94840458248437,1.0,1.0,3.0,1.0,1.0,1.0,2.0,3.0,1.0,1.0,2.0,4.0,2.0,1.0,1.0,1.0,1.0,2.0,3.0,1.0,4.0,1.0,1.0,1.0,4.0,4.0,1.0,1.0,2.0,2.0,2.0,2.0,1.0,2.0,1.0,2.0,3.0,1.0,6.0,11.0,8.0,5.0,4.0,5.0,3.0,2.0,1.0,1.0,1.0,1.0,1.0,2.0,2.0,3.0,2.0,3.0,1.0,1.0,1.0,1.0,1.0,1.0,3.0,2.0,5.0,1.0,2.0,2.0,1.0,5.0,1.0,5.0,1.0,2.0,5.0,3.0,2.0,1.0,15.11250881122309,1.0,2.0,3.0,1.0,1.0,1.0,3.0,3.0,2.0,4.0,1.0,1.0,1.0,1.0,1.0,1.0,1.0,1.0,1.0,1.0,1.0,3.0,5.0,1.0,1.0,1.0,2.0,2.0,1.0,1.0,5.0,1.0,1.0,5.0,1.0,1.0,-7.0,-7.0,1.0,-1.0,-4.0,-2.0,-1.0,-2.0,-1.0,1.0,-1.0,-3.0,-5.0,0.0,-3.0,-1.0,-2.0,-4.0,1.0,-1.0,1.0,-1.0,-1.0,1.0,-1.0,-1.0,2.0,-2.0,-3.0,2.0,-2.0,-1.0,1.0,-1.0,-1.0,-2.0,1.0,-2.0,-1.0,2.0,-1.0,-1.0,-1.0,-1.0,-2.0,2.0,-2.0,-2.0,0.0,-1.0,-1.0,-1.0,-1.0,-1.0,1.0,1.0,1.0,7.0,1.0,1.0,1.0,1.0,1.0,2.0,1.0,1.0,12.0,1.0,1.0,1.0,1.0,1.0,1.0,2.0,1.0,1.0,1.0,1.0,2.0,4.0,3.0,1.0,1.0,3.0,1.0,1.0,1.0,1.0,2.0,1.0,1.0,1.0,1.0,1.0,2.0,1.0,1.0,3.0,7.0,2.0,1.0,1.0,1.0,1.0,1.0,1.0,1.0,1.0,1.0,1.0,1.0,1.0,6.0,1.0,1.0,1.0,1.0,1.0,1.0,1.0,1.0,1.0,1.0,1.0,1.0,1.0,1.0,1.0,1.0,4.0,1.0,1.0,1.0,1.0,1.0,1.0,1.0,1.0,1.0,1.0,1.0,1.0,1.0,1.0,1.0,1.0,1.0,1.0,1.0,-1.0,-1.0,1.0,1.0,2.0,-2.0,-2.0,-2.0,-2.0,-2.0,1.0,1.0,-3.56110793196185,-3.0,-3.0,-3.0,1.0,-5.0,-5.0,-5.0,1.0,1.0,1.0,1.0,2.0,1.0,1.0,-1.0,-1.0,-1.0,-1.0,-1.0,-1.0,4.0,4.0,1.0,1.0,3.0,1.0,1.0,1.0,1.0,1.0,3.0,3.0,2.0,1.0,1.0,1.0,1.0,1.0,2.0,1.0,1.0,2.0,2.0,1.0,1.0,1.0,1.0,1.0,3.0,3.0,3.0,1.0,1.0,2.0,1.0,1.0,2.0,2.0,2.0,1.0,1.0,1.0,2.0,1.0,1.0,1.0,1.0,3.0,1.0,1.0,1.0,1.0,4.0,2.0,5.0,1.0,2.0,1.0,1.0,1.0,1.0,3.0,1.0,2.0,3.0,2.0,1.0,1.0,1.0,2.0,10.58690883109722,2.0,2.0,1.0,6.0,3.0,6.0,1.0,1.0,1.0,3.0,1.0,4.0,5.0,1.0,1.0,1.0,1.0,1.0,17.0,1.0,2.0,12.0,1.0,2.0,3.0,8.0,13.0,5.0,2.0,1.0,2.0,6.0,4.0,4.0,2.0,1.0,3.0,2.0,1.0,1.0,1.0,3.0,1.0,1.0,1.0,3.0,1.0,1.0,1.0,3.0,1.0,1.0,1.0,2.0,3.0,7.0,4.0,3.0,-0.31044766992144,2.0,2.0,2.0,1.0,1.0,1.0,1.0,1.0,1.0,1.0,1.0,1.0,1.0,1.0,1.0,1.0,1.0,1.0,1.0,1.0,1.0,1.0,1.0,1.0,1.0,1.0,1.0,1.0,3.0,1.0,1.0,2.0,2.0,2.0,2.0,3.0,1.0,1.0,1.0,2.0,1.0,4.0,3.0,1.0,1.0,1.0,2.0,1.0,7.39298284432326,1.0,5.0,3.0,2.0,1.0,1.0,1.0,1.0,1.0,1.0,1.0,1.0,1.0,3.0,4.0,3.0,1.0,1.0,1.0,1.0,1.0,1.0,1.0,1.0,1.0,1.0,1.0,1.0,2.0,1.0,1.0,1.0,1.0,1.0,1.0,1.0,1.0,1.0,1.0,1.0,2.0,1.0,1.0,1.0,1.0,1.0,1.0,1.0,1.0,1.0,1.0,1.0,1.0,1.0,3.0,8.0,2.0,1.0,2.0,1.0,1.0,4.0,1.0,1.0,1.0,1.0,1.0,1.0,1.0,7.0,5.0,2.0,3.0,1.0,1.0,2.0,1.0,1.0,1.0,1.0,1.0,1.0,2.0,3.0,1.0,2.0,2.0,2.0,1.0,3.0,1.0,1.0,1.0,1.0,3.0,2.0,3.0,3.0,1.0,1.0,2.0,2.0,2.0,3.0,2.0,1.0,3.0,1.0,2.0,2.0,2.0,2.0,2.0,2.0,1.0,1.0,1.0,1.0,1.0,1.0,1.0,1.0,1.0,2.0,1.0,1.0,1.0,3.0,1.0,1.0,1.0,1.0,1.0,1.0,1.0,2.0,1.0,6.0,1.0,5.0,1.0,4.0,1.0,8.0,1.0,3.0,3.0,4.0,1.0,2.0,2.0,1.0,1.0,3.0,2.0,3.0,1.0,2.0,1.0,1.0,2.0,1.0,1.0,4.0,6.0,1.0,1.0,1.0,2.0,2.0,1.0,1.0,3.0,5.0,4.0,1.0,1.0,5.0,1.0,1.0,2.0,1.0,1.0,1.0,4.0,2.0,1.0,4.0,2.0,6.0,1.0,1.0,1.0,1.0,6.0,4.0,1.0,1.0,3.0,3.0,-1.3686525685699,9.0,2.0,3.0,3.0,3.0,3.0,1.0,1.0,5.0,5.0,5.0,5.0,1.0,7.0,10.0,2.0,1.0,4.0,5.0,5.0,5.0,5.0,2.0,1.0,3.0,5.0,4.0,2.0,2.0,1.0,1.0,2.0,3.0,1.0,1.0,3.0,11.0,5.0,5.0,5.0,5.0,5.0,5.0,5.0,5.0,13.0,3.0,2.0,2.0,3.0,11.0,5.0,5.0,5.0,5.0,1.0,1.0,2.0,18.0,11.0,2.0,1.0,3.0,3.0,5.0,5.0,5.0,5.0,5.0,5.0,2.0,1.0,3.0,1.0,1.0,21.0,1.0,2.0,3.0,6.0,6.0,6.0,6.0,2.0,5.0,3.0,2.0,5.0,13.0,2.0,5.0,5.0,5.0,5.0,6.0,2.0,24.0,2.0,1.0,2.0,5.0,5.0,5.0,5.0,1.0,2.0,4.0,3.0,12.0,1.0,9.0,4.0,4.0,4.0,4.0,4.0,4.0,4.0,1.0,10.0,4.0,1.0,21.0,1.0,2.0,1.0,1.0,1.0,4.0,3.0,5.0,6.0,6.0,6.0,6.0,6.0,1.0,1.0,3.0,15.0,1.0,1.0,1.0,1.0,7.0,4.0,1.0,10.0,5.0,5.0,5.0,5.0,1.0,1.0,4.0,2.0,1.0,1.0,2.0,2.0,9.0,2.0,1.0,1.0,3.0,1.0,4.0,3.0,1.0,1.0,1.0,1.0,1.0,2.0,1.0,1.0,9.0,1.0,1.0,1.0,2.0,5.0,5.0,5.0,5.0,2.0,1.0,7.0,1.0,2.0,5.0,5.0,5.0,5.0,5.0,5.0,5.0,3.0,1.0,1.0,20.0,1.0,1.0,1.0,4.0,1.0,1.0,2.0,1.0,9.0,3.0,4.0,4.0,4.0,4.0,4.0,4.0,4.0,4.0,1.0,1.0,37.0,1.0,1.0,1.0,6.0,6.0,6.0,6.0,6.0,6.0,1.0,1.0,1.0,1.0,6.0,16.0,1.0,5.0,5.0,5.0,5.0,1.0,27.0,1.0,1.0,1.0,7.0,6.0,6.0,6.0,6.0,1.0,2.0,1.0,30.0,1.0,1.0,1.0,1.0,8.0,6.0,6.0,6.0,6.0,13.32796194626393,2.0,2.0,2.0,2.0,5.0,5.0,7.0,3.0,30.0,3.0,10.0,6.0,1.0,10.0,5.0,5.0,5.0,5.0,5.0,5.0,5.0,4.0,1.0,6.0,8.0,1.0,2.0,3.0,4.0,4.0,5.0,6.0,6.0,6.0,6.0,-5.0,-5.0,-5.0,-5.0,-5.0,-5.0,-5.0,-5.0,-5.0,-5.0,1.0
1.0,1.0,1.0,2.0,1.0,2.0,4.0,7.0,1.0,2.0,1.0,5.0,1.0,1.0,1.0,1.0,3.0,1.0,2.0,1.0,1.0,1.0,1.0,1.0,1.0,1.0,5.0,2.0,1.0,3.0,1.0,1.0,5.0,1.0,1.0,2.0,1.0,1.0,1.0,2.0,3.0,1.0,1.0,1.0,1.0,1.0,1.0,1.0,1.0,1.0,1.0,1.0,5.0,3.0,2.0,1.0,1.0,2.0,1.0,1.0,1.0,1.0,1.0,1.0,1.0,1.0,2.0,1.0,5.0,1.0,2.0,1.0,1.0,2.0,1.0,1.0,1.0,1.0,2.0,1.0,7.0,4.0,1.0,2.0,1.0,2.0,12.0,5.0,1.0,15.0,1.0,2.0,2.0,2.0,1.0,1.0,8.0,1.0,4.0,1.0,1.0,16.0,3.0,3.0,1.0,2.0,1.0,1.0,6.0,7.0,1.0,2.0,3.0,2.0,2.0,3.0,2.0,1.0,5.0,1.0,3.0,2.0,2.0,1.0,1.0,1.0,10.0,10.0,1.0,3.0,2.0,1.0,2.0,5.0,2.0,1.0,3.0,1.0,1.0,1.0,1.0,1.0,1.0,1.0,7.0,1.0,1.0,13.0,1.0,1.0,1.0,10.0,2.0,1.0,3.0,1.0,1.0,2.0,3.0,1.0,1.0,1.0,1.0,1.0,1.0,1.0,2.0,1.0,14.0,1.0,1.0,1.0,2.0,2.0,1.0,3.0,2.0,1.0,1.0,1.0,2.0,5.0,1.0,1.0,1.0,4.0,1.0,4.0,2.0,14.0,1.0,2.0,2.0,4.0,1.0,1.0,3.0,1.0,1.0,2.0,1.0,1.0,4.0,3.0,17.0,1.0,1.0,1.0,1.0,3.0,1.0,3.0,5.0,1.0,2.0,2.0,2.0,1.0,1.0,1.0,4.0,1.0,2.0,1.0,1.0,1.0,1.0,1.0,1.0,5.0,2.0,2.0,3.0,1.0,1.0,1.0,1.0,2.0,1.0,1.0,1.0,1.0,1.0,5.0,2.0,3.0,2.0,2.0,3.0,1.0,2.0,4.0,1.0,2.0,2.0,2.0,1.0,1.0,1.0,1.0,1.0,3.0,2.0,1.0,1.0,13.0,3.0,1.0,1.0,1.0,7.0,4.0,1.0,1.0,1.0,8.0,1.0,1.0,6.0,2.0,1.0,3.0,2.0,8.0,2.0,1.0,1.0,1.0,5.0,1.0,8.0,1.0,4.0,9.0,7.0,1.0,1.0,8.0,1.0,2.0,1.0,1.0,4.0,1.0,1.0,1.0,7.0,4.0,5.0,3.0,1.0,1.0,1.0,2.0,1.0,1.0,1.0,1.0,1.0,1.0,6.0,3.0,2.0,2.0,1.0,1.0,1.0,1.0,1.0,1.0,5.0,1.0,1.0,3.0,1.0,1.0,-0.19794830327839,3.0,1.0,1.0,1.0,2.0,2.0,1.0,1.0,1.0,3.0,4.0,4.0,1.0,1.0,1.0,2.0,1.0,2.0,2.0,2.0,8.0,9.0,3.0,1.0,2.0,1.0,1.0,3.0,2.0,2.0,1.0,5.0,1.0,3.0,3.0,3.0,4.0,1.0,1.0,2.0,2.0,3.0,3.0,1.0,3.0,2.0,1.0,1.0,1.0,1.0,1.0,1.0,1.0,1.0,1.0,1.0,1.0,2.0,10.0,2.0,3.0,3.0,3.0,2.0,1.0,1.0,1.0,1.0,2.0,1.0,15.0,3.0,3.0,3.0,3.0,1.0,1.0,11.0,2.0,2.0,2.0,3.0,1.0,1.0,1.0,1.0,9.0,2.0,2.0,3.0,3.0,1.0,1.0,1.0,2.0,1.0,13.0,2.0,2.0,3.0,3.0,6.0,5.0,2.0,2.0,2.0,2.0,3.0,3.0,4.0,3.0,2.0,2.0,3.0,3.0,4.0,2.0,7.0,3.0,3.0,2.0,2.0,1.0,3.0,7.0,2.0,13.0,6.0,4.0,1.0,1.0,1.0,2.0,1.0,3.0,2.0,10.0,2.0,14.0,1.0,1.0,1.0,9.0,3.0,2.0,1.0,1.0,10.0,2.0,1.0,1.0,1.0,2.0,3.0,7.0,5.0,1.0,1.0,1.0,2.0,6.0,2.0,2.0,4.0,2.0,1.0,1.0,1.0,3.0,2.0,10.0,3.0,1.0,1.0,1.0,5.0,3.0,5.0,1.0,3.0,1.0,1.0,2.0,2.0,3.0,2.0,1.0,2.0,1.0,1.0,1.0,2.0,1.0,1.0,1.0,1.0,5.0,1.0,2.0,1.0,1.0,1.0,1.0,1.0,4.0,1.0,1.0,14.0,1.0,4.0,1.0,13.0,11.0,2.0,2.0,1.0,5.0,1.0,11.0,1.0,1.0,1.0,1.0,1.0,4.0,1.0,1.0,1.0,1.0,3.0,1.0,3.0,1.0,5.0,9.0,1.0,1.0,1.0,1.0,4.0,1.0,6.0,13.0,1.0,3.0,3.0,4.0,1.0,3.0,1.0,4.0,1.0,14.0,9.0,12.0,7.0,1.0,1.0,1.0,2.0,4.0,4.0,6.0,10.0,8.0,21.0,4.0,4.0,3.0,2.0,4.0,1.0,2.0,12.0,11.0,1.0,3.0,4.0,1.0,1.0,1.0,1.0,3.0,6.0,7.0,2.0,5.0,3.0,3.0,8.0,10.0,2.0,19.0,8.0,5.0,1.0,3.0,2.0,6.0,-4.04564786099211,2.0,1.0,2.0,3.0,8.0,9.0,6.0,6.0,1.0,1.0,2.0,2.0,2.0,8.0,4.0,5.0,8.0,7.0,13.0,3.0,9.0,2.0,1.0,3.0,5.0,1.0,3.0,1.0,1.0,7.0,8.0,1.0,2.0,1.0,1.0,6.0,1.0,1.0,1.0,5.0,15.0,1.0,2.0,7.0,5.0,4.0,5.0,4.0,16.0,6.0,4.0,2.0,1.0,1.0,1.0,1.0,1.0,1.0,2.0,1.0,7.0,7.0,4.0,1.0,2.0,1.0,2.0,1.0,1.0,1.0,1.0,2.0,2.0,1.0,1.0,1.0,1.0,1.0,1.0,1.0,1.0,1.0,1.0,1.0,2.0,2.0,4.0,1.0,1.0,1.0,2.0,7.0,1.0,1.0,1.0,1.0,1.0,1.0,1.0,2.0,3.0,6.0,7.0,4.0,1.0,3.0,1.0,1.0,1.0,1.0,1.0,1.0,1.0,1.0,1.0,2.0,1.0,1.0,2.0,1.0,1.0,1.0,2.0,1.0,1.0,1.0,1.0,1.0,2.0,2.0,3.0,6.0,1.0,1.0,2.0,1.0,1.0,2.0,1.0,1.0,13.0,19.0,2.0,1.0,1.0,4.0,1.0,1.0,1.0,1.0,1.0,1.0,1.0,1.0,1.0,1.0,1.0,2.0,1.0,1.0,1.0,16.0,15.0,1.0,2.0,2.0,2.0,1.0,1.0,1.0,2.0,1.0,1.0,1.0,1.0,1.0,2.0,1.0,1.0,3.0,1.0,1.0,1.0,2.0,1.0,1.0,12.0,7.0,1.0,5.0,1.0,3.0,1.0,1.0,1.0,2.0,3.0,1.0,1.0,6.0,7.0,3.0,5.0,3.0,1.0,1.0,3.0,2.0,1.0,7.0,16.0,1.0,1.0,5.0,3.0,1.0,1.0,3.0,2.0,1.0,6.96952489648403,1.0,2.0,3.0,3.0,1.0,1.0,2.0,1.0,1.0,1.0,2.0,30.0,1.0,4.0,7.0,1.0,1.0,1.0,1.0,1.0,2.0,1.0,2.0,1.0,1.0,1.0,1.0,1.0,1.0,5.0,24.0,4.0,2.0,1.0,1.0,1.0,1.0,1.0,1.0,2.0,2.0,3.0,1.0,2.0,1.0,1.0,1.0,1.0,1.0,1.0,1.0,2.0,1.0,1.0,1.0,1.0,1.0,1.0,1.0,1.0,3.0,1.0,1.0,1.0,3.0,5.0,2.0,3.0,1.0,1.0,2.0,1.0,2.0,1.0,3.0,1.0,2.0,1.0,1.0,2.0,2.0,2.0,1.0,1.0,5.0,2.0,2.0,4.0,1.0,3.0,1.0,4.0,1.0,1.0,2.0,1.0,1.0,4.0,1.0,2.0,1.0,1.0,2.0,4.0,1.0,2.0,2.0,5.0,1.0,1.0,2.0,1.0,1.0,3.0,1.0,1.0,3.0,3.0,5.0,3.0,4.0,1.0,1.0,1.0,2.0,1.0,2.0,1.0,2.0,1.0,1.0,3.0,1.0,1.0,1.0,1.0,2.0,1.0,1.0,1.0,2.0,1.0,1.0,1.0,1.0,1.0,1.0,1.0,1.0,4.0,1.0,1.0,1.0,2.0,1.0,6.0,1.0,1.0,1.0,2.0,2.0,1.0,1.0,1.0,3.8076550310665,2.0,1.0,1.0,2.0,1.0,-1.0,-1.0,-1.0,-1.0,-2.0,1.0,9.0,-1.0,1.0,-1.0,-1.0,-5.0,-4.0,-3.0,-4.0,-5.0,-5.0,1.0,1.0,1.0,6.0,6.0,2.0,1.0,3.0,2.0,1.0,4.0,5.0,1.0,3.0,1.0,1.0,2.0,1.0,5.0,1.0,1.0,10.0,4.0,1.0,1.0,1.0,3.0,7.0,1.0,2.0,8.0,1.0,2.0,1.0,1.0,1.0,2.0,1.0,2.0,9.0,1.0,9.0,1.0,1.0,1.0,3.0,1.0,1.0,4.0,4.0,1.0,2.0,1.0,2.0,1.0,1.0,1.0,2.0,1.0,1.0,2.0,4.0,1.0,1.0,10.0,1.0,1.0,1.0,3.0,1.0,4.0,4.0,9.0,1.0,1.0,5.0,1.0,1.0,1.0,4.0,2.0,5.0,1.0,7.0,1.0,5.0,1.0,1.0,1.0,18.20845275419301,1.0,5.0,4.0,6.0,1.0,-3.0,-1.0,-1.0,-13.71931735451625,-2.0,-2.0,-1.0,-1.0,-1.0,-1.0,-3.0,-1.0,-2.0,-4.0,-1.0,-2.0,-1.0,-1.0,-1.0,5.0,4.0,2.0,7.0,2.0,1.0,2.0,1.0,2.0,1.0,3.0,4.0,4.0,1.0,1.0,2.0,4.0,2.0,11.56553411323772,1.0,5.0,11.27775448851298,8.0,7.0,1.0,4.0,3.0,1.0,1.0,1.0,2.0,1.0,4.0,1.0,1.0,1.0,1.0,2.0,1.0,1.0,3.0,2.0,4.0,7.0,7.0,4.0,1.0,1.0,4.0,1.0,1.0,2.0,1.0,1.0,5.0,1.0,2.0,7.0,4.0,2.0,2.0,1.0,1.0,1.0,2.0,2.0,2.0,1.0,1.0,2.0,6.0,1.0,4.0,2.0,3.0,-10.81276160699843,1.0,8.0,8.0,1.0,1.0,2.0,2.0,1.0,1.0,2.0,2.0,11.0,5.0,2.0,1.0,2.0,2.0,2.0,2.0,2.0,2.0,2.0,2.0,2.0,1.0,1.0,25.0,6.0,5.0,5.0,5.0,5.0,5.0,5.0,3.0,2.0,1.0,1.0,2.0,1.0,1.0,12.0,15.0,4.0,4.0,5.0,4.0,4.0,5.0,2.0,1.0,5.0,1.0,1.0,2.0,1.0,16.0,5.0,4.0,5.0,4.0,10.0,2.0,4.0,3.0,3.0,6.0,4.0,4.0,4.0,4.0,4.0,4.0,4.0,4.0,4.0,2.0,4.0,4.0,4.0,4.0,4.0,4.0,1.0,1.0,4.0,4.0,4.0,4.0,4.0,4.0,1.0,1.0,1.0,1.0,1.0,1.0,4.0,4.0,4.0,4.0,4.0,4.0,4.0,4.0,4.0,4.0,1.0,1.0,1.0,1.0,3.0,1.0,1.0,10.0,1.0,1.0,1.0,1.0,1.0,21.0,15.0,1.0,1.0,1.0,1.0,1.0,1.0,5.0,1.0,6.0,2.0,2.0,23.0,14.0,1.0,3.0,3.0,3.0,3.0,3.0,3.0,3.0,3.0,1.0,1.0,1.0,1.0,1.0,6.0,1.0,4.0,10.0,9.0,26.0,7.0,3.0,3.0,4.0,3.0,3.0,3.0,4.0,3.0,1.0,1.0,1.0,1.0,3.0,1.0,1.0,13.0,2.0,2.0,2.0,2.0,2.0,2.0,2.0,1.0,1.0,2.0,2.0,2.0,2.0,2.0,2.0,3.0,2.0,1.0,2.0,2.0,2.0,2.0,2.0,2.0,2.0,1.0,2.0,2.0,2.0,2.0,2.0,2.0,2.0,2.0,2.0,2.0,2.0,1.0,-2.0,1.0,4.0,1.0,-4.0,-4.0,-5.0,-4.0,-4.0,-4.0,-5.0,-4.0,-1.0,1.0,2.0,-1.0,1.0,-4.0,-5.0,-4.0,-4.0,-5.0,-4.0,2.0,1.0,-5.0,-6.0,-5.0,-5.0,-6.0,-5.0,1.0,1.0,1.0,-5.0,-5.0,-5.0,-5.0,-5.0,-5.0,-1.0,1.0,-1.0,-5.0,-5.0,-5.0,-5.0,-5.0,-5.0,-3.0,-4.0,-1.0,-1.0,-3.0,-1.0,0.0,1.0,-9.0,-5.0,-11.00604357555452,-1.0,-2.0,-1.0,-1.0,-2.0,-1.0,-3.0,-2.0,-1.0,-1.0,-1.0,-1.0,-1.0,-3.0,-1.0,-1.0,-1.0,-1.0,-3.0,-2.0,18.45784305872714,-2.0,-1.0,-1.0,-1.0,-2.0,7.0,-4.0,-2.0,-3.0,-3.0,-1.0,-1.0,-1.0,1.0,1.0,0.0,-1.0,-5.0,-7.0,-1.0,-2.0,-1.0,9.0,2.0,13.0,-1.0,-1.0,-1.0,-5.0,-5.0,-2.0,-4.0,1.0,5.0,4.0,2.0,2.0,1.0,2.0,15.0,17.0,4.0,5.0,7.0,13.0,1.0,3.0,1.0,1.0,1.0,12.0,5.0,5.0,1.0,11.0,2.0,4.0,2.0,1.0,15.57346510062307,4.0,2.0,1.0,1.0,2.0,1.0,1.0,2.0,1.0,1.0,2.0,6.0,1.0,1.0,2.0,4.0,3.0,2.0,2.0,3.0,7.0,1.0,1.0,1.0,1.0,1.0,2.0,1.0,1.0,1.0,1.0,1.0,1.0,1.0,1.0,2.0,2.0,1.0,4.0,1.0,1.0,1.0,1.0,3.0,1.0,2.0,6.0,1.0,1.0,1.0,1.0,1.0,1.0,1.0,1.0,1.0,1.0,1.0,1.0,3.0,1.0,1.0,3.0,2.0,2.0,2.0,5.0,-20.80157324031526,2.0,2.0,4.0,3.0,1.0,2.0,2.0,2.0,2.0,1.0,1.0,2.0,2.0,2.0,1.0,1.0,1.0,1.0,1.0,2.0,1.0,4.0,1.0,1.0,1.0,1.0,2.0,1.0,1.0,1.0,5.0,5.0,1.0,4.0,3.0,2.0,2.0,1.0,5.0,1.0,3.0,4.0,2.0,1.0,3.0,3.0,4.0,3.0,3.0,1.0,1.0,2.0,1.0,3.0,2.0,4.0,2.0,1.0,4.0,2.0,1.0,2.0,3.0,3.0,3.0,3.0,2.0,1.0,4.0,5.0,1.0,1.0,5.0,4.0,2.0,1.0,1.0,1.0,6.0,10.0,1.0,5.0,5.0,1.0,7.0,2.0,1.0,10.0,4.0,3.0,3.0,1.0,7.0,1.0,11.0,1.0,2.0,2.0,1.0,3.0,2.0,1.0,1.0,5.0,8.0,1.0,7.0,3.0,1.0,2.0,2.0,1.0,2.0,1.0,1.0,1.0,1.0,2.0,7.0,6.0,1.0,2.0,-12.02274586832829,1.0,1.0,1.0,5.0,1.0,1.0,2.0,5.0,1.0,2.0,7.0,6.0,6.0,1.0,2.0,9.0,3.0,6.0,1.0,6.0,4.0,9.0,1.0,1.0,1.0,2.0,10.0,6.0,2.0,2.0,5.0,5.0,1.0,10.0,1.0,2.0,4.0,5.0,13.0,1.0,1.0,1.0,1.0,4.0,4.0,3.0,1.0,2.0,1.0,1.0,1.0,2.0,4.0,4.0,5.0,11.0,1.0,1.0,1.0,1.0,5.0,2.0,7.0,1.0,1.0,2.0,1.0,1.0,1.0,3.0,3.0,2.0,2.0,3.0,5.0,1.0,2.0,1.0,-2.0,1.0,1.0,7.0,-3.0,-3.0,-3.0,-3.0,1.0,0.0,4.0,-2.0,5.0,-6.0,-6.0,-6.0,-6.0,-2.0,-1.0,-1.0,-6.0,-6.0,-6.0,-6.0,-3.0,-2.0,-1.0,-1.0,-3.0,-3.0,-3.0,-3.0,-2.0,-1.0,-1.0,2.0,-1.0,-6.0,-6.0,-6.0,-6.0,-6.0,-6.0,-6.0,1.0,1.0,-3.0,-3.0,7.0,2.0,-5.0,-5.0,-5.0,-5.0,1.0,-2.0,-2.0,2.0,1.0,-5.0,-6.0,-5.0,-5.0,2.0,1.0,1.0,1.0,-6.0,-6.0,-6.0,-6.0,-1.0,1.0,-2.0,-2.0,1.0,2.0,-13.0,-13.0,-1.0,-1.0,-2.0,2.0,1.0,-5.0,-5.0,-5.0,-5.0,-5.0,-5.0,1.0,1.0,-5.0,-5.0,-5.0,-5.0,-5.0,0.0,-3.0,-12.0,-12.0,1.0,5.0,-7.0,-7.0,-7.0,-7.0,1.0,7.0,1.0,1.0,1.0,2.0,11.0,1.0,4.0,1.0,3.0,6.0,1.0,2.0,3.0,15.0,3.0,2.0,3.0,4.0,1.0,6.0,6.0,4.0,2.0,1.0,1.0,1.0,1.0,1.0,1.0,3.0,7.0,1.0,3.0,1.0,1.0,1.0,3.0,2.0,1.0,2.0,2.0,1.0,1.0,3.0,3.0,3.0,1.0,1.0,2.0,3.0,3.0,3.0,1.0,1.0,1.0,3.0,4.0,4.0,2.0,3.0,1.0,1.0,1.0,1.0,1.0,1.0,2.0,3.0,4.0,4.0,2.0,6.0,3.0,1.0,1.0,1.0,1.0,1.0,1.0,2.0,3.0,1.0,13.0,3.0,1.0,1.0,6.0,1.0,1.0,1.0,4.0,1.0,1.0,2.0,2.0,4.0,3.0,3.0,1.0,1.0,1.0,1.0,2.0,2.0,3.0,3.0,1.0,1.0,2.0,2.0,1.0,2.0,6.0,6.0,2.0,3.0,2.0,2.0,1.0,1.0,2.0,2.0,6.0,6.0,2.0,3.0,2.0,2.0,1.0,1.0,21.0,3.0,4.0,1.0,2.0,2.0,8.0,1.0,7.0,2.0,1.0,2.0,3.0,4.0,4.0,1.0,16.0,1.0,6.0,3.0,1.0,1.0,2.0,10.0,1.0,10.0,3.0,3.0,2.0,1.0,4.0,3.0,1.0,2.0,1.0,1.0,4.0,1.0,3.0,1.0,2.0,2.0,1.0,1.0,1.0,1.0,3.0,1.0,1.0,2.0,1.0,1.0,1.0,1.0,1.0,0.29786125122586,1.0,1.0,1.0,1.0,1.0,4.0,3.0,1.0,1.0,1.0,1.0,1.0,1.0,2.0,2.0,1.0,4.0,1.0,4.0,1.0,1.0,2.0,1.0,1.0,3.0,2.0,2.0,2.0,2.0,1.0,1.0,6.0,24.0,4.0,1.0,3.0,2.0,1.0,1.0,16.0,35.0,3.0,1.0,1.0,1.0,1.0,1.0,1.0,3.0,5.0,1.0,1.0,2.0,7.0,5.0,5.0,2.0,3.0,1.0,1.0,1.0,8.0,1.0,5.0,3.0,2.0,9.0,6.0,1.0,4.0,13.0,1.0,7.0,7.0,1.0,1.0,1.0,1.0,1.0,4.0,6.0,3.0,2.0,1.0,8.0,6.0,1.0,1.0,1.0,2.0,3.0,1.0,2.0,8.0,1.0,2.0,9.0,2.0,1.0,1.0,1.0,1.0,1.0,4.0,1.0,1.0,4.0,5.0,1.0,1.0,2.0,3.0,2.0,1.0,2.0,5.0,6.0,4.0,6.0,8.0,11.0,7.0,6.0,1.0,1.0,1.0,4.0,1.0,3.0,4.0,5.0,12.0,5.0,2.0,2.0,1.0,4.0,2.0,1.0,1.0,1.0,3.0,4.0,3.0,2.0,2.0,3.0,5.0,1.0,7.0,5.0,2.0,2.0,3.0,1.0,1.0,1.0,1.0,2.0,1.0,2.0,1.0,1.0,12.0,10.0,8.0,6.0,5.0,1.0,1.0,1.0,3.0,1.0,1.0,1.0,3.0,4.0,1.0,2.0,1.0,1.0,1.0,2.0,1.0,1.0,8.0,1.0,1.0,2.0,2.0,5.0,2.0,2.0,1.0,1.0,3.0,2.0,3.0,1.0,6.0,6.0,1.0,1.0,6.0,1.0,6.0,9.0,3.0,13.0,10.0,1.0,1.0,11.0,1.0,1.0,3.0,8.0,9.0,2.0,1.0,2.0,3.0,-11.27402785368881,3.0,1.0,1.0,1.0,5.0,5.0,2.0,1.0,2.0,2.0,1.0,1.0,5.0,1.0,1.0,1.0,1.0,3.0,2.0,1.0,2.0,1.0,3.0,4.0,1.0,2.0,1.0,2.0,1.0,2.0,2.0,1.0,1.0,2.0,2.0,1.0,1.0,1.0,1.0,1.0,1.0,2.0,1.0,8.0,2.0,1.0,5.0,6.0,2.0,1.0,1.0,1.0,6.0,2.0,3.0,4.0,3.0,1.0,1.0,2.0,2.0,1.0,1.0,11.0,1.0,1.0,2.0,4.0,5.0,3.0,1.0,4.0,1.0,14.0,4.0,7.0,1.0,1.0,2.0,1.0,1.0,1.92572291035908,1.0,1.0,1.0,3.0,1.0,9.0,2.0,2.0,1.0,1.0,7.0,1.0,8.0,1.0,1.0,1.0,1.0,2.0,1.0,1.0,1.0,1.0,2.0,1.0,1.0,1.0,1.0,1.0,1.0,4.0,4.0,3.0,2.0,1.0,1.0,1.0,1.0,3.0,1.0,1.0,1.0,1.0,1.0,1.0,1.0,1.0,2.0,1.0,3.0,3.0,1.0,1.0,3.0,5.0,9.0,7.0,2.0,2.0,1.0,1.0,1.0,2.0,3.0,1.0,1.0,2.0,3.0,1.0,1.0,2.0,2.0,1.0,1.0,1.0,1.0,2.0,1.0,1.0,-1.0,-1.0,-2.0,-4.0,-12.0,-7.0,-6.0,-6.0,-9.0,-11.0,-2.0,-8.0,-10.0,-6.0,-11.0,-6.50984180533249,-1.0,-4.0,-1.0,-10.0,-11.0,-3.0,-8.0,-12.0,-10.0,-1.0,-1.0,-1.0,-1.0,-7.0,-7.0,-13.0,-7.0,2.0,1.0,1.0,1.0,2.0,1.0,1.0,5.0,1.0,2.0,1.0,1.0,3.0,1.0,3.0,1.0,1.0,1.0,1.0,1.0,1.0,1.0,1.0,4.0,1.0,1.0,2.0,1.0,1.0,3.0,1.0,1.0,2.0,1.0,1.0,2.0,3.0,1.0,2.0,1.0,1.0,1.0,1.0,1.0,1.0,2.0,1.0,2.0,1.0,2.0,5.0,6.0,1.0,2.0,1.0,1.0,3.0,1.0,1.0,2.0,3.0,3.0,1.0,1.0,2.0,5.0,5.0,1.0,1.0,4.0,3.0,2.0,1.0,1.0,-1.0,1.0,2.0,-3.0,1.0,1.0,-4.0,-4.0,-3.0,2.0,-1.0,-1.0,-1.0,-2.0,2.0,10.0,1.0,1.0,1.0,2.0,3.0,4.0,1.0,2.0,1.0,17.0,1.0,1.0,1.0,1.0,2.0,1.0,1.0,1.0,4.0,4.0,1.0,3.0,1.0,1.0,2.0,1.0,1.0,1.0,2.0,2.0,1.0,1.0,1.0,1.0,2.0,3.0,18.94840458248437,1.0,1.0,3.0,1.0,1.0,1.0,2.0,3.0,1.0,1.0,2.0,4.0,2.0,1.0,1.0,1.0,1.0,2.0,3.0,1.0,4.0,1.0,1.0,1.0,4.0,4.0,1.0,1.0,2.0,2.0,2.0,2.0,1.0,2.0,1.0,2.0,3.0,1.0,6.0,11.0,8.0,5.0,4.0,5.0,3.0,2.0,1.0,1.0,1.0,1.0,1.0,2.0,2.0,3.0,2.0,3.0,1.0,1.0,1.0,1.0,1.0,1.0,3.0,2.0,5.0,1.0,2.0,2.0,1.0,5.0,1.0,5.0,1.0,2.0,5.0,3.0,2.0,1.0,15.11250881122309,1.0,2.0,3.0,1.0,1.0,1.0,3.0,3.0,2.0,4.0,1.0,1.0,1.0,1.0,1.0,1.0,1.0,1.0,1.0,1.0,1.0,3.0,5.0,1.0,1.0,1.0,2.0,2.0,1.0,1.0,5.0,1.0,1.0,5.0,1.0,1.0,-7.0,-7.0,1.0,-1.0,-4.0,-2.0,-1.0,-2.0,-1.0,1.0,-1.0,-3.0,-5.0,0.0,-3.0,-1.0,-2.0,-4.0,1.0,-1.0,1.0,-1.0,-1.0,1.0,-1.0,-1.0,2.0,-2.0,-3.0,2.0,-2.0,-1.0,1.0,-1.0,-1.0,-2.0,1.0,-2.0,-1.0,2.0,-1.0,-1.0,-1.0,-1.0,-2.0,2.0,-2.0,-2.0,0.0,-1.0,-1.0,-1.0,-1.0,-1.0,1.0,1.0,1.0,7.0,1.0,1.0,1.0,1.0,1.0,2.0,1.0,1.0,12.0,1.0,1.0,1.0,1.0,1.0,1.0,2.0,1.0,1.0,1.0,1.0,2.0,4.0,3.0,1.0,1.0,3.0,1.0,1.0,1.0,1.0,2.0,1.0,1.0,1.0,1.0,1.0,2.0,1.0,1.0,3.0,7.0,2.0,1.0,1.0,1.0,1.0,1.0,1.0,1.0,1.0,1.0,1.0,1.0,1.0,6.0,1.0,1.0,1.0,1.0,1.0,1.0,1.0,1.0,1.0,1.0,1.0,1.0,1.0,1.0,1.0,1.0,4.0,1.0,1.0,1.0,1.0,1.0,1.0,1.0,1.0,1.0,1.0,1.0,1.0,1.0,1.0,1.0,1.0,1.0,1.0,1.0,-1.0,-1.0,1.0,1.0,2.0,-2.0,-2.0,-2.0,-2.0,-2.0,1.0,1.0,-3.56110793196185,-3.0,-3.0,-3.0,1.0,-5.0,-5.0,-5.0,1.0,1.0,1.0,1.0,2.0,1.0,1.0,-1.0,-1.0,-1.0,-1.0,-1.0,-1.0,4.0,4.0,1.0,1.0,3.0,1.0,1.0,1.0,1.0,1.0,3.0,3.0,2.0,1.0,1.0,1.0,1.0,1.0,2.0,1.0,1.0,2.0,2.0,1.0,1.0,1.0,1.0,1.0,3.0,3.0,3.0,1.0,1.0,2.0,1.0,1.0,2.0,2.0,2.0,1.0,1.0,1.0,2.0,1.0,1.0,1.0,1.0,3.0,1.0,1.0,1.0,1.0,4.0,2.0,5.0,1.0,2.0,1.0,1.0,1.0,1.0,3.0,1.0,2.0,3.0,2.0,1.0,1.0,1.0,2.0,10.58690883109722,2.0,2.0,1.0,6.0,3.0,6.0,1.0,1.0,1.0,3.0,1.0,4.0,5.0,1.0,1.0,1.0,1.0,1.0,17.0,1.0,2.0,12.0,1.0,2.0,3.0,8.0,13.0,5.0,2.0,1.0,2.0,6.0,4.0,4.0,2.0,1.0,3.0,2.0,1.0,1.0,1.0,3.0,1.0,1.0,1.0,3.0,1.0,1.0,1.0,3.0,1.0,1.0,1.0,2.0,3.0,7.0,4.0,3.0,-0.31044766992144,2.0,2.0,2.0,1.0,1.0,1.0,1.0,1.0,1.0,1.0,1.0,1.0,1.0,1.0,1.0,1.0,1.0,1.0,1.0,1.0,1.0,1.0,1.0,1.0,1.0,1.0,1.0,1.0,3.0,1.0,1.0,2.0,2.0,2.0,2.0,3.0,1.0,1.0,1.0,2.0,1.0,4.0,3.0,1.0,1.0,1.0,2.0,1.0,7.39298284432326,1.0,5.0,3.0,2.0,1.0,1.0,1.0,1.0,1.0,1.0,1.0,1.0,1.0,3.0,4.0,3.0,1.0,1.0,1.0,1.0,1.0,1.0,1.0,1.0,1.0,1.0,1.0,1.0,2.0,1.0,1.0,1.0,1.0,1.0,1.0,1.0,1.0,1.0,1.0,1.0,2.0,1.0,1.0,1.0,1.0,1.0,1.0,1.0,1.0,1.0,1.0,1.0,1.0,1.0,3.0,8.0,2.0,1.0,2.0,1.0,1.0,4.0,1.0,1.0,1.0,1.0,1.0,1.0,1.0,7.0,5.0,2.0,3.0,1.0,1.0,2.0,1.0,1.0,1.0,1.0,1.0,1.0,2.0,3.0,1.0,2.0,2.0,2.0,1.0,3.0,1.0,1.0,1.0,1.0,3.0,2.0,3.0,3.0,1.0,1.0,2.0,2.0,2.0,3.0,2.0,1.0,3.0,1.0,2.0,2.0,2.0,2.0,2.0,2.0,1.0,1.0,1.0,1.0,1.0,1.0,1.0,1.0,1.0,2.0,1.0,1.0,1.0,3.0,1.0,1.0,1.0,1.0,1.0,1.0,1.0,2.0,1.0,6.0,1.0,5.0,1.0,4.0,1.0,8.0,1.0,3.0,3.0,4.0,1.0,2.0,2.0,1.0,1.0,3.0,2.0,3.0,1.0,2.0,1.0,1.0,2.0,1.0,1.0,4.0,6.0,1.0,1.0,1.0,2.0,2.0,1.0,1.0,3.0,5.0,4.0,1.0,1.0,5.0,1.0,1.0,2.0,1.0,1.0,1.0,4.0,2.0,1.0,4.0,2.0,6.0,1.0,1.0,1.0,1.0,6.0,4.0,1.0,1.0,3.0,3.0,-1.3686525685699,9.0,2.0,3.0,3.0,3.0,3.0,1.0,1.0,5.0,5.0,5.0,5.0,1.0,7.0,10.0,2.0,1.0,4.0,5.0,5.0,5.0,5.0,2.0,1.0,3.0,5.0,4.0,2.0,2.0,1.0,1.0,2.0,3.0,1.0,1.0,3.0,11.0,5.0,5.0,5.0,5.0,5.0,5.0,5.0,5.0,13.0,3.0,2.0,2.0,3.0,11.0,5.0,5.0,5.0,5.0,1.0,1.0,2.0,18.0,11.0,2.0,1.0,3.0,3.0,5.0,5.0,5.0,5.0,5.0,5.0,2.0,1.0,3.0,1.0,1.0,21.0,1.0,2.0,3.0,6.0,6.0,6.0,6.0,2.0,5.0,3.0,2.0,5.0,13.0,2.0,5.0,5.0,5.0,5.0,6.0,2.0,24.0,2.0,1.0,2.0,5.0,5.0,5.0,5.0,1.0,2.0,4.0,3.0,12.0,1.0,9.0,4.0,4.0,4.0,4.0,4.0,4.0,4.0,1.0,10.0,4.0,1.0,21.0,1.0,2.0,1.0,1.0,1.0,4.0,3.0,5.0,6.0,6.0,6.0,6.0,6.0,1.0,1.0,3.0,15.0,1.0,1.0,1.0,1.0,7.0,4.0,1.0,10.0,5.0,5.0,5.0,5.0,1.0,1.0,4.0,2.0,1.0,1.0,2.0,2.0,9.0,2.0,1.0,1.0,3.0,1.0,4.0,3.0,1.0,1.0,1.0,1.0,1.0,2.0,1.0,1.0,9.0,1.0,1.0,1.0,2.0,5.0,5.0,5.0,5.0,2.0,1.0,7.0,1.0,2.0,5.0,5.0,5.0,5.0,5.0,5.0,5.0,3.0,1.0,1.0,20.0,1.0,1.0,1.0,4.0,1.0,1.0,2.0,1.0,9.0,3.0,4.0,4.0,4.0,4.0,4.0,4.0,4.0,4.0,1.0,1.0,37.0,1.0,1.0,1.0,6.0,6.0,6.0,6.0,6.0,6.0,1.0,1.0,1.0,1.0,6.0,16.0,1.0,5.0,5.0,5.0,5.0,1.0,27.0,1.0,1.0,1.0,7.0,6.0,6.0,6.0,6.0,1.0,2.0,1.0,30.0,1.0,1.0,1.0,1.0,8.0,6.0,6.0,6.0,6.0,13.32796194626393,2.0,2.0,2.0,2.0,5.0,5.0,7.0,3.0,30.0,3.0,10.0,6.0,1.0,10.0,5.0,5.0,5.0,5.0,5.0,5.0,5.0,4.0,1.0,6.0,8.0,1.0,2.0,3.0,4.0,4.0,5.0,6.0,6.0,6.0,6.0,-5.0,-5.0,-5.0,-5.0,-5.0,-5.0,-5.0,-5.0,-5.0,-5.0,1.0
1.0,1.0,1.0,2.0,1.0,2.0,4.0,7.0,1.0,2.0,1.0,5.0,1.0,1.0,1.0,1.0,3.0,1.0,2.0,1.0,1.0,1.0,1.0,1.0,1.0,1.0,5.0,2.0,1.0,3.0,1.0,1.0,5.0,1.0,1.0,2.0,1.0,1.0,1.0,2.0,3.0,1.0,1.0,1.0,1.0,1.0,1.0,1.0,1.0,1.0,1.0,1.0,5.0,3.0,2.0,1.0,1.0,2.0,1.0,1.0,1.0,1.0,1.0,1.0,1.0,1.0,2.0,1.0,5.0,1.0,2.0,1.0,1.0,2.0,1.0,1.0,1.0,1.0,2.0,1.0,7.0,4.0,1.0,2.0,1.0,2.0,12.0,5.0,1.0,15.0,1.0,2.0,2.0,2.0,1.0,1.0,8.0,1.0,4.0,1.0,1.0,16.0,3.0,3.0,1.0,2.0,1.0,1.0,6.0,7.0,1.0,2.0,3.0,2.0,2.0,3.0,2.0,1.0,5.0,1.0,3.0,2.0,2.0,1.0,1.0,1.0,10.0,10.0,1.0,3.0,2.0,1.0,2.0,5.0,2.0,1.0,3.0,1.0,1.0,1.0,1.0,1.0,1.0,1.0,7.0,1.0,1.0,13.0,1.0,1.0,1.0,10.0,2.0,1.0,3.0,1.0,1.0,2.0,3.0,1.0,1.0,1.0,1.0,1.0,1.0,1.0,2.0,1.0,14.0,1.0,1.0,1.0,2.0,2.0,1.0,3.0,2.0,1.0,1.0,1.0,2.0,5.0,1.0,1.0,1.0,4.0,1.0,4.0,2.0,14.0,1.0,2.0,2.0,4.0,1.0,1.0,3.0,1.0,1.0,2.0,1.0,1.0,4.0,3.0,17.0,1.0,1.0,1.0,1.0,3.0,1.0,3.0,5.0,1.0,2.0,2.0,2.0,1.0,1.0,1.0,4.0,1.0,2.0,1.0,1.0,1.0,1.0,1.0,1.0,5.0,2.0,2.0,3.0,1.0,1.0,1.0,1.0,2.0,1.0,1.0,1.0,1.0,1.0,5.0,2.0,3.0,2.0,2.0,3.0,1.0,2.0,4.0,1.0,2.0,2.0,2.0,1.0,1.0,1.0,1.0,1.0,3.0,2.0,1.0,1.0,13.0,3.0,1.0,1.0,1.0,7.0,4.0,1.0,1.0,1.0,8.0,1.0,1.0,6.0,2.0,1.0,3.0,2.0,8.0,2.0,1.0,1.0,1.0,5.0,1.0,8.0,1.0,4.0,9.0,7.0,1.0,1.0,8.0,1.0,2.0,1.0,1.0,4.0,1.0,1.0,1.0,7.0,4.0,5.0,3.0,1.0,1.0,1.0,2.0,1.0,1.0,1.0,1.0,1.0,1.0,6.0,3.0,2.0,2.0,1.0,1.0,1.0,1.0,1.0,1.0,5.0,1.0,1.0,3.0,1.0,1.0,-0.19794830327839,3.0,1.0,1.0,1.0,2.0,2.0,1.0,1.0,1.0,3.0,4.0,4.0,1.0,1.0,1.0,2.0,1.0,2.0,2.0,2.0,8.0,9.0,3.0,1.0,2.0,1.0,1.0,3.0,2.0,2.0,1.0,5.0,1.0,3.0,3.0,3.0,4.0,1.0,1.0,2.0,2.0,3.0,3.0,1.0,3.0,2.0,1.0,1.0,1.0,1.0,1.0,1.0,1.0,1.0,1.0,1.0,1.0,2.0,10.0,2.0,3.0,3.0,3.0,2.0,1.0,1.0,1.0,1.0,2.0,1.0,15.0,3.0,3.0,3.0,3.0,1.0,1.0,11.0,2.0,2.0,2.0,3.0,1.0,1.0,1.0,1.0,9.0,2.0,2.0,3.0,3.0,1.0,1.0,1.0,2.0,1.0,13.0,2.0,2.0,3.0,3.0,6.0,5.0,2.0,2.0,2.0,2.0,3.0,3.0,4.0,3.0,2.0,2.0,3.0,3.0,4.0,2.0,7.0,3.0,3.0,2.0,2.0,1.0,3.0,7.0,2.0,13.0,6.0,4.0,1.0,1.0,1.0,2.0,1.0,3.0,2.0,10.0,2.0,14.0,1.0,1.0,1.0,9.0,3.0,2.0,1.0,1.0,10.0,2.0,1.0,1.0,1.0,2.0,3.0,7.0,5.0,1.0,1.0,1.0,2.0,6.0,2.0,2.0,4.0,2.0,1.0,1.0,1.0,3.0,2.0,10.0,3.0,1.0,1.0,1.0,5.0,3.0,5.0,1.0,3.0,1.0,1.0,2.0,2.0,3.0,2.0,1.0,2.0,1.0,1.0,1.0,2.0,1.0,1.0,1.0,1.0,5.0,1.0,2.0,1.0,1.0,1.0,1.0,1.0,4.0,1.0,1.0,14.0,1.0,4.0,1.0,13.0,11.0,2.0,2.0,1.0,5.0,1.0,11.0,1.0,1.0,1.0,1.0,1.0,4.0,1.0,1.0,1.0,1.0,3.0,1.0,3.0,1.0,5.0,9.0,1.0,1.0,1.0,1.0,4.0,1.0,6.0,13.0,1.0,3.0,3.0,4.0,1.0,3.0,1.0,4.0,1.0,14.0,9.0,12.0,7.0,1.0,1.0,1.0,2.0,4.0,4.0,6.0,10.0,8.0,21.0,4.0,4.0,3.0,2.0,4.0,1.0,2.0,12.0,11.0,1.0,3.0,4.0,1.0,1.0,1.0,1.0,3.0,6.0,7.0,2.0,5.0,3.0,3.0,8.0,10.0,2.0,19.0,8.0,5.0,1.0,3.0,2.0,6.0,-4.04564786099211,2.0,1.0,2.0,3.0,8.0,9.0,6.0,6.0,1.0,1.0,2.0,2.0,2.0,8.0,4.0,5.0,8.0,7.0,13.0,3.0,9.0,2.0,1.0,3.0,5.0,1.0,3.0,1.0,1.0,7.0,8.0,1.0,2.0,1.0,1.0,6.0,1.0,1.0,1.0,5.0,15.0,1.0,2.0,7.0,5.0,4.0,5.0,4.0,16.0,6.0,4.0,2.0,1.0,1.0,1.0,1.0,1.0,1.0,2.0,1.0,7.0,7.0,4.0,1.0,2.0,1.0,2.0,1.0,1.0,1.0,1.0,2.0,2.0,1.0,1.0,1.0,1.0,1.0,1.0,1.0,1.0,1.0,1.0,1.0,2.0,2.0,4.0,1.0,1.0,1.0,2.0,7.0,1.0,1.0,1.0,1.0,1.0,1.0,1.0,2.0,3.0,6.0,7.0,4.0,1.0,3.0,1.0,1.0,1.0,1.0,1.0,1.0,1.0,1.0,1.0,2.0,1.0,1.0,2.0,1.0,1.0,1.0,2.0,1.0,1.0,1.0,1.0,1.0,2.0,2.0,3.0,6.0,1.0,1.0,2.0,1.0,1.0,2.0,1.0,1.0,13.0,19.0,2.0,1.0,1.0,4.0,1.0,1.0,1.0,1.0,1.0,1.0,1.0,1.0,1.0,1.0,1.0,2.0,1.0,1.0,1.0,16.0,15.0,1.0,2.0,2.0,2.0,1.0,1.0,1.0,2.0,1.0,1.0,1.0,1.0,1.0,2.0,1.0,1.0,3.0,1.0,1.0,1.0,2.0,1.0,1.0,12.0,7.0,1.0,5.0,1.0,3.0,1.0,1.0,1.0,2.0,3.0,1.0,1.0,6.0,7.0,3.0,5.0,3.0,1.0,1.0,3.0,2.0,1.0,7.0,16.0,1.0,1.0,5.0,3.0,1.0,1.0,3.0,2.0,1.0,6.96952489648403,1.0,2.0,3.0,3.0,1.0,1.0,2.0,1.0,1.0,1.0,2.0,30.0,1.0,4.0,7.0,1.0,1.0,1.0,1.0,1.0,2.0,1.0,2.0,1.0,1.0,1.0,1.0,1.0,1.0,5.0,24.0,4.0,2.0,1.0,1.0,1.0,1.0,1.0,1.0,2.0,2.0,3.0,1.0,2.0,1.0,1.0,1.0,1.0,1.0,1.0,1.0,2.0,1.0,1.0,1.0,1.0,1.0,1.0,1.0,1.0,3.0,1.0,1.0,1.0,3.0,5.0,2.0,3.0,1.0,1.0,2.0,1.0,2.0,1.0,3.0,1.0,2.0,1.0,1.0,2.0,2.0,2.0,1.0,1.0,5.0,2.0,2.0,4.0,1.0,3.0,1.0,4.0,1.0,1.0,2.0,1.0,1.0,4.0,1.0,2.0,1.0,1.0,2.0,4.0,1.0,2.0,2.0,5.0,1.0,1.0,2.0,1.0,1.0,3.0,1.0,1.0,3.0,3.0,5.0,3.0,4.0,1.0,1.0,1.0,2.0,1.0,2.0,1.0,2.0,1.0,1.0,3.0,1.0,1.0,1.0,1.0,2.0,1.0,1.0,1.0,2.0,1.0,1.0,1.0,1.0,1.0,1.0,1.0,1.0,4.0,1.0,1.0,1.0,2.0,1.0,6.0,1.0,1.0,1.0,2.0,2.0,1.0,1.0,1.0,3.8076550310665,2.0,1.0,1.0,2.0,1.0,-1.0,-1.0,-1.0,-1.0,-2.0,1.0,9.0,-1.0,1.0,-1.0,-1.0,-5.0,-4.0,-3.0,-4.0,-5.0,-5.0,1.0,1.0,1.0,6.0,6.0,2.0,1.0,3.0,2.0,1.0,4.0,5.0,1.0,3.0,1.0,1.0,2.0,1.0,5.0,1.0,1.0,10.0,4.0,1.0,1.0,1.0,3.0,7.0,1.0,2.0,8.0,1.0,2.0,1.0,1.0,1.0,2.0,1.0,2.0,9.0,1.0,9.0,1.0,1.0,1.0,3.0,1.0,1.0,4.0,4.0,1.0,2.0,1.0,2.0,1.0,1.0,1.0,2.0,1.0,1.0,2.0,4.0,1.0,1.0,10.0,1.0,1.0,1.0,3.0,1.0,4.0,4.0,9.0,1.0,1.0,5.0,1.0,1.0,1.0,4.0,2.0,5.0,1.0,7.0,1.0,5.0,1.0,1.0,1.0,18.20845275419301,1.0,5.0,4.0,6.0,1.0,-3.0,-1.0,-1.0,-13.71931735451625,-2.0,-2.0,-1.0,-1.0,-1.0,-1.0,-3.0,-1.0,-2.0,-4.0,-1.0,-2.0,-1.0,-1.0,-1.0,5.0,4.0,2.0,7.0,2.0,1.0,2.0,1.0,2.0,1.0,3.0,4.0,4.0,1.0,1.0,2.0,4.0,2.0,11.56553411323772,1.0,5.0,11.27775448851298,8.0,7.0,1.0,4.0,3.0,1.0,1.0,1.0,2.0,1.0,4.0,1.0,1.0,1.0,1.0,2.0,1.0,1.0,3.0,2.0,4.0,7.0,7.0,4.0,1.0,1.0,4.0,1.0,1.0,2.0,1.0,1.0,5.0,1.0,2.0,7.0,4.0,2.0,2.0,1.0,1.0,1.0,2.0,2.0,2.0,1.0,1.0,2.0,6.0,1.0,4.0,2.0,3.0,-10.81276160699843,1.0,8.0,8.0,1.0,1.0,2.0,2.0,1.0,1.0,2.0,2.0,11.0,5.0,2.0,1.0,2.0,2.0,2.0,2.0,2.0,2.0,2.0,2.0,2.0,1.0,1.0,25.0,6.0,5.0,5.0,5.0,5.0,5.0,5.0,3.0,2.0,1.0,1.0,2.0,1.0,1.0,12.0,15.0,4.0,4.0,5.0,4.0,4.0,5.0,2.0,1.0,5.0,1.0,1.0,2.0,1.0,16.0,5.0,4.0,5.0,4.0,10.0,2.0,4.0,3.0,3.0,6.0,4.0,4.0,4.0,4.0,4.0,4.0,4.0,4.0,4.0,2.0,4.0,4.0,4.0,4.0,4.0,4.0,1.0,1.0,4.0,4.0,4.0,4.0,4.0,4.0,1.0,1.0,1.0,1.0,1.0,1.0,4.0,4.0,4.0,4.0,4.0,4.0,4.0,4.0,4.0,4.0,1.0,1.0,1.0,1.0,3.0,1.0,1.0,10.0,1.0,1.0,1.0,1.0,1.0,21.0,15.0,1.0,1.0,1.0,1.0,1.0,1.0,5.0,1.0,6.0,2.0,2.0,23.0,14.0,1.0,3.0,3.0,3.0,3.0,3.0,3.0,3.0,3.0,1.0,1.0,1.0,1.0,1.0,6.0,1.0,4.0,10.0,9.0,26.0,7.0,3.0,3.0,4.0,3.0,3.0,3.0,4.0,3.0,1.0,1.0,1.0,1.0,3.0,1.0,1.0,13.0,2.0,2.0,2.0,2.0,2.0,2.0,2.0,1.0,1.0,2.0,2.0,2.0,2.0,2.0,2.0,3.0,2.0,1.0,2.0,2.0,2.0,2.0,2.0,2.0,2.0,1.0,2.0,2.0,2.0,2.0,2.0,2.0,2.0,2.0,2.0,2.0,2.0,1.0,-2.0,1.0,4.0,1.0,-4.0,-4.0,-5.0,-4.0,-4.0,-4.0,-5.0,-4.0,-1.0,1.0,2.0,-1.0,1.0,-4.0,-5.0,-4.0,-4.0,-5.0,-4.0,2.0,1.0,-5.0,-6.0,-5.0,-5.0,-6.0,-5.0,1.0,1.0,1.0,-5.0,-5.0,-5.0,-5.0,-5.0,-5.0,-1.0,1.0,-1.0,-5.0,-5.0,-5.0,-5.0,-5.0,-5.0,-3.0,-4.0,-1.0,-1.0,-3.0,-1.0,0.0,1.0,-9.0,-5.0,-11.00604357555452,-1.0,-2.0,-1.0,-1.0,-2.0,-1.0,-3.0,-2.0,-1.0,-1.0,-1.0,-1.0,-1.0,-3.0,-1.0,-1.0,-1.0,-1.0,-3.0,-2.0,18.45784305872714,-2.0,-1.0,-1.0,-1.0,-2.0,7.0,-4.0,-2.0,-3.0,-3.0,-1.0,-1.0,-1.0,1.0,1.0,0.0,-1.0,-5.0,-7.0,-1.0,-2.0,-1.0,9.0,2.0,13.0,-1.0,-1.0,-1.0,-5.0,-5.0,-2.0,-4.0,1.0,5.0,4.0,2.0,2.0,1.0,2.0,15.0,17.0,4.0,5.0,7.0,13.0,1.0,3.0,1.0,1.0,1.0,12.0,5.0,5.0,1.0,11.0,2.0,4.0,2.0,1.0,15.57346510062307,4.0,2.0,1.0,1.0,2.0,1.0,1.0,2.0,1.0,1.0,2.0,6.0,1.0,1.0,2.0,4.0,3.0,2.0,2.0,3.0,7.0,1.0,1.0,1.0,1.0,1.0,2.0,1.0,1.0,1.0,1.0,1.0,1.0,1.0,1.0,2.0,2.0,1.0,4.0,1.0,1.0,1.0,1.0,3.0,1.0,2.0,6.0,1.0,1.0,1.0,1.0,1.0,1.0,1.0,1.0,1.0,1.0,1.0,1.0,3.0,1.0,1.0,3.0,2.0,2.0,2.0,5.0,-20.80157324031526,2.0,2.0,4.0,3.0,1.0,2.0,2.0,2.0,2.0,1.0,1.0,2.0,2.0,2.0,1.0,1.0,1.0,1.0,1.0,2.0,1.0,4.0,1.0,1.0,1.0,1.0,2.0,1.0,1.0,1.0,5.0,5.0,1.0,4.0,3.0,2.0,2.0,1.0,5.0,1.0,3.0,4.0,2.0,1.0,3.0,3.0,4.0,3.0,3.0,1.0,1.0,2.0,1.0,3.0,2.0,4.0,2.0,1.0,4.0,2.0,1.0,2.0,3.0,3.0,3.0,3.0,2.0,1.0,4.0,5.0,1.0,1.0,5.0,4.0,2.0,1.0,1.0,1.0,6.0,10.0,1.0,5.0,5.0,1.0,7.0,2.0,1.0,10.0,4.0,3.0,3.0,1.0,7.0,1.0,11.0,1.0,2.0,2.0,1.0,3.0,2.0,1.0,1.0,5.0,8.0,1.0,7.0,3.0,1.0,2.0,2.0,1.0,2.0,1.0,1.0,1.0,1.0,2.0,7.0,6.0,1.0,2.0,-12.02274586832829,1.0,1.0,1.0,5.0,1.0,1.0,2.0,5.0,1.0,2.0,7.0,6.0,6.0,1.0,2.0,9.0,3.0,6.0,1.0,6.0,4.0,9.0,1.0,1.0,1.0,2.0,10.0,6.0,2.0,2.0,5.0,5.0,1.0,10.0,1.0,2.0,4.0,5.0,13.0,1.0,1.0,1.0,1.0,4.0,4.0,3.0,1.0,2.0,1.0,1.0,1.0,2.0,4.0,4.0,5.0,11.0,1.0,1.0,1.0,1.0,5.0,2.0,7.0,1.0,1.0,2.0,1.0,1.0,1.0,3.0,3.0,2.0,2.0,3.0,5.0,1.0,2.0,1.0,-2.0,1.0,1.0,7.0,-3.0,-3.0,-3.0,-3.0,1.0,0.0,4.0,-2.0,5.0,-6.0,-6.0,-6.0,-6.0,-2.0,-1.0,-1.0,-6.0,-6.0,-6.0,-6.0,-3.0,-2.0,-1.0,-1.0,-3.0,-3.0,-3.0,-3.0,-2.0,-1.0,-1.0,2.0,-1.0,-6.0,-6.0,-6.0,-6.0,-6.0,-6.0,-6.0,1.0,1.0,-3.0,-3.0,7.0,2.0,-5.0,-5.0,-5.0,-5.0,1.0,-2.0,-2.0,2.0,1.0,-5.0,-6.0,-5.0,-5.0,2.0,1.0,1.0,1.0,-6.0,-6.0,-6.0,-6.0,-1.0,1.0,-2.0,-2.0,1.0,2.0,-13.0,-13.0,-1.0,-1.0,-2.0,2.0,1.0,-5.0,-5.0,-5.0,-5.0,-5.0,-5.0,1.0,1.0,-5.0,-5.0,-5.0,-5.0,-5.0,0.0,-3.0,-12.0,-12.0,1.0,5.0,-7.0,-7.0,-7.0,-7.0,1.0,7.0,1.0,1.0,1.0,2.0,11.0,1.0,4.0,1.0,3.0,6.0,1.0,2.0,3.0,15.0,3.0,2.0,3.0,4.0,1.0,6.0,6.0,4.0,2.0,1.0,1.0,1.0,1.0,1.0,1.0,3.0,7.0,1.0,3.0,1.0,1.0,1.0,3.0,2.0,1.0,2.0,2.0,1.0,1.0,3.0,3.0,3.0,1.0,1.0,2.0,3.0,3.0,3.0,1.0,1.0,1.0,3.0,4.0,4.0,2.0,3.0,1.0,1.0,1.0,1.0,1.0,1.0,2.0,3.0,4.0,4.0,2.0,6.0,3.0,1.0,1.0,1.0,1.0,1.0,1.0,2.0,3.0,1.0,13.0,3.0,1.0,1.0,6.0,1.0,1.0,1.0,4.0,1.0,1.0,2.0,2.0,4.0,3.0,3.0,1.0,1.0,1.0,1.0,2.0,2.0,3.0,3.0,1.0,1.0,2.0,2.0,1.0,2.0,6.0,6.0,2.0,3.0,2.0,2.0,1.0,1.0,2.0,2.0,6.0,6.0,2.0,3.0,2.0,2.0,1.0,1.0,21.0,3.0,4.0,1.0,2.0,2.0,8.0,1.0,7.0,2.0,1.0,2.0,3.0,4.0,4.0,1.0,16.0,1.0,6.0,3.0,1.0,1.0,2.0,10.0,1.0,10.0,3.0,3.0,2.0,1.0,4.0,3.0,1.0,2.0,1.0,1.0,4.0,1.0,3.0,1.0,2.0,2.0,1.0,1.0,1.0,1.0,3.0,1.0,1.0,2.0,1.0,1.0,1.0,1.0,1.0,0.29786125122586,1.0,1.0,1.0,1.0,1.0,4.0,3.0,1.0,1.0,1.0,1.0,1.0,1.0,2.0,2.0,1.0,4.0,1.0,4.0,1.0,1.0,2.0,1.0,1.0,3.0,2.0,2.0,2.0,2.0,1.0,1.0,6.0,24.0,4.0,1.0,3.0,2.0,1.0,1.0,16.0,35.0,3.0,1.0,1.0,1.0,1.0,1.0,1.0,3.0,5.0,1.0,1.0,2.0,7.0,5.0,5.0,2.0,3.0,1.0,1.0,1.0,8.0,1.0,5.0,3.0,2.0,9.0,6.0,1.0,4.0,13.0,1.0,7.0,7.0,1.0,1.0,1.0,1.0,1.0,4.0,6.0,3.0,2.0,1.0,8.0,6.0,1.0,1.0,1.0,2.0,3.0,1.0,2.0,8.0,1.0,2.0,9.0,2.0,1.0,1.0,1.0,1.0,1.0,4.0,1.0,1.0,4.0,5.0,1.0,1.0,2.0,3.0,2.0,1.0,2.0,5.0,6.0,4.0,6.0,8.0,11.0,7.0,6.0,1.0,1.0,1.0,4.0,1.0,3.0,4.0,5.0,12.0,5.0,2.0,2.0,1.0,4.0,2.0,1.0,1.0,1.0,3.0,4.0,3.0,2.0,2.0,3.0,5.0,1.0,7.0,5.0,2.0,2.0,3.0,1.0,1.0,1.0,1.0,2.0,1.0,2.0,1.0,1.0,12.0,10.0,8.0,6.0,5.0,1.0,1.0,1.0,3.0,1.0,1.0,1.0,3.0,4.0,1.0,2.0,1.0,1.0,1.0,2.0,1.0,1.0,8.0,1.0,1.0,2.0,2.0,5.0,2.0,2.0,1.0,1.0,3.0,2.0,3.0,1.0,6.0,6.0,1.0,1.0,6.0,1.0,6.0,9.0,3.0,13.0,10.0,1.0,1.0,11.0,1.0,1.0,3.0,8.0,9.0,2.0,1.0,2.0,3.0,-11.27402785368881,3.0,1.0,1.0,1.0,5.0,5.0,2.0,1.0,2.0,2.0,1.0,1.0,5.0,1.0,1.0,1.0,1.0,3.0,2.0,1.0,2.0,1.0,3.0,4.0,1.0,2.0,1.0,2.0,1.0,2.0,2.0,1.0,1.0,2.0,2.0,1.0,1.0,1.0,1.0,1.0,1.0,2.0,1.0,8.0,2.0,1.0,5.0,6.0,2.0,1.0,1.0,1.0,6.0,2.0,3.0,4.0,3.0,1.0,1.0,2.0,2.0,1.0,1.0,11.0,1.0,1.0,2.0,4.0,5.0,3.0,1.0,4.0,1.0,14.0,4.0,7.0,1.0,1.0,2.0,1.0,1.0,1.92572291035908,1.0,1.0,1.0,3.0,1.0,9.0,2.0,2.0,1.0,1.0,7.0,1.0,8.0,1.0,1.0,1.0,1.0,2.0,1.0,1.0,1.0,1.0,2.0,1.0,1.0,1.0,1.0,1.0,1.0,4.0,4.0,3.0,2.0,1.0,1.0,1.0,1.0,3.0,1.0,1.0,1.0,1.0,1.0,1.0,1.0,1.0,2.0,1.0,3.0,3.0,1.0,1.0,3.0,5.0,9.0,7.0,2.0,2.0,1.0,1.0,1.0,2.0,3.0,1.0,1.0,2.0,3.0,1.0,1.0,2.0,2.0,1.0,1.0,1.0,1.0,2.0,1.0,1.0,-1.0,-1.0,-2.0,-4.0,-12.0,-7.0,-6.0,-6.0,-9.0,-11.0,-2.0,-8.0,-10.0,-6.0,-11.0,-6.50984180533249,-1.0,-4.0,-1.0,-10.0,-11.0,-3.0,-8.0,-12.0,-10.0,-1.0,-1.0,-1.0,-1.0,-7.0,-7.0,-13.0,-7.0,2.0,1.0,1.0,1.0,2.0,1.0,1.0,5.0,1.0,2.0,1.0,1.0,3.0,1.0,3.0,1.0,1.0,1.0,1.0,1.0,1.0,1.0,1.0,4.0,1.0,1.0,2.0,1.0,1.0,3.0,1.0,1.0,2.0,1.0,1.0,2.0,3.0,1.0,2.0,1.0,1.0,1.0,1.0,1.0,1.0,2.0,1.0,2.0,1.0,2.0,5.0,6.0,1.0,2.0,1.0,1.0,3.0,1.0,1.0,2.0,3.0,3.0,1.0,1.0,2.0,5.0,5.0,1.0,1.0,4.0,3.0,2.0,1.0,1.0,-1.0,1.0,2.0,-3.0,1.0,1.0,-4.0,-4.0,-3.0,2.0,-1.0,-1.0,-1.0,-2.0,2.0,10.0,1.0,1.0,1.0,2.0,3.0,4.0,1.0,2.0,1.0,17.0,1.0,1.0,1.0,1.0,2.0,1.0,1.0,1.0,4.0,4.0,1.0,3.0,1.0,1.0,2.0,1.0,1.0,1.0,2.0,2.0,1.0,1.0,1.0,1.0,2.0,3.0,18.94840458248437,1.0,1.0,3.0,1.0,1.0,1.0,2.0,3.0,1.0,1.0,2.0,4.0,2.0,1.0,1.0,1.0,1.0,2.0,3.0,1.0,4.0,1.0,1.0,1.0,4.0,4.0,1.0,1.0,2.0,2.0,2.0,2.0,1.0,2.0,1.0,2.0,3.0,1.0,6.0,11.0,8.0,5.0,4.0,5.0,3.0,2.0,1.0,1.0,1.0,1.0,1.0,2.0,2.0,3.0,2.0,3.0,1.0,1.0,1.0,1.0,1.0,1.0,3.0,2.0,5.0,1.0,2.0,2.0,1.0,5.0,1.0,5.0,1.0,2.0,5.0,3.0,2.0,1.0,15.11250881122309,1.0,2.0,3.0,1.0,1.0,1.0,3.0,3.0,2.0,4.0,1.0,1.0,1.0,1.0,1.0,1.0,1.0,1.0,1.0,1.0,1.0,3.0,5.0,1.0,1.0,1.0,2.0,2.0,1.0,1.0,5.0,1.0,1.0,5.0,1.0,1.0,-7.0,-7.0,1.0,-1.0,-4.0,-2.0,-1.0,-2.0,-1.0,1.0,-1.0,-3.0,-5.0,0.0,-3.0,-1.0,-2.0,-4.0,1.0,-1.0,1.0,-1.0,-1.0,1.0,-1.0,-1.0,2.0,-2.0,-3.0,2.0,-2.0,-1.0,1.0,-1.0,-1.0,-2.0,1.0,-2.0,-1.0,2.0,-1.0,-1.0,-1.0,-1.0,-2.0,2.0,-2.0,-2.0,0.0,-1.0,-1.0,-1.0,-1.0,-1.0,1.0,1.0,1.0,7.0,1.0,1.0,1.0,1.0,1.0,2.0,1.0,1.0,12.0,1.0,1.0,1.0,1.0,1.0,1.0,2.0,1.0,1.0,1.0,1.0,2.0,4.0,3.0,1.0,1.0,3.0,1.0,1.0,1.0,1.0,2.0,1.0,1.0,1.0,1.0,1.0,2.0,1.0,1.0,3.0,7.0,2.0,1.0,1.0,1.0,1.0,1.0,1.0,1.0,1.0,1.0,1.0,1.0,1.0,6.0,1.0,1.0,1.0,1.0,1.0,1.0,1.0,1.0,1.0,1.0,1.0,1.0,1.0,1.0,1.0,1.0,4.0,1.0,1.0,1.0,1.0,1.0,1.0,1.0,1.0,1.0,1.0,1.0,1.0,1.0,1.0,1.0,1.0,1.0,1.0,1.0,-1.0,-1.0,1.0,1.0,2.0,-2.0,-2.0,-2.0,-2.0,-2.0,1.0,1.0,-3.56110793196185,-3.0,-3.0,-3.0,1.0,-5.0,-5.0,-5.0,1.0,1.0,1.0,1.0,2.0,1.0,1.0,-1.0,-1.0,-1.0,-1.0,-1.0,-1.0,4.0,4.0,1.0,1.0,3.0,1.0,1.0,1.0,1.0,1.0,3.0,3.0,2.0,1.0,1.0,1.0,1.0,1.0,2.0,1.0,1.0,2.0,2.0,1.0,1.0,1.0,1.0,1.0,3.0,3.0,3.0,1.0,1.0,2.0,1.0,1.0,2.0,2.0,2.0,1.0,1.0,1.0,2.0,1.0,1.0,1.0,1.0,3.0,1.0,1.0,1.0,1.0,4.0,2.0,5.0,1.0,2.0,1.0,1.0,1.0,1.0,3.0,1.0,2.0,3.0,2.0,1.0,1.0,1.0,2.0,10.58690883109722,2.0,2.0,1.0,6.0,3.0,6.0,1.0,1.0,1.0,3.0,1.0,4.0,5.0,1.0,1.0,1.0,1.0,1.0,17.0,1.0,2.0,12.0,1.0,2.0,3.0,8.0,13.0,5.0,2.0,1.0,2.0,6.0,4.0,4.0,2.0,1.0,3.0,2.0,1.0,1.0,1.0,3.0,1.0,1.0,1.0,3.0,1.0,1.0,1.0,3.0,1.0,1.0,1.0,2.0,3.0,7.0,4.0,3.0,-0.31044766992144,2.0,2.0,2.0,1.0,1.0,1.0,1.0,1.0,1.0,1.0,1.0,1.0,1.0,1.0,1.0,1.0,1.0,1.0,1.0,1.0,1.0,1.0,1.0,1.0,1.0,1.0,1.0,1.0,3.0,1.0,1.0,2.0,2.0,2.0,2.0,3.0,1.0,1.0,1.0,2.0,1.0,4.0,3.0,1.0,1.0,1.0,2.0,1.0,7.39298284432326,1.0,5.0,3.0,2.0,1.0,1.0,1.0,1.0,1.0,1.0,1.0,1.0,1.0,3.0,4.0,3.0,1.0,1.0,1.0,1.0,1.0,1.0,1.0,1.0,1.0,1.0,1.0,1.0,2.0,1.0,1.0,1.0,1.0,1.0,1.0,1.0,1.0,1.0,1.0,1.0,2.0,1.0,1.0,1.0,1.0,1.0,1.0,1.0,1.0,1.0,1.0,1.0,1.0,1.0,3.0,8.0,2.0,1.0,2.0,1.0,1.0,4.0,1.0,1.0,1.0,1.0,1.0,1.0,1.0,7.0,5.0,2.0,3.0,1.0,1.0,2.0,1.0,1.0,1.0,1.0,1.0,1.0,2.0,3.0,1.0,2.0,2.0,2.0,1.0,3.0,1.0,1.0,1.0,1.0,3.0,2.0,3.0,3.0,1.0,1.0,2.0,2.0,2.0,3.0,2.0,1.0,3.0,1.0,2.0,2.0,2.0,2.0,2.0,2.0,1.0,1.0,1.0,1.0,1.0,1.0,1.0,1.0,1.0,2.0,1.0,1.0,1.0,3.0,1.0,1.0,1.0,1.0,1.0,1.0,1.0,2.0,1.0,6.0,1.0,5.0,1.0,4.0,1.0,8.0,1.0,3.0,3.0,4.0,1.0,2.0,2.0,1.0,1.0,3.0,2.0,3.0,1.0,2.0,1.0,1.0,2.0,1.0,1.0,4.0,6.0,1.0,1.0,1.0,2.0,2.0,1.0,1.0,3.0,5.0,4.0,1.0,1.0,5.0,1.0,1.0,2.0,1.0,1.0,1.0,4.0,2.0,1.0,4.0,2.0,6.0,1.0,1.0,1.0,1.0,6.0,4.0,1.0,1.0,3.0,3.0,-1.3686525685699,9.0,2.0,3.0,3.0,3.0,3.0,1.0,1.0,5.0,5.0,5.0,5.0,1.0,7.0,10.0,2.0,1.0,4.0,5.0,5.0,5.0,5.0,2.0,1.0,3.0,5.0,4.0,2.0,2.0,1.0,1.0,2.0,3.0,1.0,1.0,3.0,11.0,5.0,5.0,5.0,5.0,5.0,5.0,5.0,5.0,13.0,3.0,2.0,2.0,3.0,11.0,5.0,5.0,5.0,5.0,1.0,1.0,2.0,18.0,11.0,2.0,1.0,3.0,3.0,5.0,5.0,5.0,5.0,5.0,5.0,2.0,1.0,3.0,1.0,1.0,21.0,1.0,2.0,3.0,6.0,6.0,6.0,6.0,2.0,5.0,3.0,2.0,5.0,13.0,2.0,5.0,5.0,5.0,5.0,6.0,2.0,24.0,2.0,1.0,2.0,5.0,5.0,5.0,5.0,1.0,2.0,4.0,3.0,12.0,1.0,9.0,4.0,4.0,4.0,4.0,4.0,4.0,4.0,1.0,10.0,4.0,1.0,21.0,1.0,2.0,1.0,1.0,1.0,4.0,3.0,5.0,6.0,6.0,6.0,6.0,6.0,1.0,1.0,3.0,15.0,1.0,1.0,1.0,1.0,7.0,4.0,1.0,10.0,5.0,5.0,5.0,5.0,1.0,1.0,4.0,2.0,1.0,1.0,2.0,2.0,9.0,2.0,1.0,1.0,3.0,1.0,4.0,3.0,1.0,1.0,1.0,1.0,1.0,2.0,1.0,1.0,9.0,1.0,1.0,1.0,2.0,5.0,5.0,5.0,5.0,2.0,1.0,7.0,1.0,2.0,5.0,5.0,5.0,5.0,5.0,5.0,5.0,3.0,1.0,1.0,20.0,1.0,1.0,1.0,4.0,1.0,1.0,2.0,1.0,9.0,3.0,4.0,4.0,4.0,4.0,4.0,4.0,4.0,4.0,1.0,1.0,37.0,1.0,1.0,1.0,6.0,6.0,6.0,6.0,6.0,6.0,1.0,1.0,1.0,1.0,6.0,16.0,1.0,5.0,5.0,5.0,5.0,1.0,27.0,1.0,1.0,1.0,7.0,6.0,6.0,6.0,6.0,1.0,2.0,1.0,30.0,1.0,1.0,1.0,1.0,8.0,6.0,6.0,6.0,6.0,13.32796194626393,2.0,2.0,2.0,2.0,5.0,5.0,7.0,3.0,30.0,3.0,10.0,6.0,1.0,10.0,5.0,5.0,5.0,5.0,5.0,5.0,5.0,4.0,1.0,6.0,8.0,1.0,2.0,3.0,4.0,4.0,5.0,6.0,6.0,6.0,6.0,-5.0,-5.0,-5.0,-5.0,-5.0,-5.0,-5.0,-5.0,-5.0,-5.0,1.0
1.0,1.0,1.0,2.0,1.0,2.0,4.0,7.0,1.0,2.0,1.0,5.0,1.0,1.0,1.0,1.0,3.0,1.0,2.0,1.0,1.0,1.0,1.0,1.0,1.0,1.0,5.0,2.0,1.0,3.0,1.0,1.0,5.0,1.0,1.0,2.0,1.0,1.0,1.0,2.0,3.0,1.0,1.0,1.0,1.0,1.0,1.0,1.0,1.0,1.0,1.0,1.0,5.0,3.0,2.0,1.0,1.0,2.0,1.0,1.0,1.0,1.0,1.0,1.0,1.0,1.0,2.0,1.0,5.0,1.0,2.0,1.0,1.0,2.0,1.0,1.0,1.0,1.0,2.0,1.0,7.0,4.0,1.0,2.0,1.0,2.0,12.0,5.0,1.0,15.0,1.0,2.0,2.0,2.0,1.0,1.0,8.0,1.0,4.0,1.0,1.0,16.0,3.0,3.0,1.0,2.0,1.0,1.0,6.0,7.0,1.0,2.0,3.0,2.0,2.0,3.0,2.0,1.0,5.0,1.0,3.0,2.0,2.0,1.0,1.0,1.0,10.0,10.0,1.0,3.0,2.0,1.0,2.0,5.0,2.0,1.0,3.0,1.0,1.0,1.0,1.0,1.0,1.0,1.0,7.0,1.0,1.0,13.0,1.0,1.0,1.0,10.0,2.0,1.0,3.0,1.0,1.0,2.0,3.0,1.0,1.0,1.0,1.0,1.0,1.0,1.0,2.0,1.0,14.0,1.0,1.0,1.0,2.0,2.0,1.0,3.0,2.0,1.0,1.0,1.0,2.0,5.0,1.0,1.0,1.0,4.0,1.0,4.0,2.0,14.0,1.0,2.0,2.0,4.0,1.0,1.0,3.0,1.0,1.0,2.0,1.0,1.0,4.0,3.0,17.0,1.0,1.0,1.0,1.0,3.0,1.0,3.0,5.0,1.0,2.0,2.0,2.0,1.0,1.0,1.0,4.0,1.0,2.0,1.0,1.0,1.0,1.0,1.0,1.0,5.0,2.0,2.0,3.0,1.0,1.0,1.0,1.0,2.0,1.0,1.0,1.0,1.0,1.0,5.0,2.0,3.0,2.0,2.0,3.0,1.0,2.0,4.0,1.0,2.0,2.0,2.0,1.0,1.0,1.0,1.0,1.0,3.0,2.0,1.0,1.0,13.0,3.0,1.0,1.0,1.0,7.0,4.0,1.0,1.0,1.0,8.0,1.0,1.0,6.0,2.0,1.0,3.0,2.0,8.0,2.0,1.0,1.0,1.0,5.0,1.0,8.0,1.0,4.0,9.0,7.0,1.0,1.0,8.0,1.0,2.0,1.0,1.0,4.0,1.0,1.0,1.0,7.0,4.0,5.0,3.0,1.0,1.0,1.0,2.0,1.0,1.0,1.0,1.0,1.0,1.0,6.0,3.0,2.0,2.0,1.0,1.0,1.0,1.0,1.0,1.0,5.0,1.0,1.0,3.0,1.0,1.0,-0.19794830327839,3.0,1.0,1.0,1.0,2.0,2.0,1.0,1.0,1.0,3.0,4.0,4.0,1.0,1.0,1.0,2.0,1.0,2.0,2.0,2.0,8.0,9.0,3.0,1.0,2.0,1.0,1.0,3.0,2.0,2.0,1.0,5.0,1.0,3.0,3.0,3.0,4.0,1.0,1.0,2.0,2.0,3.0,3.0,1.0,3.0,2.0,1.0,1.0,1.0,1.0,1.0,1.0,1.0,1.0,1.0,1.0,1.0,2.0,10.0,2.0,3.0,3.0,3.0,2.0,1.0,1.0,1.0,1.0,2.0,1.0,15.0,3.0,3.0,3.0,3.0,1.0,1.0,11.0,2.0,2.0,2.0,3.0,1.0,1.0,1.0,1.0,9.0,2.0,2.0,3.0,3.0,1.0,1.0,1.0,2.0,1.0,13.0,2.0,2.0,3.0,3.0,6.0,5.0,2.0,2.0,2.0,2.0,3.0,3.0,4.0,3.0,2.0,2.0,3.0,3.0,4.0,2.0,7.0,3.0,3.0,2.0,2.0,1.0,3.0,7.0,2.0,13.0,6.0,4.0,1.0,1.0,1.0,2.0,1.0,3.0,2.0,10.0,2.0,14.0,1.0,1.0,1.0,9.0,3.0,2.0,1.0,1.0,10.0,2.0,1.0,1.0,1.0,2.0,3.0,7.0,5.0,1.0,1.0,1.0,2.0,6.0,2.0,2.0,4.0,2.0,1.0,1.0,1.0,3.0,2.0,10.0,3.0,1.0,1.0,1.0,5.0,3.0,5.0,1.0,3.0,1.0,1.0,2.0,2.0,3.0,2.0,1.0,2.0,1.0,1.0,1.0,2.0,1.0,1.0,1.0,1.0,5.0,1.0,2.0,1.0,1.0,1.0,1.0,1.0,4.0,1.0,1.0,14.0,1.0,4.0,1.0,13.0,11.0,2.0,2.0,1.0,5.0,1.0,11.0,1.0,1.0,1.0,1.0,1.0,4.0,1.0,1.0,1.0,1.0,3.0,1.0,3.0,1.0,5.0,9.0,1.0,1.0,1.0,1.0,4.0,1.0,6.0,13.0,1.0,3.0,3.0,4.0,1.0,3.0,1.0,4.0,1.0,14.0,9.0,12.0,7.0,1.0,1.0,1.0,2.0,4.0,4.0,6.0,10.0,8.0,21.0,4.0,4.0,3.0,2.0,4.0,1.0,2.0,12.0,11.0,1.0,3.0,4.0,1.0,1.0,1.0,1.0,3.0,6.0,7.0,2.0,5.0,3.0,3.0,8.0,10.0,2.0,19.0,8.0,5.0,1.0,3.0,2.0,6.0,-4.04564786099211,2.0,1.0,2.0,3.0,8.0,9.0,6.0,6.0,1.0,1.0,2.0,2.0,2.0,8.0,4.0,5.0,8.0,7.0,13.0,3.0,9.0,2.0,1.0,3.0,5.0,1.0,3.0,1.0,1.0,7.0,8.0,1.0,2.0,1.0,1.0,6.0,1.0,1.0,1.0,5.0,15.0,1.0,2.0,7.0,5.0,4.0,5.0,4.0,16.0,6.0,4.0,2.0,1.0,1.0,1.0,1.0,1.0,1.0,2.0,1.0,7.0,7.0,4.0,1.0,2.0,1.0,2.0,1.0,1.0,1.0,1.0,2.0,2.0,1.0,1.0,1.0,1.0,1.0,1.0,1.0,1.0,1.0,1.0,1.0,2.0,2.0,4.0,1.0,1.0,1.0,2.0,7.0,1.0,1.0,1.0,1.0,1.0,1.0,1.0,2.0,3.0,6.0,7.0,4.0,1.0,3.0,1.0,1.0,1.0,1.0,1.0,1.0,1.0,1.0,1.0,2.0,1.0,1.0,2.0,1.0,1.0,1.0,2.0,1.0,1.0,1.0,1.0,1.0,2.0,2.0,3.0,6.0,1.0,1.0,2.0,1.0,1.0,2.0,1.0,1.0,13.0,19.0,2.0,1.0,1.0,4.0,1.0,1.0,1.0,1.0,1.0,1.0,1.0,1.0,1.0,1.0,1.0,2.0,1.0,1.0,1.0,16.0,15.0,1.0,2.0,2.0,2.0,1.0,1.0,1.0,2.0,1.0,1.0,1.0,1.0,1.0,2.0,1.0,1.0,3.0,1.0,1.0,1.0,2.0,1.0,1.0,12.0,7.0,1.0,5.0,1.0,3.0,1.0,1.0,1.0,2.0,3.0,1.0,1.0,6.0,7.0,3.0,5.0,3.0,1.0,1.0,3.0,2.0,1.0,7.0,16.0,1.0,1.0,5.0,3.0,1.0,1.0,3.0,2.0,1.0,6.96952489648403,1.0,2.0,3.0,3.0,1.0,1.0,2.0,1.0,1.0,1.0,2.0,30.0,1.0,4.0,7.0,1.0,1.0,1.0,1.0,1.0,2.0,1.0,2.0,1.0,1.0,1.0,1.0,1.0,1.0,5.0,24.0,4.0,2.0,1.0,1.0,1.0,1.0,1.0,1.0,2.0,2.0,3.0,1.0,2.0,1.0,1.0,1.0,1.0,1.0,1.0,1.0,2.0,1.0,1.0,1.0,1.0,1.0,1.0,1.0,1.0,3.0,1.0,1.0,1.0,3.0,5.0,2.0,3.0,1.0,1.0,2.0,1.0,2.0,1.0,3.0,1.0,2.0,1.0,1.0,2.0,2.0,2.0,1.0,1.0,5.0,2.0,2.0,4.0,1.0,3.0,1.0,4.0,1.0,1.0,2.0,1.0,1.0,4.0,1.0,2.0,1.0,1.0,2.0,4.0,1.0,2.0,2.0,5.0,1.0,1.0,2.0,1.0,1.0,3.0,1.0,1.0,3.0,3.0,5.0,3.0,4.0,1.0,1.0,1.0,2.0,1.0,2.0,1.0,2.0,1.0,1.0,3.0,1.0,1.0,1.0,1.0,2.0,1.0,1.0,1.0,2.0,1.0,1.0,1.0,1.0,1.0,1.0,1.0,1.0,4.0,1.0,1.0,1.0,2.0,1.0,6.0,1.0,1.0,1.0,2.0,2.0,1.0,1.0,1.0,3.8076550310665,2.0,1.0,1.0,2.0,1.0,-1.0,-1.0,-1.0,-1.0,-2.0,1.0,9.0,-1.0,1.0,-1.0,-1.0,-5.0,-4.0,-3.0,-4.0,-5.0,-5.0,1.0,1.0,1.0,6.0,6.0,2.0,1.0,3.0,2.0,1.0,4.0,5.0,1.0,3.0,1.0,1.0,2.0,1.0,5.0,1.0,1.0,10.0,4.0,1.0,1.0,1.0,3.0,7.0,1.0,2.0,8.0,1.0,2.0,1.0,1.0,1.0,2.0,1.0,2.0,9.0,1.0,9.0,1.0,1.0,1.0,3.0,1.0,1.0,4.0,4.0,1.0,2.0,1.0,2.0,1.0,1.0,1.0,2.0,1.0,1.0,2.0,4.0,1.0,1.0,10.0,1.0,1.0,1.0,3.0,1.0,4.0,4.0,9.0,1.0,1.0,5.0,1.0,1.0,1.0,4.0,2.0,5.0,1.0,7.0,1.0,5.0,1.0,1.0,1.0,18.20845275419301,1.0,5.0,4.0,6.0,1.0,-3.0,-1.0,-1.0,-13.71931735451625,-2.0,-2.0,-1.0,-1.0,-1.0,-1.0,-3.0,-1.0,-2.0,-4.0,-1.0,-2.0,-1.0,-1.0,-1.0,5.0,4.0,2.0,7.0,2.0,1.0,2.0,1.0,2.0,1.0,3.0,4.0,4.0,1.0,1.0,2.0,4.0,2.0,11.56553411323772,1.0,5.0,11.27775448851298,8.0,7.0,1.0,4.0,3.0,1.0,1.0,1.0,2.0,1.0,4.0,1.0,1.0,1.0,1.0,2.0,1.0,1.0,3.0,2.0,4.0,7.0,7.0,4.0,1.0,1.0,4.0,1.0,1.0,2.0,1.0,1.0,5.0,1.0,2.0,7.0,4.0,2.0,2.0,1.0,1.0,1.0,2.0,2.0,2.0,1.0,1.0,2.0,6.0,1.0,4.0,2.0,3.0,-10.81276160699843,1.0,8.0,8.0,1.0,1.0,2.0,2.0,1.0,1.0,2.0,2.0,11.0,5.0,2.0,1.0,2.0,2.0,2.0,2.0,2.0,2.0,2.0,2.0,2.0,1.0,1.0,25.0,6.0,5.0,5.0,5.0,5.0,5.0,5.0,3.0,2.0,1.0,1.0,2.0,1.0,1.0,12.0,15.0,4.0,4.0,5.0,4.0,4.0,5.0,2.0,1.0,5.0,1.0,1.0,2.0,1.0,16.0,5.0,4.0,5.0,4.0,10.0,2.0,4.0,3.0,3.0,6.0,4.0,4.0,4.0,4.0,4.0,4.0,4.0,4.0,4.0,2.0,4.0,4.0,4.0,4.0,4.0,4.0,1.0,1.0,4.0,4.0,4.0,4.0,4.0,4.0,1.0,1.0,1.0,1.0,1.0,1.0,4.0,4.0,4.0,4.0,4.0,4.0,4.0,4.0,4.0,4.0,1.0,1.0,1.0,1.0,3.0,1.0,1.0,10.0,1.0,1.0,1.0,1.0,1.0,21.0,15.0,1.0,1.0,1.0,1.0,1.0,1.0,5.0,1.0,6.0,2.0,2.0,23.0,14.0,1.0,3.0,3.0,3.0,3.0,3.0,3.0,3.0,3.0,1.0,1.0,1.0,1.0,1.0,6.0,1.0,4.0,10.0,9.0,26.0,7.0,3.0,3.0,4.0,3.0,3.0,3.0,4.0,3.0,1.0,1.0,1.0,1.0,3.0,1.0,1.0,13.0,2.0,2.0,2.0,2.0,2.0,2.0,2.0,1.0,1.0,2.0,2.0,2.0,2.0,2.0,2.0,3.0,2.0,1.0,2.0,2.0,2.0,2.0,2.0,2.0,2.0,1.0,2.0,2.0,2.0,2.0,2.0,2.0,2.0,2.0,2.0,2.0,2.0,1.0,-2.0,1.0,4.0,1.0,-4.0,-4.0,-5.0,-4.0,-4.0,-4.0,-5.0,-4.0,-1.0,1.0,2.0,-1.0,1.0,-4.0,-5.0,-4.0,-4.0,-5.0,-4.0,2.0,1.0,-5.0,-6.0,-5.0,-5.0,-6.0,-5.0,1.0,1.0,1.0,-5.0,-5.0,-5.0,-5.0,-5.0,-5.0,-1.0,1.0,-1.0,-5.0,-5.0,-5.0,-5.0,-5.0,-5.0,-3.0,-4.0,-1.0,-1.0,-3.0,-1.0,0.0,1.0,-9.0,-5.0,-11.00604357555452,-1.0,-2.0,-1.0,-1.0,-2.0,-1.0,-3.0,-2.0,-1.0,-1.0,-1.0,-1.0,-1.0,-3.0,-1.0,-1.0,-1.0,-1.0,-3.0,-2.0,18.45784305872714,-2.0,-1.0,-1.0,-1.0,-2.0,7.0,-4.0,-2.0,-3.0,-3.0,-1.0,-1.0,-1.0,1.0,1.0,0.0,-1.0,-5.0,-7.0,-1.0,-2.0,-1.0,9.0,2.0,13.0,-1.0,-1.0,-1.0,-5.0,-5.0,-2.0,-4.0,1.0,5.0,4.0,2.0,2.0,1.0,2.0,15.0,17.0,4.0,5.0,7.0,13.0,1.0,3.0,1.0,1.0,1.0,12.0,5.0,5.0,1.0,11.0,2.0,4.0,2.0,1.0,15.57346510062307,4.0,2.0,1.0,1.0,2.0,1.0,1.0,2.0,1.0,1.0,2.0,6.0,1.0,1.0,2.0,4.0,3.0,2.0,2.0,3.0,7.0,1.0,1.0,1.0,1.0,1.0,2.0,1.0,1.0,1.0,1.0,1.0,1.0,1.0,1.0,2.0,2.0,1.0,4.0,1.0,1.0,1.0,1.0,3.0,1.0,2.0,6.0,1.0,1.0,1.0,1.0,1.0,1.0,1.0,1.0,1.0,1.0,1.0,1.0,3.0,1.0,1.0,3.0,2.0,2.0,2.0,5.0,-20.80157324031526,2.0,2.0,4.0,3.0,1.0,2.0,2.0,2.0,2.0,1.0,1.0,2.0,2.0,2.0,1.0,1.0,1.0,1.0,1.0,2.0,1.0,4.0,1.0,1.0,1.0,1.0,2.0,1.0,1.0,1.0,5.0,5.0,1.0,4.0,3.0,2.0,2.0,1.0,5.0,1.0,3.0,4.0,2.0,1.0,3.0,3.0,4.0,3.0,3.0,1.0,1.0,2.0,1.0,3.0,2.0,4.0,2.0,1.0,4.0,2.0,1.0,2.0,3.0,3.0,3.0,3.0,2.0,1.0,4.0,5.0,1.0,1.0,5.0,4.0,2.0,1.0,1.0,1.0,6.0,10.0,1.0,5.0,5.0,1.0,7.0,2.0,1.0,10.0,4.0,3.0,3.0,1.0,7.0,1.0,11.0,1.0,2.0,2.0,1.0,3.0,2.0,1.0,1.0,5.0,8.0,1.0,7.0,3.0,1.0,2.0,2.0,1.0,2.0,1.0,1.0,1.0,1.0,2.0,7.0,6.0,1.0,2.0,-12.02274586832829,1.0,1.0,1.0,5.0,1.0,1.0,2.0,5.0,1.0,2.0,7.0,6.0,6.0,1.0,2.0,9.0,3.0,6.0,1.0,6.0,4.0,9.0,1.0,1.0,1.0,2.0,10.0,6.0,2.0,2.0,5.0,5.0,1.0,10.0,1.0,2.0,4.0,5.0,13.0,1.0,1.0,1.0,1.0,4.0,4.0,3.0,1.0,2.0,1.0,1.0,1.0,2.0,4.0,4.0,5.0,11.0,1.0,1.0,1.0,1.0,5.0,2.0,7.0,1.0,1.0,2.0,1.0,1.0,1.0,3.0,3.0,2.0,2.0,3.0,5.0,1.0,2.0,1.0,-2.0,1.0,1.0,7.0,-3.0,-3.0,-3.0,-3.0,1.0,0.0,4.0,-2.0,5.0,-6.0,-6.0,-6.0,-6.0,-2.0,-1.0,-1.0,-6.0,-6.0,-6.0,-6.0,-3.0,-2.0,-1.0,-1.0,-3.0,-3.0,-3.0,-3.0,-2.0,-1.0,-1.0,2.0,-1.0,-6.0,-6.0,-6.0,-6.0,-6.0,-6.0,-6.0,1.0,1.0,-3.0,-3.0,7.0,2.0,-5.0,-5.0,-5.0,-5.0,1.0,-2.0,-2.0,2.0,1.0,-5.0,-6.0,-5.0,-5.0,2.0,1.0,1.0,1.0,-6.0,-6.0,-6.0,-6.0,-1.0,1.0,-2.0,-2.0,1.0,2.0,-13.0,-13.0,-1.0,-1.0,-2.0,2.0,1.0,-5.0,-5.0,-5.0,-5.0,-5.0,-5.0,1.0,1.0,-5.0,-5.0,-5.0,-5.0,-5.0,0.0,-3.0,-12.0,-12.0,1.0,5.0,-7.0,-7.0,-7.0,-7.0,1.0,7.0,1.0,1.0,1.0,2.0,11.0,1.0,4.0,1.0,3.0,6.0,1.0,2.0,3.0,15.0,3.0,2.0,3.0,4.0,1.0,6.0,6.0,4.0,2.0,1.0,1.0,1.0,1.0,1.0,1.0,3.0,7.0,1.0,3.0,1.0,1.0,1.0,3.0,2.0,1.0,2.0,2.0,1.0,1.0,3.0,3.0,3.0,1.0,1.0,2.0,3.0,3.0,3.0,1.0,1.0,1.0,3.0,4.0,4.0,2.0,3.0,1.0,1.0,1.0,1.0,1.0,1.0,2.0,3.0,4.0,4.0,2.0,6.0,3.0,1.0,1.0,1.0,1.0,1.0,1.0,2.0,3.0,1.0,13.0,3.0,1.0,1.0,6.0,1.0,1.0,1.0,4.0,1.0,1.0,2.0,2.0,4.0,3.0,3.0,1.0,1.0,1.0,1.0,2.0,2.0,3.0,3.0,1.0,1.0,2.0,2.0,1.0,2.0,6.0,6.0,2.0,3.0,2.0,2.0,1.0,1.0,2.0,2.0,6.0,6.0,2.0,3.0,2.0,2.0,1.0,1.0,21.0,3.0,4.0,1.0,2.0,2.0,8.0,1.0,7.0,2.0,1.0,2.0,3.0,4.0,4.0,1.0,16.0,1.0,6.0,3.0,1.0,1.0,2.0,10.0,1.0,10.0,3.0,3.0,2.0,1.0,4.0,3.0,1.0,2.0,1.0,1.0,4.0,1.0,3.0,1.0,2.0,2.0,1.0,1.0,1.0,1.0,3.0,1.0,1.0,2.0,1.0,1.0,1.0,1.0,1.0,0.29786125122586,1.0,1.0,1.0,1.0,1.0,4.0,3.0,1.0,1.0,1.0,1.0,1.0,1.0,2.0,2.0,1.0,4.0,1.0,4.0,1.0,1.0,2.0,1.0,1.0,3.0,2.0,2.0,2.0,2.0,1.0,1.0,6.0,24.0,4.0,1.0,3.0,2.0,1.0,1.0,16.0,35.0,3.0,1.0,1.0,1.0,1.0,1.0,1.0,3.0,5.0,1.0,1.0,2.0,7.0,5.0,5.0,2.0,3.0,1.0,1.0,1.0,8.0,1.0,5.0,3.0,2.0,9.0,6.0,1.0,4.0,13.0,1.0,7.0,7.0,1.0,1.0,1.0,1.0,1.0,4.0,6.0,3.0,2.0,1.0,8.0,6.0,1.0,1.0,1.0,2.0,3.0,1.0,2.0,8.0,1.0,2.0,9.0,2.0,1.0,1.0,1.0,1.0,1.0,4.0,1.0,1.0,4.0,5.0,1.0,1.0,2.0,3.0,2.0,1.0,2.0,5.0,6.0,4.0,6.0,8.0,11.0,7.0,6.0,1.0,1.0,1.0,4.0,1.0,3.0,4.0,5.0,12.0,5.0,2.0,2.0,1.0,4.0,2.0,1.0,1.0,1.0,3.0,4.0,3.0,2.0,2.0,3.0,5.0,1.0,7.0,5.0,2.0,2.0,3.0,1.0,1.0,1.0,1.0,2.0,1.0,2.0,1.0,1.0,12.0,10.0,8.0,6.0,5.0,1.0,1.0,1.0,3.0,1.0,1.0,1.0,3.0,4.0,1.0,2.0,1.0,1.0,1.0,2.0,1.0,1.0,8.0,1.0,1.0,2.0,2.0,5.0,2.0,2.0,1.0,1.0,3.0,2.0,3.0,1.0,6.0,6.0,1.0,1.0,6.0,1.0,6.0,9.0,3.0,13.0,10.0,1.0,1.0,11.0,1.0,1.0,3.0,8.0,9.0,2.0,1.0,2.0,3.0,-11.27402785368881,3.0,1.0,1.0,1.0,5.0,5.0,2.0,1.0,2.0,2.0,1.0,1.0,5.0,1.0,1.0,1.0,1.0,3.0,2.0,1.0,2.0,1.0,3.0,4.0,1.0,2.0,1.0,2.0,1.0,2.0,2.0,1.0,1.0,2.0,2.0,1.0,1.0,1.0,1.0,1.0,1.0,2.0,1.0,8.0,2.0,1.0,5.0,6.0,2.0,1.0,1.0,1.0,6.0,2.0,3.0,4.0,3.0,1.0,1.0,2.0,2.0,1.0,1.0,11.0,1.0,1.0,2.0,4.0,5.0,3.0,1.0,4.0,1.0,14.0,4.0,7.0,1.0,1.0,2.0,1.0,1.0,1.92572291035908,1.0,1.0,1.0,3.0,1.0,9.0,2.0,2.0,1.0,1.0,7.0,1.0,8.0,1.0,1.0,1.0,1.0,2.0,1.0,1.0,1.0,1.0,2.0,1.0,1.0,1.0,1.0,1.0,1.0,4.0,4.0,3.0,2.0,1.0,1.0,1.0,1.0,3.0,1.0,1.0,1.0,1.0,1.0,1.0,1.0,1.0,2.0,1.0,3.0,3.0,1.0,1.0,3.0,5.0,9.0,7.0,2.0,2.0,1.0,1.0,1.0,2.0,3.0,1.0,1.0,2.0,3.0,1.0,1.0,2.0,2.0,1.0,1.0,1.0,1.0,2.0,1.0,1.0,-1.0,-1.0,-2.0,-4.0,-12.0,-7.0,-6.0,-6.0,-9.0,-11.0,-2.0,-8.0,-10.0,-6.0,-11.0,-6.50984180533249,-1.0,-4.0,-1.0,-10.0,-11.0,-3.0,-8.0,-12.0,-10.0,-1.0,-1.0,-1.0,-1.0,-7.0,-7.0,-13.0,-7.0,2.0,1.0,1.0,1.0,2.0,1.0,1.0,5.0,1.0,2.0,1.0,1.0,3.0,1.0,3.0,1.0,1.0,1.0,1.0,1.0,1.0,1.0,1.0,4.0,1.0,1.0,2.0,1.0,1.0,3.0,1.0,1.0,2.0,1.0,1.0,2.0,3.0,1.0,2.0,1.0,1.0,1.0,1.0,1.0,1.0,2.0,1.0,2.0,1.0,2.0,5.0,6.0,1.0,2.0,1.0,1.0,3.0,1.0,1.0,2.0,3.0,3.0,1.0,1.0,2.0,5.0,5.0,1.0,1.0,4.0,3.0,2.0,1.0,1.0,-1.0,1.0,2.0,-3.0,1.0,1.0,-4.0,-4.0,-3.0,2.0,-1.0,-1.0,-1.0,-2.0,2.0,10.0,1.0,1.0,1.0,2.0,3.0,4.0,1.0,2.0,1.0,17.0,1.0,1.0,1.0,1.0,2.0,1.0,1.0,1.0,4.0,4.0,1.0,3.0,1.0,1.0,2.0,1.0,1.0,1.0,2.0,2.0,1.0,1.0,1.0,1.0,2.0,3.0,18.94840458248437,1.0,1.0,3.0,1.0,1.0,1.0,2.0,3.0,1.0,1.0,2.0,4.0,2.0,1.0,1.0,1.0,1.0,2.0,3.0,1.0,4.0,1.0,1.0,1.0,4.0,4.0,1.0,1.0,2.0,2.0,2.0,2.0,1.0,2.0,1.0,2.0,3.0,1.0,6.0,11.0,8.0,5.0,4.0,5.0,3.0,2.0,1.0,1.0,1.0,1.0,1.0,2.0,2.0,3.0,2.0,3.0,1.0,1.0,1.0,1.0,1.0,1.0,3.0,2.0,5.0,1.0,2.0,2.0,1.0,5.0,1.0,5.0,1.0,2.0,5.0,3.0,2.0,1.0,15.11250881122309,1.0,2.0,3.0,1.0,1.0,1.0,3.0,3.0,2.0,4.0,1.0,1.0,1.0,1.0,1.0,1.0,1.0,1.0,1.0,1.0,1.0,3.0,5.0,1.0,1.0,1.0,2.0,2.0,1.0,1.0,5.0,1.0,1.0,5.0,1.0,1.0,-7.0,-7.0,1.0,-1.0,-4.0,-2.0,-1.0,-2.0,-1.0,1.0,-1.0,-3.0,-5.0,0.0,-3.0,-1.0,-2.0,-4.0,1.0,-1.0,1.0,-1.0,-1.0,1.0,-1.0,-1.0,2.0,-2.0,-3.0,2.0,-2.0,-1.0,1.0,-1.0,-1.0,-2.0,1.0,-2.0,-1.0,2.0,-1.0,-1.0,-1.0,-1.0,-2.0,2.0,-2.0,-2.0,0.0,-1.0,-1.0,-1.0,-1.0,-1.0,1.0,1.0,1.0,7.0,1.0,1.0,1.0,1.0,1.0,2.0,1.0,1.0,12.0,1.0,1.0,1.0,1.0,1.0,1.0,2.0,1.0,1.0,1.0,1.0,2.0,4.0,3.0,1.0,1.0,3.0,1.0,1.0,1.0,1.0,2.0,1.0,1.0,1.0,1.0,1.0,2.0,1.0,1.0,3.0,7.0,2.0,1.0,1.0,1.0,1.0,1.0,1.0,1.0,1.0,1.0,1.0,1.0,1.0,6.0,1.0,1.0,1.0,1.0,1.0,1.0,1.0,1.0,1.0,1.0,1.0,1.0,1.0,1.0,1.0,1.0,4.0,1.0,1.0,1.0,1.0,1.0,1.0,1.0,1.0,1.0,1.0,1.0,1.0,1.0,1.0,1.0,1.0,1.0,1.0,1.0,-1.0,-1.0,1.0,1.0,2.0,-2.0,-2.0,-2.0,-2.0,-2.0,1.0,1.0,-3.56110793196185,-3.0,-3.0,-3.0,1.0,-5.0,-5.0,-5.0,1.0,1.0,1.0,1.0,2.0,1.0,1.0,-1.0,-1.0,-1.0,-1.0,-1.0,-1.0,4.0,4.0,1.0,1.0,3.0,1.0,1.0,1.0,1.0,1.0,3.0,3.0,2.0,1.0,1.0,1.0,1.0,1.0,2.0,1.0,1.0,2.0,2.0,1.0,1.0,1.0,1.0,1.0,3.0,3.0,3.0,1.0,1.0,2.0,1.0,1.0,2.0,2.0,2.0,1.0,1.0,1.0,2.0,1.0,1.0,1.0,1.0,3.0,1.0,1.0,1.0,1.0,4.0,2.0,5.0,1.0,2.0,1.0,1.0,1.0,1.0,3.0,1.0,2.0,3.0,2.0,1.0,1.0,1.0,2.0,10.58690883109722,2.0,2.0,1.0,6.0,3.0,6.0,1.0,1.0,1.0,3.0,1.0,4.0,5.0,1.0,1.0,1.0,1.0,1.0,17.0,1.0,2.0,12.0,1.0,2.0,3.0,8.0,13.0,5.0,2.0,1.0,2.0,6.0,4.0,4.0,2.0,1.0,3.0,2.0,1.0,1.0,1.0,3.0,1.0,1.0,1.0,3.0,1.0,1.0,1.0,3.0,1.0,1.0,1.0,2.0,3.0,7.0,4.0,3.0,-0.31044766992144,2.0,2.0,2.0,1.0,1.0,1.0,1.0,1.0,1.0,1.0,1.0,1.0,1.0,1.0,1.0,1.0,1.0,1.0,1.0,1.0,1.0,1.0,1.0,1.0,1.0,1.0,1.0,1.0,3.0,1.0,1.0,2.0,2.0,2.0,2.0,3.0,1.0,1.0,1.0,2.0,1.0,4.0,3.0,1.0,1.0,1.0,2.0,1.0,7.39298284432326,1.0,5.0,3.0,2.0,1.0,1.0,1.0,1.0,1.0,1.0,1.0,1.0,1.0,3.0,4.0,3.0,1.0,1.0,1.0,1.0,1.0,1.0,1.0,1.0,1.0,1.0,1.0,1.0,2.0,1.0,1.0,1.0,1.0,1.0,1.0,1.0,1.0,1.0,1.0,1.0,2.0,1.0,1.0,1.0,1.0,1.0,1.0,1.0,1.0,1.0,1.0,1.0,1.0,1.0,3.0,8.0,2.0,1.0,2.0,1.0,1.0,4.0,1.0,1.0,1.0,1.0,1.0,1.0,1.0,7.0,5.0,2.0,3.0,1.0,1.0,2.0,1.0,1.0,1.0,1.0,1.0,1.0,2.0,3.0,1.0,2.0,2.0,2.0,1.0,3.0,1.0,1.0,1.0,1.0,3.0,2.0,3.0,3.0,1.0,1.0,2.0,2.0,2.0,3.0,2.0,1.0,3.0,1.0,2.0,2.0,2.0,2.0,2.0,2.0,1.0,1.0,1.0,1.0,1.0,1.0,1.0,1.0,1.0,2.0,1.0,1.0,1.0,3.0,1.0,1.0,1.0,1.0,1.0,1.0,1.0,2.0,1.0,6.0,1.0,5.0,1.0,4.0,1.0,8.0,1.0,3.0,3.0,4.0,1.0,2.0,2.0,1.0,1.0,3.0,2.0,3.0,1.0,2.0,1.0,1.0,2.0,1.0,1.0,4.0,6.0,1.0,1.0,1.0,2.0,2.0,1.0,1.0,3.0,5.0,4.0,1.0,1.0,5.0,1.0,1.0,2.0,1.0,1.0,1.0,4.0,2.0,1.0,4.0,2.0,6.0,1.0,1.0,1.0,1.0,6.0,4.0,1.0,1.0,3.0,3.0,-1.3686525685699,9.0,2.0,3.0,3.0,3.0,3.0,1.0,1.0,5.0,5.0,5.0,5.0,1.0,7.0,10.0,2.0,1.0,4.0,5.0,5.0,5.0,5.0,2.0,1.0,3.0,5.0,4.0,2.0,2.0,1.0,1.0,2.0,3.0,1.0,1.0,3.0,11.0,5.0,5.0,5.0,5.0,5.0,5.0,5.0,5.0,13.0,3.0,2.0,2.0,3.0,11.0,5.0,5.0,5.0,5.0,1.0,1.0,2.0,18.0,11.0,2.0,1.0,3.0,3.0,5.0,5.0,5.0,5.0,5.0,5.0,2.0,1.0,3.0,1.0,1.0,21.0,1.0,2.0,3.0,6.0,6.0,6.0,6.0,2.0,5.0,3.0,2.0,5.0,13.0,2.0,5.0,5.0,5.0,5.0,6.0,2.0,24.0,2.0,1.0,2.0,5.0,5.0,5.0,5.0,1.0,2.0,4.0,3.0,12.0,1.0,9.0,4.0,4.0,4.0,4.0,4.0,4.0,4.0,1.0,10.0,4.0,1.0,21.0,1.0,2.0,1.0,1.0,1.0,4.0,3.0,5.0,6.0,6.0,6.0,6.0,6.0,1.0,1.0,3.0,15.0,1.0,1.0,1.0,1.0,7.0,4.0,1.0,10.0,5.0,5.0,5.0,5.0,1.0,1.0,4.0,2.0,1.0,1.0,2.0,2.0,9.0,2.0,1.0,1.0,3.0,1.0,4.0,3.0,1.0,1.0,1.0,1.0,1.0,2.0,1.0,1.0,9.0,1.0,1.0,1.0,2.0,5.0,5.0,5.0,5.0,2.0,1.0,7.0,1.0,2.0,5.0,5.0,5.0,5.0,5.0,5.0,5.0,3.0,1.0,1.0,20.0,1.0,1.0,1.0,4.0,1.0,1.0,2.0,1.0,9.0,3.0,4.0,4.0,4.0,4.0,4.0,4.0,4.0,4.0,1.0,1.0,37.0,1.0,1.0,1.0,6.0,6.0,6.0,6.0,6.0,6.0,1.0,1.0,1.0,1.0,6.0,16.0,1.0,5.0,5.0,5.0,5.0,1.0,27.0,1.0,1.0,1.0,7.0,6.0,6.0,6.0,6.0,1.0,2.0,1.0,30.0,1.0,1.0,1.0,1.0,8.0,6.0,6.0,6.0,6.0,13.32796194626393,2.0,2.0,2.0,2.0,5.0,5.0,7.0,3.0,30.0,3.0,10.0,6.0,1.0,10.0,5.0,5.0,5.0,5.0,5.0,5.0,5.0,4.0,1.0,6.0,8.0,1.0,2.0,3.0,4.0,4.0,5.0,6.0,6.0,6.0,6.0,-5.0,-5.0,-5.0,-5.0,-5.0,-5.0,-5.0,-5.0,-5.0,-5.0,1.0
1.0,1.0,1.0,2.0,1.0,2.0,4.0,7.0,1.0,2.0,1.0,5.0,1.0,1.0,1.0,1.0,3.0,1.0,2.0,1.0,1.0,1.0,1.0,1.0,1.0,1.0,5.0,2.0,1.0,3.0,1.0,1.0,5.0,1.0,1.0,2.0,1.0,1.0,1.0,2.0,3.0,1.0,1.0,1.0,1.0,1.0,1.0,1.0,1.0,1.0,1.0,1.0,5.0,3.0,2.0,1.0,1.0,2.0,1.0,1.0,1.0,1.0,1.0,1.0,1.0,1.0,2.0,1.0,5.0,1.0,2.0,1.0,1.0,2.0,1.0,1.0,1.0,1.0,2.0,1.0,7.0,4.0,1.0,2.0,1.0,2.0,12.0,5.0,1.0,15.0,1.0,2.0,2.0,2.0,1.0,1.0,8.0,1.0,4.0,1.0,1.0,16.0,3.0,3.0,1.0,2.0,1.0,1.0,6.0,7.0,1.0,2.0,3.0,2.0,2.0,3.0,2.0,1.0,5.0,1.0,3.0,2.0,2.0,1.0,1.0,1.0,10.0,10.0,1.0,3.0,2.0,1.0,2.0,5.0,2.0,1.0,3.0,1.0,1.0,1.0,1.0,1.0,1.0,1.0,7.0,1.0,1.0,13.0,1.0,1.0,1.0,10.0,2.0,1.0,3.0,1.0,1.0,2.0,3.0,1.0,1.0,1.0,1.0,1.0,1.0,1.0,2.0,1.0,14.0,1.0,1.0,1.0,2.0,2.0,1.0,3.0,2.0,1.0,1.0,1.0,2.0,5.0,1.0,1.0,1.0,4.0,1.0,4.0,2.0,14.0,1.0,2.0,2.0,4.0,1.0,1.0,3.0,1.0,1.0,2.0,1.0,1.0,4.0,3.0,17.0,1.0,1.0,1.0,1.0,3.0,1.0,3.0,5.0,1.0,2.0,2.0,2.0,1.0,1.0,1.0,4.0,1.0,2.0,1.0,1.0,1.0,1.0,1.0,1.0,5.0,2.0,2.0,3.0,1.0,1.0,1.0,1.0,2.0,1.0,1.0,1.0,1.0,1.0,5.0,2.0,3.0,2.0,2.0,3.0,1.0,2.0,4.0,1.0,2.0,2.0,2.0,1.0,1.0,1.0,1.0,1.0,3.0,2.0,1.0,1.0,13.0,3.0,1.0,1.0,1.0,7.0,4.0,1.0,1.0,1.0,8.0,1.0,1.0,6.0,2.0,1.0,3.0,2.0,8.0,2.0,1.0,1.0,1.0,5.0,1.0,8.0,1.0,4.0,9.0,7.0,1.0,1.0,8.0,1.0,2.0,1.0,1.0,4.0,1.0,1.0,1.0,7.0,4.0,5.0,3.0,1.0,1.0,1.0,2.0,1.0,1.0,1.0,1.0,1.0,1.0,6.0,3.0,2.0,2.0,1.0,1.0,1.0,1.0,1.0,1.0,5.0,1.0,1.0,3.0,1.0,1.0,-0.19794830327839,3.0,1.0,1.0,1.0,2.0,2.0,1.0,1.0,1.0,3.0,4.0,4.0,1.0,1.0,1.0,2.0,1.0,2.0,2.0,2.0,8.0,9.0,3.0,1.0,2.0,1.0,1.0,3.0,2.0,2.0,1.0,5.0,1.0,3.0,3.0,3.0,4.0,1.0,1.0,2.0,2.0,3.0,3.0,1.0,3.0,2.0,1.0,1.0,1.0,1.0,1.0,1.0,1.0,1.0,1.0,1.0,1.0,2.0,10.0,2.0,3.0,3.0,3.0,2.0,1.0,1.0,1.0,1.0,2.0,1.0,15.0,3.0,3.0,3.0,3.0,1.0,1.0,11.0,2.0,2.0,2.0,3.0,1.0,1.0,1.0,1.0,9.0,2.0,2.0,3.0,3.0,1.0,1.0,1.0,2.0,1.0,13.0,2.0,2.0,3.0,3.0,6.0,5.0,2.0,2.0,2.0,2.0,3.0,3.0,4.0,3.0,2.0,2.0,3.0,3.0,4.0,2.0,7.0,3.0,3.0,2.0,2.0,1.0,3.0,7.0,2.0,13.0,6.0,4.0,1.0,1.0,1.0,2.0,1.0,3.0,2.0,10.0,2.0,14.0,1.0,1.0,1.0,9.0,3.0,2.0,1.0,1.0,10.0,2.0,1.0,1.0,1.0,2.0,3.0,7.0,5.0,1.0,1.0,1.0,2.0,6.0,2.0,2.0,4.0,2.0,1.0,1.0,1.0,3.0,2.0,10.0,3.0,1.0,1.0,1.0,5.0,3.0,5.0,1.0,3.0,1.0,1.0,2.0,2.0,3.0,2.0,1.0,2.0,1.0,1.0,1.0,2.0,1.0,1.0,1.0,1.0,5.0,1.0,2.0,1.0,1.0,1.0,1.0,1.0,4.0,1.0,1.0,14.0,1.0,4.0,1.0,13.0,11.0,2.0,2.0,1.0,5.0,1.0,11.0,1.0,1.0,1.0,1.0,1.0,4.0,1.0,1.0,1.0,1.0,3.0,1.0,3.0,1.0,5.0,9.0,1.0,1.0,1.0,1.0,4.0,1.0,6.0,13.0,1.0,3.0,3.0,4.0,1.0,3.0,1.0,4.0,1.0,14.0,9.0,12.0,7.0,1.0,1.0,1.0,2.0,4.0,4.0,6.0,10.0,8.0,21.0,4.0,4.0,3.0,2.0,4.0,1.0,2.0,12.0,11.0,1.0,3.0,4.0,1.0,1.0,1.0,1.0,3.0,6.0,7.0,2.0,5.0,3.0,3.0,8.0,10.0,2.0,19.0,8.0,5.0,1.0,3.0,2.0,6.0,-4.04564786099211,2.0,1.0,2.0,3.0,8.0,9.0,6.0,6.0,1.0,1.0,2.0,2.0,2.0,8.0,4.0,5.0,8.0,7.0,13.0,3.0,9.0,2.0,1.0,3.0,5.0,1.0,3.0,1.0,1.0,7.0,8.0,1.0,2.0,1.0,1.0,6.0,1.0,1.0,1.0,5.0,15.0,1.0,2.0,7.0,5.0,4.0,5.0,4.0,16.0,6.0,4.0,2.0,1.0,1.0,1.0,1.0,1.0,1.0,2.0,1.0,7.0,7.0,4.0,1.0,2.0,1.0,2.0,1.0,1.0,1.0,1.0,2.0,2.0,1.0,1.0,1.0,1.0,1.0,1.0,1.0,1.0,1.0,1.0,1.0,2.0,2.0,4.0,1.0,1.0,1.0,2.0,7.0,1.0,1.0,1.0,1.0,1.0,1.0,1.0,2.0,3.0,6.0,7.0,4.0,1.0,3.0,1.0,1.0,1.0,1.0,1.0,1.0,1.0,1.0,1.0,2.0,1.0,1.0,2.0,1.0,1.0,1.0,2.0,1.0,1.0,1.0,1.0,1.0,2.0,2.0,3.0,6.0,1.0,1.0,2.0,1.0,1.0,2.0,1.0,1.0,13.0,19.0,2.0,1.0,1.0,4.0,1.0,1.0,1.0,1.0,1.0,1.0,1.0,1.0,1.0,1.0,1.0,2.0,1.0,1.0,1.0,16.0,15.0,1.0,2.0,2.0,2.0,1.0,1.0,1.0,2.0,1.0,1.0,1.0,1.0,1.0,2.0,1.0,1.0,3.0,1.0,1.0,1.0,2.0,1.0,1.0,12.0,7.0,1.0,5.0,1.0,3.0,1.0,1.0,1.0,2.0,3.0,1.0,1.0,6.0,7.0,3.0,5.0,3.0,1.0,1.0,3.0,2.0,1.0,7.0,16.0,1.0,1.0,5.0,3.0,1.0,1.0,3.0,2.0,1.0,6.96952489648403,1.0,2.0,3.0,3.0,1.0,1.0,2.0,1.0,1.0,1.0,2.0,30.0,1.0,4.0,7.0,1.0,1.0,1.0,1.0,1.0,2.0,1.0,2.0,1.0,1.0,1.0,1.0,1.0,1.0,5.0,24.0,4.0,2.0,1.0,1.0,1.0,1.0,1.0,1.0,2.0,2.0,3.0,1.0,2.0,1.0,1.0,1.0,1.0,1.0,1.0,1.0,2.0,1.0,1.0,1.0,1.0,1.0,1.0,1.0,1.0,3.0,1.0,1.0,1.0,3.0,5.0,2.0,3.0,1.0,1.0,2.0,1.0,2.0,1.0,3.0,1.0,2.0,1.0,1.0,2.0,2.0,2.0,1.0,1.0,5.0,2.0,2.0,4.0,1.0,3.0,1.0,4.0,1.0,1.0,2.0,1.0,1.0,4.0,1.0,2.0,1.0,1.0,2.0,4.0,1.0,2.0,2.0,5.0,1.0,1.0,2.0,1.0,1.0,3.0,1.0,1.0,3.0,3.0,5.0,3.0,4.0,1.0,1.0,1.0,2.0,1.0,2.0,1.0,2.0,1.0,1.0,3.0,1.0,1.0,1.0,1.0,2.0,1.0,1.0,1.0,2.0,1.0,1.0,1.0,1.0,1.0,1.0,1.0,1.0,4.0,1.0,1.0,1.0,2.0,1.0,6.0,1.0,1.0,1.0,2.0,2.0,1.0,1.0,1.0,3.8076550310665,2.0,1.0,1.0,2.0,1.0,-1.0,-1.0,-1.0,-1.0,-2.0,1.0,9.0,-1.0,1.0,-1.0,-1.0,-5.0,-4.0,-3.0,-4.0,-5.0,-5.0,1.0,1.0,1.0,6.0,6.0,2.0,1.0,3.0,2.0,1.0,4.0,5.0,1.0,3.0,1.0,1.0,2.0,1.0,5.0,1.0,1.0,10.0,4.0,1.0,1.0,1.0,3.0,7.0,1.0,2.0,8.0,1.0,2.0,1.0,1.0,1.0,2.0,1.0,2.0,9.0,1.0,9.0,1.0,1.0,1.0,3.0,1.0,1.0,4.0,4.0,1.0,2.0,1.0,2.0,1.0,1.0,1.0,2.0,1.0,1.0,2.0,4.0,1.0,1.0,10.0,1.0,1.0,1.0,3.0,1.0,4.0,4.0,9.0,1.0,1.0,5.0,1.0,1.0,1.0,4.0,2.0,5.0,1.0,7.0,1.0,5.0,1.0,1.0,1.0,18.20845275419301,1.0,5.0,4.0,6.0,1.0,-3.0,-1.0,-1.0,-13.71931735451625,-2.0,-2.0,-1.0,-1.0,-1.0,-1.0,-3.0,-1.0,-2.0,-4.0,-1.0,-2.0,-1.0,-1.0,-1.0,5.0,4.0,2.0,7.0,2.0,1.0,2.0,1.0,2.0,1.0,3.0,4.0,4.0,1.0,1.0,2.0,4.0,2.0,11.56553411323772,1.0,5.0,11.27775448851298,8.0,7.0,1.0,4.0,3.0,1.0,1.0,1.0,2.0,1.0,4.0,1.0,1.0,1.0,1.0,2.0,1.0,1.0,3.0,2.0,4.0,7.0,7.0,4.0,1.0,1.0,4.0,1.0,1.0,2.0,1.0,1.0,5.0,1.0,2.0,7.0,4.0,2.0,2.0,1.0,1.0,1.0,2.0,2.0,2.0,1.0,1.0,2.0,6.0,1.0,4.0,2.0,3.0,-10.81276160699843,1.0,8.0,8.0,1.0,1.0,2.0,2.0,1.0,1.0,2.0,2.0,11.0,5.0,2.0,1.0,2.0,2.0,2.0,2.0,2.0,2.0,2.0,2.0,2.0,1.0,1.0,25.0,6.0,5.0,5.0,5.0,5.0,5.0,5.0,3.0,2.0,1.0,1.0,2.0,1.0,1.0,12.0,15.0,4.0,4.0,5.0,4.0,4.0,5.0,2.0,1.0,5.0,1.0,1.0,2.0,1.0,16.0,5.0,4.0,5.0,4.0,10.0,2.0,4.0,3.0,3.0,6.0,4.0,4.0,4.0,4.0,4.0,4.0,4.0,4.0,4.0,2.0,4.0,4.0,4.0,4.0,4.0,4.0,1.0,1.0,4.0,4.0,4.0,4.0,4.0,4.0,1.0,1.0,1.0,1.0,1.0,1.0,4.0,4.0,4.0,4.0,4.0,4.0,4.0,4.0,4.0,4.0,1.0,1.0,1.0,1.0,3.0,1.0,1.0,10.0,1.0,1.0,1.0,1.0,1.0,21.0,15.0,1.0,1.0,1.0,1.0,1.0,1.0,5.0,1.0,6.0,2.0,2.0,23.0,14.0,1.0,3.0,3.0,3.0,3.0,3.0,3.0,3.0,3.0,1.0,1.0,1.0,1.0,1.0,6.0,1.0,4.0,10.0,9.0,26.0,7.0,3.0,3.0,4.0,3.0,3.0,3.0,4.0,3.0,1.0,1.0,1.0,1.0,3.0,1.0,1.0,13.0,2.0,2.0,2.0,2.0,2.0,2.0,2.0,1.0,1.0,2.0,2.0,2.0,2.0,2.0,2.0,3.0,2.0,1.0,2.0,2.0,2.0,2.0,2.0,2.0,2.0,1.0,2.0,2.0,2.0,2.0,2.0,2.0,2.0,2.0,2.0,2.0,2.0,1.0,-2.0,1.0,4.0,1.0,-4.0,-4.0,-5.0,-4.0,-4.0,-4.0,-5.0,-4.0,-1.0,1.0,2.0,-1.0,1.0,-4.0,-5.0,-4.0,-4.0,-5.0,-4.0,2.0,1.0,-5.0,-6.0,-5.0,-5.0,-6.0,-5.0,1.0,1.0,1.0,-5.0,-5.0,-5.0,-5.0,-5.0,-5.0,-1.0,1.0,-1.0,-5.0,-5.0,-5.0,-5.0,-5.0,-5.0,-3.0,-4.0,-1.0,-1.0,-3.0,-1.0,0.0,1.0,-9.0,-5.0,-11.00604357555452,-1.0,-2.0,-1.0,-1.0,-2.0,-1.0,-3.0,-2.0,-1.0,-1.0,-1.0,-1.0,-1.0,-3.0,-1.0,-1.0,-1.0,-1.0,-3.0,-2.0,18.45784305872714,-2.0,-1.0,-1.0,-1.0,-2.0,7.0,-4.0,-2.0,-3.0,-3.0,-1.0,-1.0,-1.0,1.0,1.0,0.0,-1.0,-5.0,-7.0,-1.0,-2.0,-1.0,9.0,2.0,13.0,-1.0,-1.0,-1.0,-5.0,-5.0,-2.0,-4.0,1.0,5.0,4.0,2.0,2.0,1.0,2.0,15.0,17.0,4.0,5.0,7.0,13.0,1.0,3.0,1.0,1.0,1.0,12.0,5.0,5.0,1.0,11.0,2.0,4.0,2.0,1.0,15.57346510062307,4.0,2.0,1.0,1.0,2.0,1.0,1.0,2.0,1.0,1.0,2.0,6.0,1.0,1.0,2.0,4.0,3.0,2.0,2.0,3.0,7.0,1.0,1.0,1.0,1.0,1.0,2.0,1.0,1.0,1.0,1.0,1.0,1.0,1.0,1.0,2.0,2.0,1.0,4.0,1.0,1.0,1.0,1.0,3.0,1.0,2.0,6.0,1.0,1.0,1.0,1.0,1.0,1.0,1.0,1.0,1.0,1.0,1.0,1.0,3.0,1.0,1.0,3.0,2.0,2.0,2.0,5.0,-20.80157324031526,2.0,2.0,4.0,3.0,1.0,2.0,2.0,2.0,2.0,1.0,1.0,2.0,2.0,2.0,1.0,1.0,1.0,1.0,1.0,2.0,1.0,4.0,1.0,1.0,1.0,1.0,2.0,1.0,1.0,1.0,5.0,5.0,1.0,4.0,3.0,2.0,2.0,1.0,5.0,1.0,3.0,4.0,2.0,1.0,3.0,3.0,4.0,3.0,3.0,1.0,1.0,2.0,1.0,3.0,2.0,4.0,2.0,1.0,4.0,2.0,1.0,2.0,3.0,3.0,3.0,3.0,2.0,1.0,4.0,5.0,1.0,1.0,5.0,4.0,2.0,1.0,1.0,1.0,6.0,10.0,1.0,5.0,5.0,1.0,7.0,2.0,1.0,10.0,4.0,3.0,3.0,1.0,7.0,1.0,11.0,1.0,2.0,2.0,1.0,3.0,2.0,1.0,1.0,5.0,8.0,1.0,7.0,3.0,1.0,2.0,2.0,1.0,2.0,1.0,1.0,1.0,1.0,2.0,7.0,6.0,1.0,2.0,-12.02274586832829,1.0,1.0,1.0,5.0,1.0,1.0,2.0,5.0,1.0,2.0,7.0,6.0,6.0,1.0,2.0,9.0,3.0,6.0,1.0,6.0,4.0,9.0,1.0,1.0,1.0,2.0,10.0,6.0,2.0,2.0,5.0,5.0,1.0,10.0,1.0,2.0,4.0,5.0,13.0,1.0,1.0,1.0,1.0,4.0,4.0,3.0,1.0,2.0,1.0,1.0,1.0,2.0,4.0,4.0,5.0,11.0,1.0,1.0,1.0,1.0,5.0,2.0,7.0,1.0,1.0,2.0,1.0,1.0,1.0,3.0,3.0,2.0,2.0,3.0,5.0,1.0,2.0,1.0,-2.0,1.0,1.0,7.0,-3.0,-3.0,-3.0,-3.0,1.0,0.0,4.0,-2.0,5.0,-6.0,-6.0,-6.0,-6.0,-2.0,-1.0,-1.0,-6.0,-6.0,-6.0,-6.0,-3.0,-2.0,-1.0,-1.0,-3.0,-3.0,-3.0,-3.0,-2.0,-1.0,-1.0,2.0,-1.0,-6.0,-6.0,-6.0,-6.0,-6.0,-6.0,-6.0,1.0,1.0,-3.0,-3.0,7.0,2.0,-5.0,-5.0,-5.0,-5.0,1.0,-2.0,-2.0,2.0,1.0,-5.0,-6.0,-5.0,-5.0,2.0,1.0,1.0,1.0,-6.0,-6.0,-6.0,-6.0,-1.0,1.0,-2.0,-2.0,1.0,2.0,-13.0,-13.0,-1.0,-1.0,-2.0,2.0,1.0,-5.0,-5.0,-5.0,-5.0,-5.0,-5.0,1.0,1.0,-5.0,-5.0,-5.0,-5.0,-5.0,0.0,-3.0,-12.0,-12.0,1.0,5.0,-7.0,-7.0,-7.0,-7.0,1.0,7.0,1.0,1.0,1.0,2.0,11.0,1.0,4.0,1.0,3.0,6.0,1.0,2.0,3.0,15.0,3.0,2.0,3.0,4.0,1.0,6.0,6.0,4.0,2.0,1.0,1.0,1.0,1.0,1.0,1.0,3.0,7.0,1.0,3.0,1.0,1.0,1.0,3.0,2.0,1.0,2.0,2.0,1.0,1.0,3.0,3.0,3.0,1.0,1.0,2.0,3.0,3.0,3.0,1.0,1.0,1.0,3.0,4.0,4.0,2.0,3.0,1.0,1.0,1.0,1.0,1.0,1.0,2.0,3.0,4.0,4.0,2.0,6.0,3.0,1.0,1.0,1.0,1.0,1.0,1.0,2.0,3.0,1.0,13.0,3.0,1.0,1.0,6.0,1.0,1.0,1.0,4.0,1.0,1.0,2.0,2.0,4.0,3.0,3.0,1.0,1.0,1.0,1.0,2.0,2.0,3.0,3.0,1.0,1.0,2.0,2.0,1.0,2.0,6.0,6.0,2.0,3.0,2.0,2.0,1.0,1.0,2.0,2.0,6.0,6.0,2.0,3.0,2.0,2.0,1.0,1.0,21.0,3.0,4.0,1.0,2.0,2.0,8.0,1.0,7.0,2.0,1.0,2.0,3.0,4.0,4.0,1.0,16.0,1.0,6.0,3.0,1.0,1.0,2.0,10.0,1.0,10.0,3.0,3.0,2.0,1.0,4.0,3.0,1.0,2.0,1.0,1.0,4.0,1.0,3.0,1.0,2.0,2.0,1.0,1.0,1.0,1.0,3.0,1.0,1.0,2.0,1.0,1.0,1.0,1.0,1.0,0.29786125122586,1.0,1.0,1.0,1.0,1.0,4.0,3.0,1.0,1.0,1.0,1.0,1.0,1.0,2.0,2.0,1.0,4.0,1.0,4.0,1.0,1.0,2.0,1.0,1.0,3.0,2.0,2.0,2.0,2.0,1.0,1.0,6.0,24.0,4.0,1.0,3.0,2.0,1.0,1.0,16.0,35.0,3.0,1.0,1.0,1.0,1.0,1.0,1.0,3.0,5.0,1.0,1.0,2.0,7.0,5.0,5.0,2.0,3.0,1.0,1.0,1.0,8.0,1.0,5.0,3.0,2.0,9.0,6.0,1.0,4.0,13.0,1.0,7.0,7.0,1.0,1.0,1.0,1.0,1.0,4.0,6.0,3.0,2.0,1.0,8.0,6.0,1.0,1.0,1.0,2.0,3.0,1.0,2.0,8.0,1.0,2.0,9.0,2.0,1.0,1.0,1.0,1.0,1.0,4.0,1.0,1.0,4.0,5.0,1.0,1.0,2.0,3.0,2.0,1.0,2.0,5.0,6.0,4.0,6.0,8.0,11.0,7.0,6.0,1.0,1.0,1.0,4.0,1.0,3.0,4.0,5.0,12.0,5.0,2.0,2.0,1.0,4.0,2.0,1.0,1.0,1.0,3.0,4.0,3.0,2.0,2.0,3.0,5.0,1.0,7.0,5.0,2.0,2.0,3.0,1.0,1.0,1.0,1.0,2.0,1.0,2.0,1.0,1.0,12.0,10.0,8.0,6.0,5.0,1.0,1.0,1.0,3.0,1.0,1.0,1.0,3.0,4.0,1.0,2.0,1.0,1.0,1.0,2.0,1.0,1.0,8.0,1.0,1.0,2.0,2.0,5.0,2.0,2.0,1.0,1.0,3.0,2.0,3.0,1.0,6.0,6.0,1.0,1.0,6.0,1.0,6.0,9.0,3.0,13.0,10.0,1.0,1.0,11.0,1.0,1.0,3.0,8.0,9.0,2.0,1.0,2.0,3.0,-11.27402785368881,3.0,1.0,1.0,1.0,5.0,5.0,2.0,1.0,2.0,2.0,1.0,1.0,5.0,1.0,1.0,1.0,1.0,3.0,2.0,1.0,2.0,1.0,3.0,4.0,1.0,2.0,1.0,2.0,1.0,2.0,2.0,1.0,1.0,2.0,2.0,1.0,1.0,1.0,1.0,1.0,1.0,2.0,1.0,8.0,2.0,1.0,5.0,6.0,2.0,1.0,1.0,1.0,6.0,2.0,3.0,4.0,3.0,1.0,1.0,2.0,2.0,1.0,1.0,11.0,1.0,1.0,2.0,4.0,5.0,3.0,1.0,4.0,1.0,14.0,4.0,7.0,1.0,1.0,2.0,1.0,1.0,1.92572291035908,1.0,1.0,1.0,3.0,1.0,9.0,2.0,2.0,1.0,1.0,7.0,1.0,8.0,1.0,1.0,1.0,1.0,2.0,1.0,1.0,1.0,1.0,2.0,1.0,1.0,1.0,1.0,1.0,1.0,4.0,4.0,3.0,2.0,1.0,1.0,1.0,1.0,3.0,1.0,1.0,1.0,1.0,1.0,1.0,1.0,1.0,2.0,1.0,3.0,3.0,1.0,1.0,3.0,5.0,9.0,7.0,2.0,2.0,1.0,1.0,1.0,2.0,3.0,1.0,1.0,2.0,3.0,1.0,1.0,2.0,2.0,1.0,1.0,1.0,1.0,2.0,1.0,1.0,-1.0,-1.0,-2.0,-4.0,-12.0,-7.0,-6.0,-6.0,-9.0,-11.0,-2.0,-8.0,-10.0,-6.0,-11.0,-6.50984180533249,-1.0,-4.0,-1.0,-10.0,-11.0,-3.0,-8.0,-12.0,-10.0,-1.0,-1.0,-1.0,-1.0,-7.0,-7.0,-13.0,-7.0,2.0,1.0,1.0,1.0,2.0,1.0,1.0,5.0,1.0,2.0,1.0,1.0,3.0,1.0,3.0,1.0,1.0,1.0,1.0,1.0,1.0,1.0,1.0,4.0,1.0,1.0,2.0,1.0,1.0,3.0,1.0,1.0,2.0,1.0,1.0,2.0,3.0,1.0,2.0,1.0,1.0,1.0,1.0,1.0,1.0,2.0,1.0,2.0,1.0,2.0,5.0,6.0,1.0,2.0,1.0,1.0,3.0,1.0,1.0,2.0,3.0,3.0,1.0,1.0,2.0,5.0,5.0,1.0,1.0,4.0,3.0,2.0,1.0,1.0,-1.0,1.0,2.0,-3.0,1.0,1.0,-4.0,-4.0,-3.0,2.0,-1.0,-1.0,-1.0,-2.0,2.0,10.0,1.0,1.0,1.0,2.0,3.0,4.0,1.0,2.0,1.0,17.0,1.0,1.0,1.0,1.0,2.0,1.0,1.0,1.0,4.0,4.0,1.0,3.0,1.0,1.0,2.0,1.0,1.0,1.0,2.0,2.0,1.0,1.0,1.0,1.0,2.0,3.0,18.94840458248437,1.0,1.0,3.0,1.0,1.0,1.0,2.0,3.0,1.0,1.0,2.0,4.0,2.0,1.0,1.0,1.0,1.0,2.0,3.0,1.0,4.0,1.0,1.0,1.0,4.0,4.0,1.0,1.0,2.0,2.0,2.0,2.0,1.0,2.0,1.0,2.0,3.0,1.0,6.0,11.0,8.0,5.0,4.0,5.0,3.0,2.0,1.0,1.0,1.0,1.0,1.0,2.0,2.0,3.0,2.0,3.0,1.0,1.0,1.0,1.0,1.0,1.0,3.0,2.0,5.0,1.0,2.0,2.0,1.0,5.0,1.0,5.0,1.0,2.0,5.0,3.0,2.0,1.0,15.11250881122309,1.0,2.0,3.0,1.0,1.0,1.0,3.0,3.0,2.0,4.0,1.0,1.0,1.0,1.0,1.0,1.0,1.0,1.0,1.0,1.0,1.0,3.0,5.0,1.0,1.0,1.0,2.0,2.0,1.0,1.0,5.0,1.0,1.0,5.0,1.0,1.0,-7.0,-7.0,1.0,-1.0,-4.0,-2.0,-1.0,-2.0,-1.0,1.0,-1.0,-3.0,-5.0,0.0,-3.0,-1.0,-2.0,-4.0,1.0,-1.0,1.0,-1.0,-1.0,1.0,-1.0,-1.0,2.0,-2.0,-3.0,2.0,-2.0,-1.0,1.0,-1.0,-1.0,-2.0,1.0,-2.0,-1.0,2.0,-1.0,-1.0,-1.0,-1.0,-2.0,2.0,-2.0,-2.0,0.0,-1.0,-1.0,-1.0,-1.0,-1.0,1.0,1.0,1.0,7.0,1.0,1.0,1.0,1.0,1.0,2.0,1.0,1.0,12.0,1.0,1.0,1.0,1.0,1.0,1.0,2.0,1.0,1.0,1.0,1.0,2.0,4.0,3.0,1.0,1.0,3.0,1.0,1.0,1.0,1.0,2.0,1.0,1.0,1.0,1.0,1.0,2.0,1.0,1.0,3.0,7.0,2.0,1.0,1.0,1.0,1.0,1.0,1.0,1.0,1.0,1.0,1.0,1.0,1.0,6.0,1.0,1.0,1.0,1.0,1.0,1.0,1.0,1.0,1.0,1.0,1.0,1.0,1.0,1.0,1.0,1.0,4.0,1.0,1.0,1.0,1.0,1.0,1.0,1.0,1.0,1.0,1.0,1.0,1.0,1.0,1.0,1.0,1.0,1.0,1.0,1.0,-1.0,-1.0,1.0,1.0,2.0,-2.0,-2.0,-2.0,-2.0,-2.0,1.0,1.0,-3.56110793196185,-3.0,-3.0,-3.0,1.0,-5.0,-5.0,-5.0,1.0,1.0,1.0,1.0,2.0,1.0,1.0,-1.0,-1.0,-1.0,-1.0,-1.0,-1.0,4.0,4.0,1.0,1.0,3.0,1.0,1.0,1.0,1.0,1.0,3.0,3.0,2.0,1.0,1.0,1.0,1.0,1.0,2.0,1.0,1.0,2.0,2.0,1.0,1.0,1.0,1.0,1.0,3.0,3.0,3.0,1.0,1.0,2.0,1.0,1.0,2.0,2.0,2.0,1.0,1.0,1.0,2.0,1.0,1.0,1.0,1.0,3.0,1.0,1.0,1.0,1.0,4.0,2.0,5.0,1.0,2.0,1.0,1.0,1.0,1.0,3.0,1.0,2.0,3.0,2.0,1.0,1.0,1.0,2.0,10.58690883109722,2.0,2.0,1.0,6.0,3.0,6.0,1.0,1.0,1.0,3.0,1.0,4.0,5.0,1.0,1.0,1.0,1.0,1.0,17.0,1.0,2.0,12.0,1.0,2.0,3.0,8.0,13.0,5.0,2.0,1.0,2.0,6.0,4.0,4.0,2.0,1.0,3.0,2.0,1.0,1.0,1.0,3.0,1.0,1.0,1.0,3.0,1.0,1.0,1.0,3.0,1.0,1.0,1.0,2.0,3.0,7.0,4.0,3.0,-0.31044766992144,2.0,2.0,2.0,1.0,1.0,1.0,1.0,1.0,1.0,1.0,1.0,1.0,1.0,1.0,1.0,1.0,1.0,1.0,1.0,1.0,1.0,1.0,1.0,1.0,1.0,1.0,1.0,1.0,3.0,1.0,1.0,2.0,2.0,2.0,2.0,3.0,1.0,1.0,1.0,2.0,1.0,4.0,3.0,1.0,1.0,1.0,2.0,1.0,7.39298284432326,1.0,5.0,3.0,2.0,1.0,1.0,1.0,1.0,1.0,1.0,1.0,1.0,1.0,3.0,4.0,3.0,1.0,1.0,1.0,1.0,1.0,1.0,1.0,1.0,1.0,1.0,1.0,1.0,2.0,1.0,1.0,1.0,1.0,1.0,1.0,1.0,1.0,1.0,1.0,1.0,2.0,1.0,1.0,1.0,1.0,1.0,1.0,1.0,1.0,1.0,1.0,1.0,1.0,1.0,3.0,8.0,2.0,1.0,2.0,1.0,1.0,4.0,1.0,1.0,1.0,1.0,1.0,1.0,1.0,7.0,5.0,2.0,3.0,1.0,1.0,2.0,1.0,1.0,1.0,1.0,1.0,1.0,2.0,3.0,1.0,2.0,2.0,2.0,1.0,3.0,1.0,1.0,1.0,1.0,3.0,2.0,3.0,3.0,1.0,1.0,2.0,2.0,2.0,3.0,2.0,1.0,3.0,1.0,2.0,2.0,2.0,2.0,2.0,2.0,1.0,1.0,1.0,1.0,1.0,1.0,1.0,1.0,1.0,2.0,1.0,1.0,1.0,3.0,1.0,1.0,1.0,1.0,1.0,1.0,1.0,2.0,1.0,6.0,1.0,5.0,1.0,4.0,1.0,8.0,1.0,3.0,3.0,4.0,1.0,2.0,2.0,1.0,1.0,3.0,2.0,3.0,1.0,2.0,1.0,1.0,2.0,1.0,1.0,4.0,6.0,1.0,1.0,1.0,2.0,2.0,1.0,1.0,3.0,5.0,4.0,1.0,1.0,5.0,1.0,1.0,2.0,1.0,1.0,1.0,4.0,2.0,1.0,4.0,2.0,6.0,1.0,1.0,1.0,1.0,6.0,4.0,1.0,1.0,3.0,3.0,-1.3686525685699,9.0,2.0,3.0,3.0,3.0,3.0,1.0,1.0,5.0,5.0,5.0,5.0,1.0,7.0,10.0,2.0,1.0,4.0,5.0,5.0,5.0,5.0,2.0,1.0,3.0,5.0,4.0,2.0,2.0,1.0,1.0,2.0,3.0,1.0,1.0,3.0,11.0,5.0,5.0,5.0,5.0,5.0,5.0,5.0,5.0,13.0,3.0,2.0,2.0,3.0,11.0,5.0,5.0,5.0,5.0,1.0,1.0,2.0,18.0,11.0,2.0,1.0,3.0,3.0,5.0,5.0,5.0,5.0,5.0,5.0,2.0,1.0,3.0,1.0,1.0,21.0,1.0,2.0,3.0,6.0,6.0,6.0,6.0,2.0,5.0,3.0,2.0,5.0,13.0,2.0,5.0,5.0,5.0,5.0,6.0,2.0,24.0,2.0,1.0,2.0,5.0,5.0,5.0,5.0,1.0,2.0,4.0,3.0,12.0,1.0,9.0,4.0,4.0,4.0,4.0,4.0,4.0,4.0,1.0,10.0,4.0,1.0,21.0,1.0,2.0,1.0,1.0,1.0,4.0,3.0,5.0,6.0,6.0,6.0,6.0,6.0,1.0,1.0,3.0,15.0,1.0,1.0,1.0,1.0,7.0,4.0,1.0,10.0,5.0,5.0,5.0,5.0,1.0,1.0,4.0,2.0,1.0,1.0,2.0,2.0,9.0,2.0,1.0,1.0,3.0,1.0,4.0,3.0,1.0,1.0,1.0,1.0,1.0,2.0,1.0,1.0,9.0,1.0,1.0,1.0,2.0,5.0,5.0,5.0,5.0,2.0,1.0,7.0,1.0,2.0,5.0,5.0,5.0,5.0,5.0,5.0,5.0,3.0,1.0,1.0,20.0,1.0,1.0,1.0,4.0,1.0,1.0,2.0,1.0,9.0,3.0,4.0,4.0,4.0,4.0,4.0,4.0,4.0,4.0,1.0,1.0,37.0,1.0,1.0,1.0,6.0,6.0,6.0,6.0,6.0,6.0,1.0,1.0,1.0,1.0,6.0,16.0,1.0,5.0,5.0,5.0,5.0,1.0,27.0,1.0,1.0,1.0,7.0,6.0,6.0,6.0,6.0,1.0,2.0,1.0,30.0,1.0,1.0,1.0,1.0,8.0,6.0,6.0,6.0,6.0,13.32796194626393,2.0,2.0,2.0,2.0,5.0,5.0,7.0,3.0,30.0,3.0,10.0,6.0,1.0,10.0,5.0,5.0,5.0,5.0,5.0,5.0,5.0,4.0,1.0,6.0,8.0,1.0,2.0,3.0,4.0,4.0,5.0,6.0,6.0,6.0,6.0,-5.0,-5.0,-5.0,-5.0,-5.0,-5.0,-5.0,-5.0,-5.0,-5.0,1.0
1.0,1.0,1.0,2.0,1.0,2.0,4.0,7.0,1.0,2.0,1.0,5.0,1.0,1.0,1.0,1.0,3.0,1.0,2.0,1.0,1.0,1.0,1.0,1.0,1.0,1.0,5.0,2.0,1.0,3.0,1.0,1.0,5.0,1.0,1.0,2.0,1.0,1.0,1.0,2.0,3.0,1.0,1.0,1.0,1.0,1.0,1.0,1.0,1.0,1.0,1.0,1.0,5.0,3.0,2.0,1.0,1.0,2.0,1.0,1.0,1.0,1.0,1.0,1.0,1.0,1.0,2.0,1.0,5.0,1.0,2.0,1.0,1.0,2.0,1.0,1.0,1.0,1.0,2.0,1.0,7.0,4.0,1.0,2.0,1.0,2.0,12.0,5.0,1.0,15.0,1.0,2.0,2.0,2.0,1.0,1.0,8.0,1.0,4.0,1.0,1.0,16.0,3.0,3.0,1.0,2.0,1.0,1.0,6.0,7.0,1.0,2.0,3.0,2.0,2.0,3.0,2.0,1.0,5.0,1.0,3.0,2.0,2.0,1.0,1.0,1.0,10.0,10.0,1.0,3.0,2.0,1.0,2.0,5.0,2.0,1.0,3.0,1.0,1.0,1.0,1.0,1.0,1.0,1.0,7.0,1.0,1.0,13.0,1.0,1.0,1.0,10.0,2.0,1.0,3.0,1.0,1.0,2.0,3.0,1.0,1.0,1.0,1.0,1.0,1.0,1.0,2.0,1.0,14.0,1.0,1.0,1.0,2.0,2.0,1.0,3.0,2.0,1.0,1.0,1.0,2.0,5.0,1.0,1.0,1.0,4.0,1.0,4.0,2.0,14.0,1.0,2.0,2.0,4.0,1.0,1.0,3.0,1.0,1.0,2.0,1.0,1.0,4.0,3.0,17.0,1.0,1.0,1.0,1.0,3.0,1.0,3.0,5.0,1.0,2.0,2.0,2.0,1.0,1.0,1.0,4.0,1.0,2.0,1.0,1.0,1.0,1.0,1.0,1.0,5.0,2.0,2.0,3.0,1.0,1.0,1.0,1.0,2.0,1.0,1.0,1.0,1.0,1.0,5.0,2.0,3.0,2.0,2.0,3.0,1.0,2.0,4.0,1.0,2.0,2.0,2.0,1.0,1.0,1.0,1.0,1.0,3.0,2.0,1.0,1.0,13.0,3.0,1.0,1.0,1.0,7.0,4.0,1.0,1.0,1.0,8.0,1.0,1.0,6.0,2.0,1.0,3.0,2.0,8.0,2.0,1.0,1.0,1.0,5.0,1.0,8.0,1.0,4.0,9.0,7.0,1.0,1.0,8.0,1.0,2.0,1.0,1.0,4.0,1.0,1.0,1.0,7.0,4.0,5.0,3.0,1.0,1.0,1.0,2.0,1.0,1.0,1.0,1.0,1.0,1.0,6.0,3.0,2.0,2.0,1.0,1.0,1.0,1.0,1.0,1.0,5.0,1.0,1.0,3.0,1.0,1.0,-0.19794830327839,3.0,1.0,1.0,1.0,2.0,2.0,1.0,1.0,1.0,3.0,4.0,4.0,1.0,1.0,1.0,2.0,1.0,2.0,2.0,2.0,8.0,9.0,3.0,1.0,2.0,1.0,1.0,3.0,2.0,2.0,1.0,5.0,1.0,3.0,3.0,3.0,4.0,1.0,1.0,2.0,2.0,3.0,3.0,1.0,3.0,2.0,1.0,1.0,1.0,1.0,1.0,1.0,1.0,1.0,1.0,1.0,1.0,2.0,10.0,2.0,3.0,3.0,3.0,2.0,1.0,1.0,1.0,1.0,2.0,1.0,15.0,3.0,3.0,3.0,3.0,1.0,1.0,11.0,2.0,2.0,2.0,3.0,1.0,1.0,1.0,1.0,9.0,2.0,2.0,3.0,3.0,1.0,1.0,1.0,2.0,1.0,13.0,2.0,2.0,3.0,3.0,6.0,5.0,2.0,2.0,2.0,2.0,3.0,3.0,4.0,3.0,2.0,2.0,3.0,3.0,4.0,2.0,7.0,3.0,3.0,2.0,2.0,1.0,3.0,7.0,2.0,13.0,6.0,4.0,1.0,1.0,1.0,2.0,1.0,3.0,2.0,10.0,2.0,14.0,1.0,1.0,1.0,9.0,3.0,2.0,1.0,1.0,10.0,2.0,1.0,1.0,1.0,2.0,3.0,7.0,5.0,1.0,1.0,1.0,2.0,6.0,2.0,2.0,4.0,2.0,1.0,1.0,1.0,3.0,2.0,10.0,3.0,1.0,1.0,1.0,5.0,3.0,5.0,1.0,3.0,1.0,1.0,2.0,2.0,3.0,2.0,1.0,2.0,1.0,1.0,1.0,2.0,1.0,1.0,1.0,1.0,5.0,1.0,2.0,1.0,1.0,1.0,1.0,1.0,4.0,1.0,1.0,14.0,1.0,4.0,1.0,13.0,11.0,2.0,2.0,1.0,5.0,1.0,11.0,1.0,1.0,1.0,1.0,1.0,4.0,1.0,1.0,1.0,1.0,3.0,1.0,3.0,1.0,5.0,9.0,1.0,1.0,1.0,1.0,4.0,1.0,6.0,13.0,1.0,3.0,3.0,4.0,1.0,3.0,1.0,4.0,1.0,14.0,9.0,12.0,7.0,1.0,1.0,1.0,2.0,4.0,4.0,6.0,10.0,8.0,21.0,4.0,4.0,3.0,2.0,4.0,1.0,2.0,12.0,11.0,1.0,3.0,4.0,1.0,1.0,1.0,1.0,3.0,6.0,7.0,2.0,5.0,3.0,3.0,8.0,10.0,2.0,19.0,8.0,5.0,1.0,3.0,2.0,6.0,-4.04564786099211,2.0,1.0,2.0,3.0,8.0,9.0,6.0,6.0,1.0,1.0,2.0,2.0,2.0,8.0,4.0,5.0,8.0,7.0,13.0,3.0,9.0,2.0,1.0,3.0,5.0,1.0,3.0,1.0,1.0,7.0,8.0,1.0,2.0,1.0,1.0,6.0,1.0,1.0,1.0,5.0,15.0,1.0,2.0,7.0,5.0,4.0,5.0,4.0,16.0,6.0,4.0,2.0,1.0,1.0,1.0,1.0,1.0,1.0,2.0,1.0,7.0,7.0,4.0,1.0,2.0,1.0,2.0,1.0,1.0,1.0,1.0,2.0,2.0,1.0,1.0,1.0,1.0,1.0,1.0,1.0,1.0,1.0,1.0,1.0,2.0,2.0,4.0,1.0,1.0,1.0,2.0,7.0,1.0,1.0,1.0,1.0,1.0,1.0,1.0,2.0,3.0,6.0,7.0,4.0,1.0,3.0,1.0,1.0,1.0,1.0,1.0,1.0,1.0,1.0,1.0,2.0,1.0,1.0,2.0,1.0,1.0,1.0,2.0,1.0,1.0,1.0,1.0,1.0,2.0,2.0,3.0,6.0,1.0,1.0,2.0,1.0,1.0,2.0,1.0,1.0,13.0,19.0,2.0,1.0,1.0,4.0,1.0,1.0,1.0,1.0,1.0,1.0,1.0,1.0,1.0,1.0,1.0,2.0,1.0,1.0,1.0,16.0,15.0,1.0,2.0,2.0,2.0,1.0,1.0,1.0,2.0,1.0,1.0,1.0,1.0,1.0,2.0,1.0,1.0,3.0,1.0,1.0,1.0,2.0,1.0,1.0,12.0,7.0,1.0,5.0,1.0,3.0,1.0,1.0,1.0,2.0,3.0,1.0,1.0,6.0,7.0,3.0,5.0,3.0,1.0,1.0,3.0,2.0,1.0,7.0,16.0,1.0,1.0,5.0,3.0,1.0,1.0,3.0,2.0,1.0,6.96952489648403,1.0,2.0,3.0,3.0,1.0,1.0,2.0,1.0,1.0,1.0,2.0,30.0,1.0,4.0,7.0,1.0,1.0,1.0,1.0,1.0,2.0,1.0,2.0,1.0,1.0,1.0,1.0,1.0,1.0,5.0,24.0,4.0,2.0,1.0,1.0,1.0,1.0,1.0,1.0,2.0,2.0,3.0,1.0,2.0,1.0,1.0,1.0,1.0,1.0,1.0,1.0,2.0,1.0,1.0,1.0,1.0,1.0,1.0,1.0,1.0,3.0,1.0,1.0,1.0,3.0,5.0,2.0,3.0,1.0,1.0,2.0,1.0,2.0,1.0,3.0,1.0,2.0,1.0,1.0,2.0,2.0,2.0,1.0,1.0,5.0,2.0,2.0,4.0,1.0,3.0,1.0,4.0,1.0,1.0,2.0,1.0,1.0,4.0,1.0,2.0,1.0,1.0,2.0,4.0,1.0,2.0,2.0,5.0,1.0,1.0,2.0,1.0,1.0,3.0,1.0,1.0,3.0,3.0,5.0,3.0,4.0,1.0,1.0,1.0,2.0,1.0,2.0,1.0,2.0,1.0,1.0,3.0,1.0,1.0,1.0,1.0,2.0,1.0,1.0,1.0,2.0,1.0,1.0,1.0,1.0,1.0,1.0,1.0,1.0,4.0,1.0,1.0,1.0,2.0,1.0,6.0,1.0,1.0,1.0,2.0,2.0,1.0,1.0,1.0,3.8076550310665,2.0,1.0,1.0,2.0,1.0,-1.0,-1.0,-1.0,-1.0,-2.0,1.0,9.0,-1.0,1.0,-1.0,-1.0,-5.0,-4.0,-3.0,-4.0,-5.0,-5.0,1.0,1.0,1.0,6.0,6.0,2.0,1.0,3.0,2.0,1.0,4.0,5.0,1.0,3.0,1.0,1.0,2.0,1.0,5.0,1.0,1.0,10.0,4.0,1.0,1.0,1.0,3.0,7.0,1.0,2.0,8.0,1.0,2.0,1.0,1.0,1.0,2.0,1.0,2.0,9.0,1.0,9.0,1.0,1.0,1.0,3.0,1.0,1.0,4.0,4.0,1.0,2.0,1.0,2.0,1.0,1.0,1.0,2.0,1.0,1.0,2.0,4.0,1.0,1.0,10.0,1.0,1.0,1.0,3.0,1.0,4.0,4.0,9.0,1.0,1.0,5.0,1.0,1.0,1.0,4.0,2.0,5.0,1.0,7.0,1.0,5.0,1.0,1.0,1.0,18.20845275419301,1.0,5.0,4.0,6.0,1.0,-3.0,-1.0,-1.0,-13.71931735451625,-2.0,-2.0,-1.0,-1.0,-1.0,-1.0,-3.0,-1.0,-2.0,-4.0,-1.0,-2.0,-1.0,-1.0,-1.0,5.0,4.0,2.0,7.0,2.0,1.0,2.0,1.0,2.0,1.0,3.0,4.0,4.0,1.0,1.0,2.0,4.0,2.0,11.56553411323772,1.0,5.0,11.27775448851298,8.0,7.0,1.0,4.0,3.0,1.0,1.0,1.0,2.0,1.0,4.0,1.0,1.0,1.0,1.0,2.0,1.0,1.0,3.0,2.0,4.0,7.0,7.0,4.0,1.0,1.0,4.0,1.0,1.0,2.0,1.0,1.0,5.0,1.0,2.0,7.0,4.0,2.0,2.0,1.0,1.0,1.0,2.0,2.0,2.0,1.0,1.0,2.0,6.0,1.0,4.0,2.0,3.0,-10.81276160699843,1.0,8.0,8.0,1.0,1.0,2.0,2.0,1.0,1.0,2.0,2.0,11.0,5.0,2.0,1.0,2.0,2.0,2.0,2.0,2.0,2.0,2.0,2.0,2.0,1.0,1.0,25.0,6.0,5.0,5.0,5.0,5.0,5.0,5.0,3.0,2.0,1.0,1.0,2.0,1.0,1.0,12.0,15.0,4.0,4.0,5.0,4.0,4.0,5.0,2.0,1.0,5.0,1.0,1.0,2.0,1.0,16.0,5.0,4.0,5.0,4.0,10.0,2.0,4.0,3.0,3.0,6.0,4.0,4.0,4.0,4.0,4.0,4.0,4.0,4.0,4.0,2.0,4.0,4.0,4.0,4.0,4.0,4.0,1.0,1.0,4.0,4.0,4.0,4.0,4.0,4.0,1.0,1.0,1.0,1.0,1.0,1.0,4.0,4.0,4.0,4.0,4.0,4.0,4.0,4.0,4.0,4.0,1.0,1.0,1.0,1.0,3.0,1.0,1.0,10.0,1.0,1.0,1.0,1.0,1.0,21.0,15.0,1.0,1.0,1.0,1.0,1.0,1.0,5.0,1.0,6.0,2.0,2.0,23.0,14.0,1.0,3.0,3.0,3.0,3.0,3.0,3.0,3.0,3.0,1.0,1.0,1.0,1.0,1.0,6.0,1.0,4.0,10.0,9.0,26.0,7.0,3.0,3.0,4.0,3.0,3.0,3.0,4.0,3.0,1.0,1.0,1.0,1.0,3.0,1.0,1.0,13.0,2.0,2.0,2.0,2.0,2.0,2.0,2.0,1.0,1.0,2.0,2.0,2.0,2.0,2.0,2.0,3.0,2.0,1.0,2.0,2.0,2.0,2.0,2.0,2.0,2.0,1.0,2.0,2.0,2.0,2.0,2.0,2.0,2.0,2.0,2.0,2.0,2.0,1.0,-2.0,1.0,4.0,1.0,-4.0,-4.0,-5.0,-4.0,-4.0,-4.0,-5.0,-4.0,-1.0,1.0,2.0,-1.0,1.0,-4.0,-5.0,-4.0,-4.0,-5.0,-4.0,2.0,1.0,-5.0,-6.0,-5.0,-5.0,-6.0,-5.0,1.0,1.0,1.0,-5.0,-5.0,-5.0,-5.0,-5.0,-5.0,-1.0,1.0,-1.0,-5.0,-5.0,-5.0,-5.0,-5.0,-5.0,-3.0,-4.0,-1.0,-1.0,-3.0,-1.0,0.0,1.0,-9.0,-5.0,-11.00604357555452,-1.0,-2.0,-1.0,-1.0,-2.0,-1.0,-3.0,-2.0,-1.0,-1.0,-1.0,-1.0,-1.0,-3.0,-1.0,-1.0,-1.0,-1.0,-3.0,-2.0,18.45784305872714,-2.0,-1.0,-1.0,-1.0,-2.0,7.0,-4.0,-2.0,-3.0,-3.0,-1.0,-1.0,-1.0,1.0,1.0,0.0,-1.0,-5.0,-7.0,-1.0,-2.0,-1.0,9.0,2.0,13.0,-1.0,-1.0,-1.0,-5.0,-5.0,-2.0,-4.0,1.0,5.0,4.0,2.0,2.0,1.0,2.0,15.0,17.0,4.0,5.0,7.0,13.0,1.0,3.0,1.0,1.0,1.0,12.0,5.0,5.0,1.0,11.0,2.0,4.0,2.0,1.0,15.57346510062307,4.0,2.0,1.0,1.0,2.0,1.0,1.0,2.0,1.0,1.0,2.0,6.0,1.0,1.0,2.0,4.0,3.0,2.0,2.0,3.0,7.0,1.0,1.0,1.0,1.0,1.0,2.0,1.0,1.0,1.0,1.0,1.0,1.0,1.0,1.0,2.0,2.0,1.0,4.0,1.0,1.0,1.0,1.0,3.0,1.0,2.0,6.0,1.0,1.0,1.0,1.0,1.0,1.0,1.0,1.0,1.0,1.0,1.0,1.0,3.0,1.0,1.0,3.0,2.0,2.0,2.0,5.0,-20.80157324031526,2.0,2.0,4.0,3.0,1.0,2.0,2.0,2.0,2.0,1.0,1.0,2.0,2.0,2.0,1.0,1.0,1.0,1.0,1.0,2.0,1.0,4.0,1.0,1.0,1.0,1.0,2.0,1.0,1.0,1.0,5.0,5.0,1.0,4.0,3.0,2.0,2.0,1.0,5.0,1.0,3.0,4.0,2.0,1.0,3.0,3.0,4.0,3.0,3.0,1.0,1.0,2.0,1.0,3.0,2.0,4.0,2.0,1.0,4.0,2.0,1.0,2.0,3.0,3.0,3.0,3.0,2.0,1.0,4.0,5.0,1.0,1.0,5.0,4.0,2.0,1.0,1.0,1.0,6.0,10.0,1.0,5.0,5.0,1.0,7.0,2.0,1.0,10.0,4.0,3.0,3.0,1.0,7.0,1.0,11.0,1.0,2.0,2.0,1.0,3.0,2.0,1.0,1.0,5.0,8.0,1.0,7.0,3.0,1.0,2.0,2.0,1.0,2.0,1.0,1.0,1.0,1.0,2.0,7.0,6.0,1.0,2.0,-12.02274586832829,1.0,1.0,1.0,5.0,1.0,1.0,2.0,5.0,1.0,2.0,7.0,6.0,6.0,1.0,2.0,9.0,3.0,6.0,1.0,6.0,4.0,9.0,1.0,1.0,1.0,2.0,10.0,6.0,2.0,2.0,5.0,5.0,1.0,10.0,1.0,2.0,4.0,5.0,13.0,1.0,1.0,1.0,1.0,4.0,4.0,3.0,1.0,2.0,1.0,1.0,1.0,2.0,4.0,4.0,5.0,11.0,1.0,1.0,1.0,1.0,5.0,2.0,7.0,1.0,1.0,2.0,1.0,1.0,1.0,3.0,3.0,2.0,2.0,3.0,5.0,1.0,2.0,1.0,-2.0,1.0,1.0,7.0,-3.0,-3.0,-3.0,-3.0,1.0,0.0,4.0,-2.0,5.0,-6.0,-6.0,-6.0,-6.0,-2.0,-1.0,-1.0,-6.0,-6.0,-6.0,-6.0,-3.0,-2.0,-1.0,-1.0,-3.0,-3.0,-3.0,-3.0,-2.0,-1.0,-1.0,2.0,-1.0,-6.0,-6.0,-6.0,-6.0,-6.0,-6.0,-6.0,1.0,1.0,-3.0,-3.0,7.0,2.0,-5.0,-5.0,-5.0,-5.0,1.0,-2.0,-2.0,2.0,1.0,-5.0,-6.0,-5.0,-5.0,2.0,1.0,1.0,1.0,-6.0,-6.0,-6.0,-6.0,-1.0,1.0,-2.0,-2.0,1.0,2.0,-13.0,-13.0,-1.0,-1.0,-2.0,2.0,1.0,-5.0,-5.0,-5.0,-5.0,-5.0,-5.0,1.0,1.0,-5.0,-5.0,-5.0,-5.0,-5.0,0.0,-3.0,-12.0,-12.0,1.0,5.0,-7.0,-7.0,-7.0,-7.0,1.0,7.0,1.0,1.0,1.0,2.0,11.0,1.0,4.0,1.0,3.0,6.0,1.0,2.0,3.0,15.0,3.0,2.0,3.0,4.0,1.0,6.0,6.0,4.0,2.0,1.0,1.0,1.0,1.0,1.0,1.0,3.0,7.0,1.0,3.0,1.0,1.0,1.0,3.0,2.0,1.0,2.0,2.0,1.0,1.0,3.0,3.0,3.0,1.0,1.0,2.0,3.0,3.0,3.0,1.0,1.0,1.0,3.0,4.0,4.0,2.0,3.0,1.0,1.0,1.0,1.0,1.0,1.0,2.0,3.0,4.0,4.0,2.0,6.0,3.0,1.0,1.0,1.0,1.0,1.0,1.0,2.0,3.0,1.0,13.0,3.0,1.0,1.0,6.0,1.0,1.0,1.0,4.0,1.0,1.0,2.0,2.0,4.0,3.0,3.0,1.0,1.0,1.0,1.0,2.0,2.0,3.0,3.0,1.0,1.0,2.0,2.0,1.0,2.0,6.0,6.0,2.0,3.0,2.0,2.0,1.0,1.0,2.0,2.0,6.0,6.0,2.0,3.0,2.0,2.0,1.0,1.0,21.0,3.0,4.0,1.0,2.0,2.0,8.0,1.0,7.0,2.0,1.0,2.0,3.0,4.0,4.0,1.0,16.0,1.0,6.0,3.0,1.0,1.0,2.0,10.0,1.0,10.0,3.0,3.0,2.0,1.0,4.0,3.0,1.0,2.0,1.0,1.0,4.0,1.0,3.0,1.0,2.0,2.0,1.0,1.0,1.0,1.0,3.0,1.0,1.0,2.0,1.0,1.0,1.0,1.0,1.0,0.29786125122586,1.0,1.0,1.0,1.0,1.0,4.0,3.0,1.0,1.0,1.0,1.0,1.0,1.0,2.0,2.0,1.0,4.0,1.0,4.0,1.0,1.0,2.0,1.0,1.0,3.0,2.0,2.0,2.0,2.0,1.0,1.0,6.0,24.0,4.0,1.0,3.0,2.0,1.0,1.0,16.0,35.0,3.0,1.0,1.0,1.0,1.0,1.0,1.0,3.0,5.0,1.0,1.0,2.0,7.0,5.0,5.0,2.0,3.0,1.0,1.0,1.0,8.0,1.0,5.0,3.0,2.0,9.0,6.0,1.0,4.0,13.0,1.0,7.0,7.0,1.0,1.0,1.0,1.0,1.0,4.0,6.0,3.0,2.0,1.0,8.0,6.0,1.0,1.0,1.0,2.0,3.0,1.0,2.0,8.0,1.0,2.0,9.0,2.0,1.0,1.0,1.0,1.0,1.0,4.0,1.0,1.0,4.0,5.0,1.0,1.0,2.0,3.0,2.0,1.0,2.0,5.0,6.0,4.0,6.0,8.0,11.0,7.0,6.0,1.0,1.0,1.0,4.0,1.0,3.0,4.0,5.0,12.0,5.0,2.0,2.0,1.0,4.0,2.0,1.0,1.0,1.0,3.0,4.0,3.0,2.0,2.0,3.0,5.0,1.0,7.0,5.0,2.0,2.0,3.0,1.0,1.0,1.0,1.0,2.0,1.0,2.0,1.0,1.0,12.0,10.0,8.0,6.0,5.0,1.0,1.0,1.0,3.0,1.0,1.0,1.0,3.0,4.0,1.0,2.0,1.0,1.0,1.0,2.0,1.0,1.0,8.0,1.0,1.0,2.0,2.0,5.0,2.0,2.0,1.0,1.0,3.0,2.0,3.0,1.0,6.0,6.0,1.0,1.0,6.0,1.0,6.0,9.0,3.0,13.0,10.0,1.0,1.0,11.0,1.0,1.0,3.0,8.0,9.0,2.0,1.0,2.0,3.0,-11.27402785368881,3.0,1.0,1.0,1.0,5.0,5.0,2.0,1.0,2.0,2.0,1.0,1.0,5.0,1.0,1.0,1.0,1.0,3.0,2.0,1.0,2.0,1.0,3.0,4.0,1.0,2.0,1.0,2.0,1.0,2.0,2.0,1.0,1.0,2.0,2.0,1.0,1.0,1.0,1.0,1.0,1.0,2.0,1.0,8.0,2.0,1.0,5.0,6.0,2.0,1.0,1.0,1.0,6.0,2.0,3.0,4.0,3.0,1.0,1.0,2.0,2.0,1.0,1.0,11.0,1.0,1.0,2.0,4.0,5.0,3.0,1.0,4.0,1.0,14.0,4.0,7.0,1.0,1.0,2.0,1.0,1.0,1.92572291035908,1.0,1.0,1.0,3.0,1.0,9.0,2.0,2.0,1.0,1.0,7.0,1.0,8.0,1.0,1.0,1.0,1.0,2.0,1.0,1.0,1.0,1.0,2.0,1.0,1.0,1.0,1.0,1.0,1.0,4.0,4.0,3.0,2.0,1.0,1.0,1.0,1.0,3.0,1.0,1.0,1.0,1.0,1.0,1.0,1.0,1.0,2.0,1.0,3.0,3.0,1.0,1.0,3.0,5.0,9.0,7.0,2.0,2.0,1.0,1.0,1.0,2.0,3.0,1.0,1.0,2.0,3.0,1.0,1.0,2.0,2.0,1.0,1.0,1.0,1.0,2.0,1.0,1.0,-1.0,-1.0,-2.0,-4.0,-12.0,-7.0,-6.0,-6.0,-9.0,-11.0,-2.0,-8.0,-10.0,-6.0,-11.0,-6.50984180533249,-1.0,-4.0,-1.0,-10.0,-11.0,-3.0,-8.0,-12.0,-10.0,-1.0,-1.0,-1.0,-1.0,-7.0,-7.0,-13.0,-7.0,2.0,1.0,1.0,1.0,2.0,1.0,1.0,5.0,1.0,2.0,1.0,1.0,3.0,1.0,3.0,1.0,1.0,1.0,1.0,1.0,1.0,1.0,1.0,4.0,1.0,1.0,2.0,1.0,1.0,3.0,1.0,1.0,2.0,1.0,1.0,2.0,3.0,1.0,2.0,1.0,1.0,1.0,1.0,1.0,1.0,2.0,1.0,2.0,1.0,2.0,5.0,6.0,1.0,2.0,1.0,1.0,3.0,1.0,1.0,2.0,3.0,3.0,1.0,1.0,2.0,5.0,5.0,1.0,1.0,4.0,3.0,2.0,1.0,1.0,-1.0,1.0,2.0,-3.0,1.0,1.0,-4.0,-4.0,-3.0,2.0,-1.0,-1.0,-1.0,-2.0,2.0,10.0,1.0,1.0,1.0,2.0,3.0,4.0,1.0,2.0,1.0,17.0,1.0,1.0,1.0,1.0,2.0,1.0,1.0,1.0,4.0,4.0,1.0,3.0,1.0,1.0,2.0,1.0,1.0,1.0,2.0,2.0,1.0,1.0,1.0,1.0,2.0,3.0,18.94840458248437,1.0,1.0,3.0,1.0,1.0,1.0,2.0,3.0,1.0,1.0,2.0,4.0,2.0,1.0,1.0,1.0,1.0,2.0,3.0,1.0,4.0,1.0,1.0,1.0,4.0,4.0,1.0,1.0,2.0,2.0,2.0,2.0,1.0,2.0,1.0,2.0,3.0,1.0,6.0,11.0,8.0,5.0,4.0,5.0,3.0,2.0,1.0,1.0,1.0,1.0,1.0,2.0,2.0,3.0,2.0,3.0,1.0,1.0,1.0,1.0,1.0,1.0,3.0,2.0,5.0,1.0,2.0,2.0,1.0,5.0,1.0,5.0,1.0,2.0,5.0,3.0,2.0,1.0,15.11250881122309,1.0,2.0,3.0,1.0,1.0,1.0,3.0,3.0,2.0,4.0,1.0,1.0,1.0,1.0,1.0,1.0,1.0,1.0,1.0,1.0,1.0,3.0,5.0,1.0,1.0,1.0,2.0,2.0,1.0,1.0,5.0,1.0,1.0,5.0,1.0,1.0,-7.0,-7.0,1.0,-1.0,-4.0,-2.0,-1.0,-2.0,-1.0,1.0,-1.0,-3.0,-5.0,0.0,-3.0,-1.0,-2.0,-4.0,1.0,-1.0,1.0,-1.0,-1.0,1.0,-1.0,-1.0,2.0,-2.0,-3.0,2.0,-2.0,-1.0,1.0,-1.0,-1.0,-2.0,1.0,-2.0,-1.0,2.0,-1.0,-1.0,-1.0,-1.0,-2.0,2.0,-2.0,-2.0,0.0,-1.0,-1.0,-1.0,-1.0,-1.0,1.0,1.0,1.0,7.0,1.0,1.0,1.0,1.0,1.0,2.0,1.0,1.0,12.0,1.0,1.0,1.0,1.0,1.0,1.0,2.0,1.0,1.0,1.0,1.0,2.0,4.0,3.0,1.0,1.0,3.0,1.0,1.0,1.0,1.0,2.0,1.0,1.0,1.0,1.0,1.0,2.0,1.0,1.0,3.0,7.0,2.0,1.0,1.0,1.0,1.0,1.0,1.0,1.0,1.0,1.0,1.0,1.0,1.0,6.0,1.0,1.0,1.0,1.0,1.0,1.0,1.0,1.0,1.0,1.0,1.0,1.0,1.0,1.0,1.0,1.0,4.0,1.0,1.0,1.0,1.0,1.0,1.0,1.0,1.0,1.0,1.0,1.0,1.0,1.0,1.0,1.0,1.0,1.0,1.0,1.0,-1.0,-1.0,1.0,1.0,2.0,-2.0,-2.0,-2.0,-2.0,-2.0,1.0,1.0,-3.56110793196185,-3.0,-3.0,-3.0,1.0,-5.0,-5.0,-5.0,1.0,1.0,1.0,1.0,2.0,1.0,1.0,-1.0,-1.0,-1.0,-1.0,-1.0,-1.0,4.0,4.0,1.0,1.0,3.0,1.0,1.0,1.0,1.0,1.0,3.0,3.0,2.0,1.0,1.0,1.0,1.0,1.0,2.0,1.0,1.0,2.0,2.0,1.0,1.0,1.0,1.0,1.0,3.0,3.0,3.0,1.0,1.0,2.0,1.0,1.0,2.0,2.0,2.0,1.0,1.0,1.0,2.0,1.0,1.0,1.0,1.0,3.0,1.0,1.0,1.0,1.0,4.0,2.0,5.0,1.0,2.0,1.0,1.0,1.0,1.0,3.0,1.0,2.0,3.0,2.0,1.0,1.0,1.0,2.0,10.58690883109722,2.0,2.0,1.0,6.0,3.0,6.0,1.0,1.0,1.0,3.0,1.0,4.0,5.0,1.0,1.0,1.0,1.0,1.0,17.0,1.0,2.0,12.0,1.0,2.0,3.0,8.0,13.0,5.0,2.0,1.0,2.0,6.0,4.0,4.0,2.0,1.0,3.0,2.0,1.0,1.0,1.0,3.0,1.0,1.0,1.0,3.0,1.0,1.0,1.0,3.0,1.0,1.0,1.0,2.0,3.0,7.0,4.0,3.0,-0.31044766992144,2.0,2.0,2.0,1.0,1.0,1.0,1.0,1.0,1.0,1.0,1.0,1.0,1.0,1.0,1.0,1.0,1.0,1.0,1.0,1.0,1.0,1.0,1.0,1.0,1.0,1.0,1.0,1.0,3.0,1.0,1.0,2.0,2.0,2.0,2.0,3.0,1.0,1.0,1.0,2.0,1.0,4.0,3.0,1.0,1.0,1.0,2.0,1.0,7.39298284432326,1.0,5.0,3.0,2.0,1.0,1.0,1.0,1.0,1.0,1.0,1.0,1.0,1.0,3.0,4.0,3.0,1.0,1.0,1.0,1.0,1.0,1.0,1.0,1.0,1.0,1.0,1.0,1.0,2.0,1.0,1.0,1.0,1.0,1.0,1.0,1.0,1.0,1.0,1.0,1.0,2.0,1.0,1.0,1.0,1.0,1.0,1.0,1.0,1.0,1.0,1.0,1.0,1.0,1.0,3.0,8.0,2.0,1.0,2.0,1.0,1.0,4.0,1.0,1.0,1.0,1.0,1.0,1.0,1.0,7.0,5.0,2.0,3.0,1.0,1.0,2.0,1.0,1.0,1.0,1.0,1.0,1.0,2.0,3.0,1.0,2.0,2.0,2.0,1.0,3.0,1.0,1.0,1.0,1.0,3.0,2.0,3.0,3.0,1.0,1.0,2.0,2.0,2.0,3.0,2.0,1.0,3.0,1.0,2.0,2.0,2.0,2.0,2.0,2.0,1.0,1.0,1.0,1.0,1.0,1.0,1.0,1.0,1.0,2.0,1.0,1.0,1.0,3.0,1.0,1.0,1.0,1.0,1.0,1.0,1.0,2.0,1.0,6.0,1.0,5.0,1.0,4.0,1.0,8.0,1.0,3.0,3.0,4.0,1.0,2.0,2.0,1.0,1.0,3.0,2.0,3.0,1.0,2.0,1.0,1.0,2.0,1.0,1.0,4.0,6.0,1.0,1.0,1.0,2.0,2.0,1.0,1.0,3.0,5.0,4.0,1.0,1.0,5.0,1.0,1.0,2.0,1.0,1.0,1.0,4.0,2.0,1.0,4.0,2.0,6.0,1.0,1.0,1.0,1.0,6.0,4.0,1.0,1.0,3.0,3.0,-1.3686525685699,9.0,2.0,3.0,3.0,3.0,3.0,1.0,1.0,5.0,5.0,5.0,5.0,1.0,7.0,10.0,2.0,1.0,4.0,5.0,5.0,5.0,5.0,2.0,1.0,3.0,5.0,4.0,2.0,2.0,1.0,1.0,2.0,3.0,1.0,1.0,3.0,11.0,5.0,5.0,5.0,5.0,5.0,5.0,5.0,5.0,13.0,3.0,2.0,2.0,3.0,11.0,5.0,5.0,5.0,5.0,1.0,1.0,2.0,18.0,11.0,2.0,1.0,3.0,3.0,5.0,5.0,5.0,5.0,5.0,5.0,2.0,1.0,3.0,1.0,1.0,21.0,1.0,2.0,3.0,6.0,6.0,6.0,6.0,2.0,5.0,3.0,2.0,5.0,13.0,2.0,5.0,5.0,5.0,5.0,6.0,2.0,24.0,2.0,1.0,2.0,5.0,5.0,5.0,5.0,1.0,2.0,4.0,3.0,12.0,1.0,9.0,4.0,4.0,4.0,4.0,4.0,4.0,4.0,1.0,10.0,4.0,1.0,21.0,1.0,2.0,1.0,1.0,1.0,4.0,3.0,5.0,6.0,6.0,6.0,6.0,6.0,1.0,1.0,3.0,15.0,1.0,1.0,1.0,1.0,7.0,4.0,1.0,10.0,5.0,5.0,5.0,5.0,1.0,1.0,4.0,2.0,1.0,1.0,2.0,2.0,9.0,2.0,1.0,1.0,3.0,1.0,4.0,3.0,1.0,1.0,1.0,1.0,1.0,2.0,1.0,1.0,9.0,1.0,1.0,1.0,2.0,5.0,5.0,5.0,5.0,2.0,1.0,7.0,1.0,2.0,5.0,5.0,5.0,5.0,5.0,5.0,5.0,3.0,1.0,1.0,20.0,1.0,1.0,1.0,4.0,1.0,1.0,2.0,1.0,9.0,3.0,4.0,4.0,4.0,4.0,4.0,4.0,4.0,4.0,1.0,1.0,37.0,1.0,1.0,1.0,6.0,6.0,6.0,6.0,6.0,6.0,1.0,1.0,1.0,1.0,6.0,16.0,1.0,5.0,5.0,5.0,5.0,1.0,27.0,1.0,1.0,1.0,7.0,6.0,6.0,6.0,6.0,1.0,2.0,1.0,30.0,1.0,1.0,1.0,1.0,8.0,6.0,6.0,6.0,6.0,13.32796194626393,2.0,2.0,2.0,2.0,5.0,5.0,7.0,3.0,30.0,3.0,10.0,6.0,1.0,10.0,5.0,5.0,5.0,5.0,5.0,5.0,5.0,4.0,1.0,6.0,8.0,1.0,2.0,3.0,4.0,4.0,5.0,6.0,6.0,6.0,6.0,-5.0,-5.0,-5.0,-5.0,-5.0,-5.0,-5.0,-5.0,-5.0,-5.0,1.0
1.0,1.0,1.0,2.0,1.0,2.0,4.0,7.0,1.0,2.0,1.0,5.0,1.0,1.0,1.0,1.0,3.0,1.0,2.0,1.0,1.0,1.0,1.0,1.0,1.0,1.0,5.0,2.0,1.0,3.0,1.0,1.0,5.0,1.0,1.0,2.0,1.0,1.0,1.0,2.0,3.0,1.0,1.0,1.0,1.0,1.0,1.0,1.0,1.0,1.0,1.0,1.0,5.0,3.0,2.0,1.0,1.0,2.0,1.0,1.0,1.0,1.0,1.0,1.0,1.0,1.0,2.0,1.0,5.0,1.0,2.0,1.0,1.0,2.0,1.0,1.0,1.0,1.0,2.0,1.0,7.0,4.0,1.0,2.0,1.0,2.0,12.0,5.0,1.0,15.0,1.0,2.0,2.0,2.0,1.0,1.0,8.0,1.0,4.0,1.0,1.0,16.0,3.0,3.0,1.0,2.0,1.0,1.0,6.0,7.0,1.0,2.0,3.0,2.0,2.0,3.0,2.0,1.0,5.0,1.0,3.0,2.0,2.0,1.0,1.0,1.0,10.0,10.0,1.0,3.0,2.0,1.0,2.0,5.0,2.0,1.0,3.0,1.0,1.0,1.0,1.0,1.0,1.0,1.0,7.0,1.0,1.0,13.0,1.0,1.0,1.0,10.0,2.0,1.0,3.0,1.0,1.0,2.0,3.0,1.0,1.0,1.0,1.0,1.0,1.0,1.0,2.0,1.0,14.0,1.0,1.0,1.0,2.0,2.0,1.0,3.0,2.0,1.0,1.0,1.0,2.0,5.0,1.0,1.0,1.0,4.0,1.0,4.0,2.0,14.0,1.0,2.0,2.0,4.0,1.0,1.0,3.0,1.0,1.0,2.0,1.0,1.0,4.0,3.0,17.0,1.0,1.0,1.0,1.0,3.0,1.0,3.0,5.0,1.0,2.0,2.0,2.0,1.0,1.0,1.0,4.0,1.0,2.0,1.0,1.0,1.0,1.0,1.0,1.0,5.0,2.0,2.0,3.0,1.0,1.0,1.0,1.0,2.0,1.0,1.0,1.0,1.0,1.0,5.0,2.0,3.0,2.0,2.0,3.0,1.0,2.0,4.0,1.0,2.0,2.0,2.0,1.0,1.0,1.0,1.0,1.0,3.0,2.0,1.0,1.0,13.0,3.0,1.0,1.0,1.0,7.0,4.0,1.0,1.0,1.0,8.0,1.0,1.0,6.0,2.0,1.0,3.0,2.0,8.0,2.0,1.0,1.0,1.0,5.0,1.0,8.0,1.0,4.0,9.0,7.0,1.0,1.0,8.0,1.0,2.0,1.0,1.0,4.0,1.0,1.0,1.0,7.0,4.0,5.0,3.0,1.0,1.0,1.0,2.0,1.0,1.0,1.0,1.0,1.0,1.0,6.0,3.0,2.0,2.0,1.0,1.0,1.0,1.0,1.0,1.0,5.0,1.0,1.0,3.0,1.0,1.0,3.0,3.0,1.0,1.0,1.0,2.0,2.0,1.0,1.0,1.0,3.0,4.0,4.0,1.0,1.0,1.0,2.0,1.0,2.0,2.0,2.0,8.0,9.0,3.0,1.0,2.0,1.0,1.0,3.0,2.0,2.0,1.0,5.0,1.0,3.0,3.0,3.0,4.0,1.0,1.0,2.0,2.0,3.0,3.0,1.0,3.0,2.0,1.0,1.0,1.0,1.0,1.0,1.0,1.0,1.0,1.0,1.0,1.0,2.0,10.0,2.0,3.0,3.0,3.0,2.0,1.0,1.0,1.0,1.0,2.0,1.0,15.0,3.0,3.0,3.0,3.0,1.0,1.0,11.0,2.0,2.0,2.0,3.0,1.0,1.0,1.0,1.0,9.0,2.0,2.0,3.0,3.0,1.0,1.0,1.0,2.0,1.0,13.0,2.0,2.0,3.0,3.0,6.0,5.0,2.0,2.0,2.0,2.0,3.0,3.0,4.0,3.0,2.0,2.0,3.0,3.0,4.0,2.0,7.0,3.0,3.0,2.0,2.0,1.0,3.0,7.0,2.0,13.0,6.0,4.0,1.0,1.0,1.0,2.0,1.0,3.0,2.0,10.0,2.0,14.0,1.0,1.0,1.0,9.0,3.0,2.0,1.0,1.0,10.0,2.0,1.0,1.0,1.0,2.0,3.0,7.0,5.0,1.0,1.0,1.0,2.0,6.0,2.0,2.0,4.0,2.0,1.0,1.0,1.0,3.0,2.0,10.0,3.0,1.0,1.0,1.0,5.0,3.0,5.0,1.0,3.0,1.0,1.0,2.0,2.0,3.0,2.0,1.0,2.0,1.0,1.0,1.0,2.0,1.0,1.0,1.0,1.0,5.0,1.0,2.0,1.0,1.0,1.0,1.0,1.0,4.0,1.0,1.0,14.0,1.0,4.0,1.0,13.0,11.0,2.0,2.0,1.0,5.0,1.0,11.0,1.0,1.0,1.0,1.0,1.0,4.0,1.0,1.0,1.0,1.0,3.0,1.0,3.0,1.0,5.0,9.0,1.0,1.0,1.0,1.0,4.0,1.0,6.0,13.0,1.0,3.0,3.0,4.0,1.0,3.0,1.0,4.0,1.0,14.0,9.0,12.0,7.0,1.0,1.0,1.0,2.0,4.0,4.0,6.0,10.0,8.0,21.0,4.0,4.0,3.0,2.0,4.0,1.0,2.0,12.0,11.0,1.0,3.0,4.0,1.0,1.0,1.0,1.0,3.0,6.0,7.0,2.0,5.0,3.0,3.0,8.0,10.0,2.0,19.0,8.0,5.0,1.0,3.0,2.0,6.0,-2.04564786099211,2.0,1.0,2.0,3.0,8.0,9.0,6.0,6.0,1.0,1.0,2.0,2.0,2.0,8.0,4.0,5.0,8.0,7.0,13.0,3.0,9.0,2.0,1.0,3.0,5.0,1.0,3.0,1.0,1.0,5.47566330468136,8.0,1.0,2.0,1.0,1.0,6.0,1.0,1.0,1.0,5.0,15.0,1.0,2.0,7.0,5.0,4.0,5.0,4.0,16.0,6.0,4.0,2.0,1.0,1.0,1.0,1.0,1.0,1.0,2.0,1.0,7.0,7.0,4.0,1.0,2.0,1.0,2.0,1.0,1.0,1.0,1.0,2.0,2.0,1.0,1.0,1.0,1.0,1.0,1.0,1.0,1.0,1.0,1.0,1.0,2.0,2.0,4.0,1.0,1.0,1.0,2.0,7.0,1.0,1.0,1.0,1.0,1.0,1.0,1.0,2.0,3.0,6.0,7.0,4.0,1.0,3.0,1.0,1.0,1.0,1.0,1.0,1.0,1.0,1.0,1.0,2.0,1.0,1.0,2.0,1.0,1.0,1.0,2.0,1.0,1.0,1.0,1.0,1.0,2.0,2.0,3.0,6.0,1.0,1.0,2.0,1.0,1.0,2.0,1.0,1.0,13.0,19.0,2.0,1.0,1.0,4.0,1.0,1.0,1.0,1.0,1.0,1.0,1.0,1.0,1.0,1.0,1.0,2.0,1.0,1.0,1.0,16.0,15.0,1.0,2.0,2.0,2.0,1.0,1.0,1.0,2.0,1.0,1.0,1.0,1.0,1.0,2.0,1.0,1.0,3.0,1.0,1.0,1.0,2.0,1.0,1.0,12.0,7.0,1.0,5.0,1.0,3.0,1.0,1.0,1.0,2.0,3.0,1.0,1.0,6.0,7.0,3.0,5.0,3.0,1.0,1.0,3.0,2.0,1.0,7.0,16.0,1.0,1.0,5.0,3.0,1.0,1.0,3.0,2.0,1.0,3.96952489648403,1.0,2.0,3.0,3.0,1.0,1.0,2.0,1.0,1.0,1.0,2.0,30.0,1.0,4.0,7.0,1.0,1.0,1.0,1.0,1.0,2.0,1.0,2.0,1.0,1.0,1.0,1.0,1.0,1.0,5.0,24.0,4.0,2.0,1.0,1.0,1.0,1.0,1.0,1.0,2.0,2.0,3.0,1.0,2.0,1.0,1.0,1.0,1.0,1.0,1.0,1.0,2.0,1.0,1.0,1.0,1.0,1.0,1.0,1.0,1.0,3.0,1.0,1.0,1.0,3.0,5.0,2.0,3.0,1.0,1.0,2.0,1.0,2.0,1.0,3.0,1.0,2.0,1.0,1.0,2.0,2.0,2.0,1.0,1.0,5.0,2.0,2.0,4.0,1.0,3.0,1.0,4.0,1.0,1.0,2.0,1.0,1.0,4.0,1.0,2.0,1.0,1.0,2.0,4.0,1.0,2.0,2.0,5.0,1.0,1.0,2.0,1.0,1.0,3.0,1.0,1.0,3.0,3.0,5.0,3.0,4.0,1.0,1.0,1.0,2.0,1.0,2.0,1.0,2.0,1.0,1.0,3.0,1.0,1.0,1.0,1.0,2.0,1.0,1.0,1.0,2.0,1.0,1.0,1.0,1.0,1.0,1.0,1.0,1.0,4.0,1.0,1.0,1.0,2.0,1.0,6.0,1.0,1.0,1.0,2.0,2.0,1.0,1.0,1.0,-1.2523449689335,2.0,1.0,1.0,2.0,1.0,-1.0,-1.0,-1.0,-1.0,-2.0,1.0,9.0,-1.0,1.0,-1.0,-1.0,-5.0,-4.0,-3.0,-4.0,-5.0,-5.0,1.0,1.0,1.0,6.0,6.0,2.0,1.0,3.0,2.0,1.0,4.0,5.0,1.0,3.0,1.0,1.0,2.0,1.0,5.0,1.0,1.0,10.0,4.0,1.0,1.0,1.0,3.0,7.0,1.0,2.0,8.0,1.0,2.0,1.0,1.0,1.0,2.0,1.0,2.0,9.0,1.0,9.0,1.0,1.0,1.0,3.0,1.0,1.0,4.0,4.0,1.0,2.0,1.0,2.0,1.0,1.0,1.0,2.0,1.0,1.0,2.0,4.0,1.0,1.0,10.0,1.0,1.0,1.0,3.0,1.0,4.0,4.0,9.0,1.0,1.0,5.0,1.0,1.0,4.957128867032768,4.0,2.0,5.0,1.0,7.0,1.0,5.0,1.0,1.0,1.0,18.20845275419301,1.0,5.0,4.0,6.0,1.0,-3.0,-1.0,-1.0,-13.71931735451625,-2.0,-2.0,-1.0,-1.0,-1.0,-1.0,-3.0,-1.0,-2.0,-4.0,-1.0,-2.0,-1.0,-1.0,-1.0,5.0,4.0,2.0,7.0,2.0,1.0,2.0,1.0,2.0,1.0,3.0,4.0,4.0,1.0,1.0,2.0,4.0,2.0,6.0,1.0,5.0,11.27775448851298,8.0,7.0,1.0,4.0,3.0,1.0,1.0,1.0,2.0,1.0,4.0,1.0,1.0,1.0,1.0,2.0,1.0,1.0,3.0,2.0,4.0,7.0,7.0,4.0,1.0,1.0,4.0,1.0,1.0,2.0,1.0,1.0,5.0,1.0,2.0,7.0,4.0,2.0,2.0,1.0,1.0,1.0,2.0,2.0,2.0,1.0,1.0,2.0,6.0,1.0,4.0,2.0,3.0,-9.81276160699843,1.0,8.0,8.0,1.0,1.0,2.0,2.0,1.0,1.0,2.0,2.0,11.0,5.0,2.0,1.0,2.0,2.0,2.0,2.0,2.0,2.0,2.0,2.0,2.0,1.0,1.0,25.0,6.0,5.0,5.0,5.0,5.0,5.0,5.0,3.0,2.0,1.0,1.0,2.0,1.0,1.0,12.0,15.0,4.0,4.0,5.0,4.0,4.0,5.0,2.0,1.0,5.0,1.0,1.0,2.0,1.0,16.0,5.0,4.0,5.0,4.0,10.0,2.0,4.0,3.0,3.0,6.0,4.0,4.0,4.0,4.0,4.0,4.0,4.0,4.0,4.0,2.0,4.0,4.0,4.0,4.0,4.0,4.0,1.0,1.0,4.0,4.0,4.0,4.0,4.0,4.0,1.0,1.0,1.0,1.0,1.0,1.0,4.0,4.0,4.0,4.0,4.0,4.0,4.0,4.0,4.0,4.0,1.0,1.0,1.0,1.0,3.0,1.0,1.0,10.0,1.0,1.0,1.0,1.0,1.0,21.0,15.0,1.0,1.0,1.0,1.0,1.0,1.0,5.0,1.0,6.0,2.0,2.0,23.0,14.0,1.0,3.0,3.0,3.0,3.0,3.0,3.0,3.0,3.0,1.0,1.0,1.0,1.0,1.0,6.0,1.0,4.0,10.0,9.0,26.0,7.0,3.0,3.0,4.0,3.0,3.0,3.0,4.0,3.0,1.0,1.0,1.0,1.0,3.0,1.0,1.0,13.0,2.0,2.0,2.0,2.0,2.0,2.0,2.0,1.0,1.0,2.0,2.0,2.0,2.0,2.0,2.0,3.0,2.0,1.0,2.0,2.0,2.0,2.0,2.0,2.0,2.0,1.0,2.0,2.0,2.0,2.0,2.0,2.0,2.0,2.0,2.0,2.0,2.0,1.0,-2.0,1.0,4.0,1.0,-4.0,-4.0,-5.0,-4.0,-4.0,-4.0,-5.0,-4.0,-1.0,1.0,2.0,-1.0,1.0,-4.0,-5.0,-4.0,-4.0,-5.0,-4.0,2.0,1.0,-5.0,-6.0,-5.0,-5.0,-6.0,-5.0,1.0,1.0,1.0,-5.0,-5.0,-5.0,-5.0,-5.0,-5.0,-1.0,1.0,-1.0,-5.0,-5.0,-5.0,-5.0,-5.0,-5.0,-3.0,-4.0,-1.0,-1.0,-3.0,-1.0,0.0,1.0,-9.0,-5.0,1.0,-1.0,-2.0,-1.0,-1.0,-2.0,-1.0,-3.0,-2.0,-1.0,-1.0,-1.0,-1.0,-1.0,-3.0,-1.0,-1.0,-1.0,-1.0,-3.0,-2.0,19.45784305872714,-2.0,-1.0,-1.0,-1.0,-2.0,7.0,-4.0,-2.0,-3.0,-3.0,-1.0,-1.0,-1.0,1.0,1.0,0.0,-1.0,-5.0,-7.0,-1.0,-2.0,-1.0,9.0,2.0,13.0,-1.0,-1.0,-1.0,-5.0,-5.0,-2.0,-4.0,1.0,5.0,4.0,2.0,2.0,1.0,2.0,15.0,17.0,4.0,5.0,7.0,13.0,1.0,3.0,1.0,1.0,1.0,12.0,5.0,5.0,1.0,11.0,2.0,4.0,2.0,1.0,15.57346510062307,4.0,2.0,1.0,1.0,2.0,1.0,1.0,2.0,1.0,1.0,2.0,6.0,1.0,1.0,2.0,4.0,3.0,2.0,2.0,3.0,7.0,1.0,1.0,1.0,1.0,1.0,2.0,1.0,1.0,1.0,1.0,1.0,1.0,1.0,1.0,2.0,2.0,1.0,4.0,1.0,1.0,1.0,1.0,3.0,1.0,2.0,6.0,1.0,1.0,1.0,1.0,1.0,1.0,-2.5485758184053537,1.0,1.0,1.0,1.0,1.0,3.0,1.0,1.0,3.0,2.0,2.0,2.0,5.0,-20.80157324031526,2.0,2.0,4.0,3.0,1.0,2.0,2.0,2.0,2.0,-15.704502461243464,1.0,2.0,2.0,2.0,1.0,1.0,1.0,1.0,1.0,2.0,1.0,4.0,1.0,1.0,1.0,1.0,2.0,1.0,1.0,1.0,5.0,5.0,1.0,4.0,3.0,2.0,2.0,1.0,5.0,1.0,3.0,4.0,2.0,1.0,3.0,3.0,4.0,3.0,3.0,1.0,1.0,2.0,1.0,3.0,2.0,4.0,2.0,1.0,4.0,2.0,1.0,2.0,3.0,3.0,3.0,3.0,2.0,1.0,4.0,5.0,1.0,1.0,5.0,4.0,2.0,1.0,1.0,6.276158308138452,6.0,10.0,1.0,5.0,5.0,1.0,7.0,2.0,1.0,10.0,4.0,3.0,3.0,1.0,7.0,1.0,11.0,1.0,2.0,2.0,1.0,3.0,2.0,1.0,1.0,5.0,8.0,1.0,7.0,3.0,1.0,2.0,2.0,1.0,2.0,1.0,1.0,1.0,1.0,2.0,7.0,6.0,1.0,2.0,1.0,1.0,1.0,1.0,5.0,1.0,1.0,2.0,5.0,1.0,2.0,7.0,6.0,6.0,1.0,2.0,9.0,3.0,6.0,1.0,6.0,4.0,9.0,1.0,1.0,1.0,2.0,10.0,6.0,2.0,2.0,5.0,5.0,1.0,10.0,1.0,2.0,4.0,5.0,13.0,1.0,1.0,1.0,1.0,4.0,4.0,3.0,1.0,2.0,1.0,1.0,1.0,2.0,4.0,4.0,5.0,11.0,1.0,1.0,13.2640361646798,1.0,5.0,2.0,7.0,1.0,1.0,2.0,1.0,1.0,1.0,3.0,3.0,2.0,2.0,3.0,5.0,1.0,2.0,1.0,-2.0,1.0,1.0,7.0,-3.0,-3.0,-3.0,-3.0,1.0,0.0,4.0,-2.0,5.0,-6.0,-6.0,-6.0,-6.0,-2.0,-1.0,-1.0,-6.0,-6.0,-6.0,-6.0,-3.0,-2.0,-1.0,-1.0,-3.0,-3.0,-3.0,-3.0,-2.0,-1.0,-1.0,2.0,-1.0,-6.0,-6.0,-6.0,-7.103831779623127,-6.0,-6.0,-6.0,1.0,1.0,-3.0,-3.0,7.0,2.0,-5.0,-5.0,-5.0,-5.0,1.0,-2.0,-2.0,2.0,1.0,-5.0,-6.0,-5.0,-5.0,2.0,1.0,1.0,1.0,-6.0,-6.0,-6.0,-6.0,-1.0,1.0,-2.0,-2.0,1.0,2.0,-13.0,-13.0,-1.0,-1.0,-2.0,2.0,1.0,-5.0,-5.0,-5.0,-5.0,-5.0,-5.0,1.0,1.0,-5.0,-5.0,-5.0,-5.0,-5.0,0.0,-3.0,-12.0,-12.0,1.0,5.0,-7.0,-7.0,-7.0,-7.0,1.0,7.0,1.0,1.0,1.0,2.0,11.0,1.0,4.0,1.0,3.0,6.0,1.0,2.0,3.0,15.0,3.0,2.0,3.0,4.0,1.0,6.0,6.0,4.0,2.0,1.0,1.0,1.0,1.0,1.0,1.0,3.0,7.0,1.0,3.0,1.0,1.0,1.0,3.0,2.0,1.0,2.0,2.0,1.0,1.0,3.0,3.0,3.0,1.0,1.0,2.0,3.0,3.0,3.0,1.0,1.0,1.0,3.0,4.0,4.0,2.0,3.0,1.0,1.0,1.0,1.0,1.0,1.0,2.0,3.0,4.0,4.0,2.0,6.0,3.0,1.0,1.0,1.0,1.0,1.0,1.0,2.0,3.0,1.0,13.0,3.0,1.0,1.0,6.0,1.0,1.0,1.0,4.0,1.0,1.0,2.0,2.0,4.0,3.0,3.0,1.0,1.0,1.0,1.0,2.0,2.0,3.0,3.0,1.0,1.0,2.0,2.0,1.0,2.0,6.0,6.0,2.0,3.0,2.0,2.0,1.0,1.0,2.0,2.0,6.0,6.0,2.0,3.0,2.0,2.0,1.0,1.0,21.0,3.0,4.0,1.0,2.0,2.0,8.0,1.0,7.0,2.0,1.0,2.0,3.0,4.0,4.0,1.0,16.0,1.0,6.0,3.0,1.0,1.0,2.0,10.0,1.0,10.0,3.0,3.0,2.0,1.0,4.0,3.0,1.0,2.0,1.0,1.0,4.0,1.0,3.0,1.0,2.0,2.0,1.0,1.0,1.0,1.0,3.0,1.0,1.0,2.0,1.0,1.0,1.0,1.0,1.0,1.29786125122586,1.0,1.0,1.0,1.0,1.0,4.0,3.0,1.0,1.0,1.0,1.0,1.0,1.0,2.0,2.0,1.0,4.0,1.0,4.0,1.0,1.0,2.0,1.0,1.0,3.0,2.0,2.0,2.0,2.0,1.0,1.0,6.0,24.0,4.0,1.0,3.0,2.0,1.0,1.0,16.0,35.0,3.0,1.0,1.0,1.0,1.0,1.0,1.0,3.0,5.0,1.0,1.0,2.0,7.0,5.0,5.0,2.0,3.0,1.0,1.0,1.0,8.0,1.0,5.0,3.0,2.0,9.0,6.0,1.0,4.0,13.0,1.0,7.0,7.0,1.0,1.0,1.0,1.0,1.0,4.0,6.0,3.0,2.0,1.0,8.0,6.0,1.0,1.0,1.0,2.0,3.0,1.0,2.0,8.0,1.0,2.0,9.0,2.0,1.0,1.0,1.0,1.0,1.0,4.0,1.0,1.0,4.0,5.0,1.0,1.0,2.0,3.0,2.0,1.0,2.0,5.0,6.0,4.0,6.0,8.0,11.0,7.0,6.0,1.0,1.0,1.0,4.0,1.0,3.0,4.0,5.0,12.0,5.0,2.0,2.0,1.0,4.0,2.0,1.0,1.0,1.0,3.0,4.0,3.0,2.0,17.29671484676516,3.0,5.0,1.0,7.0,5.0,2.0,2.0,3.0,1.0,1.0,1.0,1.0,2.0,1.0,2.0,1.0,1.0,12.0,10.0,8.0,6.0,5.0,1.0,1.0,1.0,3.0,1.0,1.0,1.0,3.0,4.0,1.0,2.0,1.0,1.0,1.0,2.0,1.0,1.0,8.0,1.0,1.0,2.0,2.0,5.0,2.0,2.0,1.0,1.0,3.0,2.0,3.0,1.0,6.0,6.0,1.0,1.0,6.0,1.0,6.0,9.0,3.0,13.0,10.0,1.0,1.0,11.0,1.0,1.0,3.0,8.0,9.0,2.0,1.0,2.0,3.0,3.0,3.0,1.0,1.0,1.0,5.0,5.0,2.0,1.0,2.0,2.0,1.0,1.0,5.0,1.0,1.0,1.0,1.0,3.0,2.0,1.0,2.0,1.0,3.0,4.0,1.0,2.0,1.0,2.0,1.0,2.0,2.0,1.0,1.0,2.0,2.0,1.0,1.0,1.0,1.0,1.0,1.0,2.0,1.0,8.0,2.0,1.0,5.0,6.0,2.0,1.0,1.0,1.0,6.0,2.0,3.0,4.0,3.0,1.0,1.0,2.0,2.0,1.0,1.0,11.0,1.0,1.0,2.0,4.0,5.0,3.0,1.0,4.0,1.0,14.0,4.0,7.0,1.0,1.0,2.0,1.0,1.0,2.92572291035908,1.0,1.0,1.0,3.0,1.0,9.0,2.0,2.0,1.0,1.0,7.0,1.0,8.0,1.0,1.0,1.0,1.0,2.0,1.0,1.0,1.0,1.0,2.0,1.0,1.0,1.0,1.0,1.0,1.0,4.0,4.0,3.0,2.0,1.0,1.0,1.0,1.0,3.0,1.0,1.0,1.0,1.0,1.0,1.0,1.0,1.0,2.0,1.0,3.0,0.24337417607789,1.0,1.0,3.0,5.0,9.0,7.0,2.0,2.0,1.0,1.0,1.0,2.0,3.0,1.0,1.0,2.0,3.0,1.0,1.0,2.0,2.0,1.0,1.0,1.0,1.0,2.0,1.0,1.0,-1.0,-1.0,-2.0,-4.0,-12.0,-7.0,-6.0,-6.0,-9.0,-11.0,-2.0,-8.0,-10.0,-6.0,-11.0,-6.50984180533249,-1.0,-4.0,-1.0,-10.0,-11.0,-3.0,-8.0,-12.0,-10.0,-1.0,-1.0,-1.0,-1.0,-7.0,-7.0,-13.0,-7.0,2.0,1.0,1.0,1.0,2.0,1.0,1.0,5.0,1.0,2.0,1.0,1.0,3.0,1.0,3.0,1.0,1.0,1.0,1.0,1.0,1.0,1.0,1.0,4.0,1.0,1.0,2.0,1.0,1.0,3.0,1.0,1.0,2.0,1.0,1.0,2.0,3.0,1.0,2.0,1.0,1.0,1.0,1.0,1.0,1.0,2.0,1.0,2.0,1.0,2.0,5.0,6.0,1.0,2.0,1.0,1.0,3.0,1.0,1.0,2.0,3.0,3.0,1.0,1.0,2.0,5.0,5.0,1.0,1.0,4.0,3.0,2.0,1.0,1.0,-1.0,1.0,2.0,-3.0,1.0,1.0,-4.0,-4.0,-3.0,2.0,-1.0,-1.0,-1.0,-2.0,2.0,10.0,1.0,1.0,1.0,2.0,3.0,4.0,1.0,2.0,1.0,17.0,1.0,1.0,1.0,1.0,2.0,1.0,1.0,1.0,4.0,4.0,1.0,3.0,1.0,1.0,2.0,1.0,1.0,1.0,2.0,2.0,1.0,1.0,1.0,1.0,2.0,3.0,18.94840458248437,1.0,1.0,3.0,1.0,1.0,1.0,2.0,3.0,1.0,1.0,2.0,4.0,2.0,1.0,1.0,1.0,1.0,2.0,3.0,1.0,4.0,1.0,1.0,1.0,4.0,4.0,1.0,1.0,2.0,2.0,2.0,2.0,1.0,2.0,1.0,2.0,3.0,1.0,6.0,11.0,8.0,5.0,4.0,5.0,3.0,2.0,1.0,1.0,1.0,1.0,1.0,2.0,2.0,3.0,2.0,3.0,1.0,1.0,1.0,1.0,1.0,1.0,3.0,2.0,5.0,1.0,2.0,2.0,1.0,5.0,1.0,5.0,1.0,2.0,5.0,3.0,2.0,1.0,15.11250881122309,1.0,2.0,3.0,1.0,1.0,1.0,3.0,3.0,2.0,4.0,1.0,1.0,1.0,1.0,1.0,1.0,1.0,1.0,1.0,1.0,1.0,3.0,5.0,1.0,1.0,1.0,2.0,2.0,1.0,1.0,5.0,1.0,1.0,5.0,1.0,1.0,-7.0,-7.0,1.0,-1.0,-4.0,-2.0,-1.0,-2.0,-1.0,1.0,-1.0,-3.0,-5.0,0.0,-3.0,-1.0,-2.0,-4.0,1.0,-1.0,1.0,-1.0,-1.0,1.0,-1.0,-1.0,2.0,-2.0,-3.0,2.0,-2.0,-1.0,1.0,-1.0,-1.0,-2.0,1.0,-2.0,-1.0,2.0,-1.0,-1.0,-1.0,-1.0,-2.0,2.0,-2.0,-2.0,0.0,-1.0,-1.0,-1.0,-1.0,-1.0,1.0,1.0,1.0,7.0,1.0,1.0,1.0,1.0,1.0,2.0,1.0,1.0,12.0,1.0,1.0,1.0,1.0,1.0,1.0,2.0,1.0,1.0,1.0,1.0,2.0,4.0,3.0,1.0,1.0,3.0,1.0,1.0,1.0,1.0,2.0,1.0,1.0,1.0,1.0,1.0,2.0,1.0,1.0,3.0,7.0,2.0,1.0,1.0,1.0,1.0,1.0,1.0,1.0,1.0,1.0,1.0,1.0,1.0,6.0,1.0,1.0,1.0,1.0,1.0,1.0,1.0,1.0,1.0,1.0,1.0,1.0,1.0,1.0,1.0,1.0,4.0,1.0,1.0,1.0,1.0,1.0,1.0,1.0,1.0,1.0,1.0,1.0,1.0,1.0,1.0,1.0,1.0,1.0,1.0,1.0,-1.0,-1.0,1.0,1.0,2.0,-2.0,-2.0,-2.0,-2.0,-2.0,1.0,1.0,-3.56110793196185,-3.0,-3.0,-3.0,1.0,-5.0,-5.0,-5.0,1.0,1.0,1.0,1.0,2.0,1.0,1.0,-1.0,-1.0,-1.0,-1.0,-1.0,-1.0,4.0,4.0,1.0,1.0,3.0,1.0,1.0,1.0,1.0,1.0,3.0,3.0,2.0,1.0,1.0,1.0,1.0,1.0,2.0,1.0,1.0,2.0,2.0,1.0,1.0,1.0,1.0,1.0,3.0,3.0,3.0,1.0,1.0,2.0,1.0,1.0,2.0,2.0,2.0,1.0,1.0,1.0,2.0,1.0,1.0,1.0,1.0,3.0,1.0,1.0,1.0,1.0,4.0,2.0,5.0,1.0,2.0,1.0,1.0,1.0,1.0,3.0,1.0,2.0,3.0,2.0,1.0,1.0,1.0,2.0,2.0,2.0,2.0,1.0,6.0,3.0,6.0,1.0,1.0,1.0,3.0,1.0,4.0,5.0,1.0,1.0,1.0,1.0,1.0,17.0,1.0,2.0,12.0,1.0,2.0,3.0,8.0,13.0,5.0,2.0,1.0,2.0,6.0,4.0,4.0,2.0,1.0,3.0,2.0,1.0,1.0,1.0,3.0,1.0,1.0,1.0,3.0,1.0,1.0,1.0,3.0,1.0,1.0,1.0,2.0,3.0,7.0,4.0,3.0,-0.31044766992144,2.0,2.0,2.0,1.0,1.0,1.0,1.0,1.0,1.0,1.0,1.0,1.0,1.0,1.0,1.0,1.0,1.0,1.0,1.0,1.0,1.0,1.0,1.0,1.0,1.0,1.0,1.0,1.0,3.0,1.0,1.0,2.0,2.0,2.0,2.0,3.0,1.0,1.0,1.0,2.0,1.0,4.0,3.0,1.0,1.0,1.0,2.0,1.0,7.39298284432326,1.0,5.0,3.0,2.0,1.0,1.0,1.0,1.0,1.0,1.0,1.0,1.0,1.0,3.0,4.0,3.0,1.0,1.0,1.0,1.0,1.0,1.0,1.0,1.0,1.0,1.0,1.0,1.0,2.0,1.0,1.0,1.0,1.0,1.0,1.0,1.0,1.0,1.0,1.0,1.0,2.0,1.0,1.0,1.0,1.0,1.0,1.0,1.0,1.0,1.0,1.0,1.0,1.0,1.0,3.0,8.0,2.0,1.0,2.0,1.0,1.0,4.0,1.0,1.0,1.0,1.0,1.0,1.0,1.0,7.0,5.0,2.0,3.0,1.0,1.0,2.0,1.0,1.0,1.0,1.0,1.0,1.0,2.0,3.0,1.0,2.0,2.0,2.0,-16.38832593496558,3.0,1.0,1.0,1.0,1.0,3.0,2.0,3.0,3.0,1.0,1.0,2.0,2.0,2.0,3.0,2.0,1.0,3.0,1.0,2.0,2.0,2.0,2.0,2.0,2.0,1.0,1.0,1.0,1.0,1.0,1.0,1.0,1.0,1.0,2.0,1.0,1.0,1.0,3.0,1.0,1.0,1.0,1.0,1.0,1.0,1.0,2.0,1.0,6.0,1.0,5.0,1.0,4.0,1.0,8.0,1.0,3.0,3.0,4.0,1.0,2.0,2.0,1.0,1.0,3.0,2.0,3.0,1.0,2.0,1.0,1.0,2.0,1.0,1.0,4.0,6.0,1.0,1.0,1.0,2.0,2.0,1.0,1.0,3.0,5.0,5.38785976813884,1.0,1.0,5.0,1.0,1.0,2.0,1.0,1.0,1.0,4.0,2.0,1.0,4.0,2.0,6.0,1.0,1.0,1.0,1.0,6.0,5.96397995782018,1.0,1.0,3.0,3.0,-1.3686525685699,9.0,2.0,3.0,3.0,3.0,3.0,1.0,1.0,5.0,5.0,5.0,5.0,1.0,7.0,10.0,2.0,1.0,4.0,5.0,5.0,5.0,5.0,2.0,1.0,3.0,5.0,4.0,2.0,2.0,1.0,1.0,2.0,3.0,1.0,1.0,3.0,11.0,5.0,5.0,5.0,5.0,5.0,5.0,5.0,5.0,13.0,3.0,2.0,2.0,3.0,11.0,5.0,5.0,5.0,5.0,1.0,1.0,2.0,18.0,11.0,2.0,1.0,3.0,3.0,5.0,5.0,5.0,5.0,5.0,5.0,2.0,1.0,3.0,1.0,1.0,21.0,1.0,2.0,3.0,6.0,6.0,6.0,6.0,2.0,5.0,3.0,2.0,5.0,13.0,2.0,5.0,5.0,5.0,5.0,6.0,2.0,24.0,2.0,1.0,2.0,5.0,5.0,5.0,5.0,1.0,2.0,4.0,3.0,12.0,1.0,9.0,4.0,4.0,4.0,4.0,4.0,4.0,4.0,1.0,10.0,4.0,1.0,21.0,1.0,2.0,1.0,1.0,1.0,4.0,3.0,5.0,6.0,6.0,6.0,6.0,6.0,1.0,1.0,3.0,15.0,1.0,1.0,1.0,1.0,7.0,4.0,1.0,10.0,5.0,5.0,5.0,5.0,1.0,1.0,4.0,2.0,-19.72431348956135,1.0,2.0,2.0,9.0,2.0,1.0,1.0,3.0,1.0,4.0,3.0,1.0,1.0,1.0,1.0,1.0,2.0,1.0,1.0,9.0,1.0,1.0,1.0,2.0,5.0,5.0,5.0,5.0,2.0,1.0,7.0,1.0,2.0,5.0,5.0,5.0,5.0,5.0,5.0,5.0,3.0,1.0,1.0,20.0,1.0,1.0,1.0,4.0,1.0,1.0,2.0,1.0,9.0,3.0,4.0,4.0,4.0,4.0,4.0,4.0,4.0,4.0,1.0,1.0,37.0,1.0,1.0,1.0,6.0,6.0,6.0,6.0,6.0,6.0,1.0,1.0,1.0,1.0,6.0,16.0,1.0,5.0,5.0,5.0,5.0,1.0,27.0,1.0,1.0,1.0,7.0,6.0,6.0,6.0,6.0,1.0,2.0,1.0,30.0,1.0,1.0,1.0,1.0,8.0,6.0,6.0,6.0,6.0,13.32796194626393,2.0,2.0,2.0,2.0,5.0,5.0,7.0,3.0,30.0,3.0,10.0,6.0,1.0,10.0,5.0,5.0,5.0,5.0,5.0,5.0,5.0,4.0,1.0,6.0,8.0,1.0,2.0,3.0,4.0,4.0,5.0,6.0,6.0,6.0,6.0,-5.0,-5.0,-5.0,-5.0,-5.0,-5.0,-5.0,-5.0,-5.0,-5.0,1.0
1.0,1.0,1.0,2.0,1.0,2.0,4.0,7.0,1.0,2.0,1.0,5.0,1.0,1.0,1.0,1.0,3.0,1.0,2.0,1.0,1.0,1.0,1.0,1.0,1.0,1.0,5.0,2.0,1.0,3.0,1.0,1.0,5.0,1.0,1.0,2.0,1.0,1.0,1.0,2.0,3.0,1.0,1.0,1.0,1.0,1.0,1.0,1.0,1.0,1.0,1.0,1.0,5.0,3.0,2.0,1.0,1.0,2.0,1.0,1.0,1.0,1.0,1.0,1.0,1.0,1.0,2.0,1.0,5.0,1.0,2.0,1.0,1.0,2.0,1.0,1.0,1.0,1.0,2.0,1.0,7.0,4.0,1.0,2.0,1.0,2.0,12.0,5.0,1.0,15.0,1.0,2.0,2.0,2.0,1.0,1.0,8.0,1.0,4.0,1.0,1.0,16.0,3.0,3.0,1.0,2.0,1.0,1.0,6.0,7.0,1.0,2.0,3.0,2.0,2.0,3.0,2.0,1.0,5.0,1.0,3.0,2.0,2.0,1.0,1.0,1.0,10.0,10.0,1.0,3.0,2.0,1.0,2.0,5.0,2.0,1.0,3.0,1.0,1.0,1.0,1.0,1.0,1.0,1.0,7.0,1.0,1.0,13.0,1.0,1.0,1.0,10.0,2.0,1.0,3.0,1.0,1.0,2.0,3.0,1.0,1.0,1.0,1.0,1.0,1.0,1.0,2.0,1.0,14.0,1.0,1.0,1.0,2.0,2.0,1.0,3.0,2.0,1.0,1.0,1.0,2.0,5.0,1.0,1.0,1.0,4.0,1.0,4.0,2.0,14.0,1.0,2.0,2.0,4.0,1.0,1.0,3.0,1.0,1.0,2.0,1.0,1.0,4.0,3.0,17.0,1.0,1.0,1.0,1.0,3.0,1.0,3.0,5.0,1.0,2.0,2.0,2.0,1.0,1.0,1.0,4.0,1.0,2.0,1.0,1.0,1.0,1.0,1.0,1.0,5.0,2.0,2.0,3.0,1.0,1.0,1.0,1.0,2.0,1.0,1.0,1.0,1.0,1.0,5.0,2.0,3.0,2.0,2.0,3.0,1.0,2.0,4.0,1.0,2.0,2.0,2.0,1.0,1.0,1.0,1.0,1.0,3.0,2.0,1.0,1.0,13.0,3.0,1.0,1.0,1.0,7.0,4.0,1.0,1.0,1.0,8.0,1.0,1.0,6.0,2.0,1.0,3.0,2.0,8.0,2.0,1.0,1.0,1.0,5.0,1.0,8.0,1.0,4.0,9.0,7.0,1.0,1.0,8.0,1.0,2.0,1.0,1.0,4.0,1.0,1.0,1.0,7.0,4.0,5.0,3.0,1.0,1.0,1.0,2.0,1.0,1.0,1.0,1.0,1.0,1.0,6.0,3.0,2.0,2.0,1.0,1.0,1.0,1.0,1.0,1.0,5.0,1.0,1.0,3.0,1.0,1.0,3.0,3.0,1.0,1.0,1.0,2.0,2.0,1.0,1.0,1.0,3.0,4.0,4.0,1.0,1.0,1.0,2.0,1.0,2.0,2.0,2.0,8.0,9.0,3.0,1.0,2.0,1.0,1.0,3.0,2.0,2.0,1.0,5.0,1.0,3.0,3.0,3.0,4.0,1.0,1.0,2.0,2.0,3.0,3.0,1.0,3.0,2.0,1.0,1.0,1.0,1.0,1.0,1.0,1.0,1.0,1.0,1.0,1.0,2.0,10.0,2.0,3.0,3.0,3.0,2.0,1.0,1.0,1.0,1.0,2.0,1.0,15.0,3.0,3.0,3.0,3.0,1.0,1.0,11.0,2.0,2.0,2.0,3.0,1.0,1.0,1.0,1.0,9.0,2.0,2.0,3.0,3.0,1.0,1.0,1.0,2.0,1.0,13.0,2.0,2.0,3.0,3.0,6.0,5.0,2.0,2.0,2.0,2.0,3.0,3.0,4.0,3.0,2.0,2.0,3.0,3.0,4.0,2.0,7.0,3.0,3.0,2.0,2.0,1.0,3.0,7.0,2.0,13.0,6.0,4.0,1.0,1.0,1.0,2.0,1.0,3.0,2.0,10.0,2.0,14.0,1.0,1.0,1.0,9.0,3.0,2.0,1.0,1.0,10.0,2.0,1.0,1.0,1.0,2.0,3.0,7.0,5.0,1.0,1.0,1.0,2.0,6.0,2.0,2.0,4.0,2.0,1.0,1.0,1.0,3.0,2.0,10.0,3.0,1.0,1.0,1.0,5.0,3.0,5.0,1.0,3.0,1.0,1.0,2.0,2.0,3.0,2.0,1.0,2.0,1.0,1.0,1.0,2.0,1.0,1.0,1.0,1.0,5.0,1.0,2.0,1.0,1.0,1.0,1.0,1.0,4.0,1.0,1.0,14.0,1.0,4.0,1.0,13.0,11.0,2.0,2.0,1.0,5.0,1.0,11.0,1.0,1.0,1.0,1.0,1.0,4.0,1.0,1.0,1.0,1.0,3.0,1.0,3.0,1.0,5.0,9.0,1.0,1.0,1.0,1.0,4.0,1.0,6.0,13.0,1.0,3.0,3.0,4.0,1.0,3.0,1.0,4.0,1.0,14.0,9.0,12.0,7.0,1.0,1.0,1.0,2.0,4.0,4.0,6.0,10.0,8.0,21.0,4.0,4.0,3.0,2.0,4.0,1.0,2.0,12.0,11.0,1.0,3.0,4.0,1.0,1.0,1.0,1.0,3.0,6.0,7.0,2.0,5.0,3.0,3.0,8.0,10.0,2.0,19.0,8.0,5.0,1.0,3.0,2.0,6.0,-2.04564786099211,2.0,1.0,2.0,3.0,8.0,9.0,6.0,6.0,1.0,1.0,2.0,2.0,2.0,8.0,4.0,5.0,8.0,7.0,13.0,3.0,9.0,2.0,1.0,3.0,5.0,1.0,3.0,1.0,1.0,5.47566330468136,8.0,1.0,2.0,1.0,1.0,6.0,1.0,1.0,1.0,5.0,15.0,1.0,2.0,7.0,5.0,4.0,5.0,4.0,16.0,6.0,4.0,2.0,1.0,1.0,1.0,1.0,1.0,1.0,2.0,1.0,7.0,7.0,4.0,1.0,2.0,1.0,2.0,1.0,1.0,1.0,1.0,2.0,2.0,1.0,1.0,1.0,1.0,1.0,1.0,1.0,1.0,1.0,1.0,1.0,2.0,2.0,4.0,1.0,1.0,1.0,2.0,7.0,1.0,1.0,1.0,1.0,1.0,1.0,1.0,2.0,3.0,6.0,7.0,4.0,1.0,3.0,1.0,1.0,1.0,1.0,1.0,1.0,1.0,1.0,1.0,2.0,1.0,1.0,2.0,1.0,1.0,1.0,2.0,1.0,1.0,1.0,1.0,1.0,2.0,2.0,3.0,6.0,1.0,1.0,2.0,1.0,1.0,2.0,1.0,1.0,13.0,19.0,2.0,1.0,1.0,4.0,1.0,1.0,1.0,1.0,1.0,1.0,1.0,1.0,1.0,1.0,1.0,2.0,1.0,1.0,1.0,16.0,15.0,1.0,2.0,2.0,2.0,1.0,1.0,1.0,2.0,1.0,1.0,1.0,1.0,1.0,2.0,1.0,1.0,3.0,1.0,1.0,1.0,2.0,1.0,1.0,12.0,7.0,1.0,5.0,1.0,3.0,1.0,1.0,1.0,2.0,3.0,1.0,1.0,6.0,7.0,3.0,5.0,3.0,1.0,1.0,3.0,2.0,1.0,7.0,16.0,1.0,1.0,5.0,3.0,1.0,1.0,3.0,2.0,1.0,3.96952489648403,1.0,2.0,3.0,3.0,1.0,1.0,2.0,1.0,1.0,1.0,2.0,30.0,1.0,4.0,7.0,1.0,1.0,1.0,1.0,1.0,2.0,1.0,2.0,1.0,1.0,1.0,1.0,1.0,1.0,5.0,24.0,4.0,2.0,1.0,1.0,1.0,1.0,1.0,1.0,2.0,2.0,3.0,1.0,2.0,1.0,1.0,1.0,1.0,1.0,1.0,1.0,2.0,1.0,1.0,1.0,1.0,1.0,1.0,1.0,1.0,3.0,1.0,1.0,1.0,3.0,5.0,2.0,3.0,1.0,1.0,2.0,1.0,2.0,1.0,3.0,1.0,2.0,1.0,1.0,2.0,2.0,2.0,1.0,1.0,5.0,2.0,2.0,4.0,1.0,3.0,1.0,4.0,1.0,1.0,2.0,1.0,1.0,4.0,1.0,2.0,1.0,1.0,2.0,4.0,1.0,2.0,2.0,5.0,1.0,1.0,2.0,1.0,1.0,3.0,1.0,1.0,3.0,3.0,5.0,3.0,4.0,1.0,1.0,1.0,2.0,1.0,2.0,1.0,2.0,1.0,1.0,3.0,1.0,1.0,1.0,1.0,2.0,1.0,1.0,1.0,2.0,1.0,1.0,1.0,1.0,1.0,1.0,1.0,1.0,4.0,1.0,1.0,1.0,2.0,1.0,6.0,1.0,1.0,1.0,2.0,2.0,1.0,1.0,1.0,-1.2523449689335,2.0,1.0,1.0,2.0,1.0,-1.0,-1.0,-1.0,-1.0,-2.0,1.0,9.0,-1.0,1.0,-1.0,-1.0,-5.0,-4.0,-3.0,-4.0,-5.0,-5.0,1.0,1.0,1.0,6.0,6.0,2.0,1.0,3.0,2.0,1.0,4.0,5.0,1.0,3.0,1.0,1.0,2.0,1.0,5.0,1.0,1.0,10.0,4.0,1.0,1.0,1.0,3.0,7.0,1.0,2.0,8.0,1.0,2.0,1.0,1.0,1.0,2.0,1.0,2.0,9.0,1.0,9.0,1.0,1.0,1.0,3.0,1.0,1.0,4.0,4.0,1.0,2.0,1.0,2.0,1.0,1.0,1.0,2.0,1.0,1.0,2.0,4.0,1.0,1.0,10.0,1.0,1.0,1.0,3.0,1.0,4.0,4.0,9.0,1.0,1.0,5.0,1.0,1.0,4.957128867032768,4.0,2.0,5.0,1.0,7.0,1.0,5.0,1.0,1.0,1.0,18.20845275419301,1.0,5.0,4.0,6.0,1.0,-3.0,-1.0,-1.0,-13.71931735451625,-2.0,-2.0,-1.0,-1.0,-1.0,-1.0,-3.0,-1.0,-2.0,-4.0,-1.0,-2.0,-1.0,-1.0,-1.0,5.0,4.0,2.0,7.0,2.0,1.0,2.0,1.0,2.0,1.0,3.0,4.0,4.0,1.0,1.0,2.0,4.0,2.0,6.0,1.0,5.0,11.27775448851298,8.0,7.0,1.0,4.0,3.0,1.0,1.0,1.0,2.0,1.0,4.0,1.0,1.0,1.0,1.0,2.0,1.0,1.0,3.0,2.0,4.0,7.0,7.0,4.0,1.0,1.0,4.0,1.0,1.0,2.0,1.0,1.0,5.0,1.0,2.0,7.0,4.0,2.0,2.0,1.0,1.0,1.0,2.0,2.0,2.0,1.0,1.0,2.0,6.0,1.0,4.0,2.0,3.0,-9.81276160699843,1.0,8.0,8.0,1.0,1.0,2.0,2.0,1.0,1.0,2.0,2.0,11.0,5.0,2.0,1.0,2.0,2.0,2.0,2.0,2.0,2.0,2.0,2.0,2.0,1.0,1.0,25.0,6.0,5.0,5.0,5.0,5.0,5.0,5.0,3.0,2.0,1.0,1.0,2.0,1.0,1.0,12.0,15.0,4.0,4.0,5.0,4.0,4.0,5.0,2.0,1.0,5.0,1.0,1.0,2.0,1.0,16.0,5.0,4.0,5.0,4.0,10.0,2.0,4.0,3.0,3.0,6.0,4.0,4.0,4.0,4.0,4.0,4.0,4.0,4.0,4.0,2.0,4.0,4.0,4.0,4.0,4.0,4.0,1.0,1.0,4.0,4.0,4.0,4.0,4.0,4.0,1.0,1.0,1.0,1.0,1.0,1.0,4.0,4.0,4.0,4.0,4.0,4.0,4.0,4.0,4.0,4.0,1.0,1.0,1.0,1.0,3.0,1.0,1.0,10.0,1.0,1.0,1.0,1.0,1.0,21.0,15.0,1.0,1.0,1.0,1.0,1.0,1.0,5.0,1.0,6.0,2.0,2.0,23.0,14.0,1.0,3.0,3.0,3.0,3.0,3.0,3.0,3.0,3.0,1.0,1.0,1.0,1.0,1.0,6.0,1.0,4.0,10.0,9.0,26.0,7.0,3.0,3.0,4.0,3.0,3.0,3.0,4.0,3.0,1.0,1.0,1.0,1.0,3.0,1.0,1.0,13.0,2.0,2.0,2.0,2.0,2.0,2.0,2.0,1.0,1.0,2.0,2.0,2.0,2.0,2.0,2.0,3.0,2.0,1.0,2.0,2.0,2.0,2.0,2.0,2.0,2.0,1.0,2.0,2.0,2.0,2.0,2.0,2.0,2.0,2.0,2.0,2.0,2.0,1.0,-2.0,1.0,4.0,1.0,-4.0,-4.0,-5.0,-4.0,-4.0,-4.0,-5.0,-4.0,-1.0,1.0,2.0,-1.0,1.0,-4.0,-5.0,-4.0,-4.0,-5.0,-4.0,2.0,1.0,-5.0,-6.0,-5.0,-5.0,-6.0,-5.0,1.0,1.0,1.0,-5.0,-5.0,-5.0,-5.0,-5.0,-5.0,-1.0,1.0,-1.0,-5.0,-5.0,-5.0,-5.0,-5.0,-5.0,-3.0,-4.0,-1.0,-1.0,-3.0,-1.0,0.0,1.0,-9.0,-5.0,1.0,-1.0,-2.0,-1.0,-1.0,-2.0,-1.0,-3.0,-2.0,-1.0,-1.0,-1.0,-1.0,-1.0,-3.0,-1.0,-1.0,-1.0,-1.0,-3.0,-2.0,19.45784305872714,-2.0,-1.0,-1.0,-1.0,-2.0,7.0,-4.0,-2.0,-3.0,-3.0,-1.0,-1.0,-1.0,1.0,1.0,0.0,-1.0,-5.0,-7.0,-1.0,-2.0,-1.0,9.0,2.0,13.0,-1.0,-1.0,-1.0,-5.0,-5.0,-2.0,-4.0,1.0,5.0,4.0,2.0,2.0,1.0,2.0,15.0,17.0,4.0,5.0,7.0,13.0,1.0,3.0,1.0,1.0,1.0,12.0,5.0,5.0,1.0,11.0,2.0,4.0,2.0,1.0,15.57346510062307,4.0,2.0,1.0,1.0,2.0,1.0,1.0,2.0,1.0,1.0,2.0,6.0,1.0,1.0,2.0,4.0,3.0,2.0,2.0,3.0,7.0,1.0,1.0,1.0,1.0,1.0,2.0,1.0,1.0,1.0,1.0,1.0,1.0,1.0,1.0,2.0,2.0,1.0,4.0,1.0,1.0,1.0,1.0,3.0,1.0,2.0,6.0,1.0,1.0,1.0,1.0,1.0,1.0,-2.5485758184053537,1.0,1.0,1.0,1.0,1.0,3.0,1.0,1.0,3.0,2.0,2.0,2.0,5.0,-20.80157324031526,2.0,2.0,4.0,3.0,1.0,2.0,2.0,2.0,2.0,-15.704502461243464,1.0,2.0,2.0,2.0,1.0,1.0,1.0,1.0,1.0,2.0,1.0,4.0,1.0,1.0,1.0,1.0,2.0,1.0,1.0,1.0,5.0,5.0,1.0,4.0,3.0,2.0,2.0,1.0,5.0,1.0,3.0,4.0,2.0,1.0,3.0,3.0,4.0,3.0,3.0,1.0,1.0,2.0,1.0,3.0,2.0,4.0,2.0,1.0,4.0,2.0,1.0,2.0,3.0,3.0,3.0,3.0,2.0,1.0,4.0,5.0,1.0,1.0,5.0,4.0,2.0,1.0,1.0,6.276158308138452,6.0,10.0,1.0,5.0,5.0,1.0,7.0,2.0,1.0,10.0,4.0,3.0,3.0,1.0,7.0,1.0,11.0,1.0,2.0,2.0,1.0,3.0,2.0,1.0,1.0,5.0,8.0,1.0,7.0,3.0,1.0,2.0,2.0,1.0,2.0,1.0,1.0,1.0,1.0,2.0,7.0,6.0,1.0,2.0,1.0,1.0,1.0,1.0,5.0,1.0,1.0,2.0,5.0,1.0,2.0,7.0,6.0,6.0,1.0,2.0,9.0,3.0,6.0,1.0,6.0,4.0,9.0,1.0,1.0,1.0,2.0,10.0,6.0,2.0,2.0,5.0,5.0,1.0,10.0,1.0,2.0,4.0,5.0,13.0,1.0,1.0,1.0,1.0,4.0,4.0,3.0,1.0,2.0,1.0,1.0,1.0,2.0,4.0,4.0,5.0,11.0,1.0,1.0,13.2640361646798,1.0,5.0,2.0,7.0,1.0,1.0,2.0,1.0,1.0,1.0,3.0,3.0,2.0,2.0,3.0,5.0,1.0,2.0,1.0,-2.0,1.0,1.0,7.0,-3.0,-3.0,-3.0,-3.0,1.0,0.0,4.0,-2.0,5.0,-6.0,-6.0,-6.0,-6.0,-2.0,-1.0,-1.0,-6.0,-6.0,-6.0,-6.0,-3.0,-2.0,-1.0,-1.0,-3.0,-3.0,-3.0,-3.0,-2.0,-1.0,-1.0,2.0,-1.0,-6.0,-6.0,-6.0,-7.103831779623127,-6.0,-6.0,-6.0,1.0,1.0,-3.0,-3.0,7.0,2.0,-5.0,-5.0,-5.0,-5.0,1.0,-2.0,-2.0,2.0,1.0,-5.0,-6.0,-5.0,-5.0,2.0,1.0,1.0,1.0,-6.0,-6.0,-6.0,-6.0,-1.0,1.0,-2.0,-2.0,1.0,2.0,-13.0,-13.0,-1.0,-1.0,-2.0,2.0,1.0,-5.0,-5.0,-5.0,-5.0,-5.0,-5.0,1.0,1.0,-5.0,-5.0,-5.0,-5.0,-5.0,0.0,-3.0,-12.0,-12.0,1.0,5.0,-7.0,-7.0,-7.0,-7.0,1.0,7.0,1.0,1.0,1.0,2.0,11.0,1.0,4.0,1.0,3.0,6.0,1.0,2.0,3.0,15.0,3.0,2.0,3.0,4.0,1.0,6.0,6.0,4.0,2.0,1.0,1.0,1.0,1.0,1.0,1.0,3.0,7.0,1.0,3.0,1.0,1.0,1.0,3.0,2.0,1.0,2.0,2.0,1.0,1.0,3.0,3.0,3.0,1.0,1.0,2.0,3.0,3.0,3.0,1.0,1.0,1.0,3.0,4.0,4.0,2.0,3.0,1.0,1.0,1.0,1.0,1.0,1.0,2.0,3.0,4.0,4.0,2.0,6.0,3.0,1.0,1.0,1.0,1.0,1.0,1.0,2.0,3.0,1.0,13.0,3.0,1.0,1.0,6.0,1.0,1.0,1.0,4.0,1.0,1.0,2.0,2.0,4.0,3.0,3.0,1.0,1.0,1.0,1.0,2.0,2.0,3.0,3.0,1.0,1.0,2.0,2.0,1.0,2.0,6.0,6.0,2.0,3.0,2.0,2.0,1.0,1.0,2.0,2.0,6.0,6.0,2.0,3.0,2.0,2.0,1.0,1.0,21.0,3.0,4.0,1.0,2.0,2.0,8.0,1.0,7.0,2.0,1.0,2.0,3.0,4.0,4.0,1.0,16.0,1.0,6.0,3.0,1.0,1.0,2.0,10.0,1.0,10.0,3.0,3.0,2.0,1.0,4.0,3.0,1.0,2.0,1.0,1.0,4.0,1.0,3.0,1.0,2.0,2.0,1.0,1.0,1.0,1.0,3.0,1.0,1.0,2.0,1.0,1.0,1.0,1.0,1.0,1.29786125122586,1.0,1.0,1.0,1.0,1.0,4.0,3.0,1.0,1.0,1.0,1.0,1.0,1.0,2.0,2.0,1.0,4.0,1.0,4.0,1.0,1.0,2.0,1.0,1.0,3.0,2.0,2.0,2.0,2.0,1.0,1.0,6.0,24.0,4.0,1.0,3.0,2.0,1.0,1.0,16.0,35.0,3.0,1.0,1.0,1.0,1.0,1.0,1.0,3.0,5.0,1.0,1.0,2.0,7.0,5.0,5.0,2.0,3.0,1.0,1.0,1.0,8.0,1.0,5.0,3.0,2.0,9.0,6.0,1.0,4.0,13.0,1.0,7.0,7.0,1.0,1.0,1.0,1.0,1.0,4.0,6.0,3.0,2.0,1.0,8.0,6.0,1.0,1.0,1.0,2.0,3.0,1.0,2.0,8.0,1.0,2.0,9.0,2.0,1.0,1.0,1.0,1.0,1.0,4.0,1.0,1.0,4.0,5.0,1.0,1.0,2.0,3.0,2.0,1.0,2.0,5.0,6.0,4.0,6.0,8.0,11.0,7.0,6.0,1.0,1.0,1.0,4.0,1.0,3.0,4.0,5.0,12.0,5.0,2.0,2.0,1.0,4.0,2.0,1.0,1.0,1.0,3.0,4.0,3.0,2.0,17.29671484676516,3.0,5.0,1.0,7.0,5.0,2.0,2.0,3.0,1.0,1.0,1.0,1.0,2.0,1.0,2.0,1.0,1.0,12.0,10.0,8.0,6.0,5.0,1.0,1.0,1.0,3.0,1.0,1.0,1.0,3.0,4.0,1.0,2.0,1.0,1.0,1.0,2.0,1.0,1.0,8.0,1.0,1.0,2.0,2.0,5.0,2.0,2.0,1.0,1.0,3.0,2.0,3.0,1.0,6.0,6.0,1.0,1.0,6.0,1.0,6.0,9.0,3.0,13.0,10.0,1.0,1.0,11.0,1.0,1.0,3.0,8.0,9.0,2.0,1.0,2.0,3.0,3.0,3.0,1.0,1.0,1.0,5.0,5.0,2.0,1.0,2.0,2.0,1.0,1.0,5.0,1.0,1.0,1.0,1.0,3.0,2.0,1.0,2.0,1.0,3.0,4.0,1.0,2.0,1.0,2.0,1.0,2.0,2.0,1.0,1.0,2.0,2.0,1.0,1.0,1.0,1.0,1.0,1.0,2.0,1.0,8.0,2.0,1.0,5.0,6.0,2.0,1.0,1.0,1.0,6.0,2.0,3.0,4.0,3.0,1.0,1.0,2.0,2.0,1.0,1.0,11.0,1.0,1.0,2.0,4.0,5.0,3.0,1.0,4.0,1.0,14.0,4.0,7.0,1.0,1.0,2.0,1.0,1.0,2.92572291035908,1.0,1.0,1.0,3.0,1.0,9.0,2.0,2.0,1.0,1.0,7.0,1.0,8.0,1.0,1.0,1.0,1.0,2.0,1.0,1.0,1.0,1.0,2.0,1.0,1.0,1.0,1.0,1.0,1.0,4.0,4.0,3.0,2.0,1.0,1.0,1.0,1.0,3.0,1.0,1.0,1.0,1.0,1.0,1.0,1.0,1.0,2.0,1.0,3.0,0.24337417607789,1.0,1.0,3.0,5.0,9.0,7.0,2.0,2.0,1.0,1.0,1.0,2.0,3.0,1.0,1.0,2.0,3.0,1.0,1.0,2.0,2.0,1.0,1.0,1.0,1.0,2.0,1.0,1.0,-1.0,-1.0,-2.0,-4.0,-12.0,-7.0,-6.0,-6.0,-9.0,-11.0,-2.0,-8.0,-10.0,-6.0,-11.0,-6.50984180533249,-1.0,-4.0,-1.0,-10.0,-11.0,-3.0,-8.0,-12.0,-10.0,-1.0,-1.0,-1.0,-1.0,-7.0,-7.0,-13.0,-7.0,2.0,1.0,1.0,1.0,2.0,1.0,1.0,5.0,1.0,2.0,1.0,1.0,3.0,1.0,3.0,1.0,1.0,1.0,1.0,1.0,1.0,1.0,1.0,4.0,1.0,1.0,2.0,1.0,1.0,3.0,1.0,1.0,2.0,1.0,1.0,2.0,3.0,1.0,2.0,1.0,1.0,1.0,1.0,1.0,1.0,2.0,1.0,2.0,1.0,2.0,5.0,6.0,1.0,2.0,1.0,1.0,3.0,1.0,1.0,2.0,3.0,3.0,1.0,1.0,2.0,5.0,5.0,1.0,1.0,4.0,3.0,2.0,1.0,1.0,-1.0,1.0,2.0,-3.0,1.0,1.0,-4.0,-4.0,-3.0,2.0,-1.0,-1.0,-1.0,-2.0,2.0,10.0,1.0,1.0,1.0,2.0,3.0,4.0,1.0,2.0,1.0,17.0,1.0,1.0,1.0,1.0,2.0,1.0,1.0,1.0,4.0,4.0,1.0,3.0,1.0,1.0,2.0,1.0,1.0,1.0,2.0,2.0,1.0,1.0,1.0,1.0,2.0,3.0,18.94840458248437,1.0,1.0,3.0,1.0,1.0,1.0,2.0,3.0,1.0,1.0,2.0,4.0,2.0,1.0,1.0,1.0,1.0,2.0,3.0,1.0,4.0,1.0,1.0,1.0,4.0,4.0,1.0,1.0,2.0,2.0,2.0,2.0,1.0,2.0,1.0,2.0,3.0,1.0,6.0,11.0,8.0,5.0,4.0,5.0,3.0,2.0,1.0,1.0,1.0,1.0,1.0,2.0,2.0,3.0,2.0,3.0,1.0,1.0,1.0,1.0,1.0,1.0,3.0,2.0,5.0,1.0,2.0,2.0,1.0,5.0,1.0,5.0,1.0,2.0,5.0,3.0,2.0,1.0,15.11250881122309,1.0,2.0,3.0,1.0,1.0,1.0,3.0,3.0,2.0,4.0,1.0,1.0,1.0,1.0,1.0,1.0,1.0,1.0,1.0,1.0,1.0,3.0,5.0,1.0,1.0,1.0,2.0,2.0,1.0,1.0,5.0,1.0,1.0,5.0,1.0,1.0,-7.0,-7.0,1.0,-1.0,-4.0,-2.0,-1.0,-2.0,-1.0,1.0,-1.0,-3.0,-5.0,0.0,-3.0,-1.0,-2.0,-4.0,1.0,-1.0,1.0,-1.0,-1.0,1.0,-1.0,-1.0,2.0,-2.0,-3.0,2.0,-2.0,-1.0,1.0,-1.0,-1.0,-2.0,1.0,-2.0,-1.0,2.0,-1.0,-1.0,-1.0,-1.0,-2.0,2.0,-2.0,-2.0,0.0,-1.0,-1.0,-1.0,-1.0,-1.0,1.0,1.0,1.0,7.0,1.0,1.0,1.0,1.0,1.0,2.0,1.0,1.0,12.0,1.0,1.0,1.0,1.0,1.0,1.0,2.0,1.0,1.0,1.0,1.0,2.0,4.0,3.0,1.0,1.0,3.0,1.0,1.0,1.0,1.0,2.0,1.0,1.0,1.0,1.0,1.0,2.0,1.0,1.0,3.0,7.0,2.0,1.0,1.0,1.0,1.0,1.0,1.0,1.0,1.0,1.0,1.0,1.0,1.0,6.0,1.0,1.0,1.0,1.0,1.0,1.0,1.0,1.0,1.0,1.0,1.0,1.0,1.0,1.0,1.0,1.0,4.0,1.0,1.0,1.0,1.0,1.0,1.0,1.0,1.0,1.0,1.0,1.0,1.0,1.0,1.0,1.0,1.0,1.0,1.0,1.0,-1.0,-1.0,1.0,1.0,2.0,-2.0,-2.0,-2.0,-2.0,-2.0,1.0,1.0,-3.56110793196185,-3.0,-3.0,-3.0,1.0,-5.0,-5.0,-5.0,1.0,1.0,1.0,1.0,2.0,1.0,1.0,-1.0,-1.0,-1.0,-1.0,-1.0,-1.0,4.0,4.0,1.0,1.0,3.0,1.0,1.0,1.0,1.0,1.0,3.0,3.0,2.0,1.0,1.0,1.0,1.0,1.0,2.0,1.0,1.0,2.0,2.0,1.0,1.0,1.0,1.0,1.0,3.0,3.0,3.0,1.0,1.0,2.0,1.0,1.0,2.0,2.0,2.0,1.0,1.0,1.0,2.0,1.0,1.0,1.0,1.0,3.0,1.0,1.0,1.0,1.0,4.0,2.0,5.0,1.0,2.0,1.0,1.0,1.0,1.0,3.0,1.0,2.0,3.0,2.0,1.0,1.0,1.0,2.0,2.0,2.0,2.0,1.0,6.0,3.0,6.0,1.0,1.0,1.0,3.0,1.0,4.0,5.0,1.0,1.0,1.0,1.0,1.0,17.0,1.0,2.0,12.0,1.0,2.0,3.0,8.0,13.0,5.0,2.0,1.0,2.0,6.0,4.0,4.0,2.0,1.0,3.0,2.0,1.0,1.0,1.0,3.0,1.0,1.0,1.0,3.0,1.0,1.0,1.0,3.0,1.0,1.0,1.0,2.0,3.0,7.0,4.0,3.0,-0.31044766992144,2.0,2.0,2.0,1.0,1.0,1.0,1.0,1.0,1.0,1.0,1.0,1.0,1.0,1.0,1.0,1.0,1.0,1.0,1.0,1.0,1.0,1.0,1.0,1.0,1.0,1.0,1.0,1.0,3.0,1.0,1.0,2.0,2.0,2.0,2.0,3.0,1.0,1.0,1.0,2.0,1.0,4.0,3.0,1.0,1.0,1.0,2.0,1.0,7.39298284432326,1.0,5.0,3.0,2.0,1.0,1.0,1.0,1.0,1.0,1.0,1.0,1.0,1.0,3.0,4.0,3.0,1.0,1.0,1.0,1.0,1.0,1.0,1.0,1.0,1.0,1.0,1.0,1.0,2.0,1.0,1.0,1.0,1.0,1.0,1.0,1.0,1.0,1.0,1.0,1.0,2.0,1.0,1.0,1.0,1.0,1.0,1.0,1.0,1.0,1.0,1.0,1.0,1.0,1.0,3.0,8.0,2.0,1.0,2.0,1.0,1.0,4.0,1.0,1.0,1.0,1.0,1.0,1.0,1.0,7.0,5.0,2.0,3.0,1.0,1.0,2.0,1.0,1.0,1.0,1.0,1.0,1.0,2.0,3.0,1.0,2.0,2.0,2.0,-16.38832593496558,3.0,1.0,1.0,1.0,1.0,3.0,2.0,3.0,3.0,1.0,1.0,2.0,2.0,2.0,3.0,2.0,1.0,3.0,1.0,2.0,2.0,2.0,2.0,2.0,2.0,1.0,1.0,1.0,1.0,1.0,1.0,1.0,1.0,1.0,2.0,1.0,1.0,1.0,3.0,1.0,1.0,1.0,1.0,1.0,1.0,1.0,2.0,1.0,6.0,1.0,5.0,1.0,4.0,1.0,8.0,1.0,3.0,3.0,4.0,1.0,2.0,2.0,1.0,1.0,3.0,2.0,3.0,1.0,2.0,1.0,1.0,2.0,1.0,1.0,4.0,6.0,1.0,1.0,1.0,2.0,2.0,1.0,1.0,3.0,5.0,5.38785976813884,1.0,1.0,5.0,1.0,1.0,2.0,1.0,1.0,1.0,4.0,2.0,1.0,4.0,2.0,6.0,1.0,1.0,1.0,1.0,6.0,5.96397995782018,1.0,1.0,3.0,3.0,-1.3686525685699,9.0,2.0,3.0,3.0,3.0,3.0,1.0,1.0,5.0,5.0,5.0,5.0,1.0,7.0,10.0,2.0,1.0,4.0,5.0,5.0,5.0,5.0,2.0,1.0,3.0,5.0,4.0,2.0,2.0,1.0,1.0,2.0,3.0,1.0,1.0,3.0,11.0,5.0,5.0,5.0,5.0,5.0,5.0,5.0,5.0,13.0,3.0,2.0,2.0,3.0,11.0,5.0,5.0,5.0,5.0,1.0,1.0,2.0,18.0,11.0,2.0,1.0,3.0,3.0,5.0,5.0,5.0,5.0,5.0,5.0,2.0,1.0,3.0,1.0,1.0,21.0,1.0,2.0,3.0,6.0,6.0,6.0,6.0,2.0,5.0,3.0,2.0,5.0,13.0,2.0,5.0,5.0,5.0,5.0,6.0,2.0,24.0,2.0,1.0,2.0,5.0,5.0,5.0,5.0,1.0,2.0,4.0,3.0,12.0,1.0,9.0,4.0,4.0,4.0,4.0,4.0,4.0,4.0,1.0,10.0,4.0,1.0,21.0,1.0,2.0,1.0,1.0,1.0,4.0,3.0,5.0,6.0,6.0,6.0,6.0,6.0,1.0,1.0,3.0,15.0,1.0,1.0,1.0,1.0,7.0,4.0,1.0,10.0,5.0,5.0,5.0,5.0,1.0,1.0,4.0,2.0,-19.72431348956135,1.0,2.0,2.0,9.0,2.0,1.0,1.0,3.0,1.0,4.0,3.0,1.0,1.0,1.0,1.0,1.0,2.0,1.0,1.0,9.0,1.0,1.0,1.0,2.0,5.0,5.0,5.0,5.0,2.0,1.0,7.0,1.0,2.0,5.0,5.0,5.0,5.0,5.0,5.0,5.0,3.0,1.0,1.0,20.0,1.0,1.0,1.0,4.0,1.0,1.0,2.0,1.0,9.0,3.0,4.0,4.0,4.0,4.0,4.0,4.0,4.0,4.0,1.0,1.0,37.0,1.0,1.0,1.0,6.0,6.0,6.0,6.0,6.0,6.0,1.0,1.0,1.0,1.0,6.0,16.0,1.0,5.0,5.0,5.0,5.0,1.0,27.0,1.0,1.0,1.0,7.0,6.0,6.0,6.0,6.0,1.0,2.0,1.0,30.0,1.0,1.0,1.0,1.0,8.0,6.0,6.0,6.0,6.0,13.32796194626393,2.0,2.0,2.0,2.0,5.0,5.0,7.0,3.0,30.0,3.0,10.0,6.0,1.0,10.0,5.0,5.0,5.0,5.0,5.0,5.0,5.0,4.0,1.0,6.0,8.0,1.0,2.0,3.0,4.0,4.0,5.0,6.0,6.0,6.0,6.0,-5.0,-5.0,-5.0,-5.0,-5.0,-5.0,-5.0,-5.0,-5.0,-5.0,1.0
1.0,1.0,1.0,2.0,1.0,2.0,4.0,7.0,1.0,2.0,1.0,5.0,1.0,1.0,1.0,1.0,3.0,1.0,2.0,1.0,1.0,1.0,1.0,1.0,1.0,1.0,5.0,2.0,1.0,3.0,1.0,1.0,5.0,1.0,1.0,2.0,1.0,1.0,1.0,2.0,3.0,1.0,1.0,1.0,1.0,1.0,1.0,1.0,1.0,1.0,1.0,1.0,5.0,3.0,2.0,1.0,1.0,2.0,1.0,1.0,1.0,1.0,1.0,1.0,1.0,1.0,2.0,1.0,5.0,1.0,2.0,1.0,1.0,2.0,1.0,1.0,1.0,1.0,2.0,1.0,7.0,4.0,1.0,2.0,1.0,2.0,12.0,5.0,1.0,15.0,1.0,2.0,2.0,2.0,1.0,1.0,8.0,1.0,4.0,1.0,1.0,16.0,3.0,3.0,1.0,2.0,1.0,1.0,6.0,7.0,1.0,2.0,3.0,2.0,2.0,3.0,2.0,1.0,5.0,1.0,3.0,2.0,2.0,1.0,1.0,1.0,10.0,10.0,1.0,3.0,2.0,1.0,2.0,5.0,2.0,1.0,3.0,1.0,1.0,1.0,1.0,1.0,1.0,1.0,7.0,1.0,1.0,13.0,1.0,1.0,1.0,10.0,2.0,1.0,3.0,1.0,1.0,2.0,3.0,1.0,1.0,1.0,1.0,1.0,1.0,1.0,2.0,1.0,14.0,1.0,1.0,1.0,2.0,2.0,1.0,3.0,2.0,1.0,1.0,1.0,2.0,5.0,1.0,1.0,1.0,4.0,1.0,4.0,2.0,14.0,1.0,2.0,2.0,4.0,1.0,1.0,3.0,1.0,1.0,2.0,1.0,1.0,4.0,3.0,17.0,1.0,1.0,1.0,1.0,3.0,1.0,3.0,5.0,1.0,2.0,2.0,2.0,1.0,1.0,1.0,4.0,1.0,2.0,1.0,1.0,1.0,1.0,1.0,1.0,5.0,2.0,2.0,3.0,1.0,1.0,1.0,1.0,2.0,1.0,1.0,1.0,1.0,1.0,5.0,2.0,3.0,2.0,2.0,3.0,1.0,2.0,4.0,1.0,2.0,2.0,2.0,1.0,1.0,1.0,1.0,1.0,3.0,2.0,1.0,1.0,13.0,3.0,1.0,1.0,1.0,7.0,4.0,1.0,1.0,1.0,8.0,1.0,1.0,6.0,2.0,1.0,3.0,2.0,8.0,2.0,1.0,1.0,1.0,5.0,1.0,8.0,1.0,4.0,9.0,7.0,1.0,1.0,8.0,1.0,2.0,1.0,1.0,4.0,1.0,1.0,1.0,7.0,4.0,5.0,3.0,1.0,1.0,1.0,2.0,1.0,1.0,1.0,1.0,1.0,1.0,6.0,3.0,2.0,2.0,1.0,1.0,1.0,1.0,1.0,1.0,5.0,1.0,1.0,3.0,1.0,1.0,3.0,3.0,1.0,1.0,1.0,2.0,2.0,1.0,1.0,1.0,3.0,4.0,4.0,1.0,1.0,1.0,2.0,1.0,2.0,2.0,2.0,8.0,9.0,3.0,1.0,2.0,1.0,1.0,3.0,2.0,2.0,1.0,5.0,1.0,3.0,3.0,3.0,4.0,1.0,1.0,2.0,2.0,3.0,3.0,1.0,3.0,2.0,1.0,1.0,1.0,1.0,1.0,1.0,1.0,1.0,1.0,1.0,1.0,2.0,10.0,2.0,3.0,3.0,3.0,2.0,1.0,1.0,1.0,1.0,2.0,1.0,15.0,3.0,3.0,3.0,3.0,1.0,1.0,11.0,2.0,2.0,2.0,3.0,1.0,1.0,1.0,1.0,9.0,2.0,2.0,3.0,3.0,1.0,1.0,1.0,2.0,1.0,13.0,2.0,2.0,3.0,3.0,6.0,5.0,2.0,2.0,2.0,2.0,3.0,3.0,4.0,3.0,2.0,2.0,3.0,3.0,4.0,2.0,7.0,3.0,3.0,2.0,2.0,1.0,3.0,7.0,2.0,13.0,6.0,4.0,1.0,1.0,1.0,2.0,1.0,3.0,2.0,10.0,2.0,14.0,1.0,1.0,1.0,9.0,3.0,2.0,1.0,1.0,10.0,2.0,1.0,1.0,1.0,2.0,3.0,7.0,5.0,1.0,1.0,1.0,2.0,6.0,2.0,2.0,4.0,2.0,1.0,1.0,1.0,3.0,2.0,10.0,3.0,1.0,1.0,1.0,5.0,3.0,5.0,1.0,3.0,1.0,1.0,2.0,2.0,3.0,2.0,1.0,2.0,1.0,1.0,1.0,2.0,1.0,1.0,1.0,1.0,5.0,1.0,2.0,1.0,1.0,1.0,1.0,1.0,4.0,1.0,1.0,14.0,1.0,4.0,1.0,13.0,11.0,2.0,2.0,1.0,5.0,1.0,11.0,1.0,1.0,1.0,1.0,1.0,4.0,1.0,1.0,1.0,1.0,3.0,1.0,3.0,1.0,5.0,9.0,1.0,1.0,1.0,1.0,4.0,1.0,6.0,13.0,1.0,3.0,3.0,4.0,1.0,3.0,1.0,4.0,1.0,14.0,9.0,12.0,7.0,1.0,1.0,1.0,2.0,4.0,4.0,6.0,10.0,8.0,21.0,4.0,4.0,3.0,2.0,4.0,1.0,2.0,12.0,11.0,1.0,3.0,4.0,1.0,1.0,1.0,1.0,3.0,6.0,7.0,2.0,5.0,3.0,3.0,8.0,10.0,2.0,19.0,8.0,5.0,1.0,3.0,2.0,6.0,-2.04564786099211,2.0,1.0,2.0,3.0,8.0,9.0,6.0,6.0,1.0,1.0,2.0,2.0,2.0,8.0,4.0,5.0,8.0,7.0,13.0,3.0,9.0,2.0,1.0,3.0,5.0,1.0,3.0,1.0,1.0,5.47566330468136,8.0,1.0,2.0,1.0,1.0,6.0,1.0,1.0,1.0,5.0,15.0,1.0,2.0,7.0,5.0,4.0,5.0,4.0,16.0,6.0,4.0,2.0,1.0,1.0,1.0,1.0,1.0,1.0,2.0,1.0,7.0,7.0,4.0,1.0,2.0,1.0,2.0,1.0,1.0,1.0,1.0,2.0,2.0,1.0,1.0,1.0,1.0,1.0,1.0,1.0,1.0,1.0,1.0,1.0,2.0,2.0,4.0,1.0,1.0,1.0,2.0,7.0,1.0,1.0,1.0,1.0,1.0,1.0,1.0,2.0,3.0,6.0,7.0,4.0,1.0,3.0,1.0,1.0,1.0,1.0,1.0,1.0,1.0,1.0,1.0,2.0,1.0,1.0,2.0,1.0,1.0,1.0,2.0,1.0,1.0,1.0,1.0,1.0,2.0,2.0,3.0,6.0,1.0,1.0,2.0,1.0,1.0,2.0,1.0,1.0,13.0,19.0,2.0,1.0,1.0,4.0,1.0,1.0,1.0,1.0,1.0,1.0,1.0,1.0,1.0,1.0,1.0,2.0,1.0,1.0,1.0,16.0,15.0,1.0,2.0,2.0,2.0,1.0,1.0,1.0,2.0,1.0,1.0,1.0,1.0,1.0,2.0,1.0,1.0,3.0,1.0,1.0,1.0,2.0,1.0,1.0,12.0,7.0,1.0,5.0,1.0,3.0,1.0,1.0,1.0,2.0,3.0,1.0,1.0,6.0,7.0,3.0,5.0,3.0,1.0,1.0,3.0,2.0,1.0,7.0,16.0,1.0,1.0,5.0,3.0,1.0,1.0,3.0,2.0,1.0,3.96952489648403,1.0,2.0,3.0,3.0,1.0,1.0,2.0,1.0,1.0,1.0,2.0,30.0,1.0,4.0,7.0,1.0,1.0,1.0,1.0,1.0,2.0,1.0,2.0,1.0,1.0,1.0,1.0,1.0,1.0,5.0,24.0,4.0,2.0,1.0,1.0,1.0,1.0,1.0,1.0,2.0,2.0,3.0,1.0,2.0,1.0,1.0,1.0,1.0,1.0,1.0,1.0,2.0,1.0,1.0,1.0,1.0,1.0,1.0,1.0,1.0,3.0,1.0,1.0,1.0,3.0,5.0,2.0,3.0,1.0,1.0,2.0,1.0,2.0,1.0,3.0,1.0,2.0,1.0,1.0,2.0,2.0,2.0,1.0,1.0,5.0,2.0,2.0,4.0,1.0,3.0,1.0,4.0,1.0,1.0,2.0,1.0,1.0,4.0,1.0,2.0,1.0,1.0,2.0,4.0,1.0,2.0,2.0,5.0,1.0,1.0,2.0,1.0,1.0,3.0,1.0,1.0,3.0,3.0,5.0,3.0,4.0,1.0,1.0,1.0,2.0,1.0,2.0,1.0,2.0,1.0,1.0,3.0,1.0,1.0,1.0,1.0,2.0,1.0,1.0,1.0,2.0,1.0,1.0,1.0,1.0,1.0,1.0,1.0,1.0,4.0,1.0,1.0,1.0,2.0,1.0,6.0,1.0,1.0,1.0,2.0,2.0,1.0,1.0,1.0,-1.2523449689335,2.0,1.0,1.0,2.0,1.0,-1.0,-1.0,-1.0,-1.0,-2.0,1.0,9.0,-1.0,1.0,-1.0,-1.0,-5.0,-4.0,-3.0,-4.0,-5.0,-5.0,1.0,1.0,1.0,6.0,6.0,2.0,1.0,3.0,2.0,1.0,4.0,5.0,1.0,3.0,1.0,1.0,2.0,1.0,5.0,1.0,1.0,10.0,4.0,1.0,1.0,1.0,3.0,7.0,1.0,2.0,8.0,1.0,2.0,1.0,1.0,1.0,2.0,1.0,2.0,9.0,1.0,9.0,1.0,1.0,1.0,3.0,1.0,1.0,4.0,4.0,1.0,2.0,1.0,2.0,1.0,1.0,1.0,2.0,1.0,1.0,2.0,4.0,1.0,1.0,10.0,1.0,1.0,1.0,3.0,1.0,4.0,4.0,9.0,1.0,1.0,5.0,1.0,1.0,4.957128867032768,4.0,2.0,5.0,1.0,7.0,1.0,5.0,1.0,1.0,1.0,18.20845275419301,1.0,5.0,4.0,6.0,1.0,-3.0,-1.0,-1.0,-13.71931735451625,-2.0,-2.0,-1.0,-1.0,-1.0,-1.0,-3.0,-1.0,-2.0,-4.0,-1.0,-2.0,-1.0,-1.0,-1.0,5.0,4.0,2.0,7.0,2.0,1.0,2.0,1.0,2.0,1.0,3.0,4.0,4.0,1.0,1.0,2.0,4.0,2.0,6.0,1.0,5.0,11.27775448851298,8.0,7.0,1.0,4.0,3.0,1.0,1.0,1.0,2.0,1.0,4.0,1.0,1.0,1.0,1.0,2.0,1.0,1.0,3.0,2.0,4.0,7.0,7.0,4.0,1.0,1.0,4.0,1.0,1.0,2.0,1.0,1.0,5.0,1.0,2.0,7.0,4.0,2.0,2.0,1.0,1.0,1.0,2.0,2.0,2.0,1.0,1.0,2.0,6.0,1.0,4.0,2.0,3.0,-9.81276160699843,1.0,8.0,8.0,1.0,1.0,2.0,2.0,1.0,1.0,2.0,2.0,11.0,5.0,2.0,1.0,2.0,2.0,2.0,2.0,2.0,2.0,2.0,2.0,2.0,1.0,1.0,25.0,6.0,5.0,5.0,5.0,5.0,5.0,5.0,3.0,2.0,1.0,1.0,2.0,1.0,1.0,12.0,15.0,4.0,4.0,5.0,4.0,4.0,5.0,2.0,1.0,5.0,1.0,1.0,2.0,1.0,16.0,5.0,4.0,5.0,4.0,10.0,2.0,4.0,3.0,3.0,6.0,4.0,4.0,4.0,4.0,4.0,4.0,4.0,4.0,4.0,2.0,4.0,4.0,4.0,4.0,4.0,4.0,1.0,1.0,4.0,4.0,4.0,4.0,4.0,4.0,1.0,1.0,1.0,1.0,1.0,1.0,4.0,4.0,4.0,4.0,4.0,4.0,4.0,4.0,4.0,4.0,1.0,1.0,1.0,1.0,3.0,1.0,1.0,10.0,1.0,1.0,1.0,1.0,1.0,21.0,15.0,1.0,1.0,1.0,1.0,1.0,1.0,5.0,1.0,6.0,2.0,2.0,23.0,14.0,1.0,3.0,3.0,3.0,3.0,3.0,3.0,3.0,3.0,1.0,1.0,1.0,1.0,1.0,6.0,1.0,4.0,10.0,9.0,26.0,7.0,3.0,3.0,4.0,3.0,3.0,3.0,4.0,3.0,1.0,1.0,1.0,1.0,3.0,1.0,1.0,13.0,2.0,2.0,2.0,2.0,2.0,2.0,2.0,1.0,1.0,2.0,2.0,2.0,2.0,2.0,2.0,3.0,2.0,1.0,2.0,2.0,2.0,2.0,2.0,2.0,2.0,1.0,2.0,2.0,2.0,2.0,2.0,2.0,2.0,2.0,2.0,2.0,2.0,1.0,-2.0,1.0,4.0,1.0,-4.0,-4.0,-5.0,-4.0,-4.0,-4.0,-5.0,-4.0,-1.0,1.0,2.0,-1.0,1.0,-4.0,-5.0,-4.0,-4.0,-5.0,-4.0,2.0,1.0,-5.0,-6.0,-5.0,-5.0,-6.0,-5.0,1.0,1.0,1.0,-5.0,-5.0,-5.0,-5.0,-5.0,-5.0,-1.0,1.0,-1.0,-5.0,-5.0,-5.0,-5.0,-5.0,-5.0,-3.0,-4.0,-1.0,-1.0,-3.0,-1.0,0.0,1.0,-9.0,-5.0,1.0,-1.0,-2.0,-1.0,-1.0,-2.0,-1.0,-3.0,-2.0,-1.0,-1.0,-1.0,-1.0,-1.0,-3.0,-1.0,-1.0,-1.0,-1.0,-3.0,-2.0,19.45784305872714,-2.0,-1.0,-1.0,-1.0,-2.0,7.0,-4.0,-2.0,-3.0,-3.0,-1.0,-1.0,-1.0,1.0,1.0,0.0,-1.0,-5.0,-7.0,-1.0,-2.0,-1.0,9.0,2.0,13.0,-1.0,-1.0,-1.0,-5.0,-5.0,-2.0,-4.0,1.0,5.0,4.0,2.0,2.0,1.0,2.0,15.0,17.0,4.0,5.0,7.0,13.0,1.0,3.0,1.0,1.0,1.0,12.0,5.0,5.0,1.0,11.0,2.0,4.0,2.0,1.0,15.57346510062307,4.0,2.0,1.0,1.0,2.0,1.0,1.0,2.0,1.0,1.0,2.0,6.0,1.0,1.0,2.0,4.0,3.0,2.0,2.0,3.0,7.0,1.0,1.0,1.0,1.0,1.0,2.0,1.0,1.0,1.0,1.0,1.0,1.0,1.0,1.0,2.0,2.0,1.0,4.0,1.0,1.0,1.0,1.0,3.0,1.0,2.0,6.0,1.0,1.0,1.0,1.0,1.0,1.0,-2.5485758184053537,1.0,1.0,1.0,1.0,1.0,3.0,1.0,1.0,3.0,2.0,2.0,2.0,5.0,-20.80157324031526,2.0,2.0,4.0,3.0,1.0,2.0,2.0,2.0,2.0,-15.704502461243464,1.0,2.0,2.0,2.0,1.0,1.0,1.0,1.0,1.0,2.0,1.0,4.0,1.0,1.0,1.0,1.0,2.0,1.0,1.0,1.0,5.0,5.0,1.0,4.0,3.0,2.0,2.0,1.0,5.0,1.0,3.0,4.0,2.0,1.0,3.0,3.0,4.0,3.0,3.0,1.0,1.0,2.0,1.0,3.0,2.0,4.0,2.0,1.0,4.0,2.0,1.0,2.0,3.0,3.0,3.0,3.0,2.0,1.0,4.0,5.0,1.0,1.0,5.0,4.0,2.0,1.0,1.0,6.276158308138452,6.0,10.0,1.0,5.0,5.0,1.0,7.0,2.0,1.0,10.0,4.0,3.0,3.0,1.0,7.0,1.0,11.0,1.0,2.0,2.0,1.0,3.0,2.0,1.0,1.0,5.0,8.0,1.0,7.0,3.0,1.0,2.0,2.0,1.0,2.0,1.0,1.0,1.0,1.0,2.0,7.0,6.0,1.0,2.0,1.0,1.0,1.0,1.0,5.0,1.0,1.0,2.0,5.0,1.0,2.0,7.0,6.0,6.0,1.0,2.0,9.0,3.0,6.0,1.0,6.0,4.0,9.0,1.0,1.0,1.0,2.0,10.0,6.0,2.0,2.0,5.0,5.0,1.0,10.0,1.0,2.0,4.0,5.0,13.0,1.0,1.0,1.0,1.0,4.0,4.0,3.0,1.0,2.0,1.0,1.0,1.0,2.0,4.0,4.0,5.0,11.0,1.0,1.0,13.2640361646798,1.0,5.0,2.0,7.0,1.0,1.0,2.0,1.0,1.0,1.0,3.0,3.0,2.0,2.0,3.0,5.0,1.0,2.0,1.0,-2.0,1.0,1.0,7.0,-3.0,-3.0,-3.0,-3.0,1.0,0.0,4.0,-2.0,5.0,-6.0,-6.0,-6.0,-6.0,-2.0,-1.0,-1.0,-6.0,-6.0,-6.0,-6.0,-3.0,-2.0,-1.0,-1.0,-3.0,-3.0,-3.0,-3.0,-2.0,-1.0,-1.0,2.0,-1.0,-6.0,-6.0,-6.0,-7.103831779623127,-6.0,-6.0,-6.0,1.0,1.0,-3.0,-3.0,7.0,2.0,-5.0,-5.0,-5.0,-5.0,1.0,-2.0,-2.0,2.0,1.0,-5.0,-6.0,-5.0,-5.0,2.0,1.0,1.0,1.0,-6.0,-6.0,-6.0,-6.0,-1.0,1.0,-2.0,-2.0,1.0,2.0,-13.0,-13.0,-1.0,-1.0,-2.0,2.0,1.0,-5.0,-5.0,-5.0,-5.0,-5.0,-5.0,1.0,1.0,-5.0,-5.0,-5.0,-5.0,-5.0,0.0,-3.0,-12.0,-12.0,1.0,5.0,-7.0,-7.0,-7.0,-7.0,1.0,7.0,1.0,1.0,1.0,2.0,11.0,1.0,4.0,1.0,3.0,6.0,1.0,2.0,3.0,15.0,3.0,2.0,3.0,4.0,1.0,6.0,6.0,4.0,2.0,1.0,1.0,1.0,1.0,1.0,1.0,3.0,7.0,1.0,3.0,1.0,1.0,1.0,3.0,2.0,1.0,2.0,2.0,1.0,1.0,3.0,3.0,3.0,1.0,1.0,2.0,3.0,3.0,3.0,1.0,1.0,1.0,3.0,4.0,4.0,2.0,3.0,1.0,1.0,1.0,1.0,1.0,1.0,2.0,3.0,4.0,4.0,2.0,6.0,3.0,1.0,1.0,1.0,1.0,1.0,1.0,2.0,3.0,1.0,13.0,3.0,1.0,1.0,6.0,1.0,1.0,1.0,4.0,1.0,1.0,2.0,2.0,4.0,3.0,3.0,1.0,1.0,1.0,1.0,2.0,2.0,3.0,3.0,1.0,1.0,2.0,2.0,1.0,2.0,6.0,6.0,2.0,3.0,2.0,2.0,1.0,1.0,2.0,2.0,6.0,6.0,2.0,3.0,2.0,2.0,1.0,1.0,21.0,3.0,4.0,1.0,2.0,2.0,8.0,1.0,7.0,2.0,1.0,2.0,3.0,4.0,4.0,1.0,16.0,1.0,6.0,3.0,1.0,1.0,2.0,10.0,1.0,10.0,3.0,3.0,2.0,1.0,4.0,3.0,1.0,2.0,1.0,1.0,4.0,1.0,3.0,1.0,2.0,2.0,1.0,1.0,1.0,1.0,3.0,1.0,1.0,2.0,1.0,1.0,1.0,1.0,1.0,1.29786125122586,1.0,1.0,1.0,1.0,1.0,4.0,3.0,1.0,1.0,1.0,1.0,1.0,1.0,2.0,2.0,1.0,4.0,1.0,4.0,1.0,1.0,2.0,1.0,1.0,3.0,2.0,2.0,2.0,2.0,1.0,1.0,6.0,24.0,4.0,1.0,3.0,2.0,1.0,1.0,16.0,35.0,3.0,1.0,1.0,1.0,1.0,1.0,1.0,3.0,5.0,1.0,1.0,2.0,7.0,5.0,5.0,2.0,3.0,1.0,1.0,1.0,8.0,1.0,5.0,3.0,2.0,9.0,6.0,1.0,4.0,13.0,1.0,7.0,7.0,1.0,1.0,1.0,1.0,1.0,4.0,6.0,3.0,2.0,1.0,8.0,6.0,1.0,1.0,1.0,2.0,3.0,1.0,2.0,8.0,1.0,2.0,9.0,2.0,1.0,1.0,1.0,1.0,1.0,4.0,1.0,1.0,4.0,5.0,1.0,1.0,2.0,3.0,2.0,1.0,2.0,5.0,6.0,4.0,6.0,8.0,11.0,7.0,6.0,1.0,1.0,1.0,4.0,1.0,3.0,4.0,5.0,12.0,5.0,2.0,2.0,1.0,4.0,2.0,1.0,1.0,1.0,3.0,4.0,3.0,2.0,17.29671484676516,3.0,5.0,1.0,7.0,5.0,2.0,2.0,3.0,1.0,1.0,1.0,1.0,2.0,1.0,2.0,1.0,1.0,12.0,10.0,8.0,6.0,5.0,1.0,1.0,1.0,3.0,1.0,1.0,1.0,3.0,4.0,1.0,2.0,1.0,1.0,1.0,2.0,1.0,1.0,8.0,1.0,1.0,2.0,2.0,5.0,2.0,2.0,1.0,1.0,3.0,2.0,3.0,1.0,6.0,6.0,1.0,1.0,6.0,1.0,6.0,9.0,3.0,13.0,10.0,1.0,1.0,11.0,1.0,1.0,3.0,8.0,9.0,2.0,1.0,2.0,3.0,3.0,3.0,1.0,1.0,1.0,5.0,5.0,2.0,1.0,2.0,2.0,1.0,1.0,5.0,1.0,1.0,1.0,1.0,3.0,2.0,1.0,2.0,1.0,3.0,4.0,1.0,2.0,1.0,2.0,1.0,2.0,2.0,1.0,1.0,2.0,2.0,1.0,1.0,1.0,1.0,1.0,1.0,2.0,1.0,8.0,2.0,1.0,5.0,6.0,2.0,1.0,1.0,1.0,6.0,2.0,3.0,4.0,3.0,1.0,1.0,2.0,2.0,1.0,1.0,11.0,1.0,1.0,2.0,4.0,5.0,3.0,1.0,4.0,1.0,14.0,4.0,7.0,1.0,1.0,2.0,1.0,1.0,2.92572291035908,1.0,1.0,1.0,3.0,1.0,9.0,2.0,2.0,1.0,1.0,7.0,1.0,8.0,1.0,1.0,1.0,1.0,2.0,1.0,1.0,1.0,1.0,2.0,1.0,1.0,1.0,1.0,1.0,1.0,4.0,4.0,3.0,2.0,1.0,1.0,1.0,1.0,3.0,1.0,1.0,1.0,1.0,1.0,1.0,1.0,1.0,2.0,1.0,3.0,0.24337417607789,1.0,1.0,3.0,5.0,9.0,7.0,2.0,2.0,1.0,1.0,1.0,2.0,3.0,1.0,1.0,2.0,3.0,1.0,1.0,2.0,2.0,1.0,1.0,1.0,1.0,2.0,1.0,1.0,-1.0,-1.0,-2.0,-4.0,-12.0,-7.0,-6.0,-6.0,-9.0,-11.0,-2.0,-8.0,-10.0,-6.0,-11.0,-6.50984180533249,-1.0,-4.0,-1.0,-10.0,-11.0,-3.0,-8.0,-12.0,-10.0,-1.0,-1.0,-1.0,-1.0,-7.0,-7.0,-13.0,-7.0,2.0,1.0,1.0,1.0,2.0,1.0,1.0,5.0,1.0,2.0,1.0,1.0,3.0,1.0,3.0,1.0,1.0,1.0,1.0,1.0,1.0,1.0,1.0,4.0,1.0,1.0,2.0,1.0,1.0,3.0,1.0,1.0,2.0,1.0,1.0,2.0,3.0,1.0,2.0,1.0,1.0,1.0,1.0,1.0,1.0,2.0,1.0,2.0,1.0,2.0,5.0,6.0,1.0,2.0,1.0,1.0,3.0,1.0,1.0,2.0,3.0,3.0,1.0,1.0,2.0,5.0,5.0,1.0,1.0,4.0,3.0,2.0,1.0,1.0,-1.0,1.0,2.0,-3.0,1.0,1.0,-4.0,-4.0,-3.0,2.0,-1.0,-1.0,-1.0,-2.0,2.0,10.0,1.0,1.0,1.0,2.0,3.0,4.0,1.0,2.0,1.0,17.0,1.0,1.0,1.0,1.0,2.0,1.0,1.0,1.0,4.0,4.0,1.0,3.0,1.0,1.0,2.0,1.0,1.0,1.0,2.0,2.0,1.0,1.0,1.0,1.0,2.0,3.0,18.94840458248437,1.0,1.0,3.0,1.0,1.0,1.0,2.0,3.0,1.0,1.0,2.0,4.0,2.0,1.0,1.0,1.0,1.0,2.0,3.0,1.0,4.0,1.0,1.0,1.0,4.0,4.0,1.0,1.0,2.0,2.0,2.0,2.0,1.0,2.0,1.0,2.0,3.0,1.0,6.0,11.0,8.0,5.0,4.0,5.0,3.0,2.0,1.0,1.0,1.0,1.0,1.0,2.0,2.0,3.0,2.0,3.0,1.0,1.0,1.0,1.0,1.0,1.0,3.0,2.0,5.0,1.0,2.0,2.0,1.0,5.0,1.0,5.0,1.0,2.0,5.0,3.0,2.0,1.0,15.11250881122309,1.0,2.0,3.0,1.0,1.0,1.0,3.0,3.0,2.0,4.0,1.0,1.0,1.0,1.0,1.0,1.0,1.0,1.0,1.0,1.0,1.0,3.0,5.0,1.0,1.0,1.0,2.0,2.0,1.0,1.0,5.0,1.0,1.0,5.0,1.0,1.0,-7.0,-7.0,1.0,-1.0,-4.0,-2.0,-1.0,-2.0,-1.0,1.0,-1.0,-3.0,-5.0,0.0,-3.0,-1.0,-2.0,-4.0,1.0,-1.0,1.0,-1.0,-1.0,1.0,-1.0,-1.0,2.0,-2.0,-3.0,2.0,-2.0,-1.0,1.0,-1.0,-1.0,-2.0,1.0,-2.0,-1.0,2.0,-1.0,-1.0,-1.0,-1.0,-2.0,2.0,-2.0,-2.0,0.0,-1.0,-1.0,-1.0,-1.0,-1.0,1.0,1.0,1.0,7.0,1.0,1.0,1.0,1.0,1.0,2.0,1.0,1.0,12.0,1.0,1.0,1.0,1.0,1.0,1.0,2.0,1.0,1.0,1.0,1.0,2.0,4.0,3.0,1.0,1.0,3.0,1.0,1.0,1.0,1.0,2.0,1.0,1.0,1.0,1.0,1.0,2.0,1.0,1.0,3.0,7.0,2.0,1.0,1.0,1.0,1.0,1.0,1.0,1.0,1.0,1.0,1.0,1.0,1.0,6.0,1.0,1.0,1.0,1.0,1.0,1.0,1.0,1.0,1.0,1.0,1.0,1.0,1.0,1.0,1.0,1.0,4.0,1.0,1.0,1.0,1.0,1.0,1.0,1.0,1.0,1.0,1.0,1.0,1.0,1.0,1.0,1.0,1.0,1.0,1.0,1.0,-1.0,-1.0,1.0,1.0,2.0,-2.0,-2.0,-2.0,-2.0,-2.0,1.0,1.0,-3.56110793196185,-3.0,-3.0,-3.0,1.0,-5.0,-5.0,-5.0,1.0,1.0,1.0,1.0,2.0,1.0,1.0,-1.0,-1.0,-1.0,-1.0,-1.0,-1.0,4.0,4.0,1.0,1.0,3.0,1.0,1.0,1.0,1.0,1.0,3.0,3.0,2.0,1.0,1.0,1.0,1.0,1.0,2.0,1.0,1.0,2.0,2.0,1.0,1.0,1.0,1.0,1.0,3.0,3.0,3.0,1.0,1.0,2.0,1.0,1.0,2.0,2.0,2.0,1.0,1.0,1.0,2.0,1.0,1.0,1.0,1.0,3.0,1.0,1.0,1.0,1.0,4.0,2.0,5.0,1.0,2.0,1.0,1.0,1.0,1.0,3.0,1.0,2.0,3.0,2.0,1.0,1.0,1.0,2.0,2.0,2.0,2.0,1.0,6.0,3.0,6.0,1.0,1.0,1.0,3.0,1.0,4.0,5.0,1.0,1.0,1.0,1.0,1.0,17.0,1.0,2.0,12.0,1.0,2.0,3.0,8.0,13.0,5.0,2.0,1.0,2.0,6.0,4.0,4.0,2.0,1.0,3.0,2.0,1.0,1.0,1.0,3.0,1.0,1.0,1.0,3.0,1.0,1.0,1.0,3.0,1.0,1.0,1.0,2.0,3.0,7.0,4.0,3.0,-0.31044766992144,2.0,2.0,2.0,1.0,1.0,1.0,1.0,1.0,1.0,1.0,1.0,1.0,1.0,1.0,1.0,1.0,1.0,1.0,1.0,1.0,1.0,1.0,1.0,1.0,1.0,1.0,1.0,1.0,3.0,1.0,1.0,2.0,2.0,2.0,2.0,3.0,1.0,1.0,1.0,2.0,1.0,4.0,3.0,1.0,1.0,1.0,2.0,1.0,7.39298284432326,1.0,5.0,3.0,2.0,1.0,1.0,1.0,1.0,1.0,1.0,1.0,1.0,1.0,3.0,4.0,3.0,1.0,1.0,1.0,1.0,1.0,1.0,1.0,1.0,1.0,1.0,1.0,1.0,2.0,1.0,1.0,1.0,1.0,1.0,1.0,1.0,1.0,1.0,1.0,1.0,2.0,1.0,1.0,1.0,1.0,1.0,1.0,1.0,1.0,1.0,1.0,1.0,1.0,1.0,3.0,8.0,2.0,1.0,2.0,1.0,1.0,4.0,1.0,1.0,1.0,1.0,1.0,1.0,1.0,7.0,5.0,2.0,3.0,1.0,1.0,2.0,1.0,1.0,1.0,1.0,1.0,1.0,2.0,3.0,1.0,2.0,2.0,2.0,-16.38832593496558,3.0,1.0,1.0,1.0,1.0,3.0,2.0,3.0,3.0,1.0,1.0,2.0,2.0,2.0,3.0,2.0,1.0,3.0,1.0,2.0,2.0,2.0,2.0,2.0,2.0,1.0,1.0,1.0,1.0,1.0,1.0,1.0,1.0,1.0,2.0,1.0,1.0,1.0,3.0,1.0,1.0,1.0,1.0,1.0,1.0,1.0,2.0,1.0,6.0,1.0,5.0,1.0,4.0,1.0,8.0,1.0,3.0,3.0,4.0,1.0,2.0,2.0,1.0,1.0,3.0,2.0,3.0,1.0,2.0,1.0,1.0,2.0,1.0,1.0,4.0,6.0,1.0,1.0,1.0,2.0,2.0,1.0,1.0,3.0,5.0,5.38785976813884,1.0,1.0,5.0,1.0,1.0,2.0,1.0,1.0,1.0,4.0,2.0,1.0,4.0,2.0,6.0,1.0,1.0,1.0,1.0,6.0,5.96397995782018,1.0,1.0,3.0,3.0,-1.3686525685699,9.0,2.0,3.0,3.0,3.0,3.0,1.0,1.0,5.0,5.0,5.0,5.0,1.0,7.0,10.0,2.0,1.0,4.0,5.0,5.0,5.0,5.0,2.0,1.0,3.0,5.0,4.0,2.0,2.0,1.0,1.0,2.0,3.0,1.0,1.0,3.0,11.0,5.0,5.0,5.0,5.0,5.0,5.0,5.0,5.0,13.0,3.0,2.0,2.0,3.0,11.0,5.0,5.0,5.0,5.0,1.0,1.0,2.0,18.0,11.0,2.0,1.0,3.0,3.0,5.0,5.0,5.0,5.0,5.0,5.0,2.0,1.0,3.0,1.0,1.0,21.0,1.0,2.0,3.0,6.0,6.0,6.0,6.0,2.0,5.0,3.0,2.0,5.0,13.0,2.0,5.0,5.0,5.0,5.0,6.0,2.0,24.0,2.0,1.0,2.0,5.0,5.0,5.0,5.0,1.0,2.0,4.0,3.0,12.0,1.0,9.0,4.0,4.0,4.0,4.0,4.0,4.0,4.0,1.0,10.0,4.0,1.0,21.0,1.0,2.0,1.0,1.0,1.0,4.0,3.0,5.0,6.0,6.0,6.0,6.0,6.0,1.0,1.0,3.0,15.0,1.0,1.0,1.0,1.0,7.0,4.0,1.0,10.0,5.0,5.0,5.0,5.0,1.0,1.0,4.0,2.0,-19.72431348956135,1.0,2.0,2.0,9.0,2.0,1.0,1.0,3.0,1.0,4.0,3.0,1.0,1.0,1.0,1.0,1.0,2.0,1.0,1.0,9.0,1.0,1.0,1.0,2.0,5.0,5.0,5.0,5.0,2.0,1.0,7.0,1.0,2.0,5.0,5.0,5.0,5.0,5.0,5.0,5.0,3.0,1.0,1.0,20.0,1.0,1.0,1.0,4.0,1.0,1.0,2.0,1.0,9.0,3.0,4.0,4.0,4.0,4.0,4.0,4.0,4.0,4.0,1.0,1.0,37.0,1.0,1.0,1.0,6.0,6.0,6.0,6.0,6.0,6.0,1.0,1.0,1.0,1.0,6.0,16.0,1.0,5.0,5.0,5.0,5.0,1.0,27.0,1.0,1.0,1.0,7.0,6.0,6.0,6.0,6.0,1.0,2.0,1.0,30.0,1.0,1.0,1.0,1.0,8.0,6.0,6.0,6.0,6.0,13.32796194626393,2.0,2.0,2.0,2.0,5.0,5.0,7.0,3.0,30.0,3.0,10.0,6.0,1.0,10.0,5.0,5.0,5.0,5.0,5.0,5.0,5.0,4.0,1.0,6.0,8.0,1.0,2.0,3.0,4.0,4.0,5.0,6.0,6.0,6.0,6.0,-5.0,-5.0,-5.0,-5.0,-5.0,-5.0,-5.0,-5.0,-5.0,-5.0,1.0
1.0,1.0,1.0,2.0,1.0,2.0,4.0,7.0,1.0,2.0,1.0,5.0,1.0,1.0,1.0,1.0,3.0,1.0,2.0,1.0,1.0,1.0,1.0,1.0,1.0,1.0,5.0,2.0,1.0,3.0,1.0,1.0,5.0,1.0,1.0,2.0,1.0,1.0,1.0,2.0,3.0,1.0,1.0,1.0,1.0,1.0,1.0,1.0,1.0,1.0,1.0,1.0,5.0,3.0,2.0,1.0,1.0,2.0,1.0,1.0,1.0,1.0,1.0,1.0,1.0,1.0,2.0,1.0,5.0,1.0,2.0,1.0,1.0,2.0,1.0,1.0,1.0,1.0,2.0,1.0,7.0,4.0,1.0,2.0,1.0,2.0,12.0,5.0,1.0,15.0,1.0,2.0,2.0,2.0,1.0,1.0,8.0,1.0,4.0,1.0,1.0,16.0,3.0,3.0,1.0,2.0,1.0,1.0,6.0,7.0,1.0,2.0,3.0,2.0,2.0,3.0,2.0,1.0,5.0,1.0,3.0,2.0,2.0,1.0,1.0,1.0,10.0,10.0,1.0,3.0,2.0,1.0,2.0,5.0,2.0,1.0,3.0,1.0,1.0,1.0,1.0,1.0,1.0,1.0,7.0,1.0,1.0,13.0,1.0,1.0,1.0,10.0,2.0,1.0,3.0,1.0,1.0,2.0,3.0,1.0,1.0,1.0,1.0,1.0,1.0,1.0,2.0,1.0,14.0,1.0,1.0,1.0,2.0,2.0,1.0,3.0,2.0,1.0,1.0,1.0,2.0,5.0,1.0,1.0,1.0,4.0,1.0,4.0,2.0,14.0,1.0,2.0,2.0,4.0,1.0,1.0,3.0,1.0,1.0,2.0,1.0,1.0,4.0,3.0,17.0,1.0,1.0,1.0,1.0,3.0,1.0,3.0,5.0,1.0,2.0,2.0,2.0,1.0,1.0,1.0,4.0,1.0,2.0,1.0,1.0,1.0,1.0,1.0,1.0,5.0,2.0,2.0,3.0,1.0,1.0,1.0,1.0,2.0,1.0,1.0,1.0,1.0,1.0,5.0,2.0,3.0,2.0,2.0,3.0,1.0,2.0,4.0,1.0,2.0,2.0,2.0,1.0,1.0,1.0,1.0,1.0,3.0,2.0,1.0,1.0,13.0,3.0,1.0,1.0,1.0,7.0,4.0,1.0,1.0,1.0,8.0,1.0,1.0,6.0,2.0,1.0,3.0,2.0,8.0,2.0,1.0,1.0,1.0,5.0,1.0,8.0,1.0,4.0,9.0,7.0,1.0,1.0,8.0,1.0,2.0,1.0,1.0,4.0,1.0,1.0,1.0,7.0,4.0,5.0,3.0,1.0,1.0,1.0,2.0,1.0,1.0,1.0,1.0,1.0,1.0,6.0,3.0,2.0,2.0,1.0,1.0,1.0,1.0,1.0,1.0,5.0,1.0,1.0,3.0,1.0,1.0,3.0,3.0,1.0,1.0,1.0,2.0,2.0,1.0,1.0,1.0,3.0,4.0,4.0,1.0,1.0,1.0,2.0,1.0,2.0,2.0,2.0,8.0,9.0,3.0,1.0,2.0,1.0,1.0,3.0,2.0,2.0,1.0,5.0,1.0,3.0,3.0,3.0,4.0,1.0,1.0,2.0,2.0,3.0,3.0,1.0,3.0,2.0,1.0,1.0,1.0,1.0,1.0,1.0,1.0,1.0,1.0,1.0,1.0,2.0,10.0,2.0,3.0,3.0,3.0,2.0,1.0,1.0,1.0,1.0,2.0,1.0,15.0,3.0,3.0,3.0,3.0,1.0,1.0,11.0,2.0,2.0,2.0,3.0,1.0,1.0,1.0,1.0,9.0,2.0,2.0,3.0,3.0,1.0,1.0,1.0,2.0,1.0,13.0,2.0,2.0,3.0,3.0,6.0,5.0,2.0,2.0,2.0,2.0,3.0,3.0,4.0,3.0,2.0,2.0,3.0,3.0,4.0,2.0,7.0,3.0,3.0,2.0,2.0,1.0,3.0,7.0,2.0,13.0,6.0,4.0,1.0,1.0,1.0,2.0,1.0,3.0,2.0,10.0,2.0,14.0,1.0,1.0,1.0,9.0,3.0,2.0,1.0,1.0,10.0,2.0,1.0,1.0,1.0,2.0,3.0,7.0,5.0,1.0,1.0,1.0,2.0,6.0,2.0,2.0,4.0,2.0,1.0,1.0,1.0,3.0,2.0,10.0,3.0,1.0,1.0,1.0,5.0,3.0,5.0,1.0,3.0,1.0,1.0,2.0,2.0,3.0,2.0,1.0,2.0,1.0,1.0,1.0,2.0,1.0,1.0,1.0,1.0,5.0,1.0,2.0,1.0,1.0,1.0,1.0,1.0,4.0,1.0,1.0,14.0,1.0,4.0,1.0,13.0,11.0,2.0,2.0,1.0,5.0,1.0,11.0,1.0,1.0,1.0,1.0,1.0,4.0,1.0,1.0,1.0,1.0,3.0,1.0,3.0,1.0,5.0,9.0,1.0,1.0,1.0,1.0,4.0,1.0,6.0,13.0,1.0,3.0,3.0,4.0,1.0,3.0,1.0,4.0,1.0,14.0,9.0,12.0,7.0,1.0,1.0,1.0,2.0,4.0,4.0,6.0,10.0,8.0,21.0,4.0,4.0,3.0,2.0,4.0,1.0,2.0,12.0,11.0,1.0,3.0,4.0,1.0,1.0,1.0,1.0,3.0,6.0,7.0,2.0,5.0,3.0,3.0,8.0,10.0,2.0,19.0,8.0,5.0,1.0,3.0,2.0,6.0,-2.04564786099211,2.0,1.0,2.0,3.0,8.0,9.0,6.0,6.0,1.0,1.0,2.0,2.0,2.0,8.0,4.0,5.0,8.0,7.0,13.0,3.0,9.0,2.0,1.0,3.0,5.0,1.0,3.0,1.0,1.0,5.47566330468136,8.0,1.0,2.0,1.0,1.0,6.0,1.0,1.0,1.0,5.0,15.0,1.0,2.0,7.0,5.0,4.0,5.0,4.0,16.0,6.0,4.0,2.0,1.0,1.0,1.0,1.0,1.0,1.0,2.0,1.0,7.0,7.0,4.0,1.0,2.0,1.0,2.0,1.0,1.0,1.0,1.0,2.0,2.0,1.0,1.0,1.0,1.0,1.0,1.0,1.0,1.0,1.0,1.0,1.0,2.0,2.0,4.0,1.0,1.0,1.0,2.0,7.0,1.0,1.0,1.0,1.0,1.0,1.0,1.0,2.0,3.0,6.0,7.0,4.0,1.0,3.0,1.0,1.0,1.0,1.0,1.0,1.0,1.0,1.0,1.0,2.0,1.0,1.0,2.0,1.0,1.0,1.0,2.0,1.0,1.0,1.0,1.0,1.0,2.0,2.0,3.0,6.0,1.0,1.0,2.0,1.0,1.0,2.0,1.0,1.0,13.0,19.0,2.0,1.0,1.0,4.0,1.0,1.0,1.0,1.0,1.0,1.0,1.0,1.0,1.0,1.0,1.0,2.0,1.0,1.0,1.0,16.0,15.0,1.0,2.0,2.0,2.0,1.0,1.0,1.0,2.0,1.0,1.0,1.0,1.0,1.0,2.0,1.0,1.0,3.0,1.0,1.0,1.0,2.0,1.0,1.0,12.0,7.0,1.0,5.0,1.0,3.0,1.0,1.0,1.0,2.0,3.0,1.0,1.0,6.0,7.0,3.0,5.0,3.0,1.0,1.0,3.0,2.0,1.0,7.0,16.0,1.0,1.0,5.0,3.0,1.0,1.0,3.0,2.0,1.0,3.96952489648403,1.0,2.0,3.0,3.0,1.0,1.0,2.0,1.0,1.0,1.0,2.0,30.0,1.0,4.0,7.0,1.0,1.0,1.0,1.0,1.0,2.0,1.0,2.0,1.0,1.0,1.0,1.0,1.0,1.0,5.0,24.0,4.0,2.0,1.0,1.0,1.0,1.0,1.0,1.0,2.0,2.0,3.0,1.0,2.0,1.0,1.0,1.0,1.0,1.0,1.0,1.0,2.0,1.0,1.0,1.0,1.0,1.0,1.0,1.0,1.0,3.0,1.0,1.0,1.0,3.0,5.0,2.0,3.0,1.0,1.0,2.0,1.0,2.0,1.0,3.0,1.0,2.0,1.0,1.0,2.0,2.0,2.0,1.0,1.0,5.0,2.0,2.0,4.0,1.0,3.0,1.0,4.0,1.0,1.0,2.0,1.0,1.0,4.0,1.0,2.0,1.0,1.0,2.0,4.0,1.0,2.0,2.0,5.0,1.0,1.0,2.0,1.0,1.0,3.0,1.0,1.0,3.0,3.0,5.0,3.0,4.0,1.0,1.0,1.0,2.0,1.0,2.0,1.0,2.0,1.0,1.0,3.0,1.0,1.0,1.0,1.0,2.0,1.0,1.0,1.0,2.0,1.0,1.0,1.0,1.0,1.0,1.0,1.0,1.0,4.0,1.0,1.0,1.0,2.0,1.0,6.0,1.0,1.0,1.0,2.0,2.0,1.0,1.0,1.0,-1.2523449689335,2.0,1.0,1.0,2.0,1.0,-1.0,-1.0,-1.0,-1.0,-2.0,1.0,9.0,-1.0,1.0,-1.0,-1.0,-5.0,-4.0,-3.0,-4.0,-5.0,-5.0,1.0,1.0,1.0,6.0,6.0,2.0,1.0,3.0,2.0,1.0,4.0,5.0,1.0,3.0,1.0,1.0,2.0,1.0,5.0,1.0,1.0,10.0,4.0,1.0,1.0,1.0,3.0,7.0,1.0,2.0,8.0,1.0,2.0,1.0,1.0,1.0,2.0,1.0,2.0,9.0,1.0,9.0,1.0,1.0,1.0,3.0,1.0,1.0,4.0,4.0,1.0,2.0,1.0,2.0,1.0,1.0,1.0,2.0,1.0,1.0,2.0,4.0,1.0,1.0,10.0,1.0,1.0,1.0,3.0,1.0,4.0,4.0,9.0,1.0,1.0,5.0,1.0,1.0,4.957128867032768,4.0,2.0,5.0,1.0,7.0,1.0,5.0,1.0,1.0,1.0,18.20845275419301,1.0,5.0,4.0,6.0,1.0,-3.0,-1.0,-1.0,-13.71931735451625,-2.0,-2.0,-1.0,-1.0,-1.0,-1.0,-3.0,-1.0,-2.0,-4.0,-1.0,-2.0,-1.0,-1.0,-1.0,5.0,4.0,2.0,7.0,2.0,1.0,2.0,1.0,2.0,1.0,3.0,4.0,4.0,1.0,1.0,2.0,4.0,2.0,6.0,1.0,5.0,11.27775448851298,8.0,7.0,1.0,4.0,3.0,1.0,1.0,1.0,2.0,1.0,4.0,1.0,1.0,1.0,1.0,2.0,1.0,1.0,3.0,2.0,4.0,7.0,7.0,4.0,1.0,1.0,4.0,1.0,1.0,2.0,1.0,1.0,5.0,1.0,2.0,7.0,4.0,2.0,2.0,1.0,1.0,1.0,2.0,2.0,2.0,1.0,1.0,2.0,6.0,1.0,4.0,2.0,3.0,-9.81276160699843,1.0,8.0,8.0,1.0,1.0,2.0,2.0,1.0,1.0,2.0,2.0,11.0,5.0,2.0,1.0,2.0,2.0,2.0,2.0,2.0,2.0,2.0,2.0,2.0,1.0,1.0,25.0,6.0,5.0,5.0,5.0,5.0,5.0,5.0,3.0,2.0,1.0,1.0,2.0,1.0,1.0,12.0,15.0,4.0,4.0,5.0,4.0,4.0,5.0,2.0,1.0,5.0,1.0,1.0,2.0,1.0,16.0,5.0,4.0,5.0,4.0,10.0,2.0,4.0,3.0,3.0,6.0,4.0,4.0,4.0,4.0,4.0,4.0,4.0,4.0,4.0,2.0,4.0,4.0,4.0,4.0,4.0,4.0,1.0,1.0,4.0,4.0,4.0,4.0,4.0,4.0,1.0,1.0,1.0,1.0,1.0,1.0,4.0,4.0,4.0,4.0,4.0,4.0,4.0,4.0,4.0,4.0,1.0,1.0,1.0,1.0,3.0,1.0,1.0,10.0,1.0,1.0,1.0,1.0,1.0,21.0,15.0,1.0,1.0,1.0,1.0,1.0,1.0,5.0,1.0,6.0,2.0,2.0,23.0,14.0,1.0,3.0,3.0,3.0,3.0,3.0,3.0,3.0,3.0,1.0,1.0,1.0,1.0,1.0,6.0,1.0,4.0,10.0,9.0,26.0,7.0,3.0,3.0,4.0,3.0,3.0,3.0,4.0,3.0,1.0,1.0,1.0,1.0,3.0,1.0,1.0,13.0,2.0,2.0,2.0,2.0,2.0,2.0,2.0,1.0,1.0,2.0,2.0,2.0,2.0,2.0,2.0,3.0,2.0,1.0,2.0,2.0,2.0,2.0,2.0,2.0,2.0,1.0,2.0,2.0,2.0,2.0,2.0,2.0,2.0,2.0,2.0,2.0,2.0,1.0,-2.0,1.0,4.0,1.0,-4.0,-4.0,-5.0,-4.0,-4.0,-4.0,-5.0,-4.0,-1.0,1.0,2.0,-1.0,1.0,-4.0,-5.0,-4.0,-4.0,-5.0,-4.0,2.0,1.0,-5.0,-6.0,-5.0,-5.0,-6.0,-5.0,1.0,1.0,1.0,-5.0,-5.0,-5.0,-5.0,-5.0,-5.0,-1.0,1.0,-1.0,-5.0,-5.0,-5.0,-5.0,-5.0,-5.0,-3.0,-4.0,-1.0,-1.0,-3.0,-1.0,0.0,1.0,-9.0,-5.0,1.0,-1.0,-2.0,-1.0,-1.0,-2.0,-1.0,-3.0,-2.0,-1.0,-1.0,-1.0,-1.0,-1.0,-3.0,-1.0,-1.0,-1.0,-1.0,-3.0,-2.0,19.45784305872714,-2.0,-1.0,-1.0,-1.0,-2.0,7.0,-4.0,-2.0,-3.0,-3.0,-1.0,-1.0,-1.0,1.0,1.0,0.0,-1.0,-5.0,-7.0,-1.0,-2.0,-1.0,9.0,2.0,13.0,-1.0,-1.0,-1.0,-5.0,-5.0,-2.0,-4.0,1.0,5.0,4.0,2.0,2.0,1.0,2.0,15.0,17.0,4.0,5.0,7.0,13.0,1.0,3.0,1.0,1.0,1.0,12.0,5.0,5.0,1.0,11.0,2.0,4.0,2.0,1.0,15.57346510062307,4.0,2.0,1.0,1.0,2.0,1.0,1.0,2.0,1.0,1.0,2.0,6.0,1.0,1.0,2.0,4.0,3.0,2.0,2.0,3.0,7.0,1.0,1.0,1.0,1.0,1.0,2.0,1.0,1.0,1.0,1.0,1.0,1.0,1.0,1.0,2.0,2.0,1.0,4.0,1.0,1.0,1.0,1.0,3.0,1.0,2.0,6.0,1.0,1.0,1.0,1.0,1.0,1.0,-2.5485758184053537,1.0,1.0,1.0,1.0,1.0,3.0,1.0,1.0,3.0,2.0,2.0,2.0,5.0,-20.80157324031526,2.0,2.0,4.0,3.0,1.0,2.0,2.0,2.0,2.0,-15.704502461243464,1.0,2.0,2.0,2.0,1.0,1.0,1.0,1.0,1.0,2.0,1.0,4.0,1.0,1.0,1.0,1.0,2.0,1.0,1.0,1.0,5.0,5.0,1.0,4.0,3.0,2.0,2.0,1.0,5.0,1.0,3.0,4.0,2.0,1.0,3.0,3.0,4.0,3.0,3.0,1.0,1.0,2.0,1.0,3.0,2.0,4.0,2.0,1.0,4.0,2.0,1.0,2.0,3.0,3.0,3.0,3.0,2.0,1.0,4.0,5.0,1.0,1.0,5.0,4.0,2.0,1.0,1.0,6.276158308138452,6.0,10.0,1.0,5.0,5.0,1.0,7.0,2.0,1.0,10.0,4.0,3.0,3.0,1.0,7.0,1.0,11.0,1.0,2.0,2.0,1.0,3.0,2.0,1.0,1.0,5.0,8.0,1.0,7.0,3.0,1.0,2.0,2.0,1.0,2.0,1.0,1.0,1.0,1.0,2.0,7.0,6.0,1.0,2.0,1.0,1.0,1.0,1.0,5.0,1.0,1.0,2.0,5.0,1.0,2.0,7.0,6.0,6.0,1.0,2.0,9.0,3.0,6.0,1.0,6.0,4.0,9.0,1.0,1.0,1.0,2.0,10.0,6.0,2.0,2.0,5.0,5.0,1.0,10.0,1.0,2.0,4.0,5.0,13.0,1.0,1.0,1.0,1.0,4.0,4.0,3.0,1.0,2.0,1.0,1.0,1.0,2.0,4.0,4.0,5.0,11.0,1.0,1.0,13.2640361646798,1.0,5.0,2.0,7.0,1.0,1.0,2.0,1.0,1.0,1.0,3.0,3.0,2.0,2.0,3.0,5.0,1.0,2.0,1.0,-2.0,1.0,1.0,7.0,-3.0,-3.0,-3.0,-3.0,1.0,0.0,4.0,-2.0,5.0,-6.0,-6.0,-6.0,-6.0,-2.0,-1.0,-1.0,-6.0,-6.0,-6.0,-6.0,-3.0,-2.0,-1.0,-1.0,-3.0,-3.0,-3.0,-3.0,-2.0,-1.0,-1.0,2.0,-1.0,-6.0,-6.0,-6.0,-7.103831779623127,-6.0,-6.0,-6.0,1.0,1.0,-3.0,-3.0,7.0,2.0,-5.0,-5.0,-5.0,-5.0,1.0,-2.0,-2.0,2.0,1.0,-5.0,-6.0,-5.0,-5.0,2.0,1.0,1.0,1.0,-6.0,-6.0,-6.0,-6.0,-1.0,1.0,-2.0,-2.0,1.0,2.0,-13.0,-13.0,-1.0,-1.0,-2.0,2.0,1.0,-5.0,-5.0,-5.0,-5.0,-5.0,-5.0,1.0,1.0,-5.0,-5.0,-5.0,-5.0,-5.0,0.0,-3.0,-12.0,-12.0,1.0,5.0,-7.0,-7.0,-7.0,-7.0,1.0,7.0,1.0,1.0,1.0,2.0,11.0,1.0,4.0,1.0,3.0,6.0,1.0,2.0,3.0,15.0,3.0,2.0,3.0,4.0,1.0,6.0,6.0,4.0,2.0,1.0,1.0,1.0,1.0,1.0,1.0,3.0,7.0,1.0,3.0,1.0,1.0,1.0,3.0,2.0,1.0,2.0,2.0,1.0,1.0,3.0,3.0,3.0,1.0,1.0,2.0,3.0,3.0,3.0,1.0,1.0,1.0,3.0,4.0,4.0,2.0,3.0,1.0,1.0,1.0,1.0,1.0,1.0,2.0,3.0,4.0,4.0,2.0,6.0,3.0,1.0,1.0,1.0,1.0,1.0,1.0,2.0,3.0,1.0,13.0,3.0,1.0,1.0,6.0,1.0,1.0,1.0,4.0,1.0,1.0,2.0,2.0,4.0,3.0,3.0,1.0,1.0,1.0,1.0,2.0,2.0,3.0,3.0,1.0,1.0,2.0,2.0,1.0,2.0,6.0,6.0,2.0,3.0,2.0,2.0,1.0,1.0,2.0,2.0,6.0,6.0,2.0,3.0,2.0,2.0,1.0,1.0,21.0,3.0,4.0,1.0,2.0,2.0,8.0,1.0,7.0,2.0,1.0,2.0,3.0,4.0,4.0,1.0,16.0,1.0,6.0,3.0,1.0,1.0,2.0,10.0,1.0,10.0,3.0,3.0,2.0,1.0,4.0,3.0,1.0,2.0,1.0,1.0,4.0,1.0,3.0,1.0,2.0,2.0,1.0,1.0,1.0,1.0,3.0,1.0,1.0,2.0,1.0,1.0,1.0,1.0,1.0,1.29786125122586,1.0,1.0,1.0,1.0,1.0,4.0,3.0,1.0,1.0,1.0,1.0,1.0,1.0,2.0,2.0,1.0,4.0,1.0,4.0,1.0,1.0,2.0,1.0,1.0,3.0,2.0,2.0,2.0,2.0,1.0,1.0,6.0,24.0,4.0,1.0,3.0,2.0,1.0,1.0,16.0,35.0,3.0,1.0,1.0,1.0,1.0,1.0,1.0,3.0,5.0,1.0,1.0,2.0,7.0,5.0,5.0,2.0,3.0,1.0,1.0,1.0,8.0,1.0,5.0,3.0,2.0,9.0,6.0,1.0,4.0,13.0,1.0,7.0,7.0,1.0,1.0,1.0,1.0,1.0,4.0,6.0,3.0,2.0,1.0,8.0,6.0,1.0,1.0,1.0,2.0,3.0,1.0,2.0,8.0,1.0,2.0,9.0,2.0,1.0,1.0,1.0,1.0,1.0,4.0,1.0,1.0,4.0,5.0,1.0,1.0,2.0,3.0,2.0,1.0,2.0,5.0,6.0,4.0,6.0,8.0,11.0,7.0,6.0,1.0,1.0,1.0,4.0,1.0,3.0,4.0,5.0,12.0,5.0,2.0,2.0,1.0,4.0,2.0,1.0,1.0,1.0,3.0,4.0,3.0,2.0,17.29671484676516,3.0,5.0,1.0,7.0,5.0,2.0,2.0,3.0,1.0,1.0,1.0,1.0,2.0,1.0,2.0,1.0,1.0,12.0,10.0,8.0,6.0,5.0,1.0,1.0,1.0,3.0,1.0,1.0,1.0,3.0,4.0,1.0,2.0,1.0,1.0,1.0,2.0,1.0,1.0,8.0,1.0,1.0,2.0,2.0,5.0,2.0,2.0,1.0,1.0,3.0,2.0,3.0,1.0,6.0,6.0,1.0,1.0,6.0,1.0,6.0,9.0,3.0,13.0,10.0,1.0,1.0,11.0,1.0,1.0,3.0,8.0,9.0,2.0,1.0,2.0,3.0,3.0,3.0,1.0,1.0,1.0,5.0,5.0,2.0,1.0,2.0,2.0,1.0,1.0,5.0,1.0,1.0,1.0,1.0,3.0,2.0,1.0,2.0,1.0,3.0,4.0,1.0,2.0,1.0,2.0,1.0,2.0,2.0,1.0,1.0,2.0,2.0,1.0,1.0,1.0,1.0,1.0,1.0,2.0,1.0,8.0,2.0,1.0,5.0,6.0,2.0,1.0,1.0,1.0,6.0,2.0,3.0,4.0,3.0,1.0,1.0,2.0,2.0,1.0,1.0,11.0,1.0,1.0,2.0,4.0,5.0,3.0,1.0,4.0,1.0,14.0,4.0,7.0,1.0,1.0,2.0,1.0,1.0,2.92572291035908,1.0,1.0,1.0,3.0,1.0,9.0,2.0,2.0,1.0,1.0,7.0,1.0,8.0,1.0,1.0,1.0,1.0,2.0,1.0,1.0,1.0,1.0,2.0,1.0,1.0,1.0,1.0,1.0,1.0,4.0,4.0,3.0,2.0,1.0,1.0,1.0,1.0,3.0,1.0,1.0,1.0,1.0,1.0,1.0,1.0,1.0,2.0,1.0,3.0,0.24337417607789,1.0,1.0,3.0,5.0,9.0,7.0,2.0,2.0,1.0,1.0,1.0,2.0,3.0,1.0,1.0,2.0,3.0,1.0,1.0,2.0,2.0,1.0,1.0,1.0,1.0,2.0,1.0,1.0,-1.0,-1.0,-2.0,-4.0,-12.0,-7.0,-6.0,-6.0,-9.0,-11.0,-2.0,-8.0,-10.0,-6.0,-11.0,-6.50984180533249,-1.0,-4.0,-1.0,-10.0,-11.0,-3.0,-8.0,-12.0,-10.0,-1.0,-1.0,-1.0,-1.0,-7.0,-7.0,-13.0,-7.0,2.0,1.0,1.0,1.0,2.0,1.0,1.0,5.0,1.0,2.0,1.0,1.0,3.0,1.0,3.0,1.0,1.0,1.0,1.0,1.0,1.0,1.0,1.0,4.0,1.0,1.0,2.0,1.0,1.0,3.0,1.0,1.0,2.0,1.0,1.0,2.0,3.0,1.0,2.0,1.0,1.0,1.0,1.0,1.0,1.0,2.0,1.0,2.0,1.0,2.0,5.0,6.0,1.0,2.0,1.0,1.0,3.0,1.0,1.0,2.0,3.0,3.0,1.0,1.0,2.0,5.0,5.0,1.0,1.0,4.0,3.0,2.0,1.0,1.0,-1.0,1.0,2.0,-3.0,1.0,1.0,-4.0,-4.0,-3.0,2.0,-1.0,-1.0,-1.0,-2.0,2.0,10.0,1.0,1.0,1.0,2.0,3.0,4.0,1.0,2.0,1.0,17.0,1.0,1.0,1.0,1.0,2.0,1.0,1.0,1.0,4.0,4.0,1.0,3.0,1.0,1.0,2.0,1.0,1.0,1.0,2.0,2.0,1.0,1.0,1.0,1.0,2.0,3.0,18.94840458248437,1.0,1.0,3.0,1.0,1.0,1.0,2.0,3.0,1.0,1.0,2.0,4.0,2.0,1.0,1.0,1.0,1.0,2.0,3.0,1.0,4.0,1.0,1.0,1.0,4.0,4.0,1.0,1.0,2.0,2.0,2.0,2.0,1.0,2.0,1.0,2.0,3.0,1.0,6.0,11.0,8.0,5.0,4.0,5.0,3.0,2.0,1.0,1.0,1.0,1.0,1.0,2.0,2.0,3.0,2.0,3.0,1.0,1.0,1.0,1.0,1.0,1.0,3.0,2.0,5.0,1.0,2.0,2.0,1.0,5.0,1.0,5.0,1.0,2.0,5.0,3.0,2.0,1.0,15.11250881122309,1.0,2.0,3.0,1.0,1.0,1.0,3.0,3.0,2.0,4.0,1.0,1.0,1.0,1.0,1.0,1.0,1.0,1.0,1.0,1.0,1.0,3.0,5.0,1.0,1.0,1.0,2.0,2.0,1.0,1.0,5.0,1.0,1.0,5.0,1.0,1.0,-7.0,-7.0,1.0,-1.0,-4.0,-2.0,-1.0,-2.0,-1.0,1.0,-1.0,-3.0,-5.0,0.0,-3.0,-1.0,-2.0,-4.0,1.0,-1.0,1.0,-1.0,-1.0,1.0,-1.0,-1.0,2.0,-2.0,-3.0,2.0,-2.0,-1.0,1.0,-1.0,-1.0,-2.0,1.0,-2.0,-1.0,2.0,-1.0,-1.0,-1.0,-1.0,-2.0,2.0,-2.0,-2.0,0.0,-1.0,-1.0,-1.0,-1.0,-1.0,1.0,1.0,1.0,7.0,1.0,1.0,1.0,1.0,1.0,2.0,1.0,1.0,12.0,1.0,1.0,1.0,1.0,1.0,1.0,2.0,1.0,1.0,1.0,1.0,2.0,4.0,3.0,1.0,1.0,3.0,1.0,1.0,1.0,1.0,2.0,1.0,1.0,1.0,1.0,1.0,2.0,1.0,1.0,3.0,7.0,2.0,1.0,1.0,1.0,1.0,1.0,1.0,1.0,1.0,1.0,1.0,1.0,1.0,6.0,1.0,1.0,1.0,1.0,1.0,1.0,1.0,1.0,1.0,1.0,1.0,1.0,1.0,1.0,1.0,1.0,4.0,1.0,1.0,1.0,1.0,1.0,1.0,1.0,1.0,1.0,1.0,1.0,1.0,1.0,1.0,1.0,1.0,1.0,1.0,1.0,-1.0,-1.0,1.0,1.0,2.0,-2.0,-2.0,-2.0,-2.0,-2.0,1.0,1.0,-3.56110793196185,-3.0,-3.0,-3.0,1.0,-5.0,-5.0,-5.0,1.0,1.0,1.0,1.0,2.0,1.0,1.0,-1.0,-1.0,-1.0,-1.0,-1.0,-1.0,4.0,4.0,1.0,1.0,3.0,1.0,1.0,1.0,1.0,1.0,3.0,3.0,2.0,1.0,1.0,1.0,1.0,1.0,2.0,1.0,1.0,2.0,2.0,1.0,1.0,1.0,1.0,1.0,3.0,3.0,3.0,1.0,1.0,2.0,1.0,1.0,2.0,2.0,2.0,1.0,1.0,1.0,2.0,1.0,1.0,1.0,1.0,3.0,1.0,1.0,1.0,1.0,4.0,2.0,5.0,1.0,2.0,1.0,1.0,1.0,1.0,3.0,1.0,2.0,3.0,2.0,1.0,1.0,1.0,2.0,2.0,2.0,2.0,1.0,6.0,3.0,6.0,1.0,1.0,1.0,3.0,1.0,4.0,5.0,1.0,1.0,1.0,1.0,1.0,17.0,1.0,2.0,12.0,1.0,2.0,3.0,8.0,13.0,5.0,2.0,1.0,2.0,6.0,4.0,4.0,2.0,1.0,3.0,2.0,1.0,1.0,1.0,3.0,1.0,1.0,1.0,3.0,1.0,1.0,1.0,3.0,1.0,1.0,1.0,2.0,3.0,7.0,4.0,3.0,-0.31044766992144,2.0,2.0,2.0,1.0,1.0,1.0,1.0,1.0,1.0,1.0,1.0,1.0,1.0,1.0,1.0,1.0,1.0,1.0,1.0,1.0,1.0,1.0,1.0,1.0,1.0,1.0,1.0,1.0,3.0,1.0,1.0,2.0,2.0,2.0,2.0,3.0,1.0,1.0,1.0,2.0,1.0,4.0,3.0,1.0,1.0,1.0,2.0,1.0,7.39298284432326,1.0,5.0,3.0,2.0,1.0,1.0,1.0,1.0,1.0,1.0,1.0,1.0,1.0,3.0,4.0,3.0,1.0,1.0,1.0,1.0,1.0,1.0,1.0,1.0,1.0,1.0,1.0,1.0,2.0,1.0,1.0,1.0,1.0,1.0,1.0,1.0,1.0,1.0,1.0,1.0,2.0,1.0,1.0,1.0,1.0,1.0,1.0,1.0,1.0,1.0,1.0,1.0,1.0,1.0,3.0,8.0,2.0,1.0,2.0,1.0,1.0,4.0,1.0,1.0,1.0,1.0,1.0,1.0,1.0,7.0,5.0,2.0,3.0,1.0,1.0,2.0,1.0,1.0,1.0,1.0,1.0,1.0,2.0,3.0,1.0,2.0,2.0,2.0,-16.38832593496558,3.0,1.0,1.0,1.0,1.0,3.0,2.0,3.0,3.0,1.0,1.0,2.0,2.0,2.0,3.0,2.0,1.0,3.0,1.0,2.0,2.0,2.0,2.0,2.0,2.0,1.0,1.0,1.0,1.0,1.0,1.0,1.0,1.0,1.0,2.0,1.0,1.0,1.0,3.0,1.0,1.0,1.0,1.0,1.0,1.0,1.0,2.0,1.0,6.0,1.0,5.0,1.0,4.0,1.0,8.0,1.0,3.0,3.0,4.0,1.0,2.0,2.0,1.0,1.0,3.0,2.0,3.0,1.0,2.0,1.0,1.0,2.0,1.0,1.0,4.0,6.0,1.0,1.0,1.0,2.0,2.0,1.0,1.0,3.0,5.0,5.38785976813884,1.0,1.0,5.0,1.0,1.0,2.0,1.0,1.0,1.0,4.0,2.0,1.0,4.0,2.0,6.0,1.0,1.0,1.0,1.0,6.0,5.96397995782018,1.0,1.0,3.0,3.0,-1.3686525685699,9.0,2.0,3.0,3.0,3.0,3.0,1.0,1.0,5.0,5.0,5.0,5.0,1.0,7.0,10.0,2.0,1.0,4.0,5.0,5.0,5.0,5.0,2.0,1.0,3.0,5.0,4.0,2.0,2.0,1.0,1.0,2.0,3.0,1.0,1.0,3.0,11.0,5.0,5.0,5.0,5.0,5.0,5.0,5.0,5.0,13.0,3.0,2.0,2.0,3.0,11.0,5.0,5.0,5.0,5.0,1.0,1.0,2.0,18.0,11.0,2.0,1.0,3.0,3.0,5.0,5.0,5.0,5.0,5.0,5.0,2.0,1.0,3.0,1.0,1.0,21.0,1.0,2.0,3.0,6.0,6.0,6.0,6.0,2.0,5.0,3.0,2.0,5.0,13.0,2.0,5.0,5.0,5.0,5.0,6.0,2.0,24.0,2.0,1.0,2.0,5.0,5.0,5.0,5.0,1.0,2.0,4.0,3.0,12.0,1.0,9.0,4.0,4.0,4.0,4.0,4.0,4.0,4.0,1.0,10.0,4.0,1.0,21.0,1.0,2.0,1.0,1.0,1.0,4.0,3.0,5.0,6.0,6.0,6.0,6.0,6.0,1.0,1.0,3.0,15.0,1.0,1.0,1.0,1.0,7.0,4.0,1.0,10.0,5.0,5.0,5.0,5.0,1.0,1.0,4.0,2.0,-19.72431348956135,1.0,2.0,2.0,9.0,2.0,1.0,1.0,3.0,1.0,4.0,3.0,1.0,1.0,1.0,1.0,1.0,2.0,1.0,1.0,9.0,1.0,1.0,1.0,2.0,5.0,5.0,5.0,5.0,2.0,1.0,7.0,1.0,2.0,5.0,5.0,5.0,5.0,5.0,5.0,5.0,3.0,1.0,1.0,20.0,1.0,1.0,1.0,4.0,1.0,1.0,2.0,1.0,9.0,3.0,4.0,4.0,4.0,4.0,4.0,4.0,4.0,4.0,1.0,1.0,37.0,1.0,1.0,1.0,6.0,6.0,6.0,6.0,6.0,6.0,1.0,1.0,1.0,1.0,6.0,16.0,1.0,5.0,5.0,5.0,5.0,1.0,27.0,1.0,1.0,1.0,7.0,6.0,6.0,6.0,6.0,1.0,2.0,1.0,30.0,1.0,1.0,1.0,1.0,8.0,6.0,6.0,6.0,6.0,13.32796194626393,2.0,2.0,2.0,2.0,5.0,5.0,7.0,3.0,30.0,3.0,10.0,6.0,1.0,10.0,5.0,5.0,5.0,5.0,5.0,5.0,5.0,4.0,1.0,6.0,8.0,1.0,2.0,3.0,4.0,4.0,5.0,6.0,6.0,6.0,6.0,-5.0,-5.0,-5.0,-5.0,-5.0,-5.0,-5.0,-5.0,-5.0,-5.0,1.0
1.0,1.0,1.0,2.0,1.0,2.0,4.0,7.0,1.0,2.0,1.0,5.0,1.0,1.0,1.0,1.0,3.0,1.0,2.0,1.0,1.0,1.0,1.0,1.0,1.0,1.0,5.0,2.0,1.0,3.0,1.0,1.0,5.0,1.0,1.0,2.0,1.0,1.0,1.0,2.0,3.0,1.0,1.0,1.0,1.0,1.0,1.0,1.0,1.0,1.0,1.0,1.0,5.0,3.0,2.0,1.0,1.0,2.0,1.0,1.0,1.0,1.0,1.0,1.0,1.0,1.0,2.0,1.0,5.0,1.0,2.0,1.0,1.0,2.0,1.0,1.0,1.0,1.0,2.0,1.0,7.0,4.0,1.0,2.0,1.0,2.0,12.0,5.0,1.0,15.0,1.0,2.0,2.0,2.0,1.0,1.0,8.0,1.0,4.0,1.0,1.0,16.0,3.0,3.0,1.0,2.0,1.0,1.0,6.0,7.0,1.0,2.0,3.0,2.0,2.0,3.0,2.0,1.0,5.0,1.0,3.0,2.0,2.0,1.0,1.0,1.0,10.0,10.0,1.0,3.0,2.0,1.0,2.0,5.0,2.0,1.0,3.0,1.0,1.0,1.0,1.0,1.0,1.0,1.0,7.0,1.0,1.0,13.0,1.0,1.0,1.0,10.0,2.0,1.0,3.0,1.0,1.0,2.0,3.0,1.0,1.0,1.0,1.0,1.0,1.0,1.0,2.0,1.0,14.0,1.0,1.0,1.0,2.0,2.0,1.0,3.0,2.0,1.0,1.0,1.0,2.0,5.0,1.0,1.0,1.0,4.0,1.0,4.0,2.0,14.0,1.0,2.0,2.0,4.0,1.0,1.0,3.0,1.0,1.0,2.0,1.0,1.0,4.0,3.0,17.0,1.0,1.0,1.0,1.0,3.0,1.0,3.0,5.0,1.0,2.0,2.0,2.0,1.0,1.0,1.0,4.0,1.0,2.0,1.0,1.0,1.0,1.0,1.0,1.0,5.0,2.0,2.0,3.0,1.0,1.0,1.0,1.0,2.0,1.0,1.0,1.0,1.0,1.0,5.0,2.0,3.0,2.0,2.0,3.0,1.0,2.0,4.0,1.0,2.0,2.0,2.0,1.0,1.0,1.0,1.0,1.0,3.0,2.0,1.0,1.0,13.0,3.0,1.0,1.0,1.0,7.0,4.0,1.0,1.0,1.0,8.0,1.0,1.0,6.0,2.0,1.0,3.0,2.0,8.0,2.0,1.0,1.0,1.0,5.0,1.0,8.0,1.0,4.0,9.0,7.0,1.0,1.0,8.0,1.0,2.0,1.0,1.0,4.0,1.0,1.0,1.0,7.0,4.0,5.0,3.0,1.0,1.0,1.0,2.0,1.0,1.0,1.0,1.0,1.0,1.0,6.0,3.0,2.0,2.0,1.0,1.0,1.0,1.0,1.0,1.0,5.0,1.0,1.0,3.0,1.0,1.0,3.0,3.0,1.0,1.0,1.0,2.0,2.0,1.0,1.0,1.0,3.0,4.0,4.0,1.0,1.0,1.0,2.0,1.0,2.0,2.0,2.0,8.0,9.0,3.0,1.0,2.0,1.0,1.0,3.0,2.0,2.0,1.0,5.0,1.0,3.0,3.0,3.0,4.0,1.0,1.0,2.0,2.0,3.0,3.0,1.0,3.0,2.0,1.0,1.0,1.0,1.0,1.0,1.0,1.0,1.0,1.0,1.0,1.0,2.0,10.0,2.0,3.0,3.0,3.0,2.0,1.0,1.0,1.0,1.0,2.0,1.0,15.0,3.0,3.0,3.0,3.0,1.0,1.0,11.0,2.0,2.0,2.0,3.0,1.0,1.0,1.0,1.0,9.0,2.0,2.0,3.0,3.0,1.0,1.0,1.0,2.0,1.0,13.0,2.0,2.0,3.0,3.0,6.0,5.0,2.0,2.0,2.0,2.0,3.0,3.0,4.0,3.0,2.0,2.0,3.0,3.0,4.0,2.0,7.0,3.0,3.0,2.0,2.0,1.0,3.0,7.0,2.0,13.0,6.0,4.0,1.0,1.0,1.0,2.0,1.0,3.0,2.0,10.0,2.0,14.0,1.0,1.0,1.0,9.0,3.0,2.0,1.0,1.0,10.0,2.0,1.0,1.0,1.0,2.0,3.0,7.0,5.0,1.0,1.0,1.0,2.0,6.0,2.0,2.0,4.0,2.0,1.0,1.0,1.0,3.0,2.0,10.0,3.0,1.0,1.0,1.0,5.0,3.0,5.0,1.0,3.0,1.0,1.0,2.0,2.0,3.0,2.0,1.0,2.0,1.0,1.0,1.0,2.0,1.0,1.0,1.0,1.0,5.0,1.0,2.0,1.0,1.0,1.0,1.0,1.0,4.0,1.0,1.0,14.0,1.0,4.0,1.0,13.0,11.0,2.0,2.0,1.0,5.0,1.0,11.0,1.0,1.0,1.0,1.0,1.0,4.0,1.0,1.0,1.0,1.0,3.0,1.0,3.0,1.0,5.0,9.0,1.0,1.0,1.0,1.0,4.0,1.0,6.0,13.0,1.0,3.0,3.0,4.0,1.0,3.0,1.0,4.0,1.0,14.0,9.0,12.0,7.0,1.0,1.0,1.0,2.0,4.0,4.0,6.0,10.0,8.0,21.0,4.0,4.0,3.0,2.0,4.0,1.0,2.0,12.0,11.0,1.0,3.0,4.0,1.0,1.0,1.0,1.0,3.0,6.0,7.0,2.0,5.0,3.0,3.0,8.0,10.0,2.0,19.0,8.0,5.0,1.0,3.0,2.0,6.0,-2.04564786099211,2.0,1.0,2.0,3.0,8.0,9.0,6.0,6.0,1.0,1.0,2.0,2.0,2.0,8.0,4.0,5.0,8.0,7.0,13.0,3.0,9.0,2.0,1.0,3.0,5.0,1.0,3.0,1.0,1.0,5.47566330468136,8.0,1.0,2.0,1.0,1.0,6.0,1.0,1.0,1.0,5.0,15.0,1.0,2.0,7.0,5.0,4.0,5.0,4.0,16.0,6.0,4.0,2.0,1.0,1.0,1.0,1.0,1.0,1.0,2.0,1.0,7.0,7.0,4.0,1.0,2.0,1.0,2.0,1.0,1.0,1.0,1.0,2.0,2.0,1.0,1.0,1.0,1.0,1.0,1.0,1.0,1.0,1.0,1.0,1.0,2.0,2.0,4.0,1.0,1.0,1.0,2.0,7.0,1.0,1.0,1.0,1.0,1.0,1.0,1.0,2.0,3.0,6.0,7.0,4.0,1.0,3.0,1.0,1.0,1.0,1.0,1.0,1.0,1.0,1.0,1.0,2.0,1.0,1.0,2.0,1.0,1.0,1.0,2.0,1.0,1.0,1.0,1.0,1.0,2.0,2.0,3.0,6.0,1.0,1.0,2.0,1.0,1.0,2.0,1.0,1.0,13.0,19.0,2.0,1.0,1.0,4.0,1.0,1.0,1.0,1.0,1.0,1.0,1.0,1.0,1.0,1.0,1.0,2.0,1.0,1.0,1.0,16.0,15.0,1.0,2.0,2.0,2.0,1.0,1.0,1.0,2.0,1.0,1.0,1.0,1.0,1.0,2.0,1.0,1.0,3.0,1.0,1.0,1.0,2.0,1.0,1.0,12.0,7.0,1.0,5.0,1.0,3.0,1.0,1.0,1.0,2.0,3.0,1.0,1.0,6.0,7.0,3.0,5.0,3.0,1.0,1.0,3.0,2.0,1.0,7.0,16.0,1.0,1.0,5.0,3.0,1.0,1.0,3.0,2.0,1.0,3.96952489648403,1.0,2.0,3.0,3.0,1.0,1.0,2.0,1.0,1.0,1.0,2.0,30.0,1.0,4.0,7.0,1.0,1.0,1.0,1.0,1.0,2.0,1.0,2.0,1.0,1.0,1.0,1.0,1.0,1.0,5.0,24.0,4.0,2.0,1.0,1.0,1.0,1.0,1.0,1.0,2.0,2.0,3.0,1.0,2.0,1.0,1.0,1.0,1.0,1.0,1.0,1.0,2.0,1.0,1.0,1.0,1.0,1.0,1.0,1.0,1.0,3.0,1.0,1.0,1.0,3.0,5.0,2.0,3.0,1.0,1.0,2.0,1.0,2.0,1.0,3.0,1.0,2.0,1.0,1.0,2.0,2.0,2.0,1.0,1.0,5.0,2.0,2.0,4.0,1.0,3.0,1.0,4.0,1.0,1.0,2.0,1.0,1.0,4.0,1.0,2.0,1.0,1.0,2.0,4.0,1.0,2.0,2.0,5.0,1.0,1.0,2.0,1.0,1.0,3.0,1.0,1.0,3.0,3.0,5.0,3.0,4.0,1.0,1.0,1.0,2.0,1.0,2.0,1.0,2.0,1.0,1.0,3.0,1.0,1.0,1.0,1.0,2.0,1.0,1.0,1.0,2.0,1.0,1.0,1.0,1.0,1.0,1.0,1.0,1.0,4.0,1.0,1.0,1.0,2.0,1.0,6.0,1.0,1.0,1.0,2.0,2.0,1.0,1.0,1.0,-1.2523449689335,2.0,1.0,1.0,2.0,1.0,-1.0,-1.0,-1.0,-1.0,-2.0,1.0,9.0,-1.0,1.0,-1.0,-1.0,-5.0,-4.0,-3.0,-4.0,-5.0,-5.0,1.0,1.0,1.0,6.0,6.0,2.0,1.0,3.0,2.0,1.0,4.0,5.0,1.0,3.0,1.0,1.0,2.0,1.0,5.0,1.0,1.0,10.0,4.0,1.0,1.0,1.0,3.0,7.0,1.0,2.0,8.0,1.0,2.0,1.0,1.0,1.0,2.0,1.0,2.0,9.0,1.0,9.0,1.0,1.0,1.0,3.0,1.0,1.0,4.0,4.0,1.0,2.0,1.0,2.0,1.0,1.0,1.0,2.0,1.0,1.0,2.0,4.0,1.0,1.0,10.0,1.0,1.0,1.0,3.0,1.0,4.0,4.0,9.0,1.0,1.0,5.0,1.0,1.0,4.957128867032768,4.0,2.0,5.0,1.0,7.0,1.0,5.0,1.0,1.0,1.0,18.20845275419301,1.0,5.0,4.0,6.0,1.0,-3.0,-1.0,-1.0,-13.71931735451625,-2.0,-2.0,-1.0,-1.0,-1.0,-1.0,-3.0,-1.0,-2.0,-4.0,-1.0,-2.0,-1.0,-1.0,-1.0,5.0,4.0,2.0,7.0,2.0,1.0,2.0,1.0,2.0,1.0,3.0,4.0,4.0,1.0,1.0,2.0,4.0,2.0,6.0,1.0,5.0,11.27775448851298,8.0,7.0,1.0,4.0,3.0,1.0,1.0,1.0,2.0,1.0,4.0,1.0,1.0,1.0,1.0,2.0,1.0,1.0,3.0,2.0,4.0,7.0,7.0,4.0,1.0,1.0,4.0,1.0,1.0,2.0,1.0,1.0,5.0,1.0,2.0,7.0,4.0,2.0,2.0,1.0,1.0,1.0,2.0,2.0,2.0,1.0,1.0,2.0,6.0,1.0,4.0,2.0,3.0,-9.81276160699843,1.0,8.0,8.0,1.0,1.0,2.0,2.0,1.0,1.0,2.0,2.0,11.0,5.0,2.0,1.0,2.0,2.0,2.0,2.0,2.0,2.0,2.0,2.0,2.0,1.0,1.0,25.0,6.0,5.0,5.0,5.0,5.0,5.0,5.0,3.0,2.0,1.0,1.0,2.0,1.0,1.0,12.0,15.0,4.0,4.0,5.0,4.0,4.0,5.0,2.0,1.0,5.0,1.0,1.0,2.0,1.0,16.0,5.0,4.0,5.0,4.0,10.0,2.0,4.0,3.0,3.0,6.0,4.0,4.0,4.0,4.0,4.0,4.0,4.0,4.0,4.0,2.0,4.0,4.0,4.0,4.0,4.0,4.0,1.0,1.0,4.0,4.0,4.0,4.0,4.0,4.0,1.0,1.0,1.0,1.0,1.0,1.0,4.0,4.0,4.0,4.0,4.0,4.0,4.0,4.0,4.0,4.0,1.0,1.0,1.0,1.0,3.0,1.0,1.0,10.0,1.0,1.0,1.0,1.0,1.0,21.0,15.0,1.0,1.0,1.0,1.0,1.0,1.0,5.0,1.0,6.0,2.0,2.0,23.0,14.0,1.0,3.0,3.0,3.0,3.0,3.0,3.0,3.0,3.0,1.0,1.0,1.0,1.0,1.0,6.0,1.0,4.0,10.0,9.0,26.0,7.0,3.0,3.0,4.0,3.0,3.0,3.0,4.0,3.0,1.0,1.0,1.0,1.0,3.0,1.0,1.0,13.0,2.0,2.0,2.0,2.0,2.0,2.0,2.0,1.0,1.0,2.0,2.0,2.0,2.0,2.0,2.0,3.0,2.0,1.0,2.0,2.0,2.0,2.0,2.0,2.0,2.0,1.0,2.0,2.0,2.0,2.0,2.0,2.0,2.0,2.0,2.0,2.0,2.0,1.0,-2.0,1.0,4.0,1.0,-4.0,-4.0,-5.0,-4.0,-4.0,-4.0,-5.0,-4.0,-1.0,1.0,2.0,-1.0,1.0,-4.0,-5.0,-4.0,-4.0,-5.0,-4.0,2.0,1.0,-5.0,-6.0,-5.0,-5.0,-6.0,-5.0,1.0,1.0,1.0,-5.0,-5.0,-5.0,-5.0,-5.0,-5.0,-1.0,1.0,-1.0,-5.0,-5.0,-5.0,-5.0,-5.0,-5.0,-3.0,-4.0,-1.0,-1.0,-3.0,-1.0,0.0,1.0,-9.0,-5.0,1.0,-1.0,-2.0,-1.0,-1.0,-2.0,-1.0,-3.0,-2.0,-1.0,-1.0,-1.0,-1.0,-1.0,-3.0,-1.0,-1.0,-1.0,-1.0,-3.0,-2.0,19.45784305872714,-2.0,-1.0,-1.0,-1.0,-2.0,7.0,-4.0,-2.0,-3.0,-3.0,-1.0,-1.0,-1.0,1.0,1.0,0.0,-1.0,-5.0,-7.0,-1.0,-2.0,-1.0,9.0,2.0,13.0,-1.0,-1.0,-1.0,-5.0,-5.0,-2.0,-4.0,1.0,5.0,4.0,2.0,2.0,1.0,2.0,15.0,17.0,4.0,5.0,7.0,13.0,1.0,3.0,1.0,1.0,1.0,12.0,5.0,5.0,1.0,11.0,2.0,4.0,2.0,1.0,15.57346510062307,4.0,2.0,1.0,1.0,2.0,1.0,1.0,2.0,1.0,1.0,2.0,6.0,1.0,1.0,2.0,4.0,3.0,2.0,2.0,3.0,7.0,1.0,1.0,1.0,1.0,1.0,2.0,1.0,1.0,1.0,1.0,1.0,1.0,1.0,1.0,2.0,2.0,1.0,4.0,1.0,1.0,1.0,1.0,3.0,1.0,2.0,6.0,1.0,1.0,1.0,1.0,1.0,1.0,-2.5485758184053537,1.0,1.0,1.0,1.0,1.0,3.0,1.0,1.0,3.0,2.0,2.0,2.0,5.0,-20.80157324031526,2.0,2.0,4.0,3.0,1.0,2.0,2.0,2.0,2.0,-15.704502461243464,1.0,2.0,2.0,2.0,1.0,1.0,1.0,1.0,1.0,2.0,1.0,4.0,1.0,1.0,1.0,1.0,2.0,1.0,1.0,1.0,5.0,5.0,1.0,4.0,3.0,2.0,2.0,1.0,5.0,1.0,3.0,4.0,2.0,1.0,3.0,3.0,4.0,3.0,3.0,1.0,1.0,2.0,1.0,3.0,2.0,4.0,2.0,1.0,4.0,2.0,1.0,2.0,3.0,3.0,3.0,3.0,2.0,1.0,4.0,5.0,1.0,1.0,5.0,4.0,2.0,1.0,1.0,6.276158308138452,6.0,10.0,1.0,5.0,5.0,1.0,7.0,2.0,1.0,10.0,4.0,3.0,3.0,1.0,7.0,1.0,11.0,1.0,2.0,2.0,1.0,3.0,2.0,1.0,1.0,5.0,8.0,1.0,7.0,3.0,1.0,2.0,2.0,1.0,2.0,1.0,1.0,1.0,1.0,2.0,7.0,6.0,1.0,2.0,1.0,1.0,1.0,1.0,5.0,1.0,1.0,2.0,5.0,1.0,2.0,7.0,6.0,6.0,1.0,2.0,9.0,3.0,6.0,1.0,6.0,4.0,9.0,1.0,1.0,1.0,2.0,10.0,6.0,2.0,2.0,5.0,5.0,1.0,10.0,1.0,2.0,4.0,5.0,13.0,1.0,1.0,1.0,1.0,4.0,4.0,3.0,1.0,2.0,1.0,1.0,1.0,2.0,4.0,4.0,5.0,11.0,1.0,1.0,13.2640361646798,1.0,5.0,2.0,7.0,1.0,1.0,2.0,1.0,1.0,1.0,3.0,3.0,2.0,2.0,3.0,5.0,1.0,2.0,1.0,-2.0,1.0,1.0,7.0,-3.0,-3.0,-3.0,-3.0,1.0,0.0,4.0,-2.0,5.0,-6.0,-6.0,-6.0,-6.0,-2.0,-1.0,-1.0,-6.0,-6.0,-6.0,-6.0,-3.0,-2.0,-1.0,-1.0,-3.0,-3.0,-3.0,-3.0,-2.0,-1.0,-1.0,2.0,-1.0,-6.0,-6.0,-6.0,-7.103831779623127,-6.0,-6.0,-6.0,1.0,1.0,-3.0,-3.0,7.0,2.0,-5.0,-5.0,-5.0,-5.0,1.0,-2.0,-2.0,2.0,1.0,-5.0,-6.0,-5.0,-5.0,2.0,1.0,1.0,1.0,-6.0,-6.0,-6.0,-6.0,-1.0,1.0,-2.0,-2.0,1.0,2.0,-13.0,-13.0,-1.0,-1.0,-2.0,2.0,1.0,-5.0,-5.0,-5.0,-5.0,-5.0,-5.0,1.0,1.0,-5.0,-5.0,-5.0,-5.0,-5.0,0.0,-3.0,-12.0,-12.0,1.0,5.0,-7.0,-7.0,-7.0,-7.0,1.0,7.0,1.0,1.0,1.0,2.0,11.0,1.0,4.0,1.0,3.0,6.0,1.0,2.0,3.0,15.0,3.0,2.0,3.0,4.0,1.0,6.0,6.0,4.0,2.0,1.0,1.0,1.0,1.0,1.0,1.0,3.0,7.0,1.0,3.0,1.0,1.0,1.0,3.0,2.0,1.0,2.0,2.0,1.0,1.0,3.0,3.0,3.0,1.0,1.0,2.0,3.0,3.0,3.0,1.0,1.0,1.0,3.0,4.0,4.0,2.0,3.0,1.0,1.0,1.0,1.0,1.0,1.0,2.0,3.0,4.0,4.0,2.0,6.0,3.0,1.0,1.0,1.0,1.0,1.0,1.0,2.0,3.0,1.0,13.0,3.0,1.0,1.0,6.0,1.0,1.0,1.0,4.0,1.0,1.0,2.0,2.0,4.0,3.0,3.0,1.0,1.0,1.0,1.0,2.0,2.0,3.0,3.0,1.0,1.0,2.0,2.0,1.0,2.0,6.0,6.0,2.0,3.0,2.0,2.0,1.0,1.0,2.0,2.0,6.0,6.0,2.0,3.0,2.0,2.0,1.0,1.0,21.0,3.0,4.0,1.0,2.0,2.0,8.0,1.0,7.0,2.0,1.0,2.0,3.0,4.0,4.0,1.0,16.0,1.0,6.0,3.0,1.0,1.0,2.0,10.0,1.0,10.0,3.0,3.0,2.0,1.0,4.0,3.0,1.0,2.0,1.0,1.0,4.0,1.0,3.0,1.0,2.0,2.0,1.0,1.0,1.0,1.0,3.0,1.0,1.0,2.0,1.0,1.0,1.0,1.0,1.0,1.29786125122586,1.0,1.0,1.0,1.0,1.0,4.0,3.0,1.0,1.0,1.0,1.0,1.0,1.0,2.0,2.0,1.0,4.0,1.0,4.0,1.0,1.0,2.0,1.0,1.0,3.0,2.0,2.0,2.0,2.0,1.0,1.0,6.0,24.0,4.0,1.0,3.0,2.0,1.0,1.0,16.0,35.0,3.0,1.0,1.0,1.0,1.0,1.0,1.0,3.0,5.0,1.0,1.0,2.0,7.0,5.0,5.0,2.0,3.0,1.0,1.0,1.0,8.0,1.0,5.0,3.0,2.0,9.0,6.0,1.0,4.0,13.0,1.0,7.0,7.0,1.0,1.0,1.0,1.0,1.0,4.0,6.0,3.0,2.0,1.0,8.0,6.0,1.0,1.0,1.0,2.0,3.0,1.0,2.0,8.0,1.0,2.0,9.0,2.0,1.0,1.0,1.0,1.0,1.0,4.0,1.0,1.0,4.0,5.0,1.0,1.0,2.0,3.0,2.0,1.0,2.0,5.0,6.0,4.0,6.0,8.0,11.0,7.0,6.0,1.0,1.0,1.0,4.0,1.0,3.0,4.0,5.0,12.0,5.0,2.0,2.0,1.0,4.0,2.0,1.0,1.0,1.0,3.0,4.0,3.0,2.0,17.29671484676516,3.0,5.0,1.0,7.0,5.0,2.0,2.0,3.0,1.0,1.0,1.0,1.0,2.0,1.0,2.0,1.0,1.0,12.0,10.0,8.0,6.0,5.0,1.0,1.0,1.0,3.0,1.0,1.0,1.0,3.0,4.0,1.0,2.0,1.0,1.0,1.0,2.0,1.0,1.0,8.0,1.0,1.0,2.0,2.0,5.0,2.0,2.0,1.0,1.0,3.0,2.0,3.0,1.0,6.0,6.0,1.0,1.0,6.0,1.0,6.0,9.0,3.0,13.0,10.0,1.0,1.0,11.0,1.0,1.0,3.0,8.0,9.0,2.0,1.0,2.0,3.0,3.0,3.0,1.0,1.0,1.0,5.0,5.0,2.0,1.0,2.0,2.0,1.0,1.0,5.0,1.0,1.0,1.0,1.0,3.0,2.0,1.0,2.0,1.0,3.0,4.0,1.0,2.0,1.0,2.0,1.0,2.0,2.0,1.0,1.0,2.0,2.0,1.0,1.0,1.0,1.0,1.0,1.0,2.0,1.0,8.0,2.0,1.0,5.0,6.0,2.0,1.0,1.0,1.0,6.0,2.0,3.0,4.0,3.0,1.0,1.0,2.0,2.0,1.0,1.0,11.0,1.0,1.0,2.0,4.0,5.0,3.0,1.0,4.0,1.0,14.0,4.0,7.0,1.0,1.0,2.0,1.0,1.0,2.92572291035908,1.0,1.0,1.0,3.0,1.0,9.0,2.0,2.0,1.0,1.0,7.0,1.0,8.0,1.0,1.0,1.0,1.0,2.0,1.0,1.0,1.0,1.0,2.0,1.0,1.0,1.0,1.0,1.0,1.0,4.0,4.0,3.0,2.0,1.0,1.0,1.0,1.0,3.0,1.0,1.0,1.0,1.0,1.0,1.0,1.0,1.0,2.0,1.0,3.0,0.24337417607789,1.0,1.0,3.0,5.0,9.0,7.0,2.0,2.0,1.0,1.0,1.0,2.0,3.0,1.0,1.0,2.0,3.0,1.0,1.0,2.0,2.0,1.0,1.0,1.0,1.0,2.0,1.0,1.0,-1.0,-1.0,-2.0,-4.0,-12.0,-7.0,-6.0,-6.0,-9.0,-11.0,-2.0,-8.0,-10.0,-6.0,-11.0,-6.50984180533249,-1.0,-4.0,-1.0,-10.0,-11.0,-3.0,-8.0,-12.0,-10.0,-1.0,-1.0,-1.0,-1.0,-7.0,-7.0,-13.0,-7.0,2.0,1.0,1.0,1.0,2.0,1.0,1.0,5.0,1.0,2.0,1.0,1.0,3.0,1.0,3.0,1.0,1.0,1.0,1.0,1.0,1.0,1.0,1.0,4.0,1.0,1.0,2.0,1.0,1.0,3.0,1.0,1.0,2.0,1.0,1.0,2.0,3.0,1.0,2.0,1.0,1.0,1.0,1.0,1.0,1.0,2.0,1.0,2.0,1.0,2.0,5.0,6.0,1.0,2.0,1.0,1.0,3.0,1.0,1.0,2.0,3.0,3.0,1.0,1.0,2.0,5.0,5.0,1.0,1.0,4.0,3.0,2.0,1.0,1.0,-1.0,1.0,2.0,-3.0,1.0,1.0,-4.0,-4.0,-3.0,2.0,-1.0,-1.0,-1.0,-2.0,2.0,10.0,1.0,1.0,1.0,2.0,3.0,4.0,1.0,2.0,1.0,17.0,1.0,1.0,1.0,1.0,2.0,1.0,1.0,1.0,4.0,4.0,1.0,3.0,1.0,1.0,2.0,1.0,1.0,1.0,2.0,2.0,1.0,1.0,1.0,1.0,2.0,3.0,18.94840458248437,1.0,1.0,3.0,1.0,1.0,1.0,2.0,3.0,1.0,1.0,2.0,4.0,2.0,1.0,1.0,1.0,1.0,2.0,3.0,1.0,4.0,1.0,1.0,1.0,4.0,4.0,1.0,1.0,2.0,2.0,2.0,2.0,1.0,2.0,1.0,2.0,3.0,1.0,6.0,11.0,8.0,5.0,4.0,5.0,3.0,2.0,1.0,1.0,1.0,1.0,1.0,2.0,2.0,3.0,2.0,3.0,1.0,1.0,1.0,1.0,1.0,1.0,3.0,2.0,5.0,1.0,2.0,2.0,1.0,5.0,1.0,5.0,1.0,2.0,5.0,3.0,2.0,1.0,15.11250881122309,1.0,2.0,3.0,1.0,1.0,1.0,3.0,3.0,2.0,4.0,1.0,1.0,1.0,1.0,1.0,1.0,1.0,1.0,1.0,1.0,1.0,3.0,5.0,1.0,1.0,1.0,2.0,2.0,1.0,1.0,5.0,1.0,1.0,5.0,1.0,1.0,-7.0,-7.0,1.0,-1.0,-4.0,-2.0,-1.0,-2.0,-1.0,1.0,-1.0,-3.0,-5.0,0.0,-3.0,-1.0,-2.0,-4.0,1.0,-1.0,1.0,-1.0,-1.0,1.0,-1.0,-1.0,2.0,-2.0,-3.0,2.0,-2.0,-1.0,1.0,-1.0,-1.0,-2.0,1.0,-2.0,-1.0,2.0,-1.0,-1.0,-1.0,-1.0,-2.0,2.0,-2.0,-2.0,0.0,-1.0,-1.0,-1.0,-1.0,-1.0,1.0,1.0,1.0,7.0,1.0,1.0,1.0,1.0,1.0,2.0,1.0,1.0,12.0,1.0,1.0,1.0,1.0,1.0,1.0,2.0,1.0,1.0,1.0,1.0,2.0,4.0,3.0,1.0,1.0,3.0,1.0,1.0,1.0,1.0,2.0,1.0,1.0,1.0,1.0,1.0,2.0,1.0,1.0,3.0,7.0,2.0,1.0,1.0,1.0,1.0,1.0,1.0,1.0,1.0,1.0,1.0,1.0,1.0,6.0,1.0,1.0,1.0,1.0,1.0,1.0,1.0,1.0,1.0,1.0,1.0,1.0,1.0,1.0,1.0,1.0,4.0,1.0,1.0,1.0,1.0,1.0,1.0,1.0,1.0,1.0,1.0,1.0,1.0,1.0,1.0,1.0,1.0,1.0,1.0,1.0,-1.0,-1.0,1.0,1.0,2.0,-2.0,-2.0,-2.0,-2.0,-2.0,1.0,1.0,-3.56110793196185,-3.0,-3.0,-3.0,1.0,-5.0,-5.0,-5.0,1.0,1.0,1.0,1.0,2.0,1.0,1.0,-1.0,-1.0,-1.0,-1.0,-1.0,-1.0,4.0,4.0,1.0,1.0,3.0,1.0,1.0,1.0,1.0,1.0,3.0,3.0,2.0,1.0,1.0,1.0,1.0,1.0,2.0,1.0,1.0,2.0,2.0,1.0,1.0,1.0,1.0,1.0,3.0,3.0,3.0,1.0,1.0,2.0,1.0,1.0,2.0,2.0,2.0,1.0,1.0,1.0,2.0,1.0,1.0,1.0,1.0,3.0,1.0,1.0,1.0,1.0,4.0,2.0,5.0,1.0,2.0,1.0,1.0,1.0,1.0,3.0,1.0,2.0,3.0,2.0,1.0,1.0,1.0,2.0,2.0,2.0,2.0,1.0,6.0,3.0,6.0,1.0,1.0,1.0,3.0,1.0,4.0,5.0,1.0,1.0,1.0,1.0,1.0,17.0,1.0,2.0,12.0,1.0,2.0,3.0,8.0,13.0,5.0,2.0,1.0,2.0,6.0,4.0,4.0,2.0,1.0,3.0,2.0,1.0,1.0,1.0,3.0,1.0,1.0,1.0,3.0,1.0,1.0,1.0,3.0,1.0,1.0,1.0,2.0,3.0,7.0,4.0,3.0,-0.31044766992144,2.0,2.0,2.0,1.0,1.0,1.0,1.0,1.0,1.0,1.0,1.0,1.0,1.0,1.0,1.0,1.0,1.0,1.0,1.0,1.0,1.0,1.0,1.0,1.0,1.0,1.0,1.0,1.0,3.0,1.0,1.0,2.0,2.0,2.0,2.0,3.0,1.0,1.0,1.0,2.0,1.0,4.0,3.0,1.0,1.0,1.0,2.0,1.0,7.39298284432326,1.0,5.0,3.0,2.0,1.0,1.0,1.0,1.0,1.0,1.0,1.0,1.0,1.0,3.0,4.0,3.0,1.0,1.0,1.0,1.0,1.0,1.0,1.0,1.0,1.0,1.0,1.0,1.0,2.0,1.0,1.0,1.0,1.0,1.0,1.0,1.0,1.0,1.0,1.0,1.0,2.0,1.0,1.0,1.0,1.0,1.0,1.0,1.0,1.0,1.0,1.0,1.0,1.0,1.0,3.0,8.0,2.0,1.0,2.0,1.0,1.0,4.0,1.0,1.0,1.0,1.0,1.0,1.0,1.0,7.0,5.0,2.0,3.0,1.0,1.0,2.0,1.0,1.0,1.0,1.0,1.0,1.0,2.0,3.0,1.0,2.0,2.0,2.0,-16.38832593496558,3.0,1.0,1.0,1.0,1.0,3.0,2.0,3.0,3.0,1.0,1.0,2.0,2.0,2.0,3.0,2.0,1.0,3.0,1.0,2.0,2.0,2.0,2.0,2.0,2.0,1.0,1.0,1.0,1.0,1.0,1.0,1.0,1.0,1.0,2.0,1.0,1.0,1.0,3.0,1.0,1.0,1.0,1.0,1.0,1.0,1.0,2.0,1.0,6.0,1.0,5.0,1.0,4.0,1.0,8.0,1.0,3.0,3.0,4.0,1.0,2.0,2.0,1.0,1.0,3.0,2.0,3.0,1.0,2.0,1.0,1.0,2.0,1.0,1.0,4.0,6.0,1.0,1.0,1.0,2.0,2.0,1.0,1.0,3.0,5.0,5.38785976813884,1.0,1.0,5.0,1.0,1.0,2.0,1.0,1.0,1.0,4.0,2.0,1.0,4.0,2.0,6.0,1.0,1.0,1.0,1.0,6.0,5.96397995782018,1.0,1.0,3.0,3.0,-1.3686525685699,9.0,2.0,3.0,3.0,3.0,3.0,1.0,1.0,5.0,5.0,5.0,5.0,1.0,7.0,10.0,2.0,1.0,4.0,5.0,5.0,5.0,5.0,2.0,1.0,3.0,5.0,4.0,2.0,2.0,1.0,1.0,2.0,3.0,1.0,1.0,3.0,11.0,5.0,5.0,5.0,5.0,5.0,5.0,5.0,5.0,13.0,3.0,2.0,2.0,3.0,11.0,5.0,5.0,5.0,5.0,1.0,1.0,2.0,18.0,11.0,2.0,1.0,3.0,3.0,5.0,5.0,5.0,5.0,5.0,5.0,2.0,1.0,3.0,1.0,1.0,21.0,1.0,2.0,3.0,6.0,6.0,6.0,6.0,2.0,5.0,3.0,2.0,5.0,13.0,2.0,5.0,5.0,5.0,5.0,6.0,2.0,24.0,2.0,1.0,2.0,5.0,5.0,5.0,5.0,1.0,2.0,4.0,3.0,12.0,1.0,9.0,4.0,4.0,4.0,4.0,4.0,4.0,4.0,1.0,10.0,4.0,1.0,21.0,1.0,2.0,1.0,1.0,1.0,4.0,3.0,5.0,6.0,6.0,6.0,6.0,6.0,1.0,1.0,3.0,15.0,1.0,1.0,1.0,1.0,7.0,4.0,1.0,10.0,5.0,5.0,5.0,5.0,1.0,1.0,4.0,2.0,-19.72431348956135,1.0,2.0,2.0,9.0,2.0,1.0,1.0,3.0,1.0,4.0,3.0,1.0,1.0,1.0,1.0,1.0,2.0,1.0,1.0,9.0,1.0,1.0,1.0,2.0,5.0,5.0,5.0,5.0,2.0,1.0,7.0,1.0,2.0,5.0,5.0,5.0,5.0,5.0,5.0,5.0,3.0,1.0,1.0,20.0,1.0,1.0,1.0,4.0,1.0,1.0,2.0,1.0,9.0,3.0,4.0,4.0,4.0,4.0,4.0,4.0,4.0,4.0,1.0,1.0,37.0,1.0,1.0,1.0,6.0,6.0,6.0,6.0,6.0,6.0,1.0,1.0,1.0,1.0,6.0,16.0,1.0,5.0,5.0,5.0,5.0,1.0,27.0,1.0,1.0,1.0,7.0,6.0,6.0,6.0,6.0,1.0,2.0,1.0,30.0,1.0,1.0,1.0,1.0,8.0,6.0,6.0,6.0,6.0,13.32796194626393,2.0,2.0,2.0,2.0,5.0,5.0,7.0,3.0,30.0,3.0,10.0,6.0,1.0,10.0,5.0,5.0,5.0,5.0,5.0,5.0,5.0,4.0,1.0,6.0,8.0,1.0,2.0,3.0,4.0,4.0,5.0,6.0,6.0,6.0,6.0,-5.0,-5.0,-5.0,-5.0,-5.0,-5.0,-5.0,-5.0,-5.0,-5.0,1.0
1.0,1.0,1.0,2.0,1.0,2.0,4.0,7.0,1.0,2.0,1.0,5.0,1.0,1.0,1.0,1.0,3.0,1.0,2.0,1.0,1.0,1.0,1.0,1.0,1.0,1.0,5.0,2.0,1.0,3.0,1.0,1.0,5.0,1.0,1.0,2.0,1.0,1.0,1.0,2.0,3.0,1.0,1.0,1.0,1.0,1.0,1.0,1.0,1.0,1.0,1.0,1.0,5.0,3.0,2.0,1.0,1.0,2.0,1.0,1.0,1.0,1.0,1.0,1.0,1.0,1.0,2.0,1.0,5.0,1.0,2.0,1.0,1.0,2.0,1.0,1.0,1.0,1.0,2.0,1.0,7.0,4.0,1.0,2.0,1.0,2.0,12.0,5.0,1.0,15.0,1.0,2.0,2.0,2.0,1.0,1.0,8.0,1.0,4.0,1.0,1.0,16.0,3.0,3.0,1.0,2.0,1.0,1.0,6.0,7.0,1.0,2.0,3.0,2.0,2.0,3.0,2.0,1.0,5.0,1.0,3.0,2.0,2.0,1.0,1.0,1.0,10.0,10.0,1.0,3.0,2.0,1.0,2.0,5.0,2.0,1.0,3.0,1.0,1.0,1.0,1.0,1.0,1.0,1.0,7.0,1.0,1.0,13.0,1.0,1.0,1.0,10.0,2.0,1.0,3.0,1.0,1.0,2.0,3.0,1.0,1.0,1.0,1.0,1.0,1.0,1.0,2.0,1.0,14.0,1.0,1.0,1.0,2.0,2.0,1.0,3.0,2.0,1.0,1.0,1.0,2.0,5.0,1.0,1.0,1.0,4.0,1.0,4.0,2.0,14.0,1.0,2.0,2.0,4.0,1.0,1.0,3.0,1.0,1.0,2.0,1.0,1.0,4.0,3.0,17.0,1.0,1.0,1.0,1.0,3.0,1.0,3.0,5.0,1.0,2.0,2.0,2.0,1.0,1.0,1.0,4.0,1.0,2.0,1.0,1.0,1.0,1.0,1.0,1.0,5.0,2.0,2.0,3.0,1.0,1.0,1.0,1.0,2.0,1.0,1.0,1.0,1.0,1.0,5.0,2.0,3.0,2.0,2.0,3.0,1.0,2.0,4.0,1.0,2.0,2.0,2.0,1.0,1.0,1.0,1.0,1.0,3.0,2.0,1.0,1.0,13.0,3.0,1.0,1.0,1.0,7.0,4.0,1.0,1.0,1.0,8.0,1.0,1.0,6.0,2.0,1.0,3.0,2.0,8.0,2.0,1.0,1.0,1.0,5.0,1.0,8.0,1.0,4.0,9.0,7.0,1.0,1.0,8.0,1.0,2.0,1.0,1.0,4.0,1.0,1.0,1.0,7.0,4.0,5.0,3.0,1.0,1.0,1.0,2.0,1.0,1.0,1.0,1.0,1.0,1.0,6.0,3.0,2.0,2.0,1.0,1.0,1.0,1.0,1.0,1.0,5.0,1.0,1.0,3.0,1.0,1.0,3.0,3.0,1.0,1.0,1.0,2.0,2.0,1.0,1.0,1.0,3.0,4.0,4.0,1.0,1.0,1.0,2.0,1.0,2.0,2.0,2.0,8.0,9.0,3.0,1.0,2.0,1.0,1.0,3.0,2.0,2.0,1.0,5.0,1.0,3.0,3.0,3.0,4.0,1.0,1.0,2.0,2.0,3.0,3.0,1.0,3.0,2.0,1.0,1.0,1.0,1.0,1.0,1.0,1.0,1.0,1.0,1.0,1.0,2.0,10.0,2.0,3.0,3.0,3.0,2.0,1.0,1.0,1.0,1.0,2.0,1.0,15.0,3.0,3.0,3.0,3.0,1.0,1.0,11.0,2.0,2.0,2.0,3.0,1.0,1.0,1.0,1.0,9.0,2.0,2.0,3.0,3.0,1.0,1.0,1.0,2.0,1.0,13.0,2.0,2.0,3.0,3.0,6.0,5.0,2.0,2.0,2.0,2.0,3.0,3.0,4.0,3.0,2.0,2.0,3.0,3.0,4.0,2.0,7.0,3.0,3.0,2.0,2.0,1.0,3.0,7.0,2.0,13.0,6.0,4.0,1.0,1.0,1.0,2.0,1.0,3.0,2.0,10.0,2.0,14.0,1.0,1.0,1.0,9.0,3.0,2.0,1.0,1.0,10.0,2.0,1.0,1.0,1.0,2.0,3.0,7.0,5.0,1.0,1.0,1.0,2.0,6.0,2.0,2.0,4.0,2.0,1.0,1.0,1.0,3.0,2.0,10.0,3.0,1.0,1.0,1.0,5.0,3.0,5.0,1.0,3.0,1.0,1.0,2.0,2.0,3.0,2.0,1.0,2.0,1.0,1.0,1.0,2.0,1.0,1.0,1.0,1.0,5.0,1.0,2.0,1.0,1.0,1.0,1.0,1.0,4.0,1.0,1.0,14.0,1.0,4.0,1.0,13.0,11.0,2.0,2.0,1.0,5.0,1.0,11.0,1.0,1.0,1.0,1.0,1.0,4.0,1.0,1.0,1.0,1.0,3.0,1.0,3.0,1.0,5.0,9.0,1.0,1.0,1.0,1.0,4.0,1.0,6.0,13.0,1.0,3.0,3.0,4.0,1.0,3.0,1.0,4.0,1.0,14.0,9.0,12.0,7.0,1.0,1.0,1.0,2.0,4.0,4.0,6.0,10.0,8.0,21.0,4.0,4.0,3.0,2.0,4.0,1.0,2.0,12.0,11.0,1.0,3.0,4.0,1.0,1.0,1.0,1.0,3.0,6.0,7.0,2.0,5.0,3.0,3.0,8.0,10.0,2.0,19.0,8.0,5.0,1.0,3.0,2.0,6.0,-2.04564786099211,2.0,1.0,2.0,3.0,8.0,9.0,6.0,6.0,1.0,1.0,2.0,2.0,2.0,8.0,4.0,5.0,8.0,7.0,13.0,3.0,9.0,2.0,1.0,3.0,5.0,1.0,3.0,1.0,1.0,5.47566330468136,8.0,1.0,2.0,1.0,1.0,6.0,1.0,1.0,1.0,5.0,15.0,1.0,2.0,7.0,5.0,4.0,5.0,4.0,16.0,6.0,4.0,2.0,1.0,1.0,1.0,1.0,1.0,1.0,2.0,1.0,7.0,7.0,4.0,1.0,2.0,1.0,2.0,1.0,1.0,1.0,1.0,2.0,2.0,1.0,1.0,1.0,1.0,1.0,1.0,1.0,1.0,1.0,1.0,1.0,2.0,2.0,4.0,1.0,1.0,1.0,2.0,7.0,1.0,1.0,1.0,1.0,1.0,1.0,1.0,2.0,3.0,6.0,7.0,4.0,1.0,3.0,1.0,1.0,1.0,1.0,1.0,1.0,1.0,1.0,1.0,2.0,1.0,1.0,2.0,1.0,1.0,1.0,2.0,1.0,1.0,1.0,1.0,1.0,2.0,2.0,3.0,6.0,1.0,1.0,2.0,1.0,1.0,2.0,1.0,1.0,13.0,19.0,2.0,1.0,1.0,4.0,1.0,1.0,1.0,1.0,1.0,1.0,1.0,1.0,1.0,1.0,1.0,2.0,1.0,1.0,1.0,16.0,15.0,1.0,2.0,2.0,2.0,1.0,1.0,1.0,2.0,1.0,1.0,1.0,1.0,1.0,2.0,1.0,1.0,3.0,1.0,1.0,1.0,2.0,1.0,1.0,12.0,7.0,1.0,5.0,1.0,3.0,1.0,1.0,1.0,2.0,3.0,1.0,1.0,6.0,7.0,3.0,5.0,3.0,1.0,1.0,3.0,2.0,1.0,7.0,16.0,1.0,1.0,5.0,3.0,1.0,1.0,3.0,2.0,1.0,3.96952489648403,1.0,2.0,3.0,3.0,1.0,1.0,2.0,1.0,1.0,1.0,2.0,30.0,1.0,4.0,7.0,1.0,1.0,1.0,1.0,1.0,2.0,1.0,2.0,1.0,1.0,1.0,1.0,1.0,1.0,5.0,24.0,4.0,2.0,1.0,1.0,1.0,1.0,1.0,1.0,2.0,2.0,3.0,1.0,2.0,1.0,1.0,1.0,1.0,1.0,1.0,1.0,2.0,1.0,1.0,1.0,1.0,1.0,1.0,1.0,1.0,3.0,1.0,1.0,1.0,3.0,5.0,2.0,3.0,1.0,1.0,2.0,1.0,2.0,1.0,3.0,1.0,2.0,1.0,1.0,2.0,2.0,2.0,1.0,1.0,5.0,2.0,2.0,4.0,1.0,3.0,1.0,4.0,1.0,1.0,2.0,1.0,1.0,4.0,1.0,2.0,1.0,1.0,2.0,4.0,1.0,2.0,2.0,5.0,1.0,1.0,2.0,1.0,1.0,3.0,1.0,1.0,3.0,3.0,5.0,3.0,4.0,1.0,1.0,1.0,2.0,1.0,2.0,1.0,2.0,1.0,1.0,3.0,1.0,1.0,1.0,1.0,2.0,1.0,1.0,1.0,2.0,1.0,1.0,1.0,1.0,1.0,1.0,1.0,1.0,4.0,1.0,1.0,1.0,2.0,1.0,6.0,1.0,1.0,1.0,2.0,2.0,1.0,1.0,1.0,-1.2523449689335,2.0,1.0,1.0,2.0,1.0,-1.0,-1.0,-1.0,-1.0,-2.0,1.0,9.0,-1.0,1.0,-1.0,-1.0,-5.0,-4.0,-3.0,-4.0,-5.0,-5.0,1.0,1.0,1.0,6.0,6.0,2.0,1.0,3.0,2.0,1.0,4.0,5.0,1.0,3.0,1.0,1.0,2.0,1.0,5.0,1.0,1.0,10.0,4.0,1.0,1.0,1.0,3.0,7.0,1.0,2.0,8.0,1.0,2.0,1.0,1.0,1.0,2.0,1.0,2.0,9.0,1.0,9.0,1.0,1.0,1.0,3.0,1.0,1.0,4.0,4.0,1.0,2.0,1.0,2.0,1.0,1.0,1.0,2.0,1.0,1.0,2.0,4.0,1.0,1.0,10.0,1.0,1.0,1.0,3.0,1.0,4.0,4.0,9.0,1.0,1.0,5.0,1.0,1.0,4.957128867032768,4.0,2.0,5.0,1.0,7.0,1.0,5.0,1.0,1.0,1.0,18.20845275419301,1.0,5.0,4.0,6.0,1.0,-3.0,-1.0,-1.0,-13.71931735451625,-2.0,-2.0,-1.0,-1.0,-1.0,-1.0,-3.0,-1.0,-2.0,-4.0,-1.0,-2.0,-1.0,-1.0,-1.0,5.0,4.0,2.0,7.0,2.0,1.0,2.0,1.0,2.0,1.0,3.0,4.0,4.0,1.0,1.0,2.0,4.0,2.0,6.0,1.0,5.0,11.27775448851298,8.0,7.0,1.0,4.0,3.0,1.0,1.0,1.0,2.0,1.0,4.0,1.0,1.0,1.0,1.0,2.0,1.0,1.0,3.0,2.0,4.0,7.0,7.0,4.0,1.0,1.0,4.0,1.0,1.0,2.0,1.0,1.0,5.0,1.0,2.0,7.0,4.0,2.0,2.0,1.0,1.0,1.0,2.0,2.0,2.0,1.0,1.0,2.0,6.0,1.0,4.0,2.0,3.0,-9.81276160699843,1.0,8.0,8.0,1.0,1.0,2.0,2.0,1.0,1.0,2.0,2.0,11.0,5.0,2.0,1.0,2.0,2.0,2.0,2.0,2.0,2.0,2.0,2.0,2.0,1.0,1.0,25.0,6.0,5.0,5.0,5.0,5.0,5.0,5.0,3.0,2.0,1.0,1.0,2.0,1.0,1.0,12.0,15.0,4.0,4.0,5.0,4.0,4.0,5.0,2.0,1.0,5.0,1.0,1.0,2.0,1.0,16.0,5.0,4.0,5.0,4.0,10.0,2.0,4.0,3.0,3.0,6.0,4.0,4.0,4.0,4.0,4.0,4.0,4.0,4.0,4.0,2.0,4.0,4.0,4.0,4.0,4.0,4.0,1.0,1.0,4.0,4.0,4.0,4.0,4.0,4.0,1.0,1.0,1.0,1.0,1.0,1.0,4.0,4.0,4.0,4.0,4.0,4.0,4.0,4.0,4.0,4.0,1.0,1.0,1.0,1.0,3.0,1.0,1.0,10.0,1.0,1.0,1.0,1.0,1.0,21.0,15.0,1.0,1.0,1.0,1.0,1.0,1.0,5.0,1.0,6.0,2.0,2.0,23.0,14.0,1.0,3.0,3.0,3.0,3.0,3.0,3.0,3.0,3.0,1.0,1.0,1.0,1.0,1.0,6.0,1.0,4.0,10.0,9.0,26.0,7.0,3.0,3.0,4.0,3.0,3.0,3.0,4.0,3.0,1.0,1.0,1.0,1.0,3.0,1.0,1.0,13.0,2.0,2.0,2.0,2.0,2.0,2.0,2.0,1.0,1.0,2.0,2.0,2.0,2.0,2.0,2.0,3.0,2.0,1.0,2.0,2.0,2.0,2.0,2.0,2.0,2.0,1.0,2.0,2.0,2.0,2.0,2.0,2.0,2.0,2.0,2.0,2.0,2.0,1.0,-2.0,1.0,4.0,1.0,-4.0,-4.0,-5.0,-4.0,-4.0,-4.0,-5.0,-4.0,-1.0,1.0,2.0,-1.0,1.0,-4.0,-5.0,-4.0,-4.0,-5.0,-4.0,2.0,1.0,-5.0,-6.0,-5.0,-5.0,-6.0,-5.0,1.0,1.0,1.0,-5.0,-5.0,-5.0,-5.0,-5.0,-5.0,-1.0,1.0,-1.0,-5.0,-5.0,-5.0,-5.0,-5.0,-5.0,-3.0,-4.0,-1.0,-1.0,-3.0,-1.0,0.0,1.0,-9.0,-5.0,1.0,-1.0,-2.0,-1.0,-1.0,-2.0,-1.0,-3.0,-2.0,-1.0,-1.0,-1.0,-1.0,-1.0,-3.0,-1.0,-1.0,-1.0,-1.0,-3.0,-2.0,19.45784305872714,-2.0,-1.0,-1.0,-1.0,-2.0,7.0,-4.0,-2.0,-3.0,-3.0,-1.0,-1.0,-1.0,1.0,1.0,0.0,-1.0,-5.0,-7.0,-1.0,-2.0,-1.0,9.0,2.0,13.0,-1.0,-1.0,-1.0,-5.0,-5.0,-2.0,-4.0,1.0,5.0,4.0,2.0,2.0,1.0,2.0,15.0,17.0,4.0,5.0,7.0,13.0,1.0,3.0,1.0,1.0,1.0,12.0,5.0,5.0,1.0,11.0,2.0,4.0,2.0,1.0,15.57346510062307,4.0,2.0,1.0,1.0,2.0,1.0,1.0,2.0,1.0,1.0,2.0,6.0,1.0,1.0,2.0,4.0,3.0,2.0,2.0,3.0,7.0,1.0,1.0,1.0,1.0,1.0,2.0,1.0,1.0,1.0,1.0,1.0,1.0,1.0,1.0,2.0,2.0,1.0,4.0,1.0,1.0,1.0,1.0,3.0,1.0,2.0,6.0,1.0,1.0,1.0,1.0,1.0,1.0,-2.5485758184053537,1.0,1.0,1.0,1.0,1.0,3.0,1.0,1.0,3.0,2.0,2.0,2.0,5.0,-20.80157324031526,2.0,2.0,4.0,3.0,1.0,2.0,2.0,2.0,2.0,-15.704502461243464,1.0,2.0,2.0,2.0,1.0,1.0,1.0,1.0,1.0,2.0,1.0,4.0,1.0,1.0,1.0,1.0,2.0,1.0,1.0,1.0,5.0,5.0,1.0,4.0,3.0,2.0,2.0,1.0,5.0,1.0,3.0,4.0,2.0,1.0,3.0,3.0,4.0,3.0,3.0,1.0,1.0,2.0,1.0,3.0,2.0,4.0,2.0,1.0,4.0,2.0,1.0,2.0,3.0,3.0,3.0,3.0,2.0,1.0,4.0,5.0,1.0,1.0,5.0,4.0,2.0,1.0,1.0,6.276158308138452,6.0,10.0,1.0,5.0,5.0,1.0,7.0,2.0,1.0,10.0,4.0,3.0,3.0,1.0,7.0,1.0,11.0,1.0,2.0,2.0,1.0,3.0,2.0,1.0,1.0,5.0,8.0,1.0,7.0,3.0,1.0,2.0,2.0,1.0,2.0,1.0,1.0,1.0,1.0,2.0,7.0,6.0,1.0,2.0,1.0,1.0,1.0,1.0,5.0,1.0,1.0,2.0,5.0,1.0,2.0,7.0,6.0,6.0,1.0,2.0,9.0,3.0,6.0,1.0,6.0,4.0,9.0,1.0,1.0,1.0,2.0,10.0,6.0,2.0,2.0,5.0,5.0,1.0,10.0,1.0,2.0,4.0,5.0,13.0,1.0,1.0,1.0,1.0,4.0,4.0,3.0,1.0,2.0,1.0,1.0,1.0,2.0,4.0,4.0,5.0,11.0,1.0,1.0,13.2640361646798,1.0,5.0,2.0,7.0,1.0,1.0,2.0,1.0,1.0,1.0,3.0,3.0,2.0,2.0,3.0,5.0,1.0,2.0,1.0,-2.0,1.0,1.0,7.0,-3.0,-3.0,-3.0,-3.0,1.0,0.0,4.0,-2.0,5.0,-6.0,-6.0,-6.0,-6.0,-2.0,-1.0,-1.0,-6.0,-6.0,-6.0,-6.0,-3.0,-2.0,-1.0,-1.0,-3.0,-3.0,-3.0,-3.0,-2.0,-1.0,-1.0,2.0,-1.0,-6.0,-6.0,-6.0,-7.103831779623127,-6.0,-6.0,-6.0,1.0,1.0,-3.0,-3.0,7.0,2.0,-5.0,-5.0,-5.0,-5.0,1.0,-2.0,-2.0,2.0,1.0,-5.0,-6.0,-5.0,-5.0,2.0,1.0,1.0,1.0,-6.0,-6.0,-6.0,-6.0,-1.0,1.0,-2.0,-2.0,1.0,2.0,-13.0,-13.0,-1.0,-1.0,-2.0,2.0,1.0,-5.0,-5.0,-5.0,-5.0,-5.0,-5.0,1.0,1.0,-5.0,-5.0,-5.0,-5.0,-5.0,0.0,-3.0,-12.0,-12.0,1.0,5.0,-7.0,-7.0,-7.0,-7.0,1.0,7.0,1.0,1.0,1.0,2.0,11.0,1.0,4.0,1.0,3.0,6.0,1.0,2.0,3.0,15.0,3.0,2.0,3.0,4.0,1.0,6.0,6.0,4.0,2.0,1.0,1.0,1.0,1.0,1.0,1.0,3.0,7.0,1.0,3.0,1.0,1.0,1.0,3.0,2.0,1.0,2.0,2.0,1.0,1.0,3.0,3.0,3.0,1.0,1.0,2.0,3.0,3.0,3.0,1.0,1.0,1.0,3.0,4.0,4.0,2.0,3.0,1.0,1.0,1.0,1.0,1.0,1.0,2.0,3.0,4.0,4.0,2.0,6.0,3.0,1.0,1.0,1.0,1.0,1.0,1.0,2.0,3.0,1.0,13.0,3.0,1.0,1.0,6.0,1.0,1.0,1.0,4.0,1.0,1.0,2.0,2.0,4.0,3.0,3.0,1.0,1.0,1.0,1.0,2.0,2.0,3.0,3.0,1.0,1.0,2.0,2.0,1.0,2.0,6.0,6.0,2.0,3.0,2.0,2.0,1.0,1.0,2.0,2.0,6.0,6.0,2.0,3.0,2.0,2.0,1.0,1.0,21.0,3.0,4.0,1.0,2.0,2.0,8.0,1.0,7.0,2.0,1.0,2.0,3.0,4.0,4.0,1.0,16.0,1.0,6.0,3.0,1.0,1.0,2.0,10.0,1.0,10.0,3.0,3.0,2.0,1.0,4.0,3.0,1.0,2.0,1.0,1.0,4.0,1.0,3.0,1.0,2.0,2.0,1.0,1.0,1.0,1.0,3.0,1.0,1.0,2.0,1.0,1.0,1.0,1.0,1.0,1.29786125122586,1.0,1.0,1.0,1.0,1.0,4.0,3.0,1.0,1.0,1.0,1.0,1.0,1.0,2.0,2.0,1.0,4.0,1.0,4.0,1.0,1.0,2.0,1.0,1.0,3.0,2.0,2.0,2.0,2.0,1.0,1.0,6.0,24.0,4.0,1.0,3.0,2.0,1.0,1.0,16.0,35.0,3.0,1.0,1.0,1.0,1.0,1.0,1.0,3.0,5.0,1.0,1.0,2.0,7.0,5.0,5.0,2.0,3.0,1.0,1.0,1.0,8.0,1.0,5.0,3.0,2.0,9.0,6.0,1.0,4.0,13.0,1.0,7.0,7.0,1.0,1.0,1.0,1.0,1.0,4.0,6.0,3.0,2.0,1.0,8.0,6.0,1.0,1.0,1.0,2.0,3.0,1.0,2.0,8.0,1.0,2.0,9.0,2.0,1.0,1.0,1.0,1.0,1.0,4.0,1.0,1.0,4.0,5.0,1.0,1.0,2.0,3.0,2.0,1.0,2.0,5.0,6.0,4.0,6.0,8.0,11.0,7.0,6.0,1.0,1.0,1.0,4.0,1.0,3.0,4.0,5.0,12.0,5.0,2.0,2.0,1.0,4.0,2.0,1.0,1.0,1.0,3.0,4.0,3.0,2.0,17.29671484676516,3.0,5.0,1.0,7.0,5.0,2.0,2.0,3.0,1.0,1.0,1.0,1.0,2.0,1.0,2.0,1.0,1.0,12.0,10.0,8.0,6.0,5.0,1.0,1.0,1.0,3.0,1.0,1.0,1.0,3.0,4.0,1.0,2.0,1.0,1.0,1.0,2.0,1.0,1.0,8.0,1.0,1.0,2.0,2.0,5.0,2.0,2.0,1.0,1.0,3.0,2.0,3.0,1.0,6.0,6.0,1.0,1.0,6.0,1.0,6.0,9.0,3.0,13.0,10.0,1.0,1.0,11.0,1.0,1.0,3.0,8.0,9.0,2.0,1.0,2.0,3.0,3.0,3.0,1.0,1.0,1.0,5.0,5.0,2.0,1.0,2.0,2.0,1.0,1.0,5.0,1.0,1.0,1.0,1.0,3.0,2.0,1.0,2.0,1.0,3.0,4.0,1.0,2.0,1.0,2.0,1.0,2.0,2.0,1.0,1.0,2.0,2.0,1.0,1.0,1.0,1.0,1.0,1.0,2.0,1.0,8.0,2.0,1.0,5.0,6.0,2.0,1.0,1.0,1.0,6.0,2.0,3.0,4.0,3.0,1.0,1.0,2.0,2.0,1.0,1.0,11.0,1.0,1.0,2.0,4.0,5.0,3.0,1.0,4.0,1.0,14.0,4.0,7.0,1.0,1.0,2.0,1.0,1.0,2.92572291035908,1.0,1.0,1.0,3.0,1.0,9.0,2.0,2.0,1.0,1.0,7.0,1.0,8.0,1.0,1.0,1.0,1.0,2.0,1.0,1.0,1.0,1.0,2.0,1.0,1.0,1.0,1.0,1.0,1.0,4.0,4.0,3.0,2.0,1.0,1.0,1.0,1.0,3.0,1.0,1.0,1.0,1.0,1.0,1.0,1.0,1.0,2.0,1.0,3.0,0.24337417607789,1.0,1.0,3.0,5.0,9.0,7.0,2.0,2.0,1.0,1.0,1.0,2.0,3.0,1.0,1.0,2.0,3.0,1.0,1.0,2.0,2.0,1.0,1.0,1.0,1.0,2.0,1.0,1.0,-1.0,-1.0,-2.0,-4.0,-12.0,-7.0,-6.0,-6.0,-9.0,-11.0,-2.0,-8.0,-10.0,-6.0,-11.0,-6.50984180533249,-1.0,-4.0,-1.0,-10.0,-11.0,-3.0,-8.0,-12.0,-10.0,-1.0,-1.0,-1.0,-1.0,-7.0,-7.0,-13.0,-7.0,2.0,1.0,1.0,1.0,2.0,1.0,1.0,5.0,1.0,2.0,1.0,1.0,3.0,1.0,3.0,1.0,1.0,1.0,1.0,1.0,1.0,1.0,1.0,4.0,1.0,1.0,2.0,1.0,1.0,3.0,1.0,1.0,2.0,1.0,1.0,2.0,3.0,1.0,2.0,1.0,1.0,1.0,1.0,1.0,1.0,2.0,1.0,2.0,1.0,2.0,5.0,6.0,1.0,2.0,1.0,1.0,3.0,1.0,1.0,2.0,3.0,3.0,1.0,1.0,2.0,5.0,5.0,1.0,1.0,4.0,3.0,2.0,1.0,1.0,-1.0,1.0,2.0,-3.0,1.0,1.0,-4.0,-4.0,-3.0,2.0,-1.0,-1.0,-1.0,-2.0,2.0,10.0,1.0,1.0,1.0,2.0,3.0,4.0,1.0,2.0,1.0,17.0,1.0,1.0,1.0,1.0,2.0,1.0,1.0,1.0,4.0,4.0,1.0,3.0,1.0,1.0,2.0,1.0,1.0,1.0,2.0,2.0,1.0,1.0,1.0,1.0,2.0,3.0,18.94840458248437,1.0,1.0,3.0,1.0,1.0,1.0,2.0,3.0,1.0,1.0,2.0,4.0,2.0,1.0,1.0,1.0,1.0,2.0,3.0,1.0,4.0,1.0,1.0,1.0,4.0,4.0,1.0,1.0,2.0,2.0,2.0,2.0,1.0,2.0,1.0,2.0,3.0,1.0,6.0,11.0,8.0,5.0,4.0,5.0,3.0,2.0,1.0,1.0,1.0,1.0,1.0,2.0,2.0,3.0,2.0,3.0,1.0,1.0,1.0,1.0,1.0,1.0,3.0,2.0,5.0,1.0,2.0,2.0,1.0,5.0,1.0,5.0,1.0,2.0,5.0,3.0,2.0,1.0,15.11250881122309,1.0,2.0,3.0,1.0,1.0,1.0,3.0,3.0,2.0,4.0,1.0,1.0,1.0,1.0,1.0,1.0,1.0,1.0,1.0,1.0,1.0,3.0,5.0,1.0,1.0,1.0,2.0,2.0,1.0,1.0,5.0,1.0,1.0,5.0,1.0,1.0,-7.0,-7.0,1.0,-1.0,-4.0,-2.0,-1.0,-2.0,-1.0,1.0,-1.0,-3.0,-5.0,0.0,-3.0,-1.0,-2.0,-4.0,1.0,-1.0,1.0,-1.0,-1.0,1.0,-1.0,-1.0,2.0,-2.0,-3.0,2.0,-2.0,-1.0,1.0,-1.0,-1.0,-2.0,1.0,-2.0,-1.0,2.0,-1.0,-1.0,-1.0,-1.0,-2.0,2.0,-2.0,-2.0,0.0,-1.0,-1.0,-1.0,-1.0,-1.0,1.0,1.0,1.0,7.0,1.0,1.0,1.0,1.0,1.0,2.0,1.0,1.0,12.0,1.0,1.0,1.0,1.0,1.0,1.0,2.0,1.0,1.0,1.0,1.0,2.0,4.0,3.0,1.0,1.0,3.0,1.0,1.0,1.0,1.0,2.0,1.0,1.0,1.0,1.0,1.0,2.0,1.0,1.0,3.0,7.0,2.0,1.0,1.0,1.0,1.0,1.0,1.0,1.0,1.0,1.0,1.0,1.0,1.0,6.0,1.0,1.0,1.0,1.0,1.0,1.0,1.0,1.0,1.0,1.0,1.0,1.0,1.0,1.0,1.0,1.0,4.0,1.0,1.0,1.0,1.0,1.0,1.0,1.0,1.0,1.0,1.0,1.0,1.0,1.0,1.0,1.0,1.0,1.0,1.0,1.0,-1.0,-1.0,1.0,1.0,2.0,-2.0,-2.0,-2.0,-2.0,-2.0,1.0,1.0,-3.56110793196185,-3.0,-3.0,-3.0,1.0,-5.0,-5.0,-5.0,1.0,1.0,1.0,1.0,2.0,1.0,1.0,-1.0,-1.0,-1.0,-1.0,-1.0,-1.0,4.0,4.0,1.0,1.0,3.0,1.0,1.0,1.0,1.0,1.0,3.0,3.0,2.0,1.0,1.0,1.0,1.0,1.0,2.0,1.0,1.0,2.0,2.0,1.0,1.0,1.0,1.0,1.0,3.0,3.0,3.0,1.0,1.0,2.0,1.0,1.0,2.0,2.0,2.0,1.0,1.0,1.0,2.0,1.0,1.0,1.0,1.0,3.0,1.0,1.0,1.0,1.0,4.0,2.0,5.0,1.0,2.0,1.0,1.0,1.0,1.0,3.0,1.0,2.0,3.0,2.0,1.0,1.0,1.0,2.0,2.0,2.0,2.0,1.0,6.0,3.0,6.0,1.0,1.0,1.0,3.0,1.0,4.0,5.0,1.0,1.0,1.0,1.0,1.0,17.0,1.0,2.0,12.0,1.0,2.0,3.0,8.0,13.0,5.0,2.0,1.0,2.0,6.0,4.0,4.0,2.0,1.0,3.0,2.0,1.0,1.0,1.0,3.0,1.0,1.0,1.0,3.0,1.0,1.0,1.0,3.0,1.0,1.0,1.0,2.0,3.0,7.0,4.0,3.0,-0.31044766992144,2.0,2.0,2.0,1.0,1.0,1.0,1.0,1.0,1.0,1.0,1.0,1.0,1.0,1.0,1.0,1.0,1.0,1.0,1.0,1.0,1.0,1.0,1.0,1.0,1.0,1.0,1.0,1.0,3.0,1.0,1.0,2.0,2.0,2.0,2.0,3.0,1.0,1.0,1.0,2.0,1.0,4.0,3.0,1.0,1.0,1.0,2.0,1.0,7.39298284432326,1.0,5.0,3.0,2.0,1.0,1.0,1.0,1.0,1.0,1.0,1.0,1.0,1.0,3.0,4.0,3.0,1.0,1.0,1.0,1.0,1.0,1.0,1.0,1.0,1.0,1.0,1.0,1.0,2.0,1.0,1.0,1.0,1.0,1.0,1.0,1.0,1.0,1.0,1.0,1.0,2.0,1.0,1.0,1.0,1.0,1.0,1.0,1.0,1.0,1.0,1.0,1.0,1.0,1.0,3.0,8.0,2.0,1.0,2.0,1.0,1.0,4.0,1.0,1.0,1.0,1.0,1.0,1.0,1.0,7.0,5.0,2.0,3.0,1.0,1.0,2.0,1.0,1.0,1.0,1.0,1.0,1.0,2.0,3.0,1.0,2.0,2.0,2.0,-16.38832593496558,3.0,1.0,1.0,1.0,1.0,3.0,2.0,3.0,3.0,1.0,1.0,2.0,2.0,2.0,3.0,2.0,1.0,3.0,1.0,2.0,2.0,2.0,2.0,2.0,2.0,1.0,1.0,1.0,1.0,1.0,1.0,1.0,1.0,1.0,2.0,1.0,1.0,1.0,3.0,1.0,1.0,1.0,1.0,1.0,1.0,1.0,2.0,1.0,6.0,1.0,5.0,1.0,4.0,1.0,8.0,1.0,3.0,3.0,4.0,1.0,2.0,2.0,1.0,1.0,3.0,2.0,3.0,1.0,2.0,1.0,1.0,2.0,1.0,1.0,4.0,6.0,1.0,1.0,1.0,2.0,2.0,1.0,1.0,3.0,5.0,5.38785976813884,1.0,1.0,5.0,1.0,1.0,2.0,1.0,1.0,1.0,4.0,2.0,1.0,4.0,2.0,6.0,1.0,1.0,1.0,1.0,6.0,5.96397995782018,1.0,1.0,3.0,3.0,-1.3686525685699,9.0,2.0,3.0,3.0,3.0,3.0,1.0,1.0,5.0,5.0,5.0,5.0,1.0,7.0,10.0,2.0,1.0,4.0,5.0,5.0,5.0,5.0,2.0,1.0,3.0,5.0,4.0,2.0,2.0,1.0,1.0,2.0,3.0,1.0,1.0,3.0,11.0,5.0,5.0,5.0,5.0,5.0,5.0,5.0,5.0,13.0,3.0,2.0,2.0,3.0,11.0,5.0,5.0,5.0,5.0,1.0,1.0,2.0,18.0,11.0,2.0,1.0,3.0,3.0,5.0,5.0,5.0,5.0,5.0,5.0,2.0,1.0,3.0,1.0,1.0,21.0,1.0,2.0,3.0,6.0,6.0,6.0,6.0,2.0,5.0,3.0,2.0,5.0,13.0,2.0,5.0,5.0,5.0,5.0,6.0,2.0,24.0,2.0,1.0,2.0,5.0,5.0,5.0,5.0,1.0,2.0,4.0,3.0,12.0,1.0,9.0,4.0,4.0,4.0,4.0,4.0,4.0,4.0,1.0,10.0,4.0,1.0,21.0,1.0,2.0,1.0,1.0,1.0,4.0,3.0,5.0,6.0,6.0,6.0,6.0,6.0,1.0,1.0,3.0,15.0,1.0,1.0,1.0,1.0,7.0,4.0,1.0,10.0,5.0,5.0,5.0,5.0,1.0,1.0,4.0,2.0,-19.72431348956135,1.0,2.0,2.0,9.0,2.0,1.0,1.0,3.0,1.0,4.0,3.0,1.0,1.0,1.0,1.0,1.0,2.0,1.0,1.0,9.0,1.0,1.0,1.0,2.0,5.0,5.0,5.0,5.0,2.0,1.0,7.0,1.0,2.0,5.0,5.0,5.0,5.0,5.0,5.0,5.0,3.0,1.0,1.0,20.0,1.0,1.0,1.0,4.0,1.0,1.0,2.0,1.0,9.0,3.0,4.0,4.0,4.0,4.0,4.0,4.0,4.0,4.0,1.0,1.0,37.0,1.0,1.0,1.0,6.0,6.0,6.0,6.0,6.0,6.0,1.0,1.0,1.0,1.0,6.0,16.0,1.0,5.0,5.0,5.0,5.0,1.0,27.0,1.0,1.0,1.0,7.0,6.0,6.0,6.0,6.0,1.0,2.0,1.0,30.0,1.0,1.0,1.0,1.0,8.0,6.0,6.0,6.0,6.0,13.32796194626393,2.0,2.0,2.0,2.0,5.0,5.0,7.0,3.0,30.0,3.0,10.0,6.0,1.0,10.0,5.0,5.0,5.0,5.0,5.0,5.0,5.0,4.0,1.0,6.0,8.0,1.0,2.0,3.0,4.0,4.0,5.0,6.0,6.0,6.0,6.0,-5.0,-5.0,-5.0,-5.0,-5.0,-5.0,-5.0,-5.0,-5.0,-5.0,1.0
1.0,1.0,1.0,2.0,1.0,2.0,4.0,7.0,1.0,2.0,1.0,5.0,1.0,1.0,1.0,1.0,3.0,1.0,2.0,1.0,1.0,1.0,1.0,1.0,1.0,1.0,5.0,2.0,1.0,3.0,1.0,1.0,5.0,1.0,1.0,2.0,1.0,1.0,1.0,2.0,3.0,1.0,1.0,1.0,1.0,1.0,1.0,1.0,1.0,1.0,1.0,1.0,5.0,3.0,2.0,1.0,1.0,2.0,1.0,1.0,1.0,1.0,1.0,1.0,1.0,1.0,2.0,1.0,5.0,1.0,2.0,1.0,1.0,2.0,1.0,1.0,1.0,1.0,2.0,1.0,7.0,4.0,1.0,2.0,1.0,2.0,12.0,5.0,1.0,15.0,1.0,2.0,2.0,2.0,1.0,1.0,8.0,1.0,4.0,1.0,1.0,16.0,3.0,3.0,1.0,2.0,1.0,1.0,6.0,7.0,1.0,2.0,3.0,2.0,2.0,3.0,2.0,1.0,5.0,1.0,3.0,2.0,2.0,1.0,1.0,1.0,10.0,10.0,1.0,3.0,2.0,1.0,2.0,5.0,2.0,1.0,3.0,1.0,1.0,1.0,1.0,1.0,1.0,1.0,7.0,1.0,1.0,13.0,1.0,1.0,1.0,10.0,2.0,1.0,3.0,1.0,1.0,2.0,3.0,1.0,1.0,1.0,1.0,1.0,1.0,1.0,2.0,1.0,14.0,1.0,1.0,1.0,2.0,2.0,1.0,3.0,2.0,1.0,1.0,1.0,2.0,5.0,1.0,1.0,1.0,4.0,1.0,4.0,2.0,14.0,1.0,2.0,2.0,4.0,1.0,1.0,3.0,1.0,1.0,2.0,1.0,1.0,4.0,3.0,17.0,1.0,1.0,1.0,1.0,3.0,1.0,3.0,5.0,1.0,2.0,2.0,2.0,1.0,1.0,1.0,4.0,1.0,2.0,1.0,1.0,1.0,1.0,1.0,1.0,5.0,2.0,2.0,3.0,1.0,1.0,1.0,1.0,2.0,1.0,1.0,1.0,1.0,1.0,5.0,2.0,3.0,2.0,2.0,3.0,1.0,2.0,4.0,1.0,2.0,2.0,2.0,1.0,1.0,1.0,1.0,1.0,3.0,2.0,1.0,1.0,13.0,3.0,1.0,1.0,1.0,7.0,4.0,1.0,1.0,1.0,8.0,1.0,1.0,6.0,2.0,1.0,3.0,2.0,8.0,2.0,1.0,1.0,1.0,5.0,1.0,8.0,1.0,4.0,9.0,7.0,1.0,1.0,8.0,1.0,2.0,1.0,1.0,4.0,1.0,1.0,1.0,7.0,4.0,5.0,3.0,1.0,1.0,1.0,2.0,1.0,1.0,1.0,1.0,1.0,1.0,6.0,3.0,2.0,2.0,1.0,1.0,1.0,1.0,1.0,1.0,5.0,1.0,1.0,3.0,1.0,1.0,3.0,3.0,1.0,1.0,1.0,2.0,2.0,1.0,1.0,1.0,3.0,4.0,4.0,1.0,1.0,1.0,2.0,1.0,2.0,2.0,2.0,8.0,9.0,3.0,1.0,2.0,1.0,1.0,3.0,2.0,2.0,1.0,5.0,1.0,3.0,3.0,3.0,4.0,1.0,1.0,2.0,2.0,3.0,3.0,1.0,3.0,2.0,1.0,1.0,1.0,1.0,1.0,1.0,1.0,1.0,1.0,1.0,1.0,2.0,10.0,2.0,3.0,3.0,3.0,2.0,1.0,1.0,1.0,1.0,2.0,1.0,15.0,3.0,3.0,3.0,3.0,1.0,1.0,11.0,2.0,2.0,2.0,3.0,1.0,1.0,1.0,1.0,9.0,2.0,2.0,3.0,3.0,1.0,1.0,1.0,2.0,1.0,13.0,2.0,2.0,3.0,3.0,6.0,5.0,2.0,2.0,2.0,2.0,3.0,3.0,4.0,3.0,2.0,2.0,3.0,3.0,4.0,2.0,7.0,3.0,3.0,2.0,2.0,1.0,3.0,7.0,2.0,13.0,6.0,4.0,1.0,1.0,1.0,2.0,1.0,3.0,2.0,10.0,2.0,14.0,1.0,1.0,1.0,9.0,3.0,2.0,1.0,1.0,10.0,2.0,1.0,1.0,1.0,2.0,3.0,7.0,5.0,1.0,1.0,1.0,2.0,6.0,2.0,2.0,4.0,2.0,1.0,1.0,1.0,3.0,2.0,10.0,3.0,1.0,1.0,1.0,5.0,3.0,5.0,1.0,3.0,1.0,1.0,2.0,2.0,3.0,2.0,1.0,2.0,1.0,1.0,1.0,2.0,1.0,1.0,1.0,1.0,5.0,1.0,2.0,1.0,1.0,1.0,1.0,1.0,4.0,1.0,1.0,14.0,1.0,4.0,1.0,13.0,11.0,2.0,2.0,1.0,5.0,1.0,11.0,1.0,1.0,1.0,1.0,1.0,4.0,1.0,1.0,1.0,1.0,3.0,1.0,3.0,1.0,5.0,9.0,1.0,1.0,1.0,1.0,4.0,1.0,6.0,13.0,1.0,3.0,3.0,4.0,1.0,3.0,1.0,4.0,1.0,14.0,9.0,12.0,7.0,1.0,1.0,1.0,2.0,4.0,4.0,6.0,10.0,8.0,21.0,4.0,4.0,3.0,2.0,4.0,1.0,2.0,12.0,11.0,1.0,3.0,4.0,1.0,1.0,1.0,1.0,3.0,6.0,7.0,2.0,5.0,3.0,3.0,8.0,10.0,2.0,19.0,8.0,5.0,1.0,3.0,2.0,6.0,-2.04564786099211,2.0,1.0,2.0,3.0,8.0,9.0,6.0,6.0,1.0,1.0,2.0,2.0,2.0,8.0,4.0,5.0,8.0,7.0,13.0,3.0,9.0,2.0,1.0,3.0,5.0,1.0,3.0,1.0,1.0,5.47566330468136,8.0,1.0,2.0,1.0,1.0,6.0,1.0,1.0,1.0,5.0,15.0,1.0,2.0,7.0,5.0,4.0,5.0,4.0,16.0,6.0,4.0,2.0,1.0,1.0,1.0,1.0,1.0,1.0,2.0,1.0,7.0,7.0,4.0,1.0,2.0,1.0,2.0,1.0,1.0,1.0,1.0,2.0,2.0,1.0,1.0,1.0,1.0,1.0,1.0,1.0,1.0,1.0,1.0,1.0,2.0,2.0,4.0,1.0,1.0,1.0,2.0,7.0,1.0,1.0,1.0,1.0,1.0,1.0,1.0,2.0,3.0,6.0,7.0,4.0,1.0,3.0,1.0,1.0,1.0,1.0,1.0,1.0,1.0,1.0,1.0,2.0,1.0,1.0,2.0,1.0,1.0,1.0,2.0,1.0,1.0,1.0,1.0,1.0,2.0,2.0,3.0,6.0,1.0,1.0,2.0,1.0,1.0,2.0,1.0,1.0,13.0,19.0,2.0,1.0,1.0,4.0,1.0,1.0,1.0,1.0,1.0,1.0,1.0,1.0,1.0,1.0,1.0,2.0,1.0,1.0,1.0,16.0,15.0,1.0,2.0,2.0,2.0,1.0,1.0,1.0,2.0,1.0,1.0,1.0,1.0,1.0,2.0,1.0,1.0,3.0,1.0,1.0,1.0,2.0,1.0,1.0,12.0,7.0,1.0,5.0,1.0,3.0,1.0,1.0,1.0,2.0,3.0,1.0,1.0,6.0,7.0,3.0,5.0,3.0,1.0,1.0,3.0,2.0,1.0,7.0,16.0,1.0,1.0,5.0,3.0,1.0,1.0,3.0,2.0,1.0,3.96952489648403,1.0,2.0,3.0,3.0,1.0,1.0,2.0,1.0,1.0,1.0,2.0,30.0,1.0,4.0,7.0,1.0,1.0,1.0,1.0,1.0,2.0,1.0,2.0,1.0,1.0,1.0,1.0,1.0,1.0,5.0,24.0,4.0,2.0,1.0,1.0,1.0,1.0,1.0,1.0,2.0,2.0,3.0,1.0,2.0,1.0,1.0,1.0,1.0,1.0,1.0,1.0,2.0,1.0,1.0,1.0,1.0,1.0,1.0,1.0,1.0,3.0,1.0,1.0,1.0,3.0,5.0,2.0,3.0,1.0,1.0,2.0,1.0,2.0,1.0,3.0,1.0,2.0,1.0,1.0,2.0,2.0,2.0,1.0,1.0,5.0,2.0,2.0,4.0,1.0,3.0,1.0,4.0,1.0,1.0,2.0,1.0,1.0,4.0,1.0,2.0,1.0,1.0,2.0,4.0,1.0,2.0,2.0,5.0,1.0,1.0,2.0,1.0,1.0,3.0,1.0,1.0,3.0,3.0,5.0,3.0,4.0,1.0,1.0,1.0,2.0,1.0,2.0,1.0,2.0,1.0,1.0,3.0,1.0,1.0,1.0,1.0,2.0,1.0,1.0,1.0,2.0,1.0,1.0,1.0,1.0,1.0,1.0,1.0,1.0,4.0,1.0,1.0,1.0,2.0,1.0,6.0,1.0,1.0,1.0,2.0,2.0,1.0,1.0,1.0,-1.2523449689335,2.0,1.0,1.0,2.0,1.0,-1.0,-1.0,-1.0,-1.0,-2.0,1.0,9.0,-1.0,1.0,-1.0,-1.0,-5.0,-4.0,-3.0,-4.0,-5.0,-5.0,1.0,1.0,1.0,6.0,6.0,2.0,1.0,3.0,2.0,1.0,4.0,5.0,1.0,3.0,1.0,1.0,2.0,1.0,5.0,1.0,1.0,10.0,4.0,1.0,1.0,1.0,3.0,7.0,1.0,2.0,8.0,1.0,2.0,1.0,1.0,1.0,2.0,1.0,2.0,9.0,1.0,9.0,1.0,1.0,1.0,3.0,1.0,1.0,4.0,4.0,1.0,2.0,1.0,2.0,1.0,1.0,1.0,2.0,1.0,1.0,2.0,4.0,1.0,1.0,10.0,1.0,1.0,1.0,3.0,1.0,4.0,4.0,9.0,1.0,1.0,5.0,1.0,1.0,4.957128867032768,4.0,2.0,5.0,1.0,7.0,1.0,5.0,1.0,1.0,1.0,18.20845275419301,1.0,5.0,4.0,6.0,1.0,-3.0,-1.0,-1.0,-13.71931735451625,-2.0,-2.0,-1.0,-1.0,-1.0,-1.0,-3.0,-1.0,-2.0,-4.0,-1.0,-2.0,-1.0,-1.0,-1.0,5.0,4.0,2.0,7.0,2.0,1.0,2.0,1.0,2.0,1.0,3.0,4.0,4.0,1.0,1.0,2.0,4.0,2.0,6.0,1.0,5.0,11.27775448851298,8.0,7.0,1.0,4.0,3.0,1.0,1.0,1.0,2.0,1.0,4.0,1.0,1.0,1.0,1.0,2.0,1.0,1.0,3.0,2.0,4.0,7.0,7.0,4.0,1.0,1.0,4.0,1.0,1.0,2.0,1.0,1.0,5.0,1.0,2.0,7.0,4.0,2.0,2.0,1.0,1.0,1.0,2.0,2.0,2.0,1.0,1.0,2.0,6.0,1.0,4.0,2.0,3.0,-9.81276160699843,1.0,8.0,8.0,1.0,1.0,2.0,2.0,1.0,1.0,2.0,2.0,11.0,5.0,2.0,1.0,2.0,2.0,2.0,2.0,2.0,2.0,2.0,2.0,2.0,1.0,1.0,25.0,6.0,5.0,5.0,5.0,5.0,5.0,5.0,3.0,2.0,1.0,1.0,2.0,1.0,1.0,12.0,15.0,4.0,4.0,5.0,4.0,4.0,5.0,2.0,1.0,5.0,1.0,1.0,2.0,1.0,16.0,5.0,4.0,5.0,4.0,10.0,2.0,4.0,3.0,3.0,6.0,4.0,4.0,4.0,4.0,4.0,4.0,4.0,4.0,4.0,2.0,4.0,4.0,4.0,4.0,4.0,4.0,1.0,1.0,4.0,4.0,4.0,4.0,4.0,4.0,1.0,1.0,1.0,1.0,1.0,1.0,4.0,4.0,4.0,4.0,4.0,4.0,4.0,4.0,4.0,4.0,1.0,1.0,1.0,1.0,3.0,1.0,1.0,10.0,1.0,1.0,1.0,1.0,1.0,21.0,15.0,1.0,1.0,1.0,1.0,1.0,1.0,5.0,1.0,6.0,2.0,2.0,23.0,14.0,1.0,3.0,3.0,3.0,3.0,3.0,3.0,3.0,3.0,1.0,1.0,1.0,1.0,1.0,6.0,1.0,4.0,10.0,9.0,26.0,7.0,3.0,3.0,4.0,3.0,3.0,3.0,4.0,3.0,1.0,1.0,1.0,1.0,3.0,1.0,1.0,13.0,2.0,2.0,2.0,2.0,2.0,2.0,2.0,1.0,1.0,2.0,2.0,2.0,2.0,2.0,2.0,3.0,2.0,1.0,2.0,2.0,2.0,2.0,2.0,2.0,2.0,1.0,2.0,2.0,2.0,2.0,2.0,2.0,2.0,2.0,2.0,2.0,2.0,1.0,-2.0,1.0,4.0,1.0,-4.0,-4.0,-5.0,-4.0,-4.0,-4.0,-5.0,-4.0,-1.0,1.0,2.0,-1.0,1.0,-4.0,-5.0,-4.0,-4.0,-5.0,-4.0,2.0,1.0,-5.0,-6.0,-5.0,-5.0,-6.0,-5.0,1.0,1.0,1.0,-5.0,-5.0,-5.0,-5.0,-5.0,-5.0,-1.0,1.0,-1.0,-5.0,-5.0,-5.0,-5.0,-5.0,-5.0,-3.0,-4.0,-1.0,-1.0,-3.0,-1.0,0.0,1.0,-9.0,-5.0,1.0,-1.0,-2.0,-1.0,-1.0,-2.0,-1.0,-3.0,-2.0,-1.0,-1.0,-1.0,-1.0,-1.0,-3.0,-1.0,-1.0,-1.0,-1.0,-3.0,-2.0,19.45784305872714,-2.0,-1.0,-1.0,-1.0,-2.0,7.0,-4.0,-2.0,-3.0,-3.0,-1.0,-1.0,-1.0,1.0,1.0,0.0,-1.0,-5.0,-7.0,-1.0,-2.0,-1.0,9.0,2.0,13.0,-1.0,-1.0,-1.0,-5.0,-5.0,-2.0,-4.0,1.0,5.0,4.0,2.0,2.0,1.0,2.0,15.0,17.0,4.0,5.0,7.0,13.0,1.0,3.0,1.0,1.0,1.0,12.0,5.0,5.0,1.0,11.0,2.0,4.0,2.0,1.0,15.57346510062307,4.0,2.0,1.0,1.0,2.0,1.0,1.0,2.0,1.0,1.0,2.0,6.0,1.0,1.0,2.0,4.0,3.0,2.0,2.0,3.0,7.0,1.0,1.0,1.0,1.0,1.0,2.0,1.0,1.0,1.0,1.0,1.0,1.0,1.0,1.0,2.0,2.0,1.0,4.0,1.0,1.0,1.0,1.0,3.0,1.0,2.0,6.0,1.0,1.0,1.0,1.0,1.0,1.0,-2.5485758184053537,1.0,1.0,1.0,1.0,1.0,3.0,1.0,1.0,3.0,2.0,2.0,2.0,5.0,-20.80157324031526,2.0,2.0,4.0,3.0,1.0,2.0,2.0,2.0,2.0,-15.704502461243464,1.0,2.0,2.0,2.0,1.0,1.0,1.0,1.0,1.0,2.0,1.0,4.0,1.0,1.0,1.0,1.0,2.0,1.0,1.0,1.0,5.0,5.0,1.0,4.0,3.0,2.0,2.0,1.0,5.0,1.0,3.0,4.0,2.0,1.0,3.0,3.0,4.0,3.0,3.0,1.0,1.0,2.0,1.0,3.0,2.0,4.0,2.0,1.0,4.0,2.0,1.0,2.0,3.0,3.0,3.0,3.0,2.0,1.0,4.0,5.0,1.0,1.0,5.0,4.0,2.0,1.0,1.0,6.276158308138452,6.0,10.0,1.0,5.0,5.0,1.0,7.0,2.0,1.0,10.0,4.0,3.0,3.0,1.0,7.0,1.0,11.0,1.0,2.0,2.0,1.0,3.0,2.0,1.0,1.0,5.0,8.0,1.0,7.0,3.0,1.0,2.0,2.0,1.0,2.0,1.0,1.0,1.0,1.0,2.0,7.0,6.0,1.0,2.0,1.0,1.0,1.0,1.0,5.0,1.0,1.0,2.0,5.0,1.0,2.0,7.0,6.0,6.0,1.0,2.0,9.0,3.0,6.0,1.0,6.0,4.0,9.0,1.0,1.0,1.0,2.0,10.0,6.0,2.0,2.0,5.0,5.0,1.0,10.0,1.0,2.0,4.0,5.0,13.0,1.0,1.0,1.0,1.0,4.0,4.0,3.0,1.0,2.0,1.0,1.0,1.0,2.0,4.0,4.0,5.0,11.0,1.0,1.0,13.2640361646798,1.0,5.0,2.0,7.0,1.0,1.0,2.0,1.0,1.0,1.0,3.0,3.0,2.0,2.0,3.0,5.0,1.0,2.0,1.0,-2.0,1.0,1.0,7.0,-3.0,-3.0,-3.0,-3.0,1.0,0.0,4.0,-2.0,5.0,-6.0,-6.0,-6.0,-6.0,-2.0,-1.0,-1.0,-6.0,-6.0,-6.0,-6.0,-3.0,-2.0,-1.0,-1.0,-3.0,-3.0,-3.0,-3.0,-2.0,-1.0,-1.0,2.0,-1.0,-6.0,-6.0,-6.0,-7.103831779623127,-6.0,-6.0,-6.0,1.0,1.0,-3.0,-3.0,7.0,2.0,-5.0,-5.0,-5.0,-5.0,1.0,-2.0,-2.0,2.0,1.0,-5.0,-6.0,-5.0,-5.0,2.0,1.0,1.0,1.0,-6.0,-6.0,-6.0,-6.0,-1.0,1.0,-2.0,-2.0,1.0,2.0,-13.0,-13.0,-1.0,-1.0,-2.0,2.0,1.0,-5.0,-5.0,-5.0,-5.0,-5.0,-5.0,1.0,1.0,-5.0,-5.0,-5.0,-5.0,-5.0,0.0,-3.0,-12.0,-12.0,1.0,5.0,-7.0,-7.0,-7.0,-7.0,1.0,7.0,1.0,1.0,1.0,2.0,11.0,1.0,4.0,1.0,3.0,6.0,1.0,2.0,3.0,15.0,3.0,2.0,3.0,4.0,1.0,6.0,6.0,4.0,2.0,1.0,1.0,1.0,1.0,1.0,1.0,3.0,7.0,1.0,3.0,1.0,1.0,1.0,3.0,2.0,1.0,2.0,2.0,1.0,1.0,3.0,3.0,3.0,1.0,1.0,2.0,3.0,3.0,3.0,1.0,1.0,1.0,3.0,4.0,4.0,2.0,3.0,1.0,1.0,1.0,1.0,1.0,1.0,2.0,3.0,4.0,4.0,2.0,6.0,3.0,1.0,1.0,1.0,1.0,1.0,1.0,2.0,3.0,1.0,13.0,3.0,1.0,1.0,6.0,1.0,1.0,1.0,4.0,1.0,1.0,2.0,2.0,4.0,3.0,3.0,1.0,1.0,1.0,1.0,2.0,2.0,3.0,3.0,1.0,1.0,2.0,2.0,1.0,2.0,6.0,6.0,2.0,3.0,2.0,2.0,1.0,1.0,2.0,2.0,6.0,6.0,2.0,3.0,2.0,2.0,1.0,1.0,21.0,3.0,4.0,1.0,2.0,2.0,8.0,1.0,7.0,2.0,1.0,2.0,3.0,4.0,4.0,1.0,16.0,1.0,6.0,3.0,1.0,1.0,2.0,10.0,1.0,10.0,3.0,3.0,2.0,1.0,4.0,3.0,1.0,2.0,1.0,1.0,4.0,1.0,3.0,1.0,2.0,2.0,1.0,1.0,1.0,1.0,3.0,1.0,1.0,2.0,1.0,1.0,1.0,1.0,1.0,1.29786125122586,1.0,1.0,1.0,1.0,1.0,4.0,3.0,1.0,1.0,1.0,1.0,1.0,1.0,2.0,2.0,1.0,4.0,1.0,4.0,1.0,1.0,2.0,1.0,1.0,3.0,2.0,2.0,2.0,2.0,1.0,1.0,6.0,24.0,4.0,1.0,3.0,2.0,1.0,1.0,16.0,35.0,3.0,1.0,1.0,1.0,1.0,1.0,1.0,3.0,5.0,1.0,1.0,2.0,7.0,5.0,5.0,2.0,3.0,1.0,1.0,1.0,8.0,1.0,5.0,3.0,2.0,9.0,6.0,1.0,4.0,13.0,1.0,7.0,7.0,1.0,1.0,1.0,1.0,1.0,4.0,6.0,3.0,2.0,1.0,8.0,6.0,1.0,1.0,1.0,2.0,3.0,1.0,2.0,8.0,1.0,2.0,9.0,2.0,1.0,1.0,1.0,1.0,1.0,4.0,1.0,1.0,4.0,5.0,1.0,1.0,2.0,3.0,2.0,1.0,2.0,5.0,6.0,4.0,6.0,8.0,11.0,7.0,6.0,1.0,1.0,1.0,4.0,1.0,3.0,4.0,5.0,12.0,5.0,2.0,2.0,1.0,4.0,2.0,1.0,1.0,1.0,3.0,4.0,3.0,2.0,17.29671484676516,3.0,5.0,1.0,7.0,5.0,2.0,2.0,3.0,1.0,1.0,1.0,1.0,2.0,1.0,2.0,1.0,1.0,12.0,10.0,8.0,6.0,5.0,1.0,1.0,1.0,3.0,1.0,1.0,1.0,3.0,4.0,1.0,2.0,1.0,1.0,1.0,2.0,1.0,1.0,8.0,1.0,1.0,2.0,2.0,5.0,2.0,2.0,1.0,1.0,3.0,2.0,3.0,1.0,6.0,6.0,1.0,1.0,6.0,1.0,6.0,9.0,3.0,13.0,10.0,1.0,1.0,11.0,1.0,1.0,3.0,8.0,9.0,2.0,1.0,2.0,3.0,3.0,3.0,1.0,1.0,1.0,5.0,5.0,2.0,1.0,2.0,2.0,1.0,1.0,5.0,1.0,1.0,1.0,1.0,3.0,2.0,1.0,2.0,1.0,3.0,4.0,1.0,2.0,1.0,2.0,1.0,2.0,2.0,1.0,1.0,2.0,2.0,1.0,1.0,1.0,1.0,1.0,1.0,2.0,1.0,8.0,2.0,1.0,5.0,6.0,2.0,1.0,1.0,1.0,6.0,2.0,3.0,4.0,3.0,1.0,1.0,2.0,2.0,1.0,1.0,11.0,1.0,1.0,2.0,4.0,5.0,3.0,1.0,4.0,1.0,14.0,4.0,7.0,1.0,1.0,2.0,1.0,1.0,2.92572291035908,1.0,1.0,1.0,3.0,1.0,9.0,2.0,2.0,1.0,1.0,7.0,1.0,8.0,1.0,1.0,1.0,1.0,2.0,1.0,1.0,1.0,1.0,2.0,1.0,1.0,1.0,1.0,1.0,1.0,4.0,4.0,3.0,2.0,1.0,1.0,1.0,1.0,3.0,1.0,1.0,1.0,1.0,1.0,1.0,1.0,1.0,2.0,1.0,3.0,0.24337417607789,1.0,1.0,3.0,5.0,9.0,7.0,2.0,2.0,1.0,1.0,1.0,2.0,3.0,1.0,1.0,2.0,3.0,1.0,1.0,2.0,2.0,1.0,1.0,1.0,1.0,2.0,1.0,1.0,-1.0,-1.0,-2.0,-4.0,-12.0,-7.0,-6.0,-6.0,-9.0,-11.0,-2.0,-8.0,-10.0,-6.0,-11.0,-6.50984180533249,-1.0,-4.0,-1.0,-10.0,-11.0,-3.0,-8.0,-12.0,-10.0,-1.0,-1.0,-1.0,-1.0,-7.0,-7.0,-13.0,-7.0,2.0,1.0,1.0,1.0,2.0,1.0,1.0,5.0,1.0,2.0,1.0,1.0,3.0,1.0,3.0,1.0,1.0,1.0,1.0,1.0,1.0,1.0,1.0,4.0,1.0,1.0,2.0,1.0,1.0,3.0,1.0,1.0,2.0,1.0,1.0,2.0,3.0,1.0,2.0,1.0,1.0,1.0,1.0,1.0,1.0,2.0,1.0,2.0,1.0,2.0,5.0,6.0,1.0,2.0,1.0,1.0,3.0,1.0,1.0,2.0,3.0,3.0,1.0,1.0,2.0,5.0,5.0,1.0,1.0,4.0,3.0,2.0,1.0,1.0,-1.0,1.0,2.0,-3.0,1.0,1.0,-4.0,-4.0,-3.0,2.0,-1.0,-1.0,-1.0,-2.0,2.0,10.0,1.0,1.0,1.0,2.0,3.0,4.0,1.0,2.0,1.0,17.0,1.0,1.0,1.0,1.0,2.0,1.0,1.0,1.0,4.0,4.0,1.0,3.0,1.0,1.0,2.0,1.0,1.0,1.0,2.0,2.0,1.0,1.0,1.0,1.0,2.0,3.0,18.94840458248437,1.0,1.0,3.0,1.0,1.0,1.0,2.0,3.0,1.0,1.0,2.0,4.0,2.0,1.0,1.0,1.0,1.0,2.0,3.0,1.0,4.0,1.0,1.0,1.0,4.0,4.0,1.0,1.0,2.0,2.0,2.0,2.0,1.0,2.0,1.0,2.0,3.0,1.0,6.0,11.0,8.0,5.0,4.0,5.0,3.0,2.0,1.0,1.0,1.0,1.0,1.0,2.0,2.0,3.0,2.0,3.0,1.0,1.0,1.0,1.0,1.0,1.0,3.0,2.0,5.0,1.0,2.0,2.0,1.0,5.0,1.0,5.0,1.0,2.0,5.0,3.0,2.0,1.0,15.11250881122309,1.0,2.0,3.0,1.0,1.0,1.0,3.0,3.0,2.0,4.0,1.0,1.0,1.0,1.0,1.0,1.0,1.0,1.0,1.0,1.0,1.0,3.0,5.0,1.0,1.0,1.0,2.0,2.0,1.0,1.0,5.0,1.0,1.0,5.0,1.0,1.0,-7.0,-7.0,1.0,-1.0,-4.0,-2.0,-1.0,-2.0,-1.0,1.0,-1.0,-3.0,-5.0,0.0,-3.0,-1.0,-2.0,-4.0,1.0,-1.0,1.0,-1.0,-1.0,1.0,-1.0,-1.0,2.0,-2.0,-3.0,2.0,-2.0,-1.0,1.0,-1.0,-1.0,-2.0,1.0,-2.0,-1.0,2.0,-1.0,-1.0,-1.0,-1.0,-2.0,2.0,-2.0,-2.0,0.0,-1.0,-1.0,-1.0,-1.0,-1.0,1.0,1.0,1.0,7.0,1.0,1.0,1.0,1.0,1.0,2.0,1.0,1.0,12.0,1.0,1.0,1.0,1.0,1.0,1.0,2.0,1.0,1.0,1.0,1.0,2.0,4.0,3.0,1.0,1.0,3.0,1.0,1.0,1.0,1.0,2.0,1.0,1.0,1.0,1.0,1.0,2.0,1.0,1.0,3.0,7.0,2.0,1.0,1.0,1.0,1.0,1.0,1.0,1.0,1.0,1.0,1.0,1.0,1.0,6.0,1.0,1.0,1.0,1.0,1.0,1.0,1.0,1.0,1.0,1.0,1.0,1.0,1.0,1.0,1.0,1.0,4.0,1.0,1.0,1.0,1.0,1.0,1.0,1.0,1.0,1.0,1.0,1.0,1.0,1.0,1.0,1.0,1.0,1.0,1.0,1.0,-1.0,-1.0,1.0,1.0,2.0,-2.0,-2.0,-2.0,-2.0,-2.0,1.0,1.0,-3.56110793196185,-3.0,-3.0,-3.0,1.0,-5.0,-5.0,-5.0,1.0,1.0,1.0,1.0,2.0,1.0,1.0,-1.0,-1.0,-1.0,-1.0,-1.0,-1.0,4.0,4.0,1.0,1.0,3.0,1.0,1.0,1.0,1.0,1.0,3.0,3.0,2.0,1.0,1.0,1.0,1.0,1.0,2.0,1.0,1.0,2.0,2.0,1.0,1.0,1.0,1.0,1.0,3.0,3.0,3.0,1.0,1.0,2.0,1.0,1.0,2.0,2.0,2.0,1.0,1.0,1.0,2.0,1.0,1.0,1.0,1.0,3.0,1.0,1.0,1.0,1.0,4.0,2.0,5.0,1.0,2.0,1.0,1.0,1.0,1.0,3.0,1.0,2.0,3.0,2.0,1.0,1.0,1.0,2.0,2.0,2.0,2.0,1.0,6.0,3.0,6.0,1.0,1.0,1.0,3.0,1.0,4.0,5.0,1.0,1.0,1.0,1.0,1.0,17.0,1.0,2.0,12.0,1.0,2.0,3.0,8.0,13.0,5.0,2.0,1.0,2.0,6.0,4.0,4.0,2.0,1.0,3.0,2.0,1.0,1.0,1.0,3.0,1.0,1.0,1.0,3.0,1.0,1.0,1.0,3.0,1.0,1.0,1.0,2.0,3.0,7.0,4.0,3.0,-0.31044766992144,2.0,2.0,2.0,1.0,1.0,1.0,1.0,1.0,1.0,1.0,1.0,1.0,1.0,1.0,1.0,1.0,1.0,1.0,1.0,1.0,1.0,1.0,1.0,1.0,1.0,1.0,1.0,1.0,3.0,1.0,1.0,2.0,2.0,2.0,2.0,3.0,1.0,1.0,1.0,2.0,1.0,4.0,3.0,1.0,1.0,1.0,2.0,1.0,7.39298284432326,1.0,5.0,3.0,2.0,1.0,1.0,1.0,1.0,1.0,1.0,1.0,1.0,1.0,3.0,4.0,3.0,1.0,1.0,1.0,1.0,1.0,1.0,1.0,1.0,1.0,1.0,1.0,1.0,2.0,1.0,1.0,1.0,1.0,1.0,1.0,1.0,1.0,1.0,1.0,1.0,2.0,1.0,1.0,1.0,1.0,1.0,1.0,1.0,1.0,1.0,1.0,1.0,1.0,1.0,3.0,8.0,2.0,1.0,2.0,1.0,1.0,4.0,1.0,1.0,1.0,1.0,1.0,1.0,1.0,7.0,5.0,2.0,3.0,1.0,1.0,2.0,1.0,1.0,1.0,1.0,1.0,1.0,2.0,3.0,1.0,2.0,2.0,2.0,-16.38832593496558,3.0,1.0,1.0,1.0,1.0,3.0,2.0,3.0,3.0,1.0,1.0,2.0,2.0,2.0,3.0,2.0,1.0,3.0,1.0,2.0,2.0,2.0,2.0,2.0,2.0,1.0,1.0,1.0,1.0,1.0,1.0,1.0,1.0,1.0,2.0,1.0,1.0,1.0,3.0,1.0,1.0,1.0,1.0,1.0,1.0,1.0,2.0,1.0,6.0,1.0,5.0,1.0,4.0,1.0,8.0,1.0,3.0,3.0,4.0,1.0,2.0,2.0,1.0,1.0,3.0,2.0,3.0,1.0,2.0,1.0,1.0,2.0,1.0,1.0,4.0,6.0,1.0,1.0,1.0,2.0,2.0,1.0,1.0,3.0,5.0,5.38785976813884,1.0,1.0,5.0,1.0,1.0,2.0,1.0,1.0,1.0,4.0,2.0,1.0,4.0,2.0,6.0,1.0,1.0,1.0,1.0,6.0,5.96397995782018,1.0,1.0,3.0,3.0,-1.3686525685699,9.0,2.0,3.0,3.0,3.0,3.0,1.0,1.0,5.0,5.0,5.0,5.0,1.0,7.0,10.0,2.0,1.0,4.0,5.0,5.0,5.0,5.0,2.0,1.0,3.0,5.0,4.0,2.0,2.0,1.0,1.0,2.0,3.0,1.0,1.0,3.0,11.0,5.0,5.0,5.0,5.0,5.0,5.0,5.0,5.0,13.0,3.0,2.0,2.0,3.0,11.0,5.0,5.0,5.0,5.0,1.0,1.0,2.0,18.0,11.0,2.0,1.0,3.0,3.0,5.0,5.0,5.0,5.0,5.0,5.0,2.0,1.0,3.0,1.0,1.0,21.0,1.0,2.0,3.0,6.0,6.0,6.0,6.0,2.0,5.0,3.0,2.0,5.0,13.0,2.0,5.0,5.0,5.0,5.0,6.0,2.0,24.0,2.0,1.0,2.0,5.0,5.0,5.0,5.0,1.0,2.0,4.0,3.0,12.0,1.0,9.0,4.0,4.0,4.0,4.0,4.0,4.0,4.0,1.0,10.0,4.0,1.0,21.0,1.0,2.0,1.0,1.0,1.0,4.0,3.0,5.0,6.0,6.0,6.0,6.0,6.0,1.0,1.0,3.0,15.0,1.0,1.0,1.0,1.0,7.0,4.0,1.0,10.0,5.0,5.0,5.0,5.0,1.0,1.0,4.0,2.0,-19.72431348956135,1.0,2.0,2.0,9.0,2.0,1.0,1.0,3.0,1.0,4.0,3.0,1.0,1.0,1.0,1.0,1.0,2.0,1.0,1.0,9.0,1.0,1.0,1.0,2.0,5.0,5.0,5.0,5.0,2.0,1.0,7.0,1.0,2.0,5.0,5.0,5.0,5.0,5.0,5.0,5.0,3.0,1.0,1.0,20.0,1.0,1.0,1.0,4.0,1.0,1.0,2.0,1.0,9.0,3.0,4.0,4.0,4.0,4.0,4.0,4.0,4.0,4.0,1.0,1.0,37.0,1.0,1.0,1.0,6.0,6.0,6.0,6.0,6.0,6.0,1.0,1.0,1.0,1.0,6.0,16.0,1.0,5.0,5.0,5.0,5.0,1.0,27.0,1.0,1.0,1.0,7.0,6.0,6.0,6.0,6.0,1.0,2.0,1.0,30.0,1.0,1.0,1.0,1.0,8.0,6.0,6.0,6.0,6.0,13.32796194626393,2.0,2.0,2.0,2.0,5.0,5.0,7.0,3.0,30.0,3.0,10.0,6.0,1.0,10.0,5.0,5.0,5.0,5.0,5.0,5.0,5.0,4.0,1.0,6.0,8.0,1.0,2.0,3.0,4.0,4.0,5.0,6.0,6.0,6.0,6.0,-5.0,-5.0,-5.0,-5.0,-5.0,-5.0,-5.0,-5.0,-5.0,-5.0,1.0
1.0,1.0,1.0,2.0,1.0,2.0,4.0,7.0,1.0,2.0,1.0,5.0,1.0,1.0,1.0,1.0,3.0,1.0,2.0,1.0,1.0,1.0,1.0,1.0,1.0,1.0,5.0,2.0,1.0,3.0,1.0,1.0,5.0,1.0,1.0,2.0,1.0,1.0,1.0,2.0,3.0,1.0,1.0,1.0,1.0,1.0,1.0,1.0,1.0,1.0,1.0,1.0,5.0,3.0,2.0,1.0,1.0,2.0,1.0,1.0,1.0,1.0,1.0,1.0,1.0,1.0,2.0,1.0,5.0,1.0,2.0,1.0,1.0,2.0,1.0,1.0,1.0,1.0,2.0,1.0,7.0,4.0,1.0,2.0,1.0,2.0,12.0,5.0,1.0,15.0,1.0,2.0,2.0,2.0,1.0,1.0,8.0,1.0,4.0,1.0,1.0,16.0,3.0,3.0,1.0,2.0,1.0,1.0,6.0,7.0,1.0,2.0,3.0,2.0,2.0,3.0,2.0,1.0,5.0,1.0,3.0,2.0,2.0,1.0,1.0,1.0,10.0,10.0,1.0,3.0,2.0,1.0,2.0,5.0,2.0,1.0,3.0,1.0,1.0,1.0,1.0,1.0,1.0,1.0,7.0,1.0,1.0,13.0,1.0,1.0,1.0,10.0,2.0,1.0,3.0,1.0,1.0,2.0,3.0,1.0,1.0,1.0,1.0,1.0,1.0,1.0,2.0,1.0,14.0,1.0,1.0,1.0,2.0,2.0,1.0,3.0,2.0,1.0,1.0,1.0,2.0,5.0,1.0,1.0,1.0,4.0,1.0,4.0,2.0,14.0,1.0,2.0,2.0,4.0,1.0,1.0,3.0,1.0,1.0,2.0,1.0,1.0,4.0,3.0,17.0,1.0,1.0,1.0,1.0,3.0,1.0,3.0,5.0,1.0,2.0,2.0,2.0,1.0,1.0,1.0,4.0,1.0,2.0,1.0,1.0,1.0,1.0,1.0,1.0,5.0,2.0,2.0,3.0,1.0,1.0,1.0,1.0,2.0,1.0,1.0,1.0,1.0,1.0,5.0,2.0,3.0,2.0,2.0,3.0,1.0,2.0,4.0,1.0,2.0,2.0,2.0,1.0,1.0,1.0,1.0,1.0,3.0,2.0,1.0,1.0,13.0,3.0,1.0,1.0,1.0,7.0,4.0,1.0,1.0,1.0,8.0,1.0,1.0,6.0,2.0,1.0,3.0,2.0,8.0,2.0,1.0,1.0,1.0,5.0,1.0,8.0,1.0,4.0,9.0,7.0,1.0,1.0,8.0,1.0,2.0,1.0,1.0,4.0,1.0,1.0,1.0,7.0,4.0,5.0,3.0,1.0,1.0,1.0,2.0,1.0,1.0,1.0,1.0,1.0,1.0,6.0,3.0,2.0,2.0,1.0,1.0,1.0,1.0,1.0,1.0,5.0,1.0,1.0,3.0,1.0,1.0,3.0,3.0,1.0,1.0,1.0,2.0,2.0,1.0,1.0,1.0,3.0,4.0,4.0,1.0,1.0,1.0,2.0,1.0,2.0,2.0,2.0,8.0,9.0,3.0,1.0,2.0,1.0,1.0,3.0,2.0,2.0,1.0,5.0,1.0,3.0,3.0,3.0,4.0,1.0,1.0,2.0,2.0,3.0,3.0,1.0,3.0,2.0,1.0,1.0,1.0,1.0,1.0,1.0,1.0,1.0,1.0,1.0,1.0,2.0,10.0,2.0,3.0,3.0,3.0,2.0,1.0,1.0,1.0,1.0,2.0,1.0,15.0,3.0,3.0,3.0,3.0,1.0,1.0,11.0,2.0,2.0,2.0,3.0,1.0,1.0,1.0,1.0,9.0,2.0,2.0,3.0,3.0,1.0,1.0,1.0,2.0,1.0,13.0,2.0,2.0,3.0,3.0,6.0,5.0,2.0,2.0,2.0,2.0,3.0,3.0,4.0,3.0,2.0,2.0,3.0,3.0,4.0,2.0,7.0,3.0,3.0,2.0,2.0,1.0,3.0,7.0,2.0,13.0,6.0,4.0,1.0,1.0,1.0,2.0,1.0,3.0,2.0,10.0,2.0,14.0,1.0,1.0,1.0,9.0,3.0,2.0,1.0,1.0,10.0,2.0,1.0,1.0,1.0,2.0,3.0,7.0,5.0,1.0,1.0,1.0,2.0,6.0,2.0,2.0,4.0,2.0,1.0,1.0,1.0,3.0,2.0,10.0,3.0,1.0,1.0,1.0,5.0,3.0,5.0,1.0,3.0,1.0,1.0,2.0,2.0,3.0,2.0,1.0,2.0,1.0,1.0,1.0,2.0,1.0,1.0,1.0,1.0,5.0,1.0,2.0,1.0,1.0,1.0,1.0,1.0,4.0,1.0,1.0,14.0,1.0,4.0,1.0,13.0,11.0,2.0,2.0,1.0,5.0,1.0,11.0,1.0,1.0,1.0,1.0,1.0,4.0,1.0,1.0,1.0,1.0,3.0,1.0,3.0,1.0,5.0,9.0,1.0,1.0,1.0,1.0,4.0,1.0,6.0,13.0,1.0,3.0,3.0,4.0,1.0,3.0,1.0,4.0,1.0,14.0,9.0,12.0,7.0,1.0,1.0,1.0,2.0,4.0,4.0,6.0,10.0,8.0,21.0,4.0,4.0,3.0,2.0,4.0,1.0,2.0,12.0,11.0,1.0,3.0,4.0,1.0,1.0,1.0,1.0,3.0,6.0,7.0,2.0,5.0,3.0,3.0,8.0,10.0,2.0,19.0,8.0,5.0,1.0,3.0,2.0,6.0,-2.04564786099211,2.0,1.0,2.0,3.0,8.0,9.0,6.0,6.0,1.0,1.0,2.0,2.0,2.0,8.0,4.0,5.0,8.0,7.0,13.0,3.0,9.0,2.0,1.0,3.0,5.0,1.0,3.0,1.0,1.0,5.47566330468136,8.0,1.0,2.0,1.0,1.0,6.0,1.0,1.0,1.0,5.0,15.0,1.0,2.0,7.0,5.0,4.0,5.0,4.0,16.0,6.0,4.0,2.0,1.0,1.0,1.0,1.0,1.0,1.0,2.0,1.0,7.0,7.0,4.0,1.0,2.0,1.0,2.0,1.0,1.0,1.0,1.0,2.0,2.0,1.0,1.0,1.0,1.0,1.0,1.0,1.0,1.0,1.0,1.0,1.0,2.0,2.0,4.0,1.0,1.0,1.0,2.0,7.0,1.0,1.0,1.0,1.0,1.0,1.0,1.0,2.0,3.0,6.0,7.0,4.0,1.0,3.0,1.0,1.0,1.0,1.0,1.0,1.0,1.0,1.0,1.0,2.0,1.0,1.0,2.0,1.0,1.0,1.0,2.0,1.0,1.0,1.0,1.0,1.0,2.0,2.0,3.0,6.0,1.0,1.0,2.0,1.0,1.0,2.0,1.0,1.0,13.0,19.0,2.0,1.0,1.0,4.0,1.0,1.0,1.0,1.0,1.0,1.0,1.0,1.0,1.0,1.0,1.0,2.0,1.0,1.0,1.0,16.0,15.0,1.0,2.0,2.0,2.0,1.0,1.0,1.0,2.0,1.0,1.0,1.0,1.0,1.0,2.0,1.0,1.0,3.0,1.0,1.0,1.0,2.0,1.0,1.0,12.0,7.0,1.0,5.0,1.0,3.0,1.0,1.0,1.0,2.0,3.0,1.0,1.0,6.0,7.0,3.0,5.0,3.0,1.0,1.0,3.0,2.0,1.0,7.0,16.0,1.0,1.0,5.0,3.0,1.0,1.0,3.0,2.0,1.0,3.96952489648403,1.0,2.0,3.0,3.0,1.0,1.0,2.0,1.0,1.0,1.0,2.0,30.0,1.0,4.0,7.0,1.0,1.0,1.0,1.0,1.0,2.0,1.0,2.0,1.0,1.0,1.0,1.0,1.0,1.0,5.0,24.0,4.0,2.0,1.0,1.0,1.0,1.0,1.0,1.0,2.0,2.0,3.0,1.0,2.0,1.0,1.0,1.0,1.0,1.0,1.0,1.0,2.0,1.0,1.0,1.0,1.0,1.0,1.0,1.0,1.0,3.0,1.0,1.0,1.0,3.0,5.0,2.0,3.0,1.0,1.0,2.0,1.0,2.0,1.0,3.0,1.0,2.0,1.0,1.0,2.0,2.0,2.0,1.0,1.0,5.0,2.0,2.0,4.0,1.0,3.0,1.0,4.0,1.0,1.0,2.0,1.0,1.0,4.0,1.0,2.0,1.0,1.0,2.0,4.0,1.0,2.0,2.0,5.0,1.0,1.0,2.0,1.0,1.0,3.0,1.0,1.0,3.0,3.0,5.0,3.0,4.0,1.0,1.0,1.0,2.0,1.0,2.0,1.0,2.0,1.0,1.0,3.0,1.0,1.0,1.0,1.0,2.0,1.0,1.0,1.0,2.0,1.0,1.0,1.0,1.0,1.0,1.0,1.0,1.0,4.0,1.0,1.0,1.0,2.0,1.0,6.0,1.0,1.0,1.0,2.0,2.0,1.0,1.0,1.0,-1.2523449689335,2.0,1.0,1.0,2.0,1.0,-1.0,-1.0,-1.0,-1.0,-2.0,1.0,9.0,-1.0,1.0,-1.0,-1.0,-5.0,-4.0,-3.0,-4.0,-5.0,-5.0,1.0,1.0,1.0,6.0,6.0,2.0,1.0,3.0,2.0,1.0,4.0,5.0,1.0,3.0,1.0,1.0,2.0,1.0,5.0,1.0,1.0,10.0,4.0,1.0,1.0,1.0,3.0,7.0,1.0,2.0,8.0,1.0,2.0,1.0,1.0,1.0,2.0,1.0,2.0,9.0,1.0,9.0,1.0,1.0,1.0,3.0,1.0,1.0,4.0,4.0,1.0,2.0,1.0,2.0,1.0,1.0,1.0,2.0,1.0,1.0,2.0,4.0,1.0,1.0,10.0,1.0,1.0,1.0,3.0,1.0,4.0,4.0,9.0,1.0,1.0,5.0,1.0,1.0,4.957128867032768,4.0,2.0,5.0,1.0,7.0,1.0,5.0,1.0,1.0,1.0,18.20845275419301,1.0,5.0,4.0,6.0,1.0,-3.0,-1.0,-1.0,-13.71931735451625,-2.0,-2.0,-1.0,-1.0,-1.0,-1.0,-3.0,-1.0,-2.0,-4.0,-1.0,-2.0,-1.0,-1.0,-1.0,5.0,4.0,2.0,7.0,2.0,1.0,2.0,1.0,2.0,1.0,3.0,4.0,4.0,1.0,1.0,2.0,4.0,2.0,6.0,1.0,5.0,11.27775448851298,8.0,7.0,1.0,4.0,3.0,1.0,1.0,1.0,2.0,1.0,4.0,1.0,1.0,1.0,1.0,2.0,1.0,1.0,3.0,2.0,4.0,7.0,7.0,4.0,1.0,1.0,4.0,1.0,1.0,2.0,1.0,1.0,5.0,1.0,2.0,7.0,4.0,2.0,2.0,1.0,1.0,1.0,2.0,2.0,2.0,1.0,1.0,2.0,6.0,1.0,4.0,2.0,3.0,-9.81276160699843,1.0,8.0,8.0,1.0,1.0,2.0,2.0,1.0,1.0,2.0,2.0,11.0,5.0,2.0,1.0,2.0,2.0,2.0,2.0,2.0,2.0,2.0,2.0,2.0,1.0,1.0,25.0,6.0,5.0,5.0,5.0,5.0,5.0,5.0,3.0,2.0,1.0,1.0,2.0,1.0,1.0,12.0,15.0,4.0,4.0,5.0,4.0,4.0,5.0,2.0,1.0,5.0,1.0,1.0,2.0,1.0,16.0,5.0,4.0,5.0,4.0,10.0,2.0,4.0,3.0,3.0,6.0,4.0,4.0,4.0,4.0,4.0,4.0,4.0,4.0,4.0,2.0,4.0,4.0,4.0,4.0,4.0,4.0,1.0,1.0,4.0,4.0,4.0,4.0,4.0,4.0,1.0,1.0,1.0,1.0,1.0,1.0,4.0,4.0,4.0,4.0,4.0,4.0,4.0,4.0,4.0,4.0,1.0,1.0,1.0,1.0,3.0,1.0,1.0,10.0,1.0,1.0,1.0,1.0,1.0,21.0,15.0,1.0,1.0,1.0,1.0,1.0,1.0,5.0,1.0,6.0,2.0,2.0,23.0,14.0,1.0,3.0,3.0,3.0,3.0,3.0,3.0,3.0,3.0,1.0,1.0,1.0,1.0,1.0,6.0,1.0,4.0,10.0,9.0,26.0,7.0,3.0,3.0,4.0,3.0,3.0,3.0,4.0,3.0,1.0,1.0,1.0,1.0,3.0,1.0,1.0,13.0,2.0,2.0,2.0,2.0,2.0,2.0,2.0,1.0,1.0,2.0,2.0,2.0,2.0,2.0,2.0,3.0,2.0,1.0,2.0,2.0,2.0,2.0,2.0,2.0,2.0,1.0,2.0,2.0,2.0,2.0,2.0,2.0,2.0,2.0,2.0,2.0,2.0,1.0,-2.0,1.0,4.0,1.0,-4.0,-4.0,-5.0,-4.0,-4.0,-4.0,-5.0,-4.0,-1.0,1.0,2.0,-1.0,1.0,-4.0,-5.0,-4.0,-4.0,-5.0,-4.0,2.0,1.0,-5.0,-6.0,-5.0,-5.0,-6.0,-5.0,1.0,1.0,1.0,-5.0,-5.0,-5.0,-5.0,-5.0,-5.0,-1.0,1.0,-1.0,-5.0,-5.0,-5.0,-5.0,-5.0,-5.0,-3.0,-4.0,-1.0,-1.0,-3.0,-1.0,0.0,1.0,-9.0,-5.0,1.0,-1.0,-2.0,-1.0,-1.0,-2.0,-1.0,-3.0,-2.0,-1.0,-1.0,-1.0,-1.0,-1.0,-3.0,-1.0,-1.0,-1.0,-1.0,-3.0,-2.0,19.45784305872714,-2.0,-1.0,-1.0,-1.0,-2.0,7.0,-4.0,-2.0,-3.0,-3.0,-1.0,-1.0,-1.0,1.0,1.0,0.0,-1.0,-5.0,-7.0,-1.0,-2.0,-1.0,9.0,2.0,13.0,-1.0,-1.0,-1.0,-5.0,-5.0,-2.0,-4.0,1.0,5.0,4.0,2.0,2.0,1.0,2.0,15.0,17.0,4.0,5.0,7.0,13.0,1.0,3.0,1.0,1.0,1.0,12.0,5.0,5.0,1.0,11.0,2.0,4.0,2.0,1.0,15.57346510062307,4.0,2.0,1.0,1.0,2.0,1.0,1.0,2.0,1.0,1.0,2.0,6.0,1.0,1.0,2.0,4.0,3.0,2.0,2.0,3.0,7.0,1.0,1.0,1.0,1.0,1.0,2.0,1.0,1.0,1.0,1.0,1.0,1.0,1.0,1.0,2.0,2.0,1.0,4.0,1.0,1.0,1.0,1.0,3.0,1.0,2.0,6.0,1.0,1.0,1.0,1.0,1.0,1.0,-2.5485758184053537,1.0,1.0,1.0,1.0,1.0,3.0,1.0,1.0,3.0,2.0,2.0,2.0,5.0,-20.80157324031526,2.0,2.0,4.0,3.0,1.0,2.0,2.0,2.0,2.0,-15.704502461243464,1.0,2.0,2.0,2.0,1.0,1.0,1.0,1.0,1.0,2.0,1.0,4.0,1.0,1.0,1.0,1.0,2.0,1.0,1.0,1.0,5.0,5.0,1.0,4.0,3.0,2.0,2.0,1.0,5.0,1.0,3.0,4.0,2.0,1.0,3.0,3.0,4.0,3.0,3.0,1.0,1.0,2.0,1.0,3.0,2.0,4.0,2.0,1.0,4.0,2.0,1.0,2.0,3.0,3.0,3.0,3.0,2.0,1.0,4.0,5.0,1.0,1.0,5.0,4.0,2.0,1.0,1.0,6.276158308138452,6.0,10.0,1.0,5.0,5.0,1.0,7.0,2.0,1.0,10.0,4.0,3.0,3.0,1.0,7.0,1.0,11.0,1.0,2.0,2.0,1.0,3.0,2.0,1.0,1.0,5.0,8.0,1.0,7.0,3.0,1.0,2.0,2.0,1.0,2.0,1.0,1.0,1.0,1.0,2.0,7.0,6.0,1.0,2.0,1.0,1.0,1.0,1.0,5.0,1.0,1.0,2.0,5.0,1.0,2.0,7.0,6.0,6.0,1.0,2.0,9.0,3.0,6.0,1.0,6.0,4.0,9.0,1.0,1.0,1.0,2.0,10.0,6.0,2.0,2.0,5.0,5.0,1.0,10.0,1.0,2.0,4.0,5.0,13.0,1.0,1.0,1.0,1.0,4.0,4.0,3.0,1.0,2.0,1.0,1.0,1.0,2.0,4.0,4.0,5.0,11.0,1.0,1.0,13.2640361646798,1.0,5.0,2.0,7.0,1.0,1.0,2.0,1.0,1.0,1.0,3.0,3.0,2.0,2.0,3.0,5.0,1.0,2.0,1.0,-2.0,1.0,1.0,7.0,-3.0,-3.0,-3.0,-3.0,1.0,0.0,4.0,-2.0,5.0,-6.0,-6.0,-6.0,-6.0,-2.0,-1.0,-1.0,-6.0,-6.0,-6.0,-6.0,-3.0,-2.0,-1.0,-1.0,-3.0,-3.0,-3.0,-3.0,-2.0,-1.0,-1.0,2.0,-1.0,-6.0,-6.0,-6.0,-7.103831779623127,-6.0,-6.0,-6.0,1.0,1.0,-3.0,-3.0,7.0,2.0,-5.0,-5.0,-5.0,-5.0,1.0,-2.0,-2.0,2.0,1.0,-5.0,-6.0,-5.0,-5.0,2.0,1.0,1.0,1.0,-6.0,-6.0,-6.0,-6.0,-1.0,1.0,-2.0,-2.0,1.0,2.0,-13.0,-13.0,-1.0,-1.0,-2.0,2.0,1.0,-5.0,-5.0,-5.0,-5.0,-5.0,-5.0,1.0,1.0,-5.0,-5.0,-5.0,-5.0,-5.0,0.0,-3.0,-12.0,-12.0,1.0,5.0,-7.0,-7.0,-7.0,-7.0,1.0,7.0,1.0,1.0,1.0,2.0,11.0,1.0,4.0,1.0,3.0,6.0,1.0,2.0,3.0,15.0,3.0,2.0,3.0,4.0,1.0,6.0,6.0,4.0,2.0,1.0,1.0,1.0,1.0,1.0,1.0,3.0,7.0,1.0,3.0,1.0,1.0,1.0,3.0,2.0,1.0,2.0,2.0,1.0,1.0,3.0,3.0,3.0,1.0,1.0,2.0,3.0,3.0,3.0,1.0,1.0,1.0,3.0,4.0,4.0,2.0,3.0,1.0,1.0,1.0,1.0,1.0,1.0,2.0,3.0,4.0,4.0,2.0,6.0,3.0,1.0,1.0,1.0,1.0,1.0,1.0,2.0,3.0,1.0,13.0,3.0,1.0,1.0,6.0,1.0,1.0,1.0,4.0,1.0,1.0,2.0,2.0,4.0,3.0,3.0,1.0,1.0,1.0,1.0,2.0,2.0,3.0,3.0,1.0,1.0,2.0,2.0,1.0,2.0,6.0,6.0,2.0,3.0,2.0,2.0,1.0,1.0,2.0,2.0,6.0,6.0,2.0,3.0,2.0,2.0,1.0,1.0,21.0,3.0,4.0,1.0,2.0,2.0,8.0,1.0,7.0,2.0,1.0,2.0,3.0,4.0,4.0,1.0,16.0,1.0,6.0,3.0,1.0,1.0,2.0,10.0,1.0,10.0,3.0,3.0,2.0,1.0,4.0,3.0,1.0,2.0,1.0,1.0,4.0,1.0,3.0,1.0,2.0,2.0,1.0,1.0,1.0,1.0,3.0,1.0,1.0,2.0,1.0,1.0,1.0,1.0,1.0,1.29786125122586,1.0,1.0,1.0,1.0,1.0,4.0,3.0,1.0,1.0,1.0,1.0,1.0,1.0,2.0,2.0,1.0,4.0,1.0,4.0,1.0,1.0,2.0,1.0,1.0,3.0,2.0,2.0,2.0,2.0,1.0,1.0,6.0,24.0,4.0,1.0,3.0,2.0,1.0,1.0,16.0,35.0,3.0,1.0,1.0,1.0,1.0,1.0,1.0,3.0,5.0,1.0,1.0,2.0,7.0,5.0,5.0,2.0,3.0,1.0,1.0,1.0,8.0,1.0,5.0,3.0,2.0,9.0,6.0,1.0,4.0,13.0,1.0,7.0,7.0,1.0,1.0,1.0,1.0,1.0,4.0,6.0,3.0,2.0,1.0,8.0,6.0,1.0,1.0,1.0,2.0,3.0,1.0,2.0,8.0,1.0,2.0,9.0,2.0,1.0,1.0,1.0,1.0,1.0,4.0,1.0,1.0,4.0,5.0,1.0,1.0,2.0,3.0,2.0,1.0,2.0,5.0,6.0,4.0,6.0,8.0,11.0,7.0,6.0,1.0,1.0,1.0,4.0,1.0,3.0,4.0,5.0,12.0,5.0,2.0,2.0,1.0,4.0,2.0,1.0,1.0,1.0,3.0,4.0,3.0,2.0,17.29671484676516,3.0,5.0,1.0,7.0,5.0,2.0,2.0,3.0,1.0,1.0,1.0,1.0,2.0,1.0,2.0,1.0,1.0,12.0,10.0,8.0,6.0,5.0,1.0,1.0,1.0,3.0,1.0,1.0,1.0,3.0,4.0,1.0,2.0,1.0,1.0,1.0,2.0,1.0,1.0,8.0,1.0,1.0,2.0,2.0,5.0,2.0,2.0,1.0,1.0,3.0,2.0,3.0,1.0,6.0,6.0,1.0,1.0,6.0,1.0,6.0,9.0,3.0,13.0,10.0,1.0,1.0,11.0,1.0,1.0,3.0,8.0,9.0,2.0,1.0,2.0,3.0,3.0,3.0,1.0,1.0,1.0,5.0,5.0,2.0,1.0,2.0,2.0,1.0,1.0,5.0,1.0,1.0,1.0,1.0,3.0,2.0,1.0,2.0,1.0,3.0,4.0,1.0,2.0,1.0,2.0,1.0,2.0,2.0,1.0,1.0,2.0,2.0,1.0,1.0,1.0,1.0,1.0,1.0,2.0,1.0,8.0,2.0,1.0,5.0,6.0,2.0,1.0,1.0,1.0,6.0,2.0,3.0,4.0,3.0,1.0,1.0,2.0,2.0,1.0,1.0,11.0,1.0,1.0,2.0,4.0,5.0,3.0,1.0,4.0,1.0,14.0,4.0,7.0,1.0,1.0,2.0,1.0,1.0,2.92572291035908,1.0,1.0,1.0,3.0,1.0,9.0,2.0,2.0,1.0,1.0,7.0,1.0,8.0,1.0,1.0,1.0,1.0,2.0,1.0,1.0,1.0,1.0,2.0,1.0,1.0,1.0,1.0,1.0,1.0,4.0,4.0,3.0,2.0,1.0,1.0,1.0,1.0,3.0,1.0,1.0,1.0,1.0,1.0,1.0,1.0,1.0,2.0,1.0,3.0,0.24337417607789,1.0,1.0,3.0,5.0,9.0,7.0,2.0,2.0,1.0,1.0,1.0,2.0,3.0,1.0,1.0,2.0,3.0,1.0,1.0,2.0,2.0,1.0,1.0,1.0,1.0,2.0,1.0,1.0,-1.0,-1.0,-2.0,-4.0,-12.0,-7.0,-6.0,-6.0,-9.0,-11.0,-2.0,-8.0,-10.0,-6.0,-11.0,-6.50984180533249,-1.0,-4.0,-1.0,-10.0,-11.0,-3.0,-8.0,-12.0,-10.0,-1.0,-1.0,-1.0,-1.0,-7.0,-7.0,-13.0,-7.0,2.0,1.0,1.0,1.0,2.0,1.0,1.0,5.0,1.0,2.0,1.0,1.0,3.0,1.0,3.0,1.0,1.0,1.0,1.0,1.0,1.0,1.0,1.0,4.0,1.0,1.0,2.0,1.0,1.0,3.0,1.0,1.0,2.0,1.0,1.0,2.0,3.0,1.0,2.0,1.0,1.0,1.0,1.0,1.0,1.0,2.0,1.0,2.0,1.0,2.0,5.0,6.0,1.0,2.0,1.0,1.0,3.0,1.0,1.0,2.0,3.0,3.0,1.0,1.0,2.0,5.0,5.0,1.0,1.0,4.0,3.0,2.0,1.0,1.0,-1.0,1.0,2.0,-3.0,1.0,1.0,-4.0,-4.0,-3.0,2.0,-1.0,-1.0,-1.0,-2.0,2.0,10.0,1.0,1.0,1.0,2.0,3.0,4.0,1.0,2.0,1.0,17.0,1.0,1.0,1.0,1.0,2.0,1.0,1.0,1.0,4.0,4.0,1.0,3.0,1.0,1.0,2.0,1.0,1.0,1.0,2.0,2.0,1.0,1.0,1.0,1.0,2.0,3.0,18.94840458248437,1.0,1.0,3.0,1.0,1.0,1.0,2.0,3.0,1.0,1.0,2.0,4.0,2.0,1.0,1.0,1.0,1.0,2.0,3.0,1.0,4.0,1.0,1.0,1.0,4.0,4.0,1.0,1.0,2.0,2.0,2.0,2.0,1.0,2.0,1.0,2.0,3.0,1.0,6.0,11.0,8.0,5.0,4.0,5.0,3.0,2.0,1.0,1.0,1.0,1.0,1.0,2.0,2.0,3.0,2.0,3.0,1.0,1.0,1.0,1.0,1.0,1.0,3.0,2.0,5.0,1.0,2.0,2.0,1.0,5.0,1.0,5.0,1.0,2.0,5.0,3.0,2.0,1.0,15.11250881122309,1.0,2.0,3.0,1.0,1.0,1.0,3.0,3.0,2.0,4.0,1.0,1.0,1.0,1.0,1.0,1.0,1.0,1.0,1.0,1.0,1.0,3.0,5.0,1.0,1.0,1.0,2.0,2.0,1.0,1.0,5.0,1.0,1.0,5.0,1.0,1.0,-7.0,-7.0,1.0,-1.0,-4.0,-2.0,-1.0,-2.0,-1.0,1.0,-1.0,-3.0,-5.0,0.0,-3.0,-1.0,-2.0,-4.0,1.0,-1.0,1.0,-1.0,-1.0,1.0,-1.0,-1.0,2.0,-2.0,-3.0,2.0,-2.0,-1.0,1.0,-1.0,-1.0,-2.0,1.0,-2.0,-1.0,2.0,-1.0,-1.0,-1.0,-1.0,-2.0,2.0,-2.0,-2.0,0.0,-1.0,-1.0,-1.0,-1.0,-1.0,1.0,1.0,1.0,7.0,1.0,1.0,1.0,1.0,1.0,2.0,1.0,1.0,12.0,1.0,1.0,1.0,1.0,1.0,1.0,2.0,1.0,1.0,1.0,1.0,2.0,4.0,3.0,1.0,1.0,3.0,1.0,1.0,1.0,1.0,2.0,1.0,1.0,1.0,1.0,1.0,2.0,1.0,1.0,3.0,7.0,2.0,1.0,1.0,1.0,1.0,1.0,1.0,1.0,1.0,1.0,1.0,1.0,1.0,6.0,1.0,1.0,1.0,1.0,1.0,1.0,1.0,1.0,1.0,1.0,1.0,1.0,1.0,1.0,1.0,1.0,4.0,1.0,1.0,1.0,1.0,1.0,1.0,1.0,1.0,1.0,1.0,1.0,1.0,1.0,1.0,1.0,1.0,1.0,1.0,1.0,-1.0,-1.0,1.0,1.0,2.0,-2.0,-2.0,-2.0,-2.0,-2.0,1.0,1.0,-3.56110793196185,-3.0,-3.0,-3.0,1.0,-5.0,-5.0,-5.0,1.0,1.0,1.0,1.0,2.0,1.0,1.0,-1.0,-1.0,-1.0,-1.0,-1.0,-1.0,4.0,4.0,1.0,1.0,3.0,1.0,1.0,1.0,1.0,1.0,3.0,3.0,2.0,1.0,1.0,1.0,1.0,1.0,2.0,1.0,1.0,2.0,2.0,1.0,1.0,1.0,1.0,1.0,3.0,3.0,3.0,1.0,1.0,2.0,1.0,1.0,2.0,2.0,2.0,1.0,1.0,1.0,2.0,1.0,1.0,1.0,1.0,3.0,1.0,1.0,1.0,1.0,4.0,2.0,5.0,1.0,2.0,1.0,1.0,1.0,1.0,3.0,1.0,2.0,3.0,2.0,1.0,1.0,1.0,2.0,2.0,2.0,2.0,1.0,6.0,3.0,6.0,1.0,1.0,1.0,3.0,1.0,4.0,5.0,1.0,1.0,1.0,1.0,1.0,17.0,1.0,2.0,12.0,1.0,2.0,3.0,8.0,13.0,5.0,2.0,1.0,2.0,6.0,4.0,4.0,2.0,1.0,3.0,2.0,1.0,1.0,1.0,3.0,1.0,1.0,1.0,3.0,1.0,1.0,1.0,3.0,1.0,1.0,1.0,2.0,3.0,7.0,4.0,3.0,-0.31044766992144,2.0,2.0,2.0,1.0,1.0,1.0,1.0,1.0,1.0,1.0,1.0,1.0,1.0,1.0,1.0,1.0,1.0,1.0,1.0,1.0,1.0,1.0,1.0,1.0,1.0,1.0,1.0,1.0,3.0,1.0,1.0,2.0,2.0,2.0,2.0,3.0,1.0,1.0,1.0,2.0,1.0,4.0,3.0,1.0,1.0,1.0,2.0,1.0,7.39298284432326,1.0,5.0,3.0,2.0,1.0,1.0,1.0,1.0,1.0,1.0,1.0,1.0,1.0,3.0,4.0,3.0,1.0,1.0,1.0,1.0,1.0,1.0,1.0,1.0,1.0,1.0,1.0,1.0,2.0,1.0,1.0,1.0,1.0,1.0,1.0,1.0,1.0,1.0,1.0,1.0,2.0,1.0,1.0,1.0,1.0,1.0,1.0,1.0,1.0,1.0,1.0,1.0,1.0,1.0,3.0,8.0,2.0,1.0,2.0,1.0,1.0,4.0,1.0,1.0,1.0,1.0,1.0,1.0,1.0,7.0,5.0,2.0,3.0,1.0,1.0,2.0,1.0,1.0,1.0,1.0,1.0,1.0,2.0,3.0,1.0,2.0,2.0,2.0,-16.38832593496558,3.0,1.0,1.0,1.0,1.0,3.0,2.0,3.0,3.0,1.0,1.0,2.0,2.0,2.0,3.0,2.0,1.0,3.0,1.0,2.0,2.0,2.0,2.0,2.0,2.0,1.0,1.0,1.0,1.0,1.0,1.0,1.0,1.0,1.0,2.0,1.0,1.0,1.0,3.0,1.0,1.0,1.0,1.0,1.0,1.0,1.0,2.0,1.0,6.0,1.0,5.0,1.0,4.0,1.0,8.0,1.0,3.0,3.0,4.0,1.0,2.0,2.0,1.0,1.0,3.0,2.0,3.0,1.0,2.0,1.0,1.0,2.0,1.0,1.0,4.0,6.0,1.0,1.0,1.0,2.0,2.0,1.0,1.0,3.0,5.0,5.38785976813884,1.0,1.0,5.0,1.0,1.0,2.0,1.0,1.0,1.0,4.0,2.0,1.0,4.0,2.0,6.0,1.0,1.0,1.0,1.0,6.0,5.96397995782018,1.0,1.0,3.0,3.0,-1.3686525685699,9.0,2.0,3.0,3.0,3.0,3.0,1.0,1.0,5.0,5.0,5.0,5.0,1.0,7.0,10.0,2.0,1.0,4.0,5.0,5.0,5.0,5.0,2.0,1.0,3.0,5.0,4.0,2.0,2.0,1.0,1.0,2.0,3.0,1.0,1.0,3.0,11.0,5.0,5.0,5.0,5.0,5.0,5.0,5.0,5.0,13.0,3.0,2.0,2.0,3.0,11.0,5.0,5.0,5.0,5.0,1.0,1.0,2.0,18.0,11.0,2.0,1.0,3.0,3.0,5.0,5.0,5.0,5.0,5.0,5.0,2.0,1.0,3.0,1.0,1.0,21.0,1.0,2.0,3.0,6.0,6.0,6.0,6.0,2.0,5.0,3.0,2.0,5.0,13.0,2.0,5.0,5.0,5.0,5.0,6.0,2.0,24.0,2.0,1.0,2.0,5.0,5.0,5.0,5.0,1.0,2.0,4.0,3.0,12.0,1.0,9.0,4.0,4.0,4.0,4.0,4.0,4.0,4.0,1.0,10.0,4.0,1.0,21.0,1.0,2.0,1.0,1.0,1.0,4.0,3.0,5.0,6.0,6.0,6.0,6.0,6.0,1.0,1.0,3.0,15.0,1.0,1.0,1.0,1.0,7.0,4.0,1.0,10.0,5.0,5.0,5.0,5.0,1.0,1.0,4.0,2.0,-19.72431348956135,1.0,2.0,2.0,9.0,2.0,1.0,1.0,3.0,1.0,4.0,3.0,1.0,1.0,1.0,1.0,1.0,2.0,1.0,1.0,9.0,1.0,1.0,1.0,2.0,5.0,5.0,5.0,5.0,2.0,1.0,7.0,1.0,2.0,5.0,5.0,5.0,5.0,5.0,5.0,5.0,3.0,1.0,1.0,20.0,1.0,1.0,1.0,4.0,1.0,1.0,2.0,1.0,9.0,3.0,4.0,4.0,4.0,4.0,4.0,4.0,4.0,4.0,1.0,1.0,37.0,1.0,1.0,1.0,6.0,6.0,6.0,6.0,6.0,6.0,1.0,1.0,1.0,1.0,6.0,16.0,1.0,5.0,5.0,5.0,5.0,1.0,27.0,1.0,1.0,1.0,7.0,6.0,6.0,6.0,6.0,1.0,2.0,1.0,30.0,1.0,1.0,1.0,1.0,8.0,6.0,6.0,6.0,6.0,13.32796194626393,2.0,2.0,2.0,2.0,5.0,5.0,7.0,3.0,30.0,3.0,10.0,6.0,1.0,10.0,5.0,5.0,5.0,5.0,5.0,5.0,5.0,4.0,1.0,6.0,8.0,1.0,2.0,3.0,4.0,4.0,5.0,6.0,6.0,6.0,6.0,-5.0,-5.0,-5.0,-5.0,-5.0,-5.0,-5.0,-5.0,-5.0,-5.0,1.0
1.0,1.0,1.0,2.0,1.0,2.0,4.0,7.0,1.0,2.0,1.0,5.0,1.0,1.0,1.0,1.0,3.0,1.0,2.0,1.0,1.0,1.0,1.0,1.0,1.0,1.0,5.0,2.0,1.0,3.0,1.0,1.0,5.0,1.0,1.0,2.0,1.0,1.0,1.0,2.0,3.0,1.0,1.0,1.0,1.0,1.0,1.0,1.0,1.0,1.0,1.0,1.0,5.0,3.0,2.0,1.0,1.0,2.0,1.0,1.0,1.0,1.0,1.0,1.0,1.0,1.0,2.0,1.0,5.0,1.0,2.0,1.0,1.0,2.0,1.0,1.0,1.0,1.0,2.0,1.0,7.0,4.0,1.0,2.0,1.0,2.0,12.0,5.0,1.0,15.0,1.0,2.0,2.0,2.0,1.0,1.0,8.0,1.0,4.0,1.0,1.0,16.0,3.0,3.0,1.0,2.0,1.0,1.0,6.0,7.0,1.0,2.0,3.0,2.0,2.0,3.0,2.0,1.0,5.0,1.0,3.0,2.0,2.0,1.0,1.0,1.0,10.0,10.0,1.0,3.0,2.0,1.0,2.0,5.0,2.0,1.0,3.0,1.0,1.0,1.0,1.0,1.0,1.0,1.0,7.0,1.0,1.0,13.0,1.0,1.0,1.0,10.0,2.0,1.0,3.0,1.0,1.0,2.0,3.0,1.0,1.0,1.0,1.0,1.0,1.0,1.0,2.0,1.0,14.0,1.0,1.0,1.0,2.0,2.0,1.0,3.0,2.0,1.0,1.0,1.0,2.0,5.0,1.0,1.0,1.0,4.0,1.0,4.0,2.0,14.0,1.0,2.0,2.0,4.0,1.0,1.0,3.0,1.0,1.0,2.0,1.0,1.0,4.0,3.0,17.0,1.0,1.0,1.0,1.0,3.0,1.0,3.0,5.0,1.0,2.0,2.0,2.0,1.0,1.0,1.0,4.0,1.0,2.0,1.0,1.0,1.0,1.0,1.0,1.0,5.0,2.0,2.0,3.0,1.0,1.0,1.0,1.0,2.0,1.0,1.0,1.0,1.0,1.0,5.0,2.0,3.0,2.0,2.0,3.0,1.0,2.0,4.0,1.0,2.0,2.0,2.0,1.0,1.0,1.0,1.0,1.0,3.0,2.0,1.0,1.0,13.0,3.0,1.0,1.0,1.0,7.0,4.0,1.0,1.0,1.0,8.0,1.0,1.0,6.0,2.0,1.0,3.0,2.0,8.0,2.0,1.0,1.0,1.0,5.0,1.0,8.0,1.0,4.0,9.0,7.0,1.0,1.0,8.0,1.0,2.0,1.0,1.0,4.0,1.0,1.0,1.0,7.0,4.0,5.0,3.0,1.0,1.0,1.0,2.0,1.0,1.0,1.0,1.0,1.0,1.0,6.0,3.0,2.0,2.0,1.0,1.0,1.0,1.0,1.0,1.0,5.0,1.0,1.0,3.0,1.0,1.0,3.0,3.0,1.0,1.0,1.0,2.0,2.0,1.0,1.0,1.0,3.0,4.0,4.0,1.0,1.0,1.0,2.0,1.0,2.0,2.0,2.0,8.0,9.0,3.0,1.0,2.0,1.0,1.0,3.0,2.0,2.0,1.0,5.0,1.0,3.0,3.0,3.0,4.0,1.0,1.0,2.0,2.0,3.0,3.0,1.0,3.0,2.0,1.0,1.0,1.0,1.0,1.0,1.0,1.0,1.0,1.0,1.0,1.0,2.0,10.0,2.0,3.0,3.0,3.0,2.0,1.0,1.0,1.0,1.0,2.0,1.0,15.0,3.0,3.0,3.0,3.0,1.0,1.0,11.0,2.0,2.0,2.0,3.0,1.0,1.0,1.0,1.0,9.0,2.0,2.0,3.0,3.0,1.0,1.0,1.0,2.0,1.0,13.0,2.0,2.0,3.0,3.0,6.0,5.0,2.0,2.0,2.0,2.0,3.0,3.0,4.0,3.0,2.0,2.0,3.0,3.0,4.0,2.0,7.0,3.0,3.0,2.0,2.0,1.0,3.0,7.0,2.0,13.0,6.0,4.0,1.0,1.0,1.0,2.0,1.0,3.0,2.0,10.0,2.0,14.0,1.0,1.0,1.0,9.0,3.0,2.0,1.0,1.0,10.0,2.0,1.0,1.0,1.0,2.0,3.0,7.0,5.0,1.0,1.0,1.0,2.0,6.0,2.0,2.0,4.0,2.0,1.0,1.0,1.0,3.0,2.0,10.0,3.0,1.0,1.0,1.0,5.0,3.0,5.0,1.0,3.0,1.0,1.0,2.0,2.0,3.0,2.0,1.0,2.0,1.0,1.0,1.0,2.0,1.0,1.0,1.0,1.0,5.0,1.0,2.0,1.0,1.0,1.0,1.0,1.0,4.0,1.0,1.0,14.0,1.0,4.0,1.0,13.0,11.0,2.0,2.0,1.0,5.0,1.0,11.0,1.0,1.0,1.0,1.0,1.0,4.0,1.0,1.0,1.0,1.0,3.0,1.0,3.0,1.0,5.0,9.0,1.0,1.0,1.0,1.0,4.0,1.0,6.0,13.0,1.0,3.0,3.0,4.0,1.0,3.0,1.0,4.0,1.0,14.0,9.0,12.0,7.0,1.0,1.0,1.0,2.0,4.0,4.0,6.0,10.0,8.0,21.0,4.0,4.0,3.0,2.0,4.0,1.0,2.0,12.0,11.0,1.0,3.0,4.0,1.0,1.0,1.0,1.0,3.0,6.0,7.0,2.0,5.0,3.0,3.0,8.0,10.0,2.0,19.0,8.0,5.0,1.0,3.0,2.0,6.0,-2.04564786099211,2.0,1.0,2.0,3.0,8.0,9.0,6.0,6.0,1.0,1.0,2.0,2.0,2.0,8.0,4.0,5.0,8.0,7.0,13.0,3.0,9.0,2.0,1.0,3.0,5.0,1.0,3.0,1.0,1.0,5.47566330468136,8.0,1.0,2.0,1.0,1.0,6.0,1.0,1.0,1.0,5.0,15.0,1.0,2.0,7.0,5.0,4.0,5.0,4.0,16.0,6.0,4.0,2.0,1.0,1.0,1.0,1.0,1.0,1.0,2.0,1.0,7.0,7.0,4.0,1.0,2.0,1.0,2.0,1.0,1.0,1.0,1.0,2.0,2.0,1.0,1.0,1.0,1.0,1.0,1.0,1.0,1.0,1.0,1.0,1.0,2.0,2.0,4.0,1.0,1.0,1.0,2.0,7.0,1.0,1.0,1.0,1.0,1.0,1.0,1.0,2.0,3.0,6.0,7.0,4.0,1.0,3.0,1.0,1.0,1.0,1.0,1.0,1.0,1.0,1.0,1.0,2.0,1.0,1.0,2.0,1.0,1.0,1.0,2.0,1.0,1.0,1.0,1.0,1.0,2.0,2.0,3.0,6.0,1.0,1.0,2.0,1.0,1.0,2.0,1.0,1.0,13.0,19.0,2.0,1.0,1.0,4.0,1.0,1.0,1.0,1.0,1.0,1.0,1.0,1.0,1.0,1.0,1.0,2.0,1.0,1.0,1.0,16.0,15.0,1.0,2.0,2.0,2.0,1.0,1.0,1.0,2.0,1.0,1.0,1.0,1.0,1.0,2.0,1.0,1.0,3.0,1.0,1.0,1.0,2.0,1.0,1.0,12.0,7.0,1.0,5.0,1.0,3.0,1.0,1.0,1.0,2.0,3.0,1.0,1.0,6.0,7.0,3.0,5.0,3.0,1.0,1.0,3.0,2.0,1.0,7.0,16.0,1.0,1.0,5.0,3.0,1.0,1.0,3.0,2.0,1.0,3.96952489648403,1.0,2.0,3.0,3.0,1.0,1.0,2.0,1.0,1.0,1.0,2.0,30.0,1.0,4.0,7.0,1.0,1.0,1.0,1.0,1.0,2.0,1.0,2.0,1.0,1.0,1.0,1.0,1.0,1.0,5.0,24.0,4.0,2.0,1.0,1.0,1.0,1.0,1.0,1.0,2.0,2.0,3.0,1.0,2.0,1.0,1.0,1.0,1.0,1.0,1.0,1.0,2.0,1.0,1.0,1.0,1.0,1.0,1.0,1.0,1.0,3.0,1.0,1.0,1.0,3.0,5.0,2.0,3.0,1.0,1.0,2.0,1.0,2.0,1.0,3.0,1.0,2.0,1.0,1.0,2.0,2.0,2.0,1.0,1.0,5.0,2.0,2.0,4.0,1.0,3.0,1.0,4.0,1.0,1.0,2.0,1.0,1.0,4.0,1.0,2.0,1.0,1.0,2.0,4.0,1.0,2.0,2.0,5.0,1.0,1.0,2.0,1.0,1.0,3.0,1.0,1.0,3.0,3.0,5.0,3.0,4.0,1.0,1.0,1.0,2.0,1.0,2.0,1.0,2.0,1.0,1.0,3.0,1.0,1.0,1.0,1.0,2.0,1.0,1.0,1.0,2.0,1.0,1.0,1.0,1.0,1.0,1.0,1.0,1.0,4.0,1.0,1.0,1.0,2.0,1.0,6.0,1.0,1.0,1.0,2.0,2.0,1.0,1.0,1.0,-1.2523449689335,2.0,1.0,1.0,2.0,1.0,-1.0,-1.0,-1.0,-1.0,-2.0,1.0,9.0,-1.0,1.0,-1.0,-1.0,-5.0,-4.0,-3.0,-4.0,-5.0,-5.0,1.0,1.0,1.0,6.0,6.0,2.0,1.0,3.0,2.0,1.0,4.0,5.0,1.0,3.0,1.0,1.0,2.0,1.0,5.0,1.0,1.0,10.0,4.0,1.0,1.0,1.0,3.0,7.0,1.0,2.0,8.0,1.0,2.0,1.0,1.0,1.0,2.0,1.0,2.0,9.0,1.0,9.0,1.0,1.0,1.0,3.0,1.0,1.0,4.0,4.0,1.0,2.0,1.0,2.0,1.0,1.0,1.0,2.0,1.0,1.0,2.0,4.0,1.0,1.0,10.0,1.0,1.0,1.0,3.0,1.0,4.0,4.0,9.0,1.0,1.0,5.0,1.0,1.0,4.957128867032768,4.0,2.0,5.0,1.0,7.0,1.0,5.0,1.0,1.0,1.0,18.20845275419301,1.0,5.0,4.0,6.0,1.0,-3.0,-1.0,-1.0,-13.71931735451625,-2.0,-2.0,-1.0,-1.0,-1.0,-1.0,-3.0,-1.0,-2.0,-4.0,-1.0,-2.0,-1.0,-1.0,-1.0,5.0,4.0,2.0,7.0,2.0,1.0,2.0,1.0,2.0,1.0,3.0,4.0,4.0,1.0,1.0,2.0,4.0,2.0,6.0,1.0,5.0,11.27775448851298,8.0,7.0,1.0,4.0,3.0,1.0,1.0,1.0,2.0,1.0,4.0,1.0,1.0,1.0,1.0,2.0,1.0,1.0,3.0,2.0,4.0,7.0,7.0,4.0,1.0,1.0,4.0,1.0,1.0,2.0,1.0,1.0,5.0,1.0,2.0,7.0,4.0,2.0,2.0,1.0,1.0,1.0,2.0,2.0,2.0,1.0,1.0,2.0,6.0,1.0,4.0,2.0,3.0,-9.81276160699843,1.0,8.0,8.0,1.0,1.0,2.0,2.0,1.0,1.0,2.0,2.0,11.0,5.0,2.0,1.0,2.0,2.0,2.0,2.0,2.0,2.0,2.0,2.0,2.0,1.0,1.0,25.0,6.0,5.0,5.0,5.0,5.0,5.0,5.0,3.0,2.0,1.0,1.0,2.0,1.0,1.0,12.0,15.0,4.0,4.0,5.0,4.0,4.0,5.0,2.0,1.0,5.0,1.0,1.0,2.0,1.0,16.0,5.0,4.0,5.0,4.0,10.0,2.0,4.0,3.0,3.0,6.0,4.0,4.0,4.0,4.0,4.0,4.0,4.0,4.0,4.0,2.0,4.0,4.0,4.0,4.0,4.0,4.0,1.0,1.0,4.0,4.0,4.0,4.0,4.0,4.0,1.0,1.0,1.0,1.0,1.0,1.0,4.0,4.0,4.0,4.0,4.0,4.0,4.0,4.0,4.0,4.0,1.0,1.0,1.0,1.0,3.0,1.0,1.0,10.0,1.0,1.0,1.0,1.0,1.0,21.0,15.0,1.0,1.0,1.0,1.0,1.0,1.0,5.0,1.0,6.0,2.0,2.0,23.0,14.0,1.0,3.0,3.0,3.0,3.0,3.0,3.0,3.0,3.0,1.0,1.0,1.0,1.0,1.0,6.0,1.0,4.0,10.0,9.0,26.0,7.0,3.0,3.0,4.0,3.0,3.0,3.0,4.0,3.0,1.0,1.0,1.0,1.0,3.0,1.0,1.0,13.0,2.0,2.0,2.0,2.0,2.0,2.0,2.0,1.0,1.0,2.0,2.0,2.0,2.0,2.0,2.0,3.0,2.0,1.0,2.0,2.0,2.0,2.0,2.0,2.0,2.0,1.0,2.0,2.0,2.0,2.0,2.0,2.0,2.0,2.0,2.0,2.0,2.0,1.0,-2.0,1.0,4.0,1.0,-4.0,-4.0,-5.0,-4.0,-4.0,-4.0,-5.0,-4.0,-1.0,1.0,2.0,-1.0,1.0,-4.0,-5.0,-4.0,-4.0,-5.0,-4.0,2.0,1.0,-5.0,-6.0,-5.0,-5.0,-6.0,-5.0,1.0,1.0,1.0,-5.0,-5.0,-5.0,-5.0,-5.0,-5.0,-1.0,1.0,-1.0,-5.0,-5.0,-5.0,-5.0,-5.0,-5.0,-3.0,-4.0,-1.0,-1.0,-3.0,-1.0,0.0,1.0,-9.0,-5.0,1.0,-1.0,-2.0,-1.0,-1.0,-2.0,-1.0,-3.0,-2.0,-1.0,-1.0,-1.0,-1.0,-1.0,-3.0,-1.0,-1.0,-1.0,-1.0,-3.0,-2.0,19.45784305872714,-2.0,-1.0,-1.0,-1.0,-2.0,7.0,-4.0,-2.0,-3.0,-3.0,-1.0,-1.0,-1.0,1.0,1.0,0.0,-1.0,-5.0,-7.0,-1.0,-2.0,-1.0,9.0,2.0,13.0,-1.0,-1.0,-1.0,-5.0,-5.0,-2.0,-4.0,1.0,5.0,4.0,2.0,2.0,1.0,2.0,15.0,17.0,4.0,5.0,7.0,13.0,1.0,3.0,1.0,1.0,1.0,12.0,5.0,5.0,1.0,11.0,2.0,4.0,2.0,1.0,15.57346510062307,4.0,2.0,1.0,1.0,2.0,1.0,1.0,2.0,1.0,1.0,2.0,6.0,1.0,1.0,2.0,4.0,3.0,2.0,2.0,3.0,7.0,1.0,1.0,1.0,1.0,1.0,2.0,1.0,1.0,1.0,1.0,1.0,1.0,1.0,1.0,2.0,2.0,1.0,4.0,1.0,1.0,1.0,1.0,3.0,1.0,2.0,6.0,1.0,1.0,1.0,1.0,1.0,1.0,-2.5485758184053537,1.0,1.0,1.0,1.0,1.0,3.0,1.0,1.0,3.0,2.0,2.0,2.0,5.0,-20.80157324031526,2.0,2.0,4.0,3.0,1.0,2.0,2.0,2.0,2.0,-15.704502461243464,1.0,2.0,2.0,2.0,1.0,1.0,1.0,1.0,1.0,2.0,1.0,4.0,1.0,1.0,1.0,1.0,2.0,1.0,1.0,1.0,5.0,5.0,1.0,4.0,3.0,2.0,2.0,1.0,5.0,1.0,3.0,4.0,2.0,1.0,3.0,3.0,4.0,3.0,3.0,1.0,1.0,2.0,1.0,3.0,2.0,4.0,2.0,1.0,4.0,2.0,1.0,2.0,3.0,3.0,3.0,3.0,2.0,1.0,4.0,5.0,1.0,1.0,5.0,4.0,2.0,1.0,1.0,6.276158308138452,6.0,10.0,1.0,5.0,5.0,1.0,7.0,2.0,1.0,10.0,4.0,3.0,3.0,1.0,7.0,1.0,11.0,1.0,2.0,2.0,1.0,3.0,2.0,1.0,1.0,5.0,8.0,1.0,7.0,3.0,1.0,2.0,2.0,1.0,2.0,1.0,1.0,1.0,1.0,2.0,7.0,6.0,1.0,2.0,1.0,1.0,1.0,1.0,5.0,1.0,1.0,2.0,5.0,1.0,2.0,7.0,6.0,6.0,1.0,2.0,9.0,3.0,6.0,1.0,6.0,4.0,9.0,1.0,1.0,1.0,2.0,10.0,6.0,2.0,2.0,5.0,5.0,1.0,10.0,1.0,2.0,4.0,5.0,13.0,1.0,1.0,1.0,1.0,4.0,4.0,3.0,1.0,2.0,1.0,1.0,1.0,2.0,4.0,4.0,5.0,11.0,1.0,1.0,13.2640361646798,1.0,5.0,2.0,7.0,1.0,1.0,2.0,1.0,1.0,1.0,3.0,3.0,2.0,2.0,3.0,5.0,1.0,2.0,1.0,-2.0,1.0,1.0,7.0,-3.0,-3.0,-3.0,-3.0,1.0,0.0,4.0,-2.0,5.0,-6.0,-6.0,-6.0,-6.0,-2.0,-1.0,-1.0,-6.0,-6.0,-6.0,-6.0,-3.0,-2.0,-1.0,-1.0,-3.0,-3.0,-3.0,-3.0,-2.0,-1.0,-1.0,2.0,-1.0,-6.0,-6.0,-6.0,-7.103831779623127,-6.0,-6.0,-6.0,1.0,1.0,-3.0,-3.0,7.0,2.0,-5.0,-5.0,-5.0,-5.0,1.0,-2.0,-2.0,2.0,1.0,-5.0,-6.0,-5.0,-5.0,2.0,1.0,1.0,1.0,-6.0,-6.0,-6.0,-6.0,-1.0,1.0,-2.0,-2.0,1.0,2.0,-13.0,-13.0,-1.0,-1.0,-2.0,2.0,1.0,-5.0,-5.0,-5.0,-5.0,-5.0,-5.0,1.0,1.0,-5.0,-5.0,-5.0,-5.0,-5.0,0.0,-3.0,-12.0,-12.0,1.0,5.0,-7.0,-7.0,-7.0,-7.0,1.0,7.0,1.0,1.0,1.0,2.0,11.0,1.0,4.0,1.0,3.0,6.0,1.0,2.0,3.0,15.0,3.0,2.0,3.0,4.0,1.0,6.0,6.0,4.0,2.0,1.0,1.0,1.0,1.0,1.0,1.0,3.0,7.0,1.0,3.0,1.0,1.0,1.0,3.0,2.0,1.0,2.0,2.0,1.0,1.0,3.0,3.0,3.0,1.0,1.0,2.0,3.0,3.0,3.0,1.0,1.0,1.0,3.0,4.0,4.0,2.0,3.0,1.0,1.0,1.0,1.0,1.0,1.0,2.0,3.0,4.0,4.0,2.0,6.0,3.0,1.0,1.0,1.0,1.0,1.0,1.0,2.0,3.0,1.0,13.0,3.0,1.0,1.0,6.0,1.0,1.0,1.0,4.0,1.0,1.0,2.0,2.0,4.0,3.0,3.0,1.0,1.0,1.0,1.0,2.0,2.0,3.0,3.0,1.0,1.0,2.0,2.0,1.0,2.0,6.0,6.0,2.0,3.0,2.0,2.0,1.0,1.0,2.0,2.0,6.0,6.0,2.0,3.0,2.0,2.0,1.0,1.0,21.0,3.0,4.0,1.0,2.0,2.0,8.0,1.0,7.0,2.0,1.0,2.0,3.0,4.0,4.0,1.0,16.0,1.0,6.0,3.0,1.0,1.0,2.0,10.0,1.0,10.0,3.0,3.0,2.0,1.0,4.0,3.0,1.0,2.0,1.0,1.0,4.0,1.0,3.0,1.0,2.0,2.0,1.0,1.0,1.0,1.0,3.0,1.0,1.0,2.0,1.0,1.0,1.0,1.0,1.0,1.29786125122586,1.0,1.0,1.0,1.0,1.0,4.0,3.0,1.0,1.0,1.0,1.0,1.0,1.0,2.0,2.0,1.0,4.0,1.0,4.0,1.0,1.0,2.0,1.0,1.0,3.0,2.0,2.0,2.0,2.0,1.0,1.0,6.0,24.0,4.0,1.0,3.0,2.0,1.0,1.0,16.0,35.0,3.0,1.0,1.0,1.0,1.0,1.0,1.0,3.0,5.0,1.0,1.0,2.0,7.0,5.0,5.0,2.0,3.0,1.0,1.0,1.0,8.0,1.0,5.0,3.0,2.0,9.0,6.0,1.0,4.0,13.0,1.0,7.0,7.0,1.0,1.0,1.0,1.0,1.0,4.0,6.0,3.0,2.0,1.0,8.0,6.0,1.0,1.0,1.0,2.0,3.0,1.0,2.0,8.0,1.0,2.0,9.0,2.0,1.0,1.0,1.0,1.0,1.0,4.0,1.0,1.0,4.0,5.0,1.0,1.0,2.0,3.0,2.0,1.0,2.0,5.0,6.0,4.0,6.0,8.0,11.0,7.0,6.0,1.0,1.0,1.0,4.0,1.0,3.0,4.0,5.0,12.0,5.0,2.0,2.0,1.0,4.0,2.0,1.0,1.0,1.0,3.0,4.0,3.0,2.0,17.29671484676516,3.0,5.0,1.0,7.0,5.0,2.0,2.0,3.0,1.0,1.0,1.0,1.0,2.0,1.0,2.0,1.0,1.0,12.0,10.0,8.0,6.0,5.0,1.0,1.0,1.0,3.0,1.0,1.0,1.0,3.0,4.0,1.0,2.0,1.0,1.0,1.0,2.0,1.0,1.0,8.0,1.0,1.0,2.0,2.0,5.0,2.0,2.0,1.0,1.0,3.0,2.0,3.0,1.0,6.0,6.0,1.0,1.0,6.0,1.0,6.0,9.0,3.0,13.0,10.0,1.0,1.0,11.0,1.0,1.0,3.0,8.0,9.0,2.0,1.0,2.0,3.0,3.0,3.0,1.0,1.0,1.0,5.0,5.0,2.0,1.0,2.0,2.0,1.0,1.0,5.0,1.0,1.0,1.0,1.0,3.0,2.0,1.0,2.0,1.0,3.0,4.0,1.0,2.0,1.0,2.0,1.0,2.0,2.0,1.0,1.0,2.0,2.0,1.0,1.0,1.0,1.0,1.0,1.0,2.0,1.0,8.0,2.0,1.0,5.0,6.0,2.0,1.0,1.0,1.0,6.0,2.0,3.0,4.0,3.0,1.0,1.0,2.0,2.0,1.0,1.0,11.0,1.0,1.0,2.0,4.0,5.0,3.0,1.0,4.0,1.0,14.0,4.0,7.0,1.0,1.0,2.0,1.0,1.0,2.92572291035908,1.0,1.0,1.0,3.0,1.0,9.0,2.0,2.0,1.0,1.0,7.0,1.0,8.0,1.0,1.0,1.0,1.0,2.0,1.0,1.0,1.0,1.0,2.0,1.0,1.0,1.0,1.0,1.0,1.0,4.0,4.0,3.0,2.0,1.0,1.0,1.0,1.0,3.0,1.0,1.0,1.0,1.0,1.0,1.0,1.0,1.0,2.0,1.0,3.0,0.24337417607789,1.0,1.0,3.0,5.0,9.0,7.0,2.0,2.0,1.0,1.0,1.0,2.0,3.0,1.0,1.0,2.0,3.0,1.0,1.0,2.0,2.0,1.0,1.0,1.0,1.0,2.0,1.0,1.0,-1.0,-1.0,-2.0,-4.0,-12.0,-7.0,-6.0,-6.0,-9.0,-11.0,-2.0,-8.0,-10.0,-6.0,-11.0,-6.50984180533249,-1.0,-4.0,-1.0,-10.0,-11.0,-3.0,-8.0,-12.0,-10.0,-1.0,-1.0,-1.0,-1.0,-7.0,-7.0,-13.0,-7.0,2.0,1.0,1.0,1.0,2.0,1.0,1.0,5.0,1.0,2.0,1.0,1.0,3.0,1.0,3.0,1.0,1.0,1.0,1.0,1.0,1.0,1.0,1.0,4.0,1.0,1.0,2.0,1.0,1.0,3.0,1.0,1.0,2.0,1.0,1.0,2.0,3.0,1.0,2.0,1.0,1.0,1.0,1.0,1.0,1.0,2.0,1.0,2.0,1.0,2.0,5.0,6.0,1.0,2.0,1.0,1.0,3.0,1.0,1.0,2.0,3.0,3.0,1.0,1.0,2.0,5.0,5.0,1.0,1.0,4.0,3.0,2.0,1.0,1.0,-1.0,1.0,2.0,-3.0,1.0,1.0,-4.0,-4.0,-3.0,2.0,-1.0,-1.0,-1.0,-2.0,2.0,10.0,1.0,1.0,1.0,2.0,3.0,4.0,1.0,2.0,1.0,17.0,1.0,1.0,1.0,1.0,2.0,1.0,1.0,1.0,4.0,4.0,1.0,3.0,1.0,1.0,2.0,1.0,1.0,1.0,2.0,2.0,1.0,1.0,1.0,1.0,2.0,3.0,18.94840458248437,1.0,1.0,3.0,1.0,1.0,1.0,2.0,3.0,1.0,1.0,2.0,4.0,2.0,1.0,1.0,1.0,1.0,2.0,3.0,1.0,4.0,1.0,1.0,1.0,4.0,4.0,1.0,1.0,2.0,2.0,2.0,2.0,1.0,2.0,1.0,2.0,3.0,1.0,6.0,11.0,8.0,5.0,4.0,5.0,3.0,2.0,1.0,1.0,1.0,1.0,1.0,2.0,2.0,3.0,2.0,3.0,1.0,1.0,1.0,1.0,1.0,1.0,3.0,2.0,5.0,1.0,2.0,2.0,1.0,5.0,1.0,5.0,1.0,2.0,5.0,3.0,2.0,1.0,15.11250881122309,1.0,2.0,3.0,1.0,1.0,1.0,3.0,3.0,2.0,4.0,1.0,1.0,1.0,1.0,1.0,1.0,1.0,1.0,1.0,1.0,1.0,3.0,5.0,1.0,1.0,1.0,2.0,2.0,1.0,1.0,5.0,1.0,1.0,5.0,1.0,1.0,-7.0,-7.0,1.0,-1.0,-4.0,-2.0,-1.0,-2.0,-1.0,1.0,-1.0,-3.0,-5.0,0.0,-3.0,-1.0,-2.0,-4.0,1.0,-1.0,1.0,-1.0,-1.0,1.0,-1.0,-1.0,2.0,-2.0,-3.0,2.0,-2.0,-1.0,1.0,-1.0,-1.0,-2.0,1.0,-2.0,-1.0,2.0,-1.0,-1.0,-1.0,-1.0,-2.0,2.0,-2.0,-2.0,0.0,-1.0,-1.0,-1.0,-1.0,-1.0,1.0,1.0,1.0,7.0,1.0,1.0,1.0,1.0,1.0,2.0,1.0,1.0,12.0,1.0,1.0,1.0,1.0,1.0,1.0,2.0,1.0,1.0,1.0,1.0,2.0,4.0,3.0,1.0,1.0,3.0,1.0,1.0,1.0,1.0,2.0,1.0,1.0,1.0,1.0,1.0,2.0,1.0,1.0,3.0,7.0,2.0,1.0,1.0,1.0,1.0,1.0,1.0,1.0,1.0,1.0,1.0,1.0,1.0,6.0,1.0,1.0,1.0,1.0,1.0,1.0,1.0,1.0,1.0,1.0,1.0,1.0,1.0,1.0,1.0,1.0,4.0,1.0,1.0,1.0,1.0,1.0,1.0,1.0,1.0,1.0,1.0,1.0,1.0,1.0,1.0,1.0,1.0,1.0,1.0,1.0,-1.0,-1.0,1.0,1.0,2.0,-2.0,-2.0,-2.0,-2.0,-2.0,1.0,1.0,-3.56110793196185,-3.0,-3.0,-3.0,1.0,-5.0,-5.0,-5.0,1.0,1.0,1.0,1.0,2.0,1.0,1.0,-1.0,-1.0,-1.0,-1.0,-1.0,-1.0,4.0,4.0,1.0,1.0,3.0,1.0,1.0,1.0,1.0,1.0,3.0,3.0,2.0,1.0,1.0,1.0,1.0,1.0,2.0,1.0,1.0,2.0,2.0,1.0,1.0,1.0,1.0,1.0,3.0,3.0,3.0,1.0,1.0,2.0,1.0,1.0,2.0,2.0,2.0,1.0,1.0,1.0,2.0,1.0,1.0,1.0,1.0,3.0,1.0,1.0,1.0,1.0,4.0,2.0,5.0,1.0,2.0,1.0,1.0,1.0,1.0,3.0,1.0,2.0,3.0,2.0,1.0,1.0,1.0,2.0,2.0,2.0,2.0,1.0,6.0,3.0,6.0,1.0,1.0,1.0,3.0,1.0,4.0,5.0,1.0,1.0,1.0,1.0,1.0,17.0,1.0,2.0,12.0,1.0,2.0,3.0,8.0,13.0,5.0,2.0,1.0,2.0,6.0,4.0,4.0,2.0,1.0,3.0,2.0,1.0,1.0,1.0,3.0,1.0,1.0,1.0,3.0,1.0,1.0,1.0,3.0,1.0,1.0,1.0,2.0,3.0,7.0,4.0,3.0,-0.31044766992144,2.0,2.0,2.0,1.0,1.0,1.0,1.0,1.0,1.0,1.0,1.0,1.0,1.0,1.0,1.0,1.0,1.0,1.0,1.0,1.0,1.0,1.0,1.0,1.0,1.0,1.0,1.0,1.0,3.0,1.0,1.0,2.0,2.0,2.0,2.0,3.0,1.0,1.0,1.0,2.0,1.0,4.0,3.0,1.0,1.0,1.0,2.0,1.0,7.39298284432326,1.0,5.0,3.0,2.0,1.0,1.0,1.0,1.0,1.0,1.0,1.0,1.0,1.0,3.0,4.0,3.0,1.0,1.0,1.0,1.0,1.0,1.0,1.0,1.0,1.0,1.0,1.0,1.0,2.0,1.0,1.0,1.0,1.0,1.0,1.0,1.0,1.0,1.0,1.0,1.0,2.0,1.0,1.0,1.0,1.0,1.0,1.0,1.0,1.0,1.0,1.0,1.0,1.0,1.0,3.0,8.0,2.0,1.0,2.0,1.0,1.0,4.0,1.0,1.0,1.0,1.0,1.0,1.0,1.0,7.0,5.0,2.0,3.0,1.0,1.0,2.0,1.0,1.0,1.0,1.0,1.0,1.0,2.0,3.0,1.0,2.0,2.0,2.0,-16.38832593496558,3.0,1.0,1.0,1.0,1.0,3.0,2.0,3.0,3.0,1.0,1.0,2.0,2.0,2.0,3.0,2.0,1.0,3.0,1.0,2.0,2.0,2.0,2.0,2.0,2.0,1.0,1.0,1.0,1.0,1.0,1.0,1.0,1.0,1.0,2.0,1.0,1.0,1.0,3.0,1.0,1.0,1.0,1.0,1.0,1.0,1.0,2.0,1.0,6.0,1.0,5.0,1.0,4.0,1.0,8.0,1.0,3.0,3.0,4.0,1.0,2.0,2.0,1.0,1.0,3.0,2.0,3.0,1.0,2.0,1.0,1.0,2.0,1.0,1.0,4.0,6.0,1.0,1.0,1.0,2.0,2.0,1.0,1.0,3.0,5.0,5.38785976813884,1.0,1.0,5.0,1.0,1.0,2.0,1.0,1.0,1.0,4.0,2.0,1.0,4.0,2.0,6.0,1.0,1.0,1.0,1.0,6.0,5.96397995782018,1.0,1.0,3.0,3.0,-1.3686525685699,9.0,2.0,3.0,3.0,3.0,3.0,1.0,1.0,5.0,5.0,5.0,5.0,1.0,7.0,10.0,2.0,1.0,4.0,5.0,5.0,5.0,5.0,2.0,1.0,3.0,5.0,4.0,2.0,2.0,1.0,1.0,2.0,3.0,1.0,1.0,3.0,11.0,5.0,5.0,5.0,5.0,5.0,5.0,5.0,5.0,13.0,3.0,2.0,2.0,3.0,11.0,5.0,5.0,5.0,5.0,1.0,1.0,2.0,18.0,11.0,2.0,1.0,3.0,3.0,5.0,5.0,5.0,5.0,5.0,5.0,2.0,1.0,3.0,1.0,1.0,21.0,1.0,2.0,3.0,6.0,6.0,6.0,6.0,2.0,5.0,3.0,2.0,5.0,13.0,2.0,5.0,5.0,5.0,5.0,6.0,2.0,24.0,2.0,1.0,2.0,5.0,5.0,5.0,5.0,1.0,2.0,4.0,3.0,12.0,1.0,9.0,4.0,4.0,4.0,4.0,4.0,4.0,4.0,1.0,10.0,4.0,1.0,21.0,1.0,2.0,1.0,1.0,1.0,4.0,3.0,5.0,6.0,6.0,6.0,6.0,6.0,1.0,1.0,3.0,15.0,1.0,1.0,1.0,1.0,7.0,4.0,1.0,10.0,5.0,5.0,5.0,5.0,1.0,1.0,4.0,2.0,-19.72431348956135,1.0,2.0,2.0,9.0,2.0,1.0,1.0,3.0,1.0,4.0,3.0,1.0,1.0,1.0,1.0,1.0,2.0,1.0,1.0,9.0,1.0,1.0,1.0,2.0,5.0,5.0,5.0,5.0,2.0,1.0,7.0,1.0,2.0,5.0,5.0,5.0,5.0,5.0,5.0,5.0,3.0,1.0,1.0,20.0,1.0,1.0,1.0,4.0,1.0,1.0,2.0,1.0,9.0,3.0,4.0,4.0,4.0,4.0,4.0,4.0,4.0,4.0,1.0,1.0,37.0,1.0,1.0,1.0,6.0,6.0,6.0,6.0,6.0,6.0,1.0,1.0,1.0,1.0,6.0,16.0,1.0,5.0,5.0,5.0,5.0,1.0,27.0,1.0,1.0,1.0,7.0,6.0,6.0,6.0,6.0,1.0,2.0,1.0,30.0,1.0,1.0,1.0,1.0,8.0,6.0,6.0,6.0,6.0,13.32796194626393,2.0,2.0,2.0,2.0,5.0,5.0,7.0,3.0,30.0,3.0,10.0,6.0,1.0,10.0,5.0,5.0,5.0,5.0,5.0,5.0,5.0,4.0,1.0,6.0,8.0,1.0,2.0,3.0,4.0,4.0,5.0,6.0,6.0,6.0,6.0,-5.0,-5.0,-5.0,-5.0,-5.0,-5.0,-5.0,-5.0,-5.0,-5.0,1.0
1.0,1.0,1.0,2.0,1.0,2.0,4.0,7.0,1.0,2.0,1.0,5.0,1.0,1.0,1.0,1.0,3.0,1.0,2.0,1.0,1.0,1.0,1.0,1.0,1.0,1.0,5.0,2.0,1.0,3.0,1.0,1.0,5.0,1.0,1.0,2.0,1.0,1.0,1.0,2.0,3.0,1.0,1.0,1.0,1.0,1.0,1.0,1.0,1.0,1.0,1.0,1.0,5.0,3.0,2.0,1.0,1.0,2.0,1.0,1.0,1.0,1.0,1.0,1.0,1.0,1.0,2.0,1.0,5.0,1.0,2.0,1.0,1.0,2.0,1.0,1.0,1.0,1.0,2.0,1.0,7.0,4.0,1.0,2.0,1.0,2.0,12.0,5.0,1.0,15.0,1.0,2.0,2.0,2.0,1.0,1.0,8.0,1.0,4.0,1.0,1.0,16.0,3.0,3.0,1.0,2.0,1.0,1.0,6.0,7.0,1.0,2.0,3.0,2.0,2.0,3.0,2.0,1.0,5.0,1.0,3.0,2.0,2.0,1.0,1.0,1.0,10.0,10.0,1.0,3.0,2.0,1.0,2.0,5.0,2.0,1.0,3.0,1.0,1.0,1.0,1.0,1.0,1.0,1.0,7.0,1.0,1.0,13.0,1.0,1.0,1.0,10.0,2.0,1.0,3.0,1.0,1.0,2.0,3.0,1.0,1.0,1.0,1.0,1.0,1.0,1.0,2.0,1.0,14.0,1.0,1.0,1.0,2.0,2.0,1.0,3.0,2.0,1.0,1.0,1.0,2.0,5.0,1.0,1.0,1.0,4.0,1.0,4.0,2.0,14.0,1.0,2.0,2.0,4.0,1.0,1.0,3.0,1.0,1.0,2.0,1.0,1.0,4.0,3.0,17.0,1.0,1.0,1.0,1.0,3.0,1.0,3.0,5.0,1.0,2.0,2.0,2.0,1.0,1.0,1.0,4.0,1.0,2.0,1.0,1.0,1.0,1.0,1.0,1.0,5.0,2.0,2.0,3.0,1.0,1.0,1.0,1.0,2.0,1.0,1.0,1.0,1.0,1.0,5.0,2.0,3.0,2.0,2.0,3.0,1.0,2.0,4.0,1.0,2.0,2.0,2.0,1.0,1.0,1.0,1.0,1.0,3.0,2.0,1.0,1.0,13.0,3.0,1.0,1.0,1.0,7.0,4.0,1.0,1.0,1.0,8.0,1.0,1.0,6.0,2.0,1.0,3.0,2.0,8.0,2.0,1.0,1.0,1.0,5.0,1.0,8.0,1.0,4.0,9.0,7.0,1.0,1.0,8.0,1.0,2.0,1.0,1.0,4.0,1.0,1.0,1.0,7.0,4.0,5.0,3.0,1.0,1.0,1.0,2.0,1.0,1.0,1.0,1.0,1.0,1.0,6.0,3.0,2.0,2.0,1.0,1.0,1.0,1.0,1.0,1.0,5.0,1.0,1.0,3.0,1.0,1.0,3.0,3.0,1.0,1.0,1.0,2.0,2.0,1.0,1.0,1.0,3.0,4.0,4.0,1.0,1.0,1.0,2.0,1.0,2.0,2.0,2.0,8.0,9.0,3.0,1.0,2.0,1.0,1.0,3.0,2.0,2.0,1.0,5.0,1.0,3.0,3.0,3.0,4.0,1.0,1.0,2.0,2.0,3.0,3.0,1.0,3.0,2.0,1.0,1.0,1.0,1.0,1.0,1.0,1.0,1.0,1.0,1.0,1.0,2.0,10.0,2.0,3.0,3.0,3.0,2.0,1.0,1.0,1.0,1.0,2.0,1.0,15.0,3.0,3.0,3.0,3.0,1.0,1.0,11.0,2.0,2.0,2.0,3.0,1.0,1.0,1.0,1.0,9.0,2.0,2.0,3.0,3.0,1.0,1.0,1.0,2.0,1.0,13.0,2.0,2.0,3.0,3.0,6.0,5.0,2.0,2.0,2.0,2.0,3.0,3.0,4.0,3.0,2.0,2.0,3.0,3.0,4.0,2.0,7.0,3.0,3.0,2.0,2.0,1.0,3.0,7.0,2.0,13.0,6.0,4.0,1.0,1.0,1.0,2.0,1.0,3.0,2.0,10.0,2.0,14.0,1.0,1.0,1.0,9.0,3.0,2.0,1.0,1.0,10.0,2.0,1.0,1.0,1.0,2.0,3.0,7.0,5.0,1.0,1.0,1.0,2.0,6.0,2.0,2.0,4.0,2.0,1.0,1.0,1.0,3.0,2.0,10.0,3.0,1.0,1.0,1.0,5.0,3.0,5.0,1.0,3.0,1.0,1.0,2.0,2.0,3.0,2.0,1.0,2.0,1.0,1.0,1.0,2.0,1.0,1.0,1.0,1.0,5.0,1.0,2.0,1.0,1.0,1.0,1.0,1.0,4.0,1.0,1.0,14.0,1.0,4.0,1.0,13.0,11.0,2.0,2.0,1.0,5.0,1.0,11.0,1.0,1.0,1.0,1.0,1.0,4.0,1.0,1.0,1.0,1.0,3.0,1.0,3.0,1.0,5.0,9.0,1.0,1.0,1.0,1.0,4.0,1.0,6.0,13.0,1.0,3.0,3.0,4.0,1.0,3.0,1.0,4.0,1.0,14.0,9.0,12.0,7.0,1.0,1.0,1.0,2.0,4.0,4.0,6.0,10.0,8.0,21.0,4.0,4.0,3.0,2.0,4.0,1.0,2.0,12.0,11.0,1.0,3.0,4.0,1.0,1.0,1.0,1.0,3.0,6.0,7.0,2.0,5.0,3.0,3.0,8.0,10.0,2.0,19.0,8.0,5.0,1.0,3.0,2.0,6.0,-2.04564786099211,2.0,1.0,2.0,3.0,8.0,9.0,6.0,6.0,1.0,1.0,2.0,2.0,2.0,8.0,4.0,5.0,8.0,7.0,13.0,3.0,9.0,2.0,1.0,3.0,5.0,1.0,3.0,1.0,1.0,5.47566330468136,8.0,1.0,2.0,1.0,1.0,6.0,1.0,1.0,1.0,5.0,15.0,1.0,2.0,7.0,5.0,4.0,5.0,4.0,16.0,6.0,4.0,2.0,1.0,1.0,1.0,1.0,1.0,1.0,2.0,1.0,7.0,7.0,4.0,1.0,2.0,1.0,2.0,1.0,1.0,1.0,1.0,2.0,2.0,1.0,1.0,1.0,1.0,1.0,1.0,1.0,1.0,1.0,1.0,1.0,2.0,2.0,4.0,1.0,1.0,1.0,2.0,7.0,1.0,1.0,1.0,1.0,1.0,1.0,1.0,2.0,3.0,6.0,7.0,4.0,1.0,3.0,1.0,1.0,1.0,1.0,1.0,1.0,1.0,1.0,1.0,2.0,1.0,1.0,2.0,1.0,1.0,1.0,2.0,1.0,1.0,1.0,1.0,1.0,2.0,2.0,3.0,6.0,1.0,1.0,2.0,1.0,1.0,2.0,1.0,1.0,13.0,19.0,2.0,1.0,1.0,4.0,1.0,1.0,1.0,1.0,1.0,1.0,1.0,1.0,1.0,1.0,1.0,2.0,1.0,1.0,1.0,16.0,15.0,1.0,2.0,2.0,2.0,1.0,1.0,1.0,2.0,1.0,1.0,1.0,1.0,1.0,2.0,1.0,1.0,3.0,1.0,1.0,1.0,2.0,1.0,1.0,12.0,7.0,1.0,5.0,1.0,3.0,1.0,1.0,1.0,2.0,3.0,1.0,1.0,6.0,7.0,3.0,5.0,3.0,1.0,1.0,3.0,2.0,1.0,7.0,16.0,1.0,1.0,5.0,3.0,1.0,1.0,3.0,2.0,1.0,3.96952489648403,1.0,2.0,3.0,3.0,1.0,1.0,2.0,1.0,1.0,1.0,2.0,30.0,1.0,4.0,7.0,1.0,1.0,1.0,1.0,1.0,2.0,1.0,2.0,1.0,1.0,1.0,1.0,1.0,1.0,5.0,24.0,4.0,2.0,1.0,1.0,1.0,1.0,1.0,1.0,2.0,2.0,3.0,1.0,2.0,1.0,1.0,1.0,1.0,1.0,1.0,1.0,2.0,1.0,1.0,1.0,1.0,1.0,1.0,1.0,1.0,3.0,1.0,1.0,1.0,3.0,5.0,2.0,3.0,1.0,1.0,2.0,1.0,2.0,1.0,3.0,1.0,2.0,1.0,1.0,2.0,2.0,2.0,1.0,1.0,5.0,2.0,2.0,4.0,1.0,3.0,1.0,4.0,1.0,1.0,2.0,1.0,1.0,4.0,1.0,2.0,1.0,1.0,2.0,4.0,1.0,2.0,2.0,5.0,1.0,1.0,2.0,1.0,1.0,3.0,1.0,1.0,3.0,3.0,5.0,3.0,4.0,1.0,1.0,1.0,2.0,1.0,2.0,1.0,2.0,1.0,1.0,3.0,1.0,1.0,1.0,1.0,2.0,1.0,1.0,1.0,2.0,1.0,1.0,1.0,1.0,1.0,1.0,1.0,1.0,4.0,1.0,1.0,1.0,2.0,1.0,6.0,1.0,1.0,1.0,2.0,2.0,1.0,1.0,1.0,-1.2523449689335,2.0,1.0,1.0,2.0,1.0,-1.0,-1.0,-1.0,-1.0,-2.0,1.0,9.0,-1.0,1.0,-1.0,-1.0,-5.0,-4.0,-3.0,-4.0,-5.0,-5.0,1.0,1.0,1.0,6.0,6.0,2.0,1.0,3.0,2.0,1.0,4.0,5.0,1.0,3.0,1.0,1.0,2.0,1.0,5.0,1.0,1.0,10.0,4.0,1.0,1.0,1.0,3.0,7.0,1.0,2.0,8.0,1.0,2.0,1.0,1.0,1.0,2.0,1.0,2.0,9.0,1.0,9.0,1.0,1.0,1.0,3.0,1.0,1.0,4.0,4.0,1.0,2.0,1.0,2.0,1.0,1.0,1.0,2.0,1.0,1.0,2.0,4.0,1.0,1.0,10.0,1.0,1.0,1.0,3.0,1.0,4.0,4.0,9.0,1.0,1.0,5.0,1.0,1.0,4.957128867032768,4.0,2.0,5.0,1.0,7.0,1.0,5.0,1.0,1.0,1.0,18.20845275419301,1.0,5.0,4.0,6.0,1.0,-3.0,-1.0,-1.0,-13.71931735451625,-2.0,-2.0,-1.0,-1.0,-1.0,-1.0,-3.0,-1.0,-2.0,-4.0,-1.0,-2.0,-1.0,-1.0,-1.0,5.0,4.0,2.0,7.0,2.0,1.0,2.0,1.0,2.0,1.0,3.0,4.0,4.0,1.0,1.0,2.0,4.0,2.0,6.0,1.0,5.0,11.27775448851298,8.0,7.0,1.0,4.0,3.0,1.0,1.0,1.0,2.0,1.0,4.0,1.0,1.0,1.0,1.0,2.0,1.0,1.0,3.0,2.0,4.0,7.0,7.0,4.0,1.0,1.0,4.0,1.0,1.0,2.0,1.0,1.0,5.0,1.0,2.0,7.0,4.0,2.0,2.0,1.0,1.0,1.0,2.0,2.0,2.0,1.0,1.0,2.0,6.0,1.0,4.0,2.0,3.0,-9.81276160699843,1.0,8.0,8.0,1.0,1.0,2.0,2.0,1.0,1.0,2.0,2.0,11.0,5.0,2.0,1.0,2.0,2.0,2.0,2.0,2.0,2.0,2.0,2.0,2.0,1.0,1.0,25.0,6.0,5.0,5.0,5.0,5.0,5.0,5.0,3.0,2.0,1.0,1.0,2.0,1.0,1.0,12.0,15.0,4.0,4.0,5.0,4.0,4.0,5.0,2.0,1.0,5.0,1.0,1.0,2.0,1.0,16.0,5.0,4.0,5.0,4.0,10.0,2.0,4.0,3.0,3.0,6.0,4.0,4.0,4.0,4.0,4.0,4.0,4.0,4.0,4.0,2.0,4.0,4.0,4.0,4.0,4.0,4.0,1.0,1.0,4.0,4.0,4.0,4.0,4.0,4.0,1.0,1.0,1.0,1.0,1.0,1.0,4.0,4.0,4.0,4.0,4.0,4.0,4.0,4.0,4.0,4.0,1.0,1.0,1.0,1.0,3.0,1.0,1.0,10.0,1.0,1.0,1.0,1.0,1.0,21.0,15.0,1.0,1.0,1.0,1.0,1.0,1.0,5.0,1.0,6.0,2.0,2.0,23.0,14.0,1.0,3.0,3.0,3.0,3.0,3.0,3.0,3.0,3.0,1.0,1.0,1.0,1.0,1.0,6.0,1.0,4.0,10.0,9.0,26.0,7.0,3.0,3.0,4.0,3.0,3.0,3.0,4.0,3.0,1.0,1.0,1.0,1.0,3.0,1.0,1.0,13.0,2.0,2.0,2.0,2.0,2.0,2.0,2.0,1.0,1.0,2.0,2.0,2.0,2.0,2.0,2.0,3.0,2.0,1.0,2.0,2.0,2.0,2.0,2.0,2.0,2.0,1.0,2.0,2.0,2.0,2.0,2.0,2.0,2.0,2.0,2.0,2.0,2.0,1.0,-2.0,1.0,4.0,1.0,-4.0,-4.0,-5.0,-4.0,-4.0,-4.0,-5.0,-4.0,-1.0,1.0,2.0,-1.0,1.0,-4.0,-5.0,-4.0,-4.0,-5.0,-4.0,2.0,1.0,-5.0,-6.0,-5.0,-5.0,-6.0,-5.0,1.0,1.0,1.0,-5.0,-5.0,-5.0,-5.0,-5.0,-5.0,-1.0,1.0,-1.0,-5.0,-5.0,-5.0,-5.0,-5.0,-5.0,-3.0,-4.0,-1.0,-1.0,-3.0,-1.0,0.0,1.0,-9.0,-5.0,1.0,-1.0,-2.0,-1.0,-1.0,-2.0,-1.0,-3.0,-2.0,-1.0,-1.0,-1.0,-1.0,-1.0,-3.0,-1.0,-1.0,-1.0,-1.0,-3.0,-2.0,19.45784305872714,-2.0,-1.0,-1.0,-1.0,-2.0,7.0,-4.0,-2.0,-3.0,-3.0,-1.0,-1.0,-1.0,1.0,1.0,0.0,-1.0,-5.0,-7.0,-1.0,-2.0,-1.0,9.0,2.0,13.0,-1.0,-1.0,-1.0,-5.0,-5.0,-2.0,-4.0,1.0,5.0,4.0,2.0,2.0,1.0,2.0,15.0,17.0,4.0,5.0,7.0,13.0,1.0,3.0,1.0,1.0,1.0,12.0,5.0,5.0,1.0,11.0,2.0,4.0,2.0,1.0,15.57346510062307,4.0,2.0,1.0,1.0,2.0,1.0,1.0,2.0,1.0,1.0,2.0,6.0,1.0,1.0,2.0,4.0,3.0,2.0,2.0,3.0,7.0,1.0,1.0,1.0,1.0,1.0,2.0,1.0,1.0,1.0,1.0,1.0,1.0,1.0,1.0,2.0,2.0,1.0,4.0,1.0,1.0,1.0,1.0,3.0,1.0,2.0,6.0,1.0,1.0,1.0,1.0,1.0,1.0,-2.5485758184053537,1.0,1.0,1.0,1.0,1.0,3.0,1.0,1.0,3.0,2.0,2.0,2.0,5.0,-20.80157324031526,2.0,2.0,4.0,3.0,1.0,2.0,2.0,2.0,2.0,-15.704502461243464,1.0,2.0,2.0,2.0,1.0,1.0,1.0,1.0,1.0,2.0,1.0,4.0,1.0,1.0,1.0,1.0,2.0,1.0,1.0,1.0,5.0,5.0,1.0,4.0,3.0,2.0,2.0,1.0,5.0,1.0,3.0,4.0,2.0,1.0,3.0,3.0,4.0,3.0,3.0,1.0,1.0,2.0,1.0,3.0,2.0,4.0,2.0,1.0,4.0,2.0,1.0,2.0,3.0,3.0,3.0,3.0,2.0,1.0,4.0,5.0,1.0,1.0,5.0,4.0,2.0,1.0,1.0,6.276158308138452,6.0,10.0,1.0,5.0,5.0,1.0,7.0,2.0,1.0,10.0,4.0,3.0,3.0,1.0,7.0,1.0,11.0,1.0,2.0,2.0,1.0,3.0,2.0,1.0,1.0,5.0,8.0,1.0,7.0,3.0,1.0,2.0,2.0,1.0,2.0,1.0,1.0,1.0,1.0,2.0,7.0,6.0,1.0,2.0,1.0,1.0,1.0,1.0,5.0,1.0,1.0,2.0,5.0,1.0,2.0,7.0,6.0,6.0,1.0,2.0,9.0,3.0,6.0,1.0,6.0,4.0,9.0,1.0,1.0,1.0,2.0,10.0,6.0,2.0,2.0,5.0,5.0,1.0,10.0,1.0,2.0,4.0,5.0,13.0,1.0,1.0,1.0,1.0,4.0,4.0,3.0,1.0,2.0,1.0,1.0,1.0,2.0,4.0,4.0,5.0,11.0,1.0,1.0,13.2640361646798,1.0,5.0,2.0,7.0,1.0,1.0,2.0,1.0,1.0,1.0,3.0,3.0,2.0,2.0,3.0,5.0,1.0,2.0,1.0,-2.0,1.0,1.0,7.0,-3.0,-3.0,-3.0,-3.0,1.0,0.0,4.0,-2.0,5.0,-6.0,-6.0,-6.0,-6.0,-2.0,-1.0,-1.0,-6.0,-6.0,-6.0,-6.0,-3.0,-2.0,-1.0,-1.0,-3.0,-3.0,-3.0,-3.0,-2.0,-1.0,-1.0,2.0,-1.0,-6.0,-6.0,-6.0,-7.103831779623127,-6.0,-6.0,-6.0,1.0,1.0,-3.0,-3.0,7.0,2.0,-5.0,-5.0,-5.0,-5.0,1.0,-2.0,-2.0,2.0,1.0,-5.0,-6.0,-5.0,-5.0,2.0,1.0,1.0,1.0,-6.0,-6.0,-6.0,-6.0,-1.0,1.0,-2.0,-2.0,1.0,2.0,-13.0,-13.0,-1.0,-1.0,-2.0,2.0,1.0,-5.0,-5.0,-5.0,-5.0,-5.0,-5.0,1.0,1.0,-5.0,-5.0,-5.0,-5.0,-5.0,0.0,-3.0,-12.0,-12.0,1.0,5.0,-7.0,-7.0,-7.0,-7.0,1.0,7.0,1.0,1.0,1.0,2.0,11.0,1.0,4.0,1.0,3.0,6.0,1.0,2.0,3.0,15.0,3.0,2.0,3.0,4.0,1.0,6.0,6.0,4.0,2.0,1.0,1.0,1.0,1.0,1.0,1.0,3.0,7.0,1.0,3.0,1.0,1.0,1.0,3.0,2.0,1.0,2.0,2.0,1.0,1.0,3.0,3.0,3.0,1.0,1.0,2.0,3.0,3.0,3.0,1.0,1.0,1.0,3.0,4.0,4.0,2.0,3.0,1.0,1.0,1.0,1.0,1.0,1.0,2.0,3.0,4.0,4.0,2.0,6.0,3.0,1.0,1.0,1.0,1.0,1.0,1.0,2.0,3.0,1.0,13.0,3.0,1.0,1.0,6.0,1.0,1.0,1.0,4.0,1.0,1.0,2.0,2.0,4.0,3.0,3.0,1.0,1.0,1.0,1.0,2.0,2.0,3.0,3.0,1.0,1.0,2.0,2.0,1.0,2.0,6.0,6.0,2.0,3.0,2.0,2.0,1.0,1.0,2.0,2.0,6.0,6.0,2.0,3.0,2.0,2.0,1.0,1.0,21.0,3.0,4.0,1.0,2.0,2.0,8.0,1.0,7.0,2.0,1.0,2.0,3.0,4.0,4.0,1.0,16.0,1.0,6.0,3.0,1.0,1.0,2.0,10.0,1.0,10.0,3.0,3.0,2.0,1.0,4.0,3.0,1.0,2.0,1.0,1.0,4.0,1.0,3.0,1.0,2.0,2.0,1.0,1.0,1.0,1.0,3.0,1.0,1.0,2.0,1.0,1.0,1.0,1.0,1.0,1.29786125122586,1.0,1.0,1.0,1.0,1.0,4.0,3.0,1.0,1.0,1.0,1.0,1.0,1.0,2.0,2.0,1.0,4.0,1.0,4.0,1.0,1.0,2.0,1.0,1.0,3.0,2.0,2.0,2.0,2.0,1.0,1.0,6.0,24.0,4.0,1.0,3.0,2.0,1.0,1.0,16.0,35.0,3.0,1.0,1.0,1.0,1.0,1.0,1.0,3.0,5.0,1.0,1.0,2.0,7.0,5.0,5.0,2.0,3.0,1.0,1.0,1.0,8.0,1.0,5.0,3.0,2.0,9.0,6.0,1.0,4.0,13.0,1.0,7.0,7.0,1.0,1.0,1.0,1.0,1.0,4.0,6.0,3.0,2.0,1.0,8.0,6.0,1.0,1.0,1.0,2.0,3.0,1.0,2.0,8.0,1.0,2.0,9.0,2.0,1.0,1.0,1.0,1.0,1.0,4.0,1.0,1.0,4.0,5.0,1.0,1.0,2.0,3.0,2.0,1.0,2.0,5.0,6.0,4.0,6.0,8.0,11.0,7.0,6.0,1.0,1.0,1.0,4.0,1.0,3.0,4.0,5.0,12.0,5.0,2.0,2.0,1.0,4.0,2.0,1.0,1.0,1.0,3.0,4.0,3.0,2.0,17.29671484676516,3.0,5.0,1.0,7.0,5.0,2.0,2.0,3.0,1.0,1.0,1.0,1.0,2.0,1.0,2.0,1.0,1.0,12.0,10.0,8.0,6.0,5.0,1.0,1.0,1.0,3.0,1.0,1.0,1.0,3.0,4.0,1.0,2.0,1.0,1.0,1.0,2.0,1.0,1.0,8.0,1.0,1.0,2.0,2.0,5.0,2.0,2.0,1.0,1.0,3.0,2.0,3.0,1.0,6.0,6.0,1.0,1.0,6.0,1.0,6.0,9.0,3.0,13.0,10.0,1.0,1.0,11.0,1.0,1.0,3.0,8.0,9.0,2.0,1.0,2.0,3.0,3.0,3.0,1.0,1.0,1.0,5.0,5.0,2.0,1.0,2.0,2.0,1.0,1.0,5.0,1.0,1.0,1.0,1.0,3.0,2.0,1.0,2.0,1.0,3.0,4.0,1.0,2.0,1.0,2.0,1.0,2.0,2.0,1.0,1.0,2.0,2.0,1.0,1.0,1.0,1.0,1.0,1.0,2.0,1.0,8.0,2.0,1.0,5.0,6.0,2.0,1.0,1.0,1.0,6.0,2.0,3.0,4.0,3.0,1.0,1.0,2.0,2.0,1.0,1.0,11.0,1.0,1.0,2.0,4.0,5.0,3.0,1.0,4.0,1.0,14.0,4.0,7.0,1.0,1.0,2.0,1.0,1.0,2.92572291035908,1.0,1.0,1.0,3.0,1.0,9.0,2.0,2.0,1.0,1.0,7.0,1.0,8.0,1.0,1.0,1.0,1.0,2.0,1.0,1.0,1.0,1.0,2.0,1.0,1.0,1.0,1.0,1.0,1.0,4.0,4.0,3.0,2.0,1.0,1.0,1.0,1.0,3.0,1.0,1.0,1.0,1.0,1.0,1.0,1.0,1.0,2.0,1.0,3.0,0.24337417607789,1.0,1.0,3.0,5.0,9.0,7.0,2.0,2.0,1.0,1.0,1.0,2.0,3.0,1.0,1.0,2.0,3.0,1.0,1.0,2.0,2.0,1.0,1.0,1.0,1.0,2.0,1.0,1.0,-1.0,-1.0,-2.0,-4.0,-12.0,-7.0,-6.0,-6.0,-9.0,-11.0,-2.0,-8.0,-10.0,-6.0,-11.0,-6.50984180533249,-1.0,-4.0,-1.0,-10.0,-11.0,-3.0,-8.0,-12.0,-10.0,-1.0,-1.0,-1.0,-1.0,-7.0,-7.0,-13.0,-7.0,2.0,1.0,1.0,1.0,2.0,1.0,1.0,5.0,1.0,2.0,1.0,1.0,3.0,1.0,3.0,1.0,1.0,1.0,1.0,1.0,1.0,1.0,1.0,4.0,1.0,1.0,2.0,1.0,1.0,3.0,1.0,1.0,2.0,1.0,1.0,2.0,3.0,1.0,2.0,1.0,1.0,1.0,1.0,1.0,1.0,2.0,1.0,2.0,1.0,2.0,5.0,6.0,1.0,2.0,1.0,1.0,3.0,1.0,1.0,2.0,3.0,3.0,1.0,1.0,2.0,5.0,5.0,1.0,1.0,4.0,3.0,2.0,1.0,1.0,-1.0,1.0,2.0,-3.0,1.0,1.0,-4.0,-4.0,-3.0,2.0,-1.0,-1.0,-1.0,-2.0,2.0,10.0,1.0,1.0,1.0,2.0,3.0,4.0,1.0,2.0,1.0,17.0,1.0,1.0,1.0,1.0,2.0,1.0,1.0,1.0,4.0,4.0,1.0,3.0,1.0,1.0,2.0,1.0,1.0,1.0,2.0,2.0,1.0,1.0,1.0,1.0,2.0,3.0,18.94840458248437,1.0,1.0,3.0,1.0,1.0,1.0,2.0,3.0,1.0,1.0,2.0,4.0,2.0,1.0,1.0,1.0,1.0,2.0,3.0,1.0,4.0,1.0,1.0,1.0,4.0,4.0,1.0,1.0,2.0,2.0,2.0,2.0,1.0,2.0,1.0,2.0,3.0,1.0,6.0,11.0,8.0,5.0,4.0,5.0,3.0,2.0,1.0,1.0,1.0,1.0,1.0,2.0,2.0,3.0,2.0,3.0,1.0,1.0,1.0,1.0,1.0,1.0,3.0,2.0,5.0,1.0,2.0,2.0,1.0,5.0,1.0,5.0,1.0,2.0,5.0,3.0,2.0,1.0,15.11250881122309,1.0,2.0,3.0,1.0,1.0,1.0,3.0,3.0,2.0,4.0,1.0,1.0,1.0,1.0,1.0,1.0,1.0,1.0,1.0,1.0,1.0,3.0,5.0,1.0,1.0,1.0,2.0,2.0,1.0,1.0,5.0,1.0,1.0,5.0,1.0,1.0,-7.0,-7.0,1.0,-1.0,-4.0,-2.0,-1.0,-2.0,-1.0,1.0,-1.0,-3.0,-5.0,0.0,-3.0,-1.0,-2.0,-4.0,1.0,-1.0,1.0,-1.0,-1.0,1.0,-1.0,-1.0,2.0,-2.0,-3.0,2.0,-2.0,-1.0,1.0,-1.0,-1.0,-2.0,1.0,-2.0,-1.0,2.0,-1.0,-1.0,-1.0,-1.0,-2.0,2.0,-2.0,-2.0,0.0,-1.0,-1.0,-1.0,-1.0,-1.0,1.0,1.0,1.0,7.0,1.0,1.0,1.0,1.0,1.0,2.0,1.0,1.0,12.0,1.0,1.0,1.0,1.0,1.0,1.0,2.0,1.0,1.0,1.0,1.0,2.0,4.0,3.0,1.0,1.0,3.0,1.0,1.0,1.0,1.0,2.0,1.0,1.0,1.0,1.0,1.0,2.0,1.0,1.0,3.0,7.0,2.0,1.0,1.0,1.0,1.0,1.0,1.0,1.0,1.0,1.0,1.0,1.0,1.0,6.0,1.0,1.0,1.0,1.0,1.0,1.0,1.0,1.0,1.0,1.0,1.0,1.0,1.0,1.0,1.0,1.0,4.0,1.0,1.0,1.0,1.0,1.0,1.0,1.0,1.0,1.0,1.0,1.0,1.0,1.0,1.0,1.0,1.0,1.0,1.0,1.0,-1.0,-1.0,1.0,1.0,2.0,-2.0,-2.0,-2.0,-2.0,-2.0,1.0,1.0,-3.56110793196185,-3.0,-3.0,-3.0,1.0,-5.0,-5.0,-5.0,1.0,1.0,1.0,1.0,2.0,1.0,1.0,-1.0,-1.0,-1.0,-1.0,-1.0,-1.0,4.0,4.0,1.0,1.0,3.0,1.0,1.0,1.0,1.0,1.0,3.0,3.0,2.0,1.0,1.0,1.0,1.0,1.0,2.0,1.0,1.0,2.0,2.0,1.0,1.0,1.0,1.0,1.0,3.0,3.0,3.0,1.0,1.0,2.0,1.0,1.0,2.0,2.0,2.0,1.0,1.0,1.0,2.0,1.0,1.0,1.0,1.0,3.0,1.0,1.0,1.0,1.0,4.0,2.0,5.0,1.0,2.0,1.0,1.0,1.0,1.0,3.0,1.0,2.0,3.0,2.0,1.0,1.0,1.0,2.0,2.0,2.0,2.0,1.0,6.0,3.0,6.0,1.0,1.0,1.0,3.0,1.0,4.0,5.0,1.0,1.0,1.0,1.0,1.0,17.0,1.0,2.0,12.0,1.0,2.0,3.0,8.0,13.0,5.0,2.0,1.0,2.0,6.0,4.0,4.0,2.0,1.0,3.0,2.0,1.0,1.0,1.0,3.0,1.0,1.0,1.0,3.0,1.0,1.0,1.0,3.0,1.0,1.0,1.0,2.0,3.0,7.0,4.0,3.0,-0.31044766992144,2.0,2.0,2.0,1.0,1.0,1.0,1.0,1.0,1.0,1.0,1.0,1.0,1.0,1.0,1.0,1.0,1.0,1.0,1.0,1.0,1.0,1.0,1.0,1.0,1.0,1.0,1.0,1.0,3.0,1.0,1.0,2.0,2.0,2.0,2.0,3.0,1.0,1.0,1.0,2.0,1.0,4.0,3.0,1.0,1.0,1.0,2.0,1.0,7.39298284432326,1.0,5.0,3.0,2.0,1.0,1.0,1.0,1.0,1.0,1.0,1.0,1.0,1.0,3.0,4.0,3.0,1.0,1.0,1.0,1.0,1.0,1.0,1.0,1.0,1.0,1.0,1.0,1.0,2.0,1.0,1.0,1.0,1.0,1.0,1.0,1.0,1.0,1.0,1.0,1.0,2.0,1.0,1.0,1.0,1.0,1.0,1.0,1.0,1.0,1.0,1.0,1.0,1.0,1.0,3.0,8.0,2.0,1.0,2.0,1.0,1.0,4.0,1.0,1.0,1.0,1.0,1.0,1.0,1.0,7.0,5.0,2.0,3.0,1.0,1.0,2.0,1.0,1.0,1.0,1.0,1.0,1.0,2.0,3.0,1.0,2.0,2.0,2.0,-16.38832593496558,3.0,1.0,1.0,1.0,1.0,3.0,2.0,3.0,3.0,1.0,1.0,2.0,2.0,2.0,3.0,2.0,1.0,3.0,1.0,2.0,2.0,2.0,2.0,2.0,2.0,1.0,1.0,1.0,1.0,1.0,1.0,1.0,1.0,1.0,2.0,1.0,1.0,1.0,3.0,1.0,1.0,1.0,1.0,1.0,1.0,1.0,2.0,1.0,6.0,1.0,5.0,1.0,4.0,1.0,8.0,1.0,3.0,3.0,4.0,1.0,2.0,2.0,1.0,1.0,3.0,2.0,3.0,1.0,2.0,1.0,1.0,2.0,1.0,1.0,4.0,6.0,1.0,1.0,1.0,2.0,2.0,1.0,1.0,3.0,5.0,5.38785976813884,1.0,1.0,5.0,1.0,1.0,2.0,1.0,1.0,1.0,4.0,2.0,1.0,4.0,2.0,6.0,1.0,1.0,1.0,1.0,6.0,5.96397995782018,1.0,1.0,3.0,3.0,-1.3686525685699,9.0,2.0,3.0,3.0,3.0,3.0,1.0,1.0,5.0,5.0,5.0,5.0,1.0,7.0,10.0,2.0,1.0,4.0,5.0,5.0,5.0,5.0,2.0,1.0,3.0,5.0,4.0,2.0,2.0,1.0,1.0,2.0,3.0,1.0,1.0,3.0,11.0,5.0,5.0,5.0,5.0,5.0,5.0,5.0,5.0,13.0,3.0,2.0,2.0,3.0,11.0,5.0,5.0,5.0,5.0,1.0,1.0,2.0,18.0,11.0,2.0,1.0,3.0,3.0,5.0,5.0,5.0,5.0,5.0,5.0,2.0,1.0,3.0,1.0,1.0,21.0,1.0,2.0,3.0,6.0,6.0,6.0,6.0,2.0,5.0,3.0,2.0,5.0,13.0,2.0,5.0,5.0,5.0,5.0,6.0,2.0,24.0,2.0,1.0,2.0,5.0,5.0,5.0,5.0,1.0,2.0,4.0,3.0,12.0,1.0,9.0,4.0,4.0,4.0,4.0,4.0,4.0,4.0,1.0,10.0,4.0,1.0,21.0,1.0,2.0,1.0,1.0,1.0,4.0,3.0,5.0,6.0,6.0,6.0,6.0,6.0,1.0,1.0,3.0,15.0,1.0,1.0,1.0,1.0,7.0,4.0,1.0,10.0,5.0,5.0,5.0,5.0,1.0,1.0,4.0,2.0,-19.72431348956135,1.0,2.0,2.0,9.0,2.0,1.0,1.0,3.0,1.0,4.0,3.0,1.0,1.0,1.0,1.0,1.0,2.0,1.0,1.0,9.0,1.0,1.0,1.0,2.0,5.0,5.0,5.0,5.0,2.0,1.0,7.0,1.0,2.0,5.0,5.0,5.0,5.0,5.0,5.0,5.0,3.0,1.0,1.0,20.0,1.0,1.0,1.0,4.0,1.0,1.0,2.0,1.0,9.0,3.0,4.0,4.0,4.0,4.0,4.0,4.0,4.0,4.0,1.0,1.0,37.0,1.0,1.0,1.0,6.0,6.0,6.0,6.0,6.0,6.0,1.0,1.0,1.0,1.0,6.0,16.0,1.0,5.0,5.0,5.0,5.0,1.0,27.0,1.0,1.0,1.0,7.0,6.0,6.0,6.0,6.0,1.0,2.0,1.0,30.0,1.0,1.0,1.0,1.0,8.0,6.0,6.0,6.0,6.0,13.32796194626393,2.0,2.0,2.0,2.0,5.0,5.0,7.0,3.0,30.0,3.0,10.0,6.0,1.0,10.0,5.0,5.0,5.0,5.0,5.0,5.0,5.0,4.0,1.0,6.0,8.0,1.0,2.0,3.0,4.0,4.0,5.0,6.0,6.0,6.0,6.0,-5.0,-5.0,-5.0,-5.0,-5.0,-5.0,-5.0,-5.0,-5.0,-5.0,1.0
1.0,1.0,1.0,2.0,1.0,2.0,4.0,7.0,1.0,2.0,1.0,5.0,1.0,1.0,1.0,1.0,3.0,1.0,2.0,1.0,1.0,1.0,1.0,1.0,1.0,1.0,5.0,2.0,1.0,3.0,1.0,1.0,5.0,1.0,1.0,2.0,1.0,1.0,1.0,2.0,3.0,1.0,1.0,1.0,1.0,1.0,1.0,1.0,1.0,1.0,1.0,1.0,5.0,3.0,2.0,1.0,1.0,2.0,1.0,1.0,1.0,1.0,1.0,1.0,1.0,1.0,2.0,1.0,5.0,1.0,2.0,1.0,1.0,2.0,1.0,1.0,1.0,1.0,2.0,1.0,7.0,4.0,1.0,2.0,1.0,2.0,12.0,5.0,1.0,15.0,1.0,2.0,2.0,2.0,1.0,1.0,8.0,1.0,4.0,1.0,1.0,16.0,3.0,3.0,1.0,2.0,1.0,1.0,6.0,7.0,1.0,2.0,3.0,2.0,2.0,3.0,2.0,1.0,5.0,1.0,3.0,2.0,2.0,1.0,1.0,1.0,10.0,10.0,1.0,3.0,2.0,1.0,2.0,5.0,2.0,1.0,3.0,1.0,1.0,1.0,1.0,1.0,1.0,1.0,7.0,1.0,1.0,13.0,1.0,1.0,1.0,10.0,2.0,1.0,3.0,1.0,1.0,2.0,3.0,1.0,1.0,1.0,1.0,1.0,1.0,1.0,2.0,1.0,14.0,1.0,1.0,1.0,2.0,2.0,1.0,3.0,2.0,1.0,1.0,1.0,2.0,5.0,1.0,1.0,1.0,4.0,1.0,4.0,2.0,14.0,1.0,2.0,2.0,4.0,1.0,1.0,3.0,1.0,1.0,2.0,1.0,1.0,4.0,3.0,17.0,1.0,1.0,1.0,1.0,3.0,1.0,3.0,5.0,1.0,2.0,2.0,2.0,1.0,1.0,1.0,4.0,1.0,2.0,1.0,1.0,1.0,1.0,1.0,1.0,5.0,2.0,2.0,3.0,1.0,1.0,1.0,1.0,2.0,1.0,1.0,1.0,1.0,1.0,5.0,2.0,3.0,2.0,2.0,3.0,1.0,2.0,4.0,1.0,2.0,2.0,2.0,1.0,1.0,1.0,1.0,1.0,3.0,2.0,1.0,1.0,13.0,3.0,1.0,1.0,1.0,7.0,4.0,1.0,1.0,1.0,8.0,1.0,1.0,6.0,2.0,1.0,3.0,2.0,8.0,2.0,1.0,1.0,1.0,5.0,1.0,8.0,1.0,4.0,9.0,7.0,1.0,1.0,8.0,1.0,2.0,1.0,1.0,4.0,1.0,1.0,1.0,7.0,4.0,5.0,3.0,1.0,1.0,1.0,2.0,1.0,1.0,1.0,1.0,1.0,1.0,6.0,3.0,2.0,2.0,1.0,1.0,1.0,1.0,1.0,1.0,5.0,1.0,1.0,3.0,1.0,1.0,3.0,3.0,1.0,1.0,1.0,2.0,2.0,1.0,1.0,1.0,3.0,4.0,4.0,1.0,1.0,1.0,2.0,1.0,2.0,2.0,2.0,8.0,9.0,3.0,1.0,2.0,1.0,1.0,3.0,2.0,2.0,1.0,5.0,1.0,3.0,3.0,3.0,4.0,1.0,1.0,2.0,2.0,3.0,3.0,1.0,3.0,2.0,1.0,1.0,1.0,1.0,1.0,1.0,1.0,1.0,1.0,1.0,1.0,2.0,10.0,2.0,3.0,3.0,3.0,2.0,1.0,1.0,1.0,1.0,2.0,1.0,15.0,3.0,3.0,3.0,3.0,1.0,1.0,11.0,2.0,2.0,2.0,3.0,1.0,1.0,1.0,1.0,9.0,2.0,2.0,3.0,3.0,1.0,1.0,1.0,2.0,1.0,13.0,2.0,2.0,3.0,3.0,6.0,5.0,2.0,2.0,2.0,2.0,3.0,3.0,4.0,3.0,2.0,2.0,3.0,3.0,4.0,2.0,7.0,3.0,3.0,2.0,2.0,1.0,3.0,7.0,2.0,13.0,6.0,4.0,1.0,1.0,1.0,2.0,1.0,3.0,2.0,10.0,2.0,14.0,1.0,1.0,1.0,9.0,3.0,2.0,1.0,1.0,10.0,2.0,1.0,1.0,1.0,2.0,3.0,7.0,5.0,1.0,1.0,1.0,2.0,6.0,2.0,2.0,4.0,2.0,1.0,1.0,1.0,3.0,2.0,10.0,3.0,1.0,1.0,1.0,5.0,3.0,5.0,1.0,3.0,1.0,1.0,2.0,2.0,3.0,2.0,1.0,2.0,1.0,1.0,1.0,2.0,1.0,1.0,1.0,1.0,5.0,1.0,2.0,1.0,1.0,1.0,1.0,1.0,4.0,1.0,1.0,14.0,1.0,4.0,1.0,13.0,11.0,2.0,2.0,1.0,5.0,1.0,11.0,1.0,1.0,1.0,1.0,1.0,4.0,1.0,1.0,1.0,1.0,3.0,1.0,3.0,1.0,5.0,9.0,1.0,1.0,1.0,1.0,4.0,1.0,6.0,13.0,1.0,3.0,3.0,4.0,1.0,3.0,1.0,4.0,1.0,14.0,9.0,12.0,7.0,1.0,1.0,1.0,2.0,4.0,4.0,6.0,10.0,8.0,21.0,4.0,4.0,3.0,2.0,4.0,1.0,2.0,12.0,11.0,1.0,3.0,4.0,1.0,1.0,1.0,1.0,3.0,6.0,7.0,2.0,5.0,3.0,3.0,8.0,10.0,2.0,19.0,8.0,5.0,1.0,3.0,2.0,6.0,-2.04564786099211,2.0,1.0,2.0,3.0,8.0,9.0,6.0,6.0,1.0,1.0,2.0,2.0,2.0,8.0,4.0,5.0,8.0,7.0,13.0,3.0,9.0,2.0,1.0,3.0,5.0,1.0,3.0,1.0,1.0,5.47566330468136,8.0,1.0,2.0,1.0,1.0,6.0,1.0,1.0,1.0,5.0,15.0,1.0,2.0,7.0,5.0,4.0,5.0,4.0,16.0,6.0,4.0,2.0,1.0,1.0,1.0,1.0,1.0,1.0,2.0,1.0,7.0,7.0,4.0,1.0,2.0,1.0,2.0,1.0,1.0,1.0,1.0,2.0,2.0,1.0,1.0,1.0,1.0,1.0,1.0,1.0,1.0,1.0,1.0,1.0,2.0,2.0,4.0,1.0,1.0,1.0,2.0,7.0,1.0,1.0,1.0,1.0,1.0,1.0,1.0,2.0,3.0,6.0,7.0,4.0,1.0,3.0,1.0,1.0,1.0,1.0,1.0,1.0,1.0,1.0,1.0,2.0,1.0,1.0,2.0,1.0,1.0,1.0,2.0,1.0,1.0,1.0,1.0,1.0,2.0,2.0,3.0,6.0,1.0,1.0,2.0,1.0,1.0,2.0,1.0,1.0,13.0,19.0,2.0,1.0,1.0,4.0,1.0,1.0,1.0,1.0,1.0,1.0,1.0,1.0,1.0,1.0,1.0,2.0,1.0,1.0,1.0,16.0,15.0,1.0,2.0,2.0,2.0,1.0,1.0,1.0,2.0,1.0,1.0,1.0,1.0,1.0,2.0,1.0,1.0,3.0,1.0,1.0,1.0,2.0,1.0,1.0,12.0,7.0,1.0,5.0,1.0,3.0,1.0,1.0,1.0,2.0,3.0,1.0,1.0,6.0,7.0,3.0,5.0,3.0,1.0,1.0,3.0,2.0,1.0,7.0,16.0,1.0,1.0,5.0,3.0,1.0,1.0,3.0,2.0,1.0,3.96952489648403,1.0,2.0,3.0,3.0,1.0,1.0,2.0,1.0,1.0,1.0,2.0,30.0,1.0,4.0,7.0,1.0,1.0,1.0,1.0,1.0,2.0,1.0,2.0,1.0,1.0,1.0,1.0,1.0,1.0,5.0,24.0,4.0,2.0,1.0,1.0,1.0,1.0,1.0,1.0,2.0,2.0,3.0,1.0,2.0,1.0,1.0,1.0,1.0,1.0,1.0,1.0,2.0,1.0,1.0,1.0,1.0,1.0,1.0,1.0,1.0,3.0,1.0,1.0,1.0,3.0,5.0,2.0,3.0,1.0,1.0,2.0,1.0,2.0,1.0,3.0,1.0,2.0,1.0,1.0,2.0,2.0,2.0,1.0,1.0,5.0,2.0,2.0,4.0,1.0,3.0,1.0,4.0,1.0,1.0,2.0,1.0,1.0,4.0,1.0,2.0,1.0,1.0,2.0,4.0,1.0,2.0,2.0,5.0,1.0,1.0,2.0,1.0,1.0,3.0,1.0,1.0,3.0,3.0,5.0,3.0,4.0,1.0,1.0,1.0,2.0,1.0,2.0,1.0,2.0,1.0,1.0,3.0,1.0,1.0,1.0,1.0,2.0,1.0,1.0,1.0,2.0,1.0,1.0,1.0,1.0,1.0,1.0,1.0,1.0,4.0,1.0,1.0,1.0,2.0,1.0,6.0,1.0,1.0,1.0,2.0,2.0,1.0,1.0,1.0,-1.2523449689335,2.0,1.0,1.0,2.0,1.0,-1.0,-1.0,-1.0,-1.0,-2.0,1.0,9.0,-1.0,1.0,-1.0,-1.0,-5.0,-4.0,-3.0,-4.0,-5.0,-5.0,1.0,1.0,1.0,6.0,6.0,2.0,1.0,3.0,2.0,1.0,4.0,5.0,1.0,3.0,1.0,1.0,2.0,1.0,5.0,1.0,1.0,10.0,4.0,1.0,1.0,1.0,3.0,7.0,1.0,2.0,8.0,1.0,2.0,1.0,1.0,1.0,2.0,1.0,2.0,9.0,1.0,9.0,1.0,1.0,1.0,3.0,1.0,1.0,4.0,4.0,1.0,2.0,1.0,2.0,1.0,1.0,1.0,2.0,1.0,1.0,2.0,4.0,1.0,1.0,10.0,1.0,1.0,1.0,3.0,1.0,4.0,4.0,9.0,1.0,1.0,5.0,1.0,1.0,4.957128867032768,4.0,2.0,5.0,1.0,7.0,1.0,5.0,1.0,1.0,1.0,18.20845275419301,1.0,5.0,4.0,6.0,1.0,-3.0,-1.0,-1.0,-13.71931735451625,-2.0,-2.0,-1.0,-1.0,-1.0,-1.0,-3.0,-1.0,-2.0,-4.0,-1.0,-2.0,-1.0,-1.0,-1.0,5.0,4.0,2.0,7.0,2.0,1.0,2.0,1.0,2.0,1.0,3.0,4.0,4.0,1.0,1.0,2.0,4.0,2.0,6.0,1.0,5.0,11.27775448851298,8.0,7.0,1.0,4.0,3.0,1.0,1.0,1.0,2.0,1.0,4.0,1.0,1.0,1.0,1.0,2.0,1.0,1.0,3.0,2.0,4.0,7.0,7.0,4.0,1.0,1.0,4.0,1.0,1.0,2.0,1.0,1.0,5.0,1.0,2.0,7.0,4.0,2.0,2.0,1.0,1.0,1.0,2.0,2.0,2.0,1.0,1.0,2.0,6.0,1.0,4.0,2.0,3.0,-9.81276160699843,1.0,8.0,8.0,1.0,1.0,2.0,2.0,1.0,1.0,2.0,2.0,11.0,5.0,2.0,1.0,2.0,2.0,2.0,2.0,2.0,2.0,2.0,2.0,2.0,1.0,1.0,25.0,6.0,5.0,5.0,5.0,5.0,5.0,5.0,3.0,2.0,1.0,1.0,2.0,1.0,1.0,12.0,15.0,4.0,4.0,5.0,4.0,4.0,5.0,2.0,1.0,5.0,1.0,1.0,2.0,1.0,16.0,5.0,4.0,5.0,4.0,10.0,2.0,4.0,3.0,3.0,6.0,4.0,4.0,4.0,4.0,4.0,4.0,4.0,4.0,4.0,2.0,4.0,4.0,4.0,4.0,4.0,4.0,1.0,1.0,4.0,4.0,4.0,4.0,4.0,4.0,1.0,1.0,1.0,1.0,1.0,1.0,4.0,4.0,4.0,4.0,4.0,4.0,4.0,4.0,4.0,4.0,1.0,1.0,1.0,1.0,3.0,1.0,1.0,10.0,1.0,1.0,1.0,1.0,1.0,21.0,15.0,1.0,1.0,1.0,1.0,1.0,1.0,5.0,1.0,6.0,2.0,2.0,23.0,14.0,1.0,3.0,3.0,3.0,3.0,3.0,3.0,3.0,3.0,1.0,1.0,1.0,1.0,1.0,6.0,1.0,4.0,10.0,9.0,26.0,7.0,3.0,3.0,4.0,3.0,3.0,3.0,4.0,3.0,1.0,1.0,1.0,1.0,3.0,1.0,1.0,13.0,2.0,2.0,2.0,2.0,2.0,2.0,2.0,1.0,1.0,2.0,2.0,2.0,2.0,2.0,2.0,3.0,2.0,1.0,2.0,2.0,2.0,2.0,2.0,2.0,2.0,1.0,2.0,2.0,2.0,2.0,2.0,2.0,2.0,2.0,2.0,2.0,2.0,1.0,-2.0,1.0,4.0,1.0,-4.0,-4.0,-5.0,-4.0,-4.0,-4.0,-5.0,-4.0,-1.0,1.0,2.0,-1.0,1.0,-4.0,-5.0,-4.0,-4.0,-5.0,-4.0,2.0,1.0,-5.0,-6.0,-5.0,-5.0,-6.0,-5.0,1.0,1.0,1.0,-5.0,-5.0,-5.0,-5.0,-5.0,-5.0,-1.0,1.0,-1.0,-5.0,-5.0,-5.0,-5.0,-5.0,-5.0,-3.0,-4.0,-1.0,-1.0,-3.0,-1.0,0.0,1.0,-9.0,-5.0,1.0,-1.0,-2.0,-1.0,-1.0,-2.0,-1.0,-3.0,-2.0,-1.0,-1.0,-1.0,-1.0,-1.0,-3.0,-1.0,-1.0,-1.0,-1.0,-3.0,-2.0,19.45784305872714,-2.0,-1.0,-1.0,-1.0,-2.0,7.0,-4.0,-2.0,-3.0,-3.0,-1.0,-1.0,-1.0,1.0,1.0,0.0,-1.0,-5.0,-7.0,-1.0,-2.0,-1.0,9.0,2.0,13.0,-1.0,-1.0,-1.0,-5.0,-5.0,-2.0,-4.0,1.0,5.0,4.0,2.0,2.0,1.0,2.0,15.0,17.0,4.0,5.0,7.0,13.0,1.0,3.0,1.0,1.0,1.0,12.0,5.0,5.0,1.0,11.0,2.0,4.0,2.0,1.0,15.57346510062307,4.0,2.0,1.0,1.0,2.0,1.0,1.0,2.0,1.0,1.0,2.0,6.0,1.0,1.0,2.0,4.0,3.0,2.0,2.0,3.0,7.0,1.0,1.0,1.0,1.0,1.0,2.0,1.0,1.0,1.0,1.0,1.0,1.0,1.0,1.0,2.0,2.0,1.0,4.0,1.0,1.0,1.0,1.0,3.0,1.0,2.0,6.0,1.0,1.0,1.0,1.0,1.0,1.0,-2.5485758184053537,1.0,1.0,1.0,1.0,1.0,3.0,1.0,1.0,3.0,2.0,2.0,2.0,5.0,-20.80157324031526,2.0,2.0,4.0,3.0,1.0,2.0,2.0,2.0,2.0,-15.704502461243464,1.0,2.0,2.0,2.0,1.0,1.0,1.0,1.0,1.0,2.0,1.0,4.0,1.0,1.0,1.0,1.0,2.0,1.0,1.0,1.0,5.0,5.0,1.0,4.0,3.0,2.0,2.0,1.0,5.0,1.0,3.0,4.0,2.0,1.0,3.0,3.0,4.0,3.0,3.0,1.0,1.0,2.0,1.0,3.0,2.0,4.0,2.0,1.0,4.0,2.0,1.0,2.0,3.0,3.0,3.0,3.0,2.0,1.0,4.0,5.0,1.0,1.0,5.0,4.0,2.0,1.0,1.0,6.276158308138452,6.0,10.0,1.0,5.0,5.0,1.0,7.0,2.0,1.0,10.0,4.0,3.0,3.0,1.0,7.0,1.0,11.0,1.0,2.0,2.0,1.0,3.0,2.0,1.0,1.0,5.0,8.0,1.0,7.0,3.0,1.0,2.0,2.0,1.0,2.0,1.0,1.0,1.0,1.0,2.0,7.0,6.0,1.0,2.0,1.0,1.0,1.0,1.0,5.0,1.0,1.0,2.0,5.0,1.0,2.0,7.0,6.0,6.0,1.0,2.0,9.0,3.0,6.0,1.0,6.0,4.0,9.0,1.0,1.0,1.0,2.0,10.0,6.0,2.0,2.0,5.0,5.0,1.0,10.0,1.0,2.0,4.0,5.0,13.0,1.0,1.0,1.0,1.0,4.0,4.0,3.0,1.0,2.0,1.0,1.0,1.0,2.0,4.0,4.0,5.0,11.0,1.0,1.0,13.2640361646798,1.0,5.0,2.0,7.0,1.0,1.0,2.0,1.0,1.0,1.0,3.0,3.0,2.0,2.0,3.0,5.0,1.0,2.0,1.0,-2.0,1.0,1.0,7.0,-3.0,-3.0,-3.0,-3.0,1.0,0.0,4.0,-2.0,5.0,-6.0,-6.0,-6.0,-6.0,-2.0,-1.0,-1.0,-6.0,-6.0,-6.0,-6.0,-3.0,-2.0,-1.0,-1.0,-3.0,-3.0,-3.0,-3.0,-2.0,-1.0,-1.0,2.0,-1.0,-6.0,-6.0,-6.0,-7.103831779623127,-6.0,-6.0,-6.0,1.0,1.0,-3.0,-3.0,7.0,2.0,-5.0,-5.0,-5.0,-5.0,1.0,-2.0,-2.0,2.0,1.0,-5.0,-6.0,-5.0,-5.0,2.0,1.0,1.0,1.0,-6.0,-6.0,-6.0,-6.0,-1.0,1.0,-2.0,-2.0,1.0,2.0,-13.0,-13.0,-1.0,-1.0,-2.0,2.0,1.0,-5.0,-5.0,-5.0,-5.0,-5.0,-5.0,1.0,1.0,-5.0,-5.0,-5.0,-5.0,-5.0,0.0,-3.0,-12.0,-12.0,1.0,5.0,-7.0,-7.0,-7.0,-7.0,1.0,7.0,1.0,1.0,1.0,2.0,11.0,1.0,4.0,1.0,3.0,6.0,1.0,2.0,3.0,15.0,3.0,2.0,3.0,4.0,1.0,6.0,6.0,4.0,2.0,1.0,1.0,1.0,1.0,1.0,1.0,3.0,7.0,1.0,3.0,1.0,1.0,1.0,3.0,2.0,1.0,2.0,2.0,1.0,1.0,3.0,3.0,3.0,1.0,1.0,2.0,3.0,3.0,3.0,1.0,1.0,1.0,3.0,4.0,4.0,2.0,3.0,1.0,1.0,1.0,1.0,1.0,1.0,2.0,3.0,4.0,4.0,2.0,6.0,3.0,1.0,1.0,1.0,1.0,1.0,1.0,2.0,3.0,1.0,13.0,3.0,1.0,1.0,6.0,1.0,1.0,1.0,4.0,1.0,1.0,2.0,2.0,4.0,3.0,3.0,1.0,1.0,1.0,1.0,2.0,2.0,3.0,3.0,1.0,1.0,2.0,2.0,1.0,2.0,6.0,6.0,2.0,3.0,2.0,2.0,1.0,1.0,2.0,2.0,6.0,6.0,2.0,3.0,2.0,2.0,1.0,1.0,21.0,3.0,4.0,1.0,2.0,2.0,8.0,1.0,7.0,2.0,1.0,2.0,3.0,4.0,4.0,1.0,16.0,1.0,6.0,3.0,1.0,1.0,2.0,10.0,1.0,10.0,3.0,3.0,2.0,1.0,4.0,3.0,1.0,2.0,1.0,1.0,4.0,1.0,3.0,1.0,2.0,2.0,1.0,1.0,1.0,1.0,3.0,1.0,1.0,2.0,1.0,1.0,1.0,1.0,1.0,1.29786125122586,1.0,1.0,1.0,1.0,1.0,4.0,3.0,1.0,1.0,1.0,1.0,1.0,1.0,2.0,2.0,1.0,4.0,1.0,4.0,1.0,1.0,2.0,1.0,1.0,3.0,2.0,2.0,2.0,2.0,1.0,1.0,6.0,24.0,4.0,1.0,3.0,2.0,1.0,1.0,16.0,35.0,3.0,1.0,1.0,1.0,1.0,1.0,1.0,3.0,5.0,1.0,1.0,2.0,7.0,5.0,5.0,2.0,3.0,1.0,1.0,1.0,8.0,1.0,5.0,3.0,2.0,9.0,6.0,1.0,4.0,13.0,1.0,7.0,7.0,1.0,1.0,1.0,1.0,1.0,4.0,6.0,3.0,2.0,1.0,8.0,6.0,1.0,1.0,1.0,2.0,3.0,1.0,2.0,8.0,1.0,2.0,9.0,2.0,1.0,1.0,1.0,1.0,1.0,4.0,1.0,1.0,4.0,5.0,1.0,1.0,2.0,3.0,2.0,1.0,2.0,5.0,6.0,4.0,6.0,8.0,11.0,7.0,6.0,1.0,1.0,1.0,4.0,1.0,3.0,4.0,5.0,12.0,5.0,2.0,2.0,1.0,4.0,2.0,1.0,1.0,1.0,3.0,4.0,3.0,2.0,17.29671484676516,3.0,5.0,1.0,7.0,5.0,2.0,2.0,3.0,1.0,1.0,1.0,1.0,2.0,1.0,2.0,1.0,1.0,12.0,10.0,8.0,6.0,5.0,1.0,1.0,1.0,3.0,1.0,1.0,1.0,3.0,4.0,1.0,2.0,1.0,1.0,1.0,2.0,1.0,1.0,8.0,1.0,1.0,2.0,2.0,5.0,2.0,2.0,1.0,1.0,3.0,2.0,3.0,1.0,6.0,6.0,1.0,1.0,6.0,1.0,6.0,9.0,3.0,13.0,10.0,1.0,1.0,11.0,1.0,1.0,3.0,8.0,9.0,2.0,1.0,2.0,3.0,3.0,3.0,1.0,1.0,1.0,5.0,5.0,2.0,1.0,2.0,2.0,1.0,1.0,5.0,1.0,1.0,1.0,1.0,3.0,2.0,1.0,2.0,1.0,3.0,4.0,1.0,2.0,1.0,2.0,1.0,2.0,2.0,1.0,1.0,2.0,2.0,1.0,1.0,1.0,1.0,1.0,1.0,2.0,1.0,8.0,2.0,1.0,5.0,6.0,2.0,1.0,1.0,1.0,6.0,2.0,3.0,4.0,3.0,1.0,1.0,2.0,2.0,1.0,1.0,11.0,1.0,1.0,2.0,4.0,5.0,3.0,1.0,4.0,1.0,14.0,4.0,7.0,1.0,1.0,2.0,1.0,1.0,2.92572291035908,1.0,1.0,1.0,3.0,1.0,9.0,2.0,2.0,1.0,1.0,7.0,1.0,8.0,1.0,1.0,1.0,1.0,2.0,1.0,1.0,1.0,1.0,2.0,1.0,1.0,1.0,1.0,1.0,1.0,4.0,4.0,3.0,2.0,1.0,1.0,1.0,1.0,3.0,1.0,1.0,1.0,1.0,1.0,1.0,1.0,1.0,2.0,1.0,3.0,0.24337417607789,1.0,1.0,3.0,5.0,9.0,7.0,2.0,2.0,1.0,1.0,1.0,2.0,3.0,1.0,1.0,2.0,3.0,1.0,1.0,2.0,2.0,1.0,1.0,1.0,1.0,2.0,1.0,1.0,-1.0,-1.0,-2.0,-4.0,-12.0,-7.0,-6.0,-6.0,-9.0,-11.0,-2.0,-8.0,-10.0,-6.0,-11.0,-6.50984180533249,-1.0,-4.0,-1.0,-10.0,-11.0,-3.0,-8.0,-12.0,-10.0,-1.0,-1.0,-1.0,-1.0,-7.0,-7.0,-13.0,-7.0,2.0,1.0,1.0,1.0,2.0,1.0,1.0,5.0,1.0,2.0,1.0,1.0,3.0,1.0,3.0,1.0,1.0,1.0,1.0,1.0,1.0,1.0,1.0,4.0,1.0,1.0,2.0,1.0,1.0,3.0,1.0,1.0,2.0,1.0,1.0,2.0,3.0,1.0,2.0,1.0,1.0,1.0,1.0,1.0,1.0,2.0,1.0,2.0,1.0,2.0,5.0,6.0,1.0,2.0,1.0,1.0,3.0,1.0,1.0,2.0,3.0,3.0,1.0,1.0,2.0,5.0,5.0,1.0,1.0,4.0,3.0,2.0,1.0,1.0,-1.0,1.0,2.0,-3.0,1.0,1.0,-4.0,-4.0,-3.0,2.0,-1.0,-1.0,-1.0,-2.0,2.0,10.0,1.0,1.0,1.0,2.0,3.0,4.0,1.0,2.0,1.0,17.0,1.0,1.0,1.0,1.0,2.0,1.0,1.0,1.0,4.0,4.0,1.0,3.0,1.0,1.0,2.0,1.0,1.0,1.0,2.0,2.0,1.0,1.0,1.0,1.0,2.0,3.0,18.94840458248437,1.0,1.0,3.0,1.0,1.0,1.0,2.0,3.0,1.0,1.0,2.0,4.0,2.0,1.0,1.0,1.0,1.0,2.0,3.0,1.0,4.0,1.0,1.0,1.0,4.0,4.0,1.0,1.0,2.0,2.0,2.0,2.0,1.0,2.0,1.0,2.0,3.0,1.0,6.0,11.0,8.0,5.0,4.0,5.0,3.0,2.0,1.0,1.0,1.0,1.0,1.0,2.0,2.0,3.0,2.0,3.0,1.0,1.0,1.0,1.0,1.0,1.0,3.0,2.0,5.0,1.0,2.0,2.0,1.0,5.0,1.0,5.0,1.0,2.0,5.0,3.0,2.0,1.0,15.11250881122309,1.0,2.0,3.0,1.0,1.0,1.0,3.0,3.0,2.0,4.0,1.0,1.0,1.0,1.0,1.0,1.0,1.0,1.0,1.0,1.0,1.0,3.0,5.0,1.0,1.0,1.0,2.0,2.0,1.0,1.0,5.0,1.0,1.0,5.0,1.0,1.0,-7.0,-7.0,1.0,-1.0,-4.0,-2.0,-1.0,-2.0,-1.0,1.0,-1.0,-3.0,-5.0,0.0,-3.0,-1.0,-2.0,-4.0,1.0,-1.0,1.0,-1.0,-1.0,1.0,-1.0,-1.0,2.0,-2.0,-3.0,2.0,-2.0,-1.0,1.0,-1.0,-1.0,-2.0,1.0,-2.0,-1.0,2.0,-1.0,-1.0,-1.0,-1.0,-2.0,2.0,-2.0,-2.0,0.0,-1.0,-1.0,-1.0,-1.0,-1.0,1.0,1.0,1.0,7.0,1.0,1.0,1.0,1.0,1.0,2.0,1.0,1.0,12.0,1.0,1.0,1.0,1.0,1.0,1.0,2.0,1.0,1.0,1.0,1.0,2.0,4.0,3.0,1.0,1.0,3.0,1.0,1.0,1.0,1.0,2.0,1.0,1.0,1.0,1.0,1.0,2.0,1.0,1.0,3.0,7.0,2.0,1.0,1.0,1.0,1.0,1.0,1.0,1.0,1.0,1.0,1.0,1.0,1.0,6.0,1.0,1.0,1.0,1.0,1.0,1.0,1.0,1.0,1.0,1.0,1.0,1.0,1.0,1.0,1.0,1.0,4.0,1.0,1.0,1.0,1.0,1.0,1.0,1.0,1.0,1.0,1.0,1.0,1.0,1.0,1.0,1.0,1.0,1.0,1.0,1.0,-1.0,-1.0,1.0,1.0,2.0,-2.0,-2.0,-2.0,-2.0,-2.0,1.0,1.0,-3.56110793196185,-3.0,-3.0,-3.0,1.0,-5.0,-5.0,-5.0,1.0,1.0,1.0,1.0,2.0,1.0,1.0,-1.0,-1.0,-1.0,-1.0,-1.0,-1.0,4.0,4.0,1.0,1.0,3.0,1.0,1.0,1.0,1.0,1.0,3.0,3.0,2.0,1.0,1.0,1.0,1.0,1.0,2.0,1.0,1.0,2.0,2.0,1.0,1.0,1.0,1.0,1.0,3.0,3.0,3.0,1.0,1.0,2.0,1.0,1.0,2.0,2.0,2.0,1.0,1.0,1.0,2.0,1.0,1.0,1.0,1.0,3.0,1.0,1.0,1.0,1.0,4.0,2.0,5.0,1.0,2.0,1.0,1.0,1.0,1.0,3.0,1.0,2.0,3.0,2.0,1.0,1.0,1.0,2.0,2.0,2.0,2.0,1.0,6.0,3.0,6.0,1.0,1.0,1.0,3.0,1.0,4.0,5.0,1.0,1.0,1.0,1.0,1.0,17.0,1.0,2.0,12.0,1.0,2.0,3.0,8.0,13.0,5.0,2.0,1.0,2.0,6.0,4.0,4.0,2.0,1.0,3.0,2.0,1.0,1.0,1.0,3.0,1.0,1.0,1.0,3.0,1.0,1.0,1.0,3.0,1.0,1.0,1.0,2.0,3.0,7.0,4.0,3.0,-0.31044766992144,2.0,2.0,2.0,1.0,1.0,1.0,1.0,1.0,1.0,1.0,1.0,1.0,1.0,1.0,1.0,1.0,1.0,1.0,1.0,1.0,1.0,1.0,1.0,1.0,1.0,1.0,1.0,1.0,3.0,1.0,1.0,2.0,2.0,2.0,2.0,3.0,1.0,1.0,1.0,2.0,1.0,4.0,3.0,1.0,1.0,1.0,2.0,1.0,7.39298284432326,1.0,5.0,3.0,2.0,1.0,1.0,1.0,1.0,1.0,1.0,1.0,1.0,1.0,3.0,4.0,3.0,1.0,1.0,1.0,1.0,1.0,1.0,1.0,1.0,1.0,1.0,1.0,1.0,2.0,1.0,1.0,1.0,1.0,1.0,1.0,1.0,1.0,1.0,1.0,1.0,2.0,1.0,1.0,1.0,1.0,1.0,1.0,1.0,1.0,1.0,1.0,1.0,1.0,1.0,3.0,8.0,2.0,1.0,2.0,1.0,1.0,4.0,1.0,1.0,1.0,1.0,1.0,1.0,1.0,7.0,5.0,2.0,3.0,1.0,1.0,2.0,1.0,1.0,1.0,1.0,1.0,1.0,2.0,3.0,1.0,2.0,2.0,2.0,-16.38832593496558,3.0,1.0,1.0,1.0,1.0,3.0,2.0,3.0,3.0,1.0,1.0,2.0,2.0,2.0,3.0,2.0,1.0,3.0,1.0,2.0,2.0,2.0,2.0,2.0,2.0,1.0,1.0,1.0,1.0,1.0,1.0,1.0,1.0,1.0,2.0,1.0,1.0,1.0,3.0,1.0,1.0,1.0,1.0,1.0,1.0,1.0,2.0,1.0,6.0,1.0,5.0,1.0,4.0,1.0,8.0,1.0,3.0,3.0,4.0,1.0,2.0,2.0,1.0,1.0,3.0,2.0,3.0,1.0,2.0,1.0,1.0,2.0,1.0,1.0,4.0,6.0,1.0,1.0,1.0,2.0,2.0,1.0,1.0,3.0,5.0,5.38785976813884,1.0,1.0,5.0,1.0,1.0,2.0,1.0,1.0,1.0,4.0,2.0,1.0,4.0,2.0,6.0,1.0,1.0,1.0,1.0,6.0,5.96397995782018,1.0,1.0,3.0,3.0,-1.3686525685699,9.0,2.0,3.0,3.0,3.0,3.0,1.0,1.0,5.0,5.0,5.0,5.0,1.0,7.0,10.0,2.0,1.0,4.0,5.0,5.0,5.0,5.0,2.0,1.0,3.0,5.0,4.0,2.0,2.0,1.0,1.0,2.0,3.0,1.0,1.0,3.0,11.0,5.0,5.0,5.0,5.0,5.0,5.0,5.0,5.0,13.0,3.0,2.0,2.0,3.0,11.0,5.0,5.0,5.0,5.0,1.0,1.0,2.0,18.0,11.0,2.0,1.0,3.0,3.0,5.0,5.0,5.0,5.0,5.0,5.0,2.0,1.0,3.0,1.0,1.0,21.0,1.0,2.0,3.0,6.0,6.0,6.0,6.0,2.0,5.0,3.0,2.0,5.0,13.0,2.0,5.0,5.0,5.0,5.0,6.0,2.0,24.0,2.0,1.0,2.0,5.0,5.0,5.0,5.0,1.0,2.0,4.0,3.0,12.0,1.0,9.0,4.0,4.0,4.0,4.0,4.0,4.0,4.0,1.0,10.0,4.0,1.0,21.0,1.0,2.0,1.0,1.0,1.0,4.0,3.0,5.0,6.0,6.0,6.0,6.0,6.0,1.0,1.0,3.0,15.0,1.0,1.0,1.0,1.0,7.0,4.0,1.0,10.0,5.0,5.0,5.0,5.0,1.0,1.0,4.0,2.0,-19.72431348956135,1.0,2.0,2.0,9.0,2.0,1.0,1.0,3.0,1.0,4.0,3.0,1.0,1.0,1.0,1.0,1.0,2.0,1.0,1.0,9.0,1.0,1.0,1.0,2.0,5.0,5.0,5.0,5.0,2.0,1.0,7.0,1.0,2.0,5.0,5.0,5.0,5.0,5.0,5.0,5.0,3.0,1.0,1.0,20.0,1.0,1.0,1.0,4.0,1.0,1.0,2.0,1.0,9.0,3.0,4.0,4.0,4.0,4.0,4.0,4.0,4.0,4.0,1.0,1.0,37.0,1.0,1.0,1.0,6.0,6.0,6.0,6.0,6.0,6.0,1.0,1.0,1.0,1.0,6.0,16.0,1.0,5.0,5.0,5.0,5.0,1.0,27.0,1.0,1.0,1.0,7.0,6.0,6.0,6.0,6.0,1.0,2.0,1.0,30.0,1.0,1.0,1.0,1.0,8.0,6.0,6.0,6.0,6.0,13.32796194626393,2.0,2.0,2.0,2.0,5.0,5.0,7.0,3.0,30.0,3.0,10.0,6.0,1.0,10.0,5.0,5.0,5.0,5.0,5.0,5.0,5.0,4.0,1.0,6.0,8.0,1.0,2.0,3.0,4.0,4.0,5.0,6.0,6.0,6.0,6.0,-5.0,-5.0,-5.0,-5.0,-5.0,-5.0,-5.0,-5.0,-5.0,-5.0,1.0
1.0,1.0,1.0,2.0,1.0,2.0,4.0,7.0,1.0,2.0,1.0,5.0,1.0,1.0,1.0,1.0,3.0,1.0,2.0,1.0,1.0,1.0,1.0,1.0,1.0,1.0,5.0,2.0,1.0,3.0,1.0,1.0,5.0,1.0,1.0,2.0,1.0,1.0,1.0,2.0,3.0,1.0,1.0,1.0,1.0,1.0,1.0,1.0,1.0,1.0,1.0,1.0,5.0,3.0,2.0,1.0,1.0,2.0,1.0,1.0,1.0,1.0,1.0,1.0,1.0,1.0,2.0,1.0,5.0,1.0,2.0,1.0,1.0,2.0,1.0,1.0,1.0,1.0,2.0,1.0,7.0,4.0,1.0,2.0,1.0,2.0,12.0,5.0,1.0,15.0,1.0,2.0,2.0,2.0,1.0,1.0,8.0,1.0,4.0,1.0,1.0,16.0,3.0,3.0,1.0,2.0,1.0,1.0,6.0,7.0,1.0,2.0,3.0,2.0,2.0,3.0,2.0,1.0,5.0,1.0,3.0,2.0,2.0,1.0,1.0,1.0,10.0,10.0,1.0,3.0,2.0,1.0,2.0,5.0,2.0,1.0,3.0,1.0,1.0,1.0,1.0,1.0,1.0,1.0,7.0,1.0,1.0,13.0,1.0,1.0,1.0,10.0,2.0,1.0,3.0,1.0,1.0,2.0,3.0,1.0,1.0,1.0,1.0,1.0,1.0,1.0,2.0,1.0,14.0,1.0,1.0,1.0,2.0,2.0,1.0,3.0,2.0,1.0,1.0,1.0,2.0,5.0,1.0,1.0,1.0,4.0,1.0,4.0,2.0,14.0,1.0,2.0,2.0,4.0,1.0,1.0,3.0,1.0,1.0,2.0,1.0,1.0,4.0,3.0,17.0,1.0,1.0,1.0,1.0,3.0,1.0,3.0,5.0,1.0,2.0,2.0,2.0,1.0,1.0,1.0,4.0,1.0,2.0,1.0,1.0,1.0,1.0,1.0,1.0,5.0,2.0,2.0,3.0,1.0,1.0,1.0,1.0,2.0,1.0,1.0,1.0,1.0,1.0,5.0,2.0,3.0,2.0,2.0,3.0,1.0,2.0,4.0,1.0,2.0,2.0,2.0,1.0,1.0,1.0,1.0,1.0,3.0,2.0,1.0,1.0,13.0,3.0,1.0,1.0,1.0,7.0,4.0,1.0,1.0,1.0,8.0,1.0,1.0,6.0,2.0,1.0,3.0,2.0,8.0,2.0,1.0,1.0,1.0,5.0,1.0,8.0,1.0,4.0,9.0,7.0,1.0,1.0,8.0,1.0,2.0,1.0,1.0,4.0,1.0,1.0,1.0,7.0,4.0,5.0,3.0,1.0,1.0,1.0,2.0,1.0,1.0,1.0,1.0,1.0,1.0,6.0,3.0,2.0,2.0,1.0,1.0,1.0,1.0,1.0,1.0,5.0,1.0,1.0,3.0,1.0,1.0,3.0,3.0,1.0,1.0,1.0,2.0,2.0,1.0,1.0,1.0,3.0,4.0,4.0,1.0,1.0,1.0,2.0,1.0,2.0,2.0,2.0,8.0,9.0,3.0,1.0,2.0,1.0,1.0,3.0,2.0,2.0,1.0,5.0,1.0,3.0,3.0,3.0,4.0,1.0,1.0,2.0,2.0,3.0,3.0,1.0,3.0,2.0,1.0,1.0,1.0,1.0,1.0,1.0,1.0,1.0,1.0,1.0,1.0,2.0,10.0,2.0,3.0,3.0,3.0,2.0,1.0,1.0,1.0,1.0,2.0,1.0,15.0,3.0,3.0,3.0,3.0,1.0,1.0,11.0,2.0,2.0,2.0,3.0,1.0,1.0,1.0,1.0,9.0,2.0,2.0,3.0,3.0,1.0,1.0,1.0,2.0,1.0,13.0,2.0,2.0,3.0,3.0,6.0,5.0,2.0,2.0,2.0,2.0,3.0,3.0,4.0,3.0,2.0,2.0,3.0,3.0,4.0,2.0,7.0,3.0,3.0,2.0,2.0,1.0,3.0,7.0,2.0,13.0,6.0,4.0,1.0,1.0,1.0,2.0,1.0,3.0,2.0,10.0,2.0,14.0,1.0,1.0,1.0,9.0,3.0,2.0,1.0,1.0,10.0,2.0,1.0,1.0,1.0,2.0,3.0,7.0,5.0,1.0,1.0,1.0,2.0,6.0,2.0,2.0,4.0,2.0,1.0,1.0,1.0,3.0,2.0,10.0,3.0,1.0,1.0,1.0,5.0,3.0,5.0,1.0,3.0,1.0,1.0,2.0,2.0,3.0,2.0,1.0,2.0,1.0,1.0,1.0,2.0,1.0,1.0,1.0,1.0,5.0,1.0,2.0,1.0,1.0,1.0,1.0,1.0,4.0,1.0,1.0,14.0,1.0,4.0,1.0,13.0,11.0,2.0,2.0,1.0,5.0,1.0,11.0,1.0,1.0,1.0,1.0,1.0,4.0,1.0,1.0,1.0,1.0,3.0,1.0,3.0,1.0,5.0,9.0,1.0,1.0,1.0,1.0,4.0,1.0,6.0,13.0,1.0,3.0,3.0,4.0,1.0,3.0,1.0,4.0,1.0,14.0,9.0,12.0,7.0,1.0,1.0,1.0,2.0,4.0,4.0,6.0,10.0,8.0,21.0,4.0,4.0,3.0,2.0,4.0,1.0,2.0,12.0,11.0,1.0,3.0,4.0,1.0,1.0,1.0,1.0,3.0,6.0,7.0,2.0,5.0,3.0,3.0,8.0,10.0,2.0,19.0,8.0,5.0,1.0,3.0,2.0,6.0,-2.04564786099211,2.0,1.0,2.0,3.0,8.0,9.0,6.0,6.0,1.0,1.0,2.0,2.0,2.0,8.0,4.0,5.0,8.0,7.0,13.0,3.0,9.0,2.0,1.0,3.0,5.0,1.0,3.0,1.0,1.0,5.47566330468136,8.0,1.0,2.0,1.0,1.0,6.0,1.0,1.0,1.0,5.0,15.0,1.0,2.0,7.0,5.0,4.0,5.0,4.0,16.0,6.0,4.0,2.0,1.0,1.0,1.0,1.0,1.0,1.0,2.0,1.0,7.0,7.0,4.0,1.0,2.0,1.0,2.0,1.0,1.0,1.0,1.0,2.0,2.0,1.0,1.0,1.0,1.0,1.0,1.0,1.0,1.0,1.0,1.0,1.0,2.0,2.0,4.0,1.0,1.0,1.0,2.0,7.0,1.0,1.0,1.0,1.0,1.0,1.0,1.0,2.0,3.0,6.0,7.0,4.0,1.0,3.0,1.0,1.0,1.0,1.0,1.0,1.0,1.0,1.0,1.0,2.0,1.0,1.0,2.0,1.0,1.0,1.0,2.0,1.0,1.0,1.0,1.0,1.0,2.0,2.0,3.0,6.0,1.0,1.0,2.0,1.0,1.0,2.0,1.0,1.0,13.0,19.0,2.0,1.0,1.0,4.0,1.0,1.0,1.0,1.0,1.0,1.0,1.0,1.0,1.0,1.0,1.0,2.0,1.0,1.0,1.0,16.0,15.0,1.0,2.0,2.0,2.0,1.0,1.0,1.0,2.0,1.0,1.0,1.0,1.0,1.0,2.0,1.0,1.0,3.0,1.0,1.0,1.0,2.0,1.0,1.0,12.0,7.0,1.0,5.0,1.0,3.0,1.0,1.0,1.0,2.0,3.0,1.0,1.0,6.0,7.0,3.0,5.0,3.0,1.0,1.0,3.0,2.0,1.0,7.0,16.0,1.0,1.0,5.0,3.0,1.0,1.0,3.0,2.0,1.0,3.96952489648403,1.0,2.0,3.0,3.0,1.0,1.0,2.0,1.0,1.0,1.0,2.0,30.0,1.0,4.0,7.0,1.0,1.0,1.0,1.0,1.0,2.0,1.0,2.0,1.0,1.0,1.0,1.0,1.0,1.0,5.0,24.0,4.0,2.0,1.0,1.0,1.0,1.0,1.0,1.0,2.0,2.0,3.0,1.0,2.0,1.0,1.0,1.0,1.0,1.0,1.0,1.0,2.0,1.0,1.0,1.0,1.0,1.0,1.0,1.0,1.0,3.0,1.0,1.0,1.0,3.0,5.0,2.0,3.0,1.0,1.0,2.0,1.0,2.0,1.0,3.0,1.0,2.0,1.0,1.0,2.0,2.0,2.0,1.0,1.0,5.0,2.0,2.0,4.0,1.0,3.0,1.0,4.0,1.0,1.0,2.0,1.0,1.0,4.0,1.0,2.0,1.0,1.0,2.0,4.0,1.0,2.0,2.0,5.0,1.0,1.0,2.0,1.0,1.0,3.0,1.0,1.0,3.0,3.0,5.0,3.0,4.0,1.0,1.0,1.0,2.0,1.0,2.0,1.0,2.0,1.0,1.0,3.0,1.0,1.0,1.0,1.0,2.0,1.0,1.0,1.0,2.0,1.0,1.0,1.0,1.0,1.0,1.0,1.0,1.0,4.0,1.0,1.0,1.0,2.0,1.0,6.0,1.0,1.0,1.0,2.0,2.0,1.0,1.0,1.0,-1.2523449689335,2.0,1.0,1.0,2.0,1.0,-1.0,-1.0,-1.0,-1.0,-2.0,1.0,9.0,-1.0,1.0,-1.0,-1.0,-5.0,-4.0,-3.0,-4.0,-5.0,-5.0,1.0,1.0,1.0,6.0,6.0,2.0,1.0,3.0,2.0,1.0,4.0,5.0,1.0,3.0,1.0,1.0,2.0,1.0,5.0,1.0,1.0,10.0,4.0,1.0,1.0,1.0,3.0,7.0,1.0,2.0,8.0,1.0,2.0,1.0,1.0,1.0,2.0,1.0,2.0,9.0,1.0,9.0,1.0,1.0,1.0,3.0,1.0,1.0,4.0,4.0,1.0,2.0,1.0,2.0,1.0,1.0,1.0,2.0,1.0,1.0,2.0,4.0,1.0,1.0,10.0,1.0,1.0,1.0,3.0,1.0,4.0,4.0,9.0,1.0,1.0,5.0,1.0,1.0,4.957128867032768,4.0,2.0,5.0,1.0,7.0,1.0,5.0,1.0,1.0,1.0,18.20845275419301,1.0,5.0,4.0,6.0,1.0,-3.0,-1.0,-1.0,-13.71931735451625,-2.0,-2.0,-1.0,-1.0,-1.0,-1.0,-3.0,-1.0,-2.0,-4.0,-1.0,-2.0,-1.0,-1.0,-1.0,5.0,4.0,2.0,7.0,2.0,1.0,2.0,1.0,2.0,1.0,3.0,4.0,4.0,1.0,1.0,2.0,4.0,2.0,6.0,1.0,5.0,11.27775448851298,8.0,7.0,1.0,4.0,3.0,1.0,1.0,1.0,2.0,1.0,4.0,1.0,1.0,1.0,1.0,2.0,1.0,1.0,3.0,2.0,4.0,7.0,7.0,4.0,1.0,1.0,4.0,1.0,1.0,2.0,1.0,1.0,5.0,1.0,2.0,7.0,4.0,2.0,2.0,1.0,1.0,1.0,2.0,2.0,2.0,1.0,1.0,2.0,6.0,1.0,4.0,2.0,3.0,-9.81276160699843,1.0,8.0,8.0,1.0,1.0,2.0,2.0,1.0,1.0,2.0,2.0,11.0,5.0,2.0,1.0,2.0,2.0,2.0,2.0,2.0,2.0,2.0,2.0,2.0,1.0,1.0,25.0,6.0,5.0,5.0,5.0,5.0,5.0,5.0,3.0,2.0,1.0,1.0,2.0,1.0,1.0,12.0,15.0,4.0,4.0,5.0,4.0,4.0,5.0,2.0,1.0,5.0,1.0,1.0,2.0,1.0,16.0,5.0,4.0,5.0,4.0,10.0,2.0,4.0,3.0,3.0,6.0,4.0,4.0,4.0,4.0,4.0,4.0,4.0,4.0,4.0,2.0,4.0,4.0,4.0,4.0,4.0,4.0,1.0,1.0,4.0,4.0,4.0,4.0,4.0,4.0,1.0,1.0,1.0,1.0,1.0,1.0,4.0,4.0,4.0,4.0,4.0,4.0,4.0,4.0,4.0,4.0,1.0,1.0,1.0,1.0,3.0,1.0,1.0,10.0,1.0,1.0,1.0,1.0,1.0,21.0,15.0,1.0,1.0,1.0,1.0,1.0,1.0,5.0,1.0,6.0,2.0,2.0,23.0,14.0,1.0,3.0,3.0,3.0,3.0,3.0,3.0,3.0,3.0,1.0,1.0,1.0,1.0,1.0,6.0,1.0,4.0,10.0,9.0,26.0,7.0,3.0,3.0,4.0,3.0,3.0,3.0,4.0,3.0,1.0,1.0,1.0,1.0,3.0,1.0,1.0,13.0,2.0,2.0,2.0,2.0,2.0,2.0,2.0,1.0,1.0,2.0,2.0,2.0,2.0,2.0,2.0,3.0,2.0,1.0,2.0,2.0,2.0,2.0,2.0,2.0,2.0,1.0,2.0,2.0,2.0,2.0,2.0,2.0,2.0,2.0,2.0,2.0,2.0,1.0,-2.0,1.0,4.0,1.0,-4.0,-4.0,-5.0,-4.0,-4.0,-4.0,-5.0,-4.0,-1.0,1.0,2.0,-1.0,1.0,-4.0,-5.0,-4.0,-4.0,-5.0,-4.0,2.0,1.0,-5.0,-6.0,-5.0,-5.0,-6.0,-5.0,1.0,1.0,1.0,-5.0,-5.0,-5.0,-5.0,-5.0,-5.0,-1.0,1.0,-1.0,-5.0,-5.0,-5.0,-5.0,-5.0,-5.0,-3.0,-4.0,-1.0,-1.0,-3.0,-1.0,0.0,1.0,-9.0,-5.0,1.0,-1.0,-2.0,-1.0,-1.0,-2.0,-1.0,-3.0,-2.0,-1.0,-1.0,-1.0,-1.0,-1.0,-3.0,-1.0,-1.0,-1.0,-1.0,-3.0,-2.0,19.45784305872714,-2.0,-1.0,-1.0,-1.0,-2.0,7.0,-4.0,-2.0,-3.0,-3.0,-1.0,-1.0,-1.0,1.0,1.0,0.0,-1.0,-5.0,-7.0,-1.0,-2.0,-1.0,9.0,2.0,13.0,-1.0,-1.0,-1.0,-5.0,-5.0,-2.0,-4.0,1.0,5.0,4.0,2.0,2.0,1.0,2.0,15.0,17.0,4.0,5.0,7.0,13.0,1.0,3.0,1.0,1.0,1.0,12.0,5.0,5.0,1.0,11.0,2.0,4.0,2.0,1.0,15.57346510062307,4.0,2.0,1.0,1.0,2.0,1.0,1.0,2.0,1.0,1.0,2.0,6.0,1.0,1.0,2.0,4.0,3.0,2.0,2.0,3.0,7.0,1.0,1.0,1.0,1.0,1.0,2.0,1.0,1.0,1.0,1.0,1.0,1.0,1.0,1.0,2.0,2.0,1.0,4.0,1.0,1.0,1.0,1.0,3.0,1.0,2.0,6.0,1.0,1.0,1.0,1.0,1.0,1.0,-2.5485758184053537,1.0,1.0,1.0,1.0,1.0,3.0,1.0,1.0,3.0,2.0,2.0,2.0,5.0,-20.80157324031526,2.0,2.0,4.0,3.0,1.0,2.0,2.0,2.0,2.0,-15.704502461243464,1.0,2.0,2.0,2.0,1.0,1.0,1.0,1.0,1.0,2.0,1.0,4.0,1.0,1.0,1.0,1.0,2.0,1.0,1.0,1.0,5.0,5.0,1.0,4.0,3.0,2.0,2.0,1.0,5.0,1.0,3.0,4.0,2.0,1.0,3.0,3.0,4.0,3.0,3.0,1.0,1.0,2.0,1.0,3.0,2.0,4.0,2.0,1.0,4.0,2.0,1.0,2.0,3.0,3.0,3.0,3.0,2.0,1.0,4.0,5.0,1.0,1.0,5.0,4.0,2.0,1.0,1.0,6.276158308138452,6.0,10.0,1.0,5.0,5.0,1.0,7.0,2.0,1.0,10.0,4.0,3.0,3.0,1.0,7.0,1.0,11.0,1.0,2.0,2.0,1.0,3.0,2.0,1.0,1.0,5.0,8.0,1.0,7.0,3.0,1.0,2.0,2.0,1.0,2.0,1.0,1.0,1.0,1.0,2.0,7.0,6.0,1.0,2.0,1.0,1.0,1.0,1.0,5.0,1.0,1.0,2.0,5.0,1.0,2.0,7.0,6.0,6.0,1.0,2.0,9.0,3.0,6.0,1.0,6.0,4.0,9.0,1.0,1.0,1.0,2.0,10.0,6.0,2.0,2.0,5.0,5.0,1.0,10.0,1.0,2.0,4.0,5.0,13.0,1.0,1.0,1.0,1.0,4.0,4.0,3.0,1.0,2.0,1.0,1.0,1.0,2.0,4.0,4.0,5.0,11.0,1.0,1.0,13.2640361646798,1.0,5.0,2.0,7.0,1.0,1.0,2.0,1.0,1.0,1.0,3.0,3.0,2.0,2.0,3.0,5.0,1.0,2.0,1.0,-2.0,1.0,1.0,7.0,-3.0,-3.0,-3.0,-3.0,1.0,0.0,4.0,-2.0,5.0,-6.0,-6.0,-6.0,-6.0,-2.0,-1.0,-1.0,-6.0,-6.0,-6.0,-6.0,-3.0,-2.0,-1.0,-1.0,-3.0,-3.0,-3.0,-3.0,-2.0,-1.0,-1.0,2.0,-1.0,-6.0,-6.0,-6.0,-7.103831779623127,-6.0,-6.0,-6.0,1.0,1.0,-3.0,-3.0,7.0,2.0,-5.0,-5.0,-5.0,-5.0,1.0,-2.0,-2.0,2.0,1.0,-5.0,-6.0,-5.0,-5.0,2.0,1.0,1.0,1.0,-6.0,-6.0,-6.0,-6.0,-1.0,1.0,-2.0,-2.0,1.0,2.0,-13.0,-13.0,-1.0,-1.0,-2.0,2.0,1.0,-5.0,-5.0,-5.0,-5.0,-5.0,-5.0,1.0,1.0,-5.0,-5.0,-5.0,-5.0,-5.0,0.0,-3.0,-12.0,-12.0,1.0,5.0,-7.0,-7.0,-7.0,-7.0,1.0,7.0,1.0,1.0,1.0,2.0,11.0,1.0,4.0,1.0,3.0,6.0,1.0,2.0,3.0,15.0,3.0,2.0,3.0,4.0,1.0,6.0,6.0,4.0,2.0,1.0,1.0,1.0,1.0,1.0,1.0,3.0,7.0,1.0,3.0,1.0,1.0,1.0,3.0,2.0,1.0,2.0,2.0,1.0,1.0,3.0,3.0,3.0,1.0,1.0,2.0,3.0,3.0,3.0,1.0,1.0,1.0,3.0,4.0,4.0,2.0,3.0,1.0,1.0,1.0,1.0,1.0,1.0,2.0,3.0,4.0,4.0,2.0,6.0,3.0,1.0,1.0,1.0,1.0,1.0,1.0,2.0,3.0,1.0,13.0,3.0,1.0,1.0,6.0,1.0,1.0,1.0,4.0,1.0,1.0,2.0,2.0,4.0,3.0,3.0,1.0,1.0,1.0,1.0,2.0,2.0,3.0,3.0,1.0,1.0,2.0,2.0,1.0,2.0,6.0,6.0,2.0,3.0,2.0,2.0,1.0,1.0,2.0,2.0,6.0,6.0,2.0,3.0,2.0,2.0,1.0,1.0,21.0,3.0,4.0,1.0,2.0,2.0,8.0,1.0,7.0,2.0,1.0,2.0,3.0,4.0,4.0,1.0,16.0,1.0,6.0,3.0,1.0,1.0,2.0,10.0,1.0,10.0,3.0,3.0,2.0,1.0,4.0,3.0,1.0,2.0,1.0,1.0,4.0,1.0,3.0,1.0,2.0,2.0,1.0,1.0,1.0,1.0,3.0,1.0,1.0,2.0,1.0,1.0,1.0,1.0,1.0,1.29786125122586,1.0,1.0,1.0,1.0,1.0,4.0,3.0,1.0,1.0,1.0,1.0,1.0,1.0,2.0,2.0,1.0,4.0,1.0,4.0,1.0,1.0,2.0,1.0,1.0,3.0,2.0,2.0,2.0,2.0,1.0,1.0,6.0,24.0,4.0,1.0,3.0,2.0,1.0,1.0,16.0,35.0,3.0,1.0,1.0,1.0,1.0,1.0,1.0,3.0,5.0,1.0,1.0,2.0,7.0,5.0,5.0,2.0,3.0,1.0,1.0,1.0,8.0,1.0,5.0,3.0,2.0,9.0,6.0,1.0,4.0,13.0,1.0,7.0,7.0,1.0,1.0,1.0,1.0,1.0,4.0,6.0,3.0,2.0,1.0,8.0,6.0,1.0,1.0,1.0,2.0,3.0,1.0,2.0,8.0,1.0,2.0,9.0,2.0,1.0,1.0,1.0,1.0,1.0,4.0,1.0,1.0,4.0,5.0,1.0,1.0,2.0,3.0,2.0,1.0,2.0,5.0,6.0,4.0,6.0,8.0,11.0,7.0,6.0,1.0,1.0,1.0,4.0,1.0,3.0,4.0,5.0,12.0,5.0,2.0,2.0,1.0,4.0,2.0,1.0,1.0,1.0,3.0,4.0,3.0,2.0,17.29671484676516,3.0,5.0,1.0,7.0,5.0,2.0,2.0,3.0,1.0,1.0,1.0,1.0,2.0,1.0,2.0,1.0,1.0,12.0,10.0,8.0,6.0,5.0,1.0,1.0,1.0,3.0,1.0,1.0,1.0,3.0,4.0,1.0,2.0,1.0,1.0,1.0,2.0,1.0,1.0,8.0,1.0,1.0,2.0,2.0,5.0,2.0,2.0,1.0,1.0,3.0,2.0,3.0,1.0,6.0,6.0,1.0,1.0,6.0,1.0,6.0,9.0,3.0,13.0,10.0,1.0,1.0,11.0,1.0,1.0,3.0,8.0,9.0,2.0,1.0,2.0,3.0,3.0,3.0,1.0,1.0,1.0,5.0,5.0,2.0,1.0,2.0,2.0,1.0,1.0,5.0,1.0,1.0,1.0,1.0,3.0,2.0,1.0,2.0,1.0,3.0,4.0,1.0,2.0,1.0,2.0,1.0,2.0,2.0,1.0,1.0,2.0,2.0,1.0,1.0,1.0,1.0,1.0,1.0,2.0,1.0,8.0,2.0,1.0,5.0,6.0,2.0,1.0,1.0,1.0,6.0,2.0,3.0,4.0,3.0,1.0,1.0,2.0,2.0,1.0,1.0,11.0,1.0,1.0,2.0,4.0,5.0,3.0,1.0,4.0,1.0,14.0,4.0,7.0,1.0,1.0,2.0,1.0,1.0,2.92572291035908,1.0,1.0,1.0,3.0,1.0,9.0,2.0,2.0,1.0,1.0,7.0,1.0,8.0,1.0,1.0,1.0,1.0,2.0,1.0,1.0,1.0,1.0,2.0,1.0,1.0,1.0,1.0,1.0,1.0,4.0,4.0,3.0,2.0,1.0,1.0,1.0,1.0,3.0,1.0,1.0,1.0,1.0,1.0,1.0,1.0,1.0,2.0,1.0,3.0,0.24337417607789,1.0,1.0,3.0,5.0,9.0,7.0,2.0,2.0,1.0,1.0,1.0,2.0,3.0,1.0,1.0,2.0,3.0,1.0,1.0,2.0,2.0,1.0,1.0,1.0,1.0,2.0,1.0,1.0,-1.0,-1.0,-2.0,-4.0,-12.0,-7.0,-6.0,-6.0,-9.0,-11.0,-2.0,-8.0,-10.0,-6.0,-11.0,-6.50984180533249,-1.0,-4.0,-1.0,-10.0,-11.0,-3.0,-8.0,-12.0,-10.0,-1.0,-1.0,-1.0,-1.0,-7.0,-7.0,-13.0,-7.0,2.0,1.0,1.0,1.0,2.0,1.0,1.0,5.0,1.0,2.0,1.0,1.0,3.0,1.0,3.0,1.0,1.0,1.0,1.0,1.0,1.0,1.0,1.0,4.0,1.0,1.0,2.0,1.0,1.0,3.0,1.0,1.0,2.0,1.0,1.0,2.0,3.0,1.0,2.0,1.0,1.0,1.0,1.0,1.0,1.0,2.0,1.0,2.0,1.0,2.0,5.0,6.0,1.0,2.0,1.0,1.0,3.0,1.0,1.0,2.0,3.0,3.0,1.0,1.0,2.0,5.0,5.0,1.0,1.0,4.0,3.0,2.0,1.0,1.0,-1.0,1.0,2.0,-3.0,1.0,1.0,-4.0,-4.0,-3.0,2.0,-1.0,-1.0,-1.0,-2.0,2.0,10.0,1.0,1.0,1.0,2.0,3.0,4.0,1.0,2.0,1.0,17.0,1.0,1.0,1.0,1.0,2.0,1.0,1.0,1.0,4.0,4.0,1.0,3.0,1.0,1.0,2.0,1.0,1.0,1.0,2.0,2.0,1.0,1.0,1.0,1.0,2.0,3.0,18.94840458248437,1.0,1.0,3.0,1.0,1.0,1.0,2.0,3.0,1.0,1.0,2.0,4.0,2.0,1.0,1.0,1.0,1.0,2.0,3.0,1.0,4.0,1.0,1.0,1.0,4.0,4.0,1.0,1.0,2.0,2.0,2.0,2.0,1.0,2.0,1.0,2.0,3.0,1.0,6.0,11.0,8.0,5.0,4.0,5.0,3.0,2.0,1.0,1.0,1.0,1.0,1.0,2.0,2.0,3.0,2.0,3.0,1.0,1.0,1.0,1.0,1.0,1.0,3.0,2.0,5.0,1.0,2.0,2.0,1.0,5.0,1.0,5.0,1.0,2.0,5.0,3.0,2.0,1.0,15.11250881122309,1.0,2.0,3.0,1.0,1.0,1.0,3.0,3.0,2.0,4.0,1.0,1.0,1.0,1.0,1.0,1.0,1.0,1.0,1.0,1.0,1.0,3.0,5.0,1.0,1.0,1.0,2.0,2.0,1.0,1.0,5.0,1.0,1.0,5.0,1.0,1.0,-7.0,-7.0,1.0,-1.0,-4.0,-2.0,-1.0,-2.0,-1.0,1.0,-1.0,-3.0,-5.0,0.0,-3.0,-1.0,-2.0,-4.0,1.0,-1.0,1.0,-1.0,-1.0,1.0,-1.0,-1.0,2.0,-2.0,-3.0,2.0,-2.0,-1.0,1.0,-1.0,-1.0,-2.0,1.0,-2.0,-1.0,2.0,-1.0,-1.0,-1.0,-1.0,-2.0,2.0,-2.0,-2.0,0.0,-1.0,-1.0,-1.0,-1.0,-1.0,1.0,1.0,1.0,7.0,1.0,1.0,1.0,1.0,1.0,2.0,1.0,1.0,12.0,1.0,1.0,1.0,1.0,1.0,1.0,2.0,1.0,1.0,1.0,1.0,2.0,4.0,3.0,1.0,1.0,3.0,1.0,1.0,1.0,1.0,2.0,1.0,1.0,1.0,1.0,1.0,2.0,1.0,1.0,3.0,7.0,2.0,1.0,1.0,1.0,1.0,1.0,1.0,1.0,1.0,1.0,1.0,1.0,1.0,6.0,1.0,1.0,1.0,1.0,1.0,1.0,1.0,1.0,1.0,1.0,1.0,1.0,1.0,1.0,1.0,1.0,4.0,1.0,1.0,1.0,1.0,1.0,1.0,1.0,1.0,1.0,1.0,1.0,1.0,1.0,1.0,1.0,1.0,1.0,1.0,1.0,-1.0,-1.0,1.0,1.0,2.0,-2.0,-2.0,-2.0,-2.0,-2.0,1.0,1.0,-3.56110793196185,-3.0,-3.0,-3.0,1.0,-5.0,-5.0,-5.0,1.0,1.0,1.0,1.0,2.0,1.0,1.0,-1.0,-1.0,-1.0,-1.0,-1.0,-1.0,4.0,4.0,1.0,1.0,3.0,1.0,1.0,1.0,1.0,1.0,3.0,3.0,2.0,1.0,1.0,1.0,1.0,1.0,2.0,1.0,1.0,2.0,2.0,1.0,1.0,1.0,1.0,1.0,3.0,3.0,3.0,1.0,1.0,2.0,1.0,1.0,2.0,2.0,2.0,1.0,1.0,1.0,2.0,1.0,1.0,1.0,1.0,3.0,1.0,1.0,1.0,1.0,4.0,2.0,5.0,1.0,2.0,1.0,1.0,1.0,1.0,3.0,1.0,2.0,3.0,2.0,1.0,1.0,1.0,2.0,2.0,2.0,2.0,1.0,6.0,3.0,6.0,1.0,1.0,1.0,3.0,1.0,4.0,5.0,1.0,1.0,1.0,1.0,1.0,17.0,1.0,2.0,12.0,1.0,2.0,3.0,8.0,13.0,5.0,2.0,1.0,2.0,6.0,4.0,4.0,2.0,1.0,3.0,2.0,1.0,1.0,1.0,3.0,1.0,1.0,1.0,3.0,1.0,1.0,1.0,3.0,1.0,1.0,1.0,2.0,3.0,7.0,4.0,3.0,-0.31044766992144,2.0,2.0,2.0,1.0,1.0,1.0,1.0,1.0,1.0,1.0,1.0,1.0,1.0,1.0,1.0,1.0,1.0,1.0,1.0,1.0,1.0,1.0,1.0,1.0,1.0,1.0,1.0,1.0,3.0,1.0,1.0,2.0,2.0,2.0,2.0,3.0,1.0,1.0,1.0,2.0,1.0,4.0,3.0,1.0,1.0,1.0,2.0,1.0,7.39298284432326,1.0,5.0,3.0,2.0,1.0,1.0,1.0,1.0,1.0,1.0,1.0,1.0,1.0,3.0,4.0,3.0,1.0,1.0,1.0,1.0,1.0,1.0,1.0,1.0,1.0,1.0,1.0,1.0,2.0,1.0,1.0,1.0,1.0,1.0,1.0,1.0,1.0,1.0,1.0,1.0,2.0,1.0,1.0,1.0,1.0,1.0,1.0,1.0,1.0,1.0,1.0,1.0,1.0,1.0,3.0,8.0,2.0,1.0,2.0,1.0,1.0,4.0,1.0,1.0,1.0,1.0,1.0,1.0,1.0,7.0,5.0,2.0,3.0,1.0,1.0,2.0,1.0,1.0,1.0,1.0,1.0,1.0,2.0,3.0,1.0,2.0,2.0,2.0,-16.38832593496558,3.0,1.0,1.0,1.0,1.0,3.0,2.0,3.0,3.0,1.0,1.0,2.0,2.0,2.0,3.0,2.0,1.0,3.0,1.0,2.0,2.0,2.0,2.0,2.0,2.0,1.0,1.0,1.0,1.0,1.0,1.0,1.0,1.0,1.0,2.0,1.0,1.0,1.0,3.0,1.0,1.0,1.0,1.0,1.0,1.0,1.0,2.0,1.0,6.0,1.0,5.0,1.0,4.0,1.0,8.0,1.0,3.0,3.0,4.0,1.0,2.0,2.0,1.0,1.0,3.0,2.0,3.0,1.0,2.0,1.0,1.0,2.0,1.0,1.0,4.0,6.0,1.0,1.0,1.0,2.0,2.0,1.0,1.0,3.0,5.0,5.38785976813884,1.0,1.0,5.0,1.0,1.0,2.0,1.0,1.0,1.0,4.0,2.0,1.0,4.0,2.0,6.0,1.0,1.0,1.0,1.0,6.0,5.96397995782018,1.0,1.0,3.0,3.0,-1.3686525685699,9.0,2.0,3.0,3.0,3.0,3.0,1.0,1.0,5.0,5.0,5.0,5.0,1.0,7.0,10.0,2.0,1.0,4.0,5.0,5.0,5.0,5.0,2.0,1.0,3.0,5.0,4.0,2.0,2.0,1.0,1.0,2.0,3.0,1.0,1.0,3.0,11.0,5.0,5.0,5.0,5.0,5.0,5.0,5.0,5.0,13.0,3.0,2.0,2.0,3.0,11.0,5.0,5.0,5.0,5.0,1.0,1.0,2.0,18.0,11.0,2.0,1.0,3.0,3.0,5.0,5.0,5.0,5.0,5.0,5.0,2.0,1.0,3.0,1.0,1.0,21.0,1.0,2.0,3.0,6.0,6.0,6.0,6.0,2.0,5.0,3.0,2.0,5.0,13.0,2.0,5.0,5.0,5.0,5.0,6.0,2.0,24.0,2.0,1.0,2.0,5.0,5.0,5.0,5.0,1.0,2.0,4.0,3.0,12.0,1.0,9.0,4.0,4.0,4.0,4.0,4.0,4.0,4.0,1.0,10.0,4.0,1.0,21.0,1.0,2.0,1.0,1.0,1.0,4.0,3.0,5.0,6.0,6.0,6.0,6.0,6.0,1.0,1.0,3.0,15.0,1.0,1.0,1.0,1.0,7.0,4.0,1.0,10.0,5.0,5.0,5.0,5.0,1.0,1.0,4.0,2.0,-19.72431348956135,1.0,2.0,2.0,9.0,2.0,1.0,1.0,3.0,1.0,4.0,3.0,1.0,1.0,1.0,1.0,1.0,2.0,1.0,1.0,9.0,1.0,1.0,1.0,2.0,5.0,5.0,5.0,5.0,2.0,1.0,7.0,1.0,2.0,5.0,5.0,5.0,5.0,5.0,5.0,5.0,3.0,1.0,1.0,20.0,1.0,1.0,1.0,4.0,1.0,1.0,2.0,1.0,9.0,3.0,4.0,4.0,4.0,4.0,4.0,4.0,4.0,4.0,1.0,1.0,37.0,1.0,1.0,1.0,6.0,6.0,6.0,6.0,6.0,6.0,1.0,1.0,1.0,1.0,6.0,16.0,1.0,5.0,5.0,5.0,5.0,1.0,27.0,1.0,1.0,1.0,7.0,6.0,6.0,6.0,6.0,1.0,2.0,1.0,30.0,1.0,1.0,1.0,1.0,8.0,6.0,6.0,6.0,6.0,13.32796194626393,2.0,2.0,2.0,2.0,5.0,5.0,7.0,3.0,30.0,3.0,10.0,6.0,1.0,10.0,5.0,5.0,5.0,5.0,5.0,5.0,5.0,4.0,1.0,6.0,8.0,1.0,2.0,3.0,4.0,4.0,5.0,6.0,6.0,6.0,6.0,-5.0,-5.0,-5.0,-5.0,-5.0,-5.0,-5.0,-5.0,-5.0,-5.0,1.0
1.0,1.0,1.0,2.0,1.0,2.0,4.0,7.0,1.0,2.0,1.0,5.0,1.0,1.0,1.0,1.0,3.0,1.0,2.0,1.0,1.0,1.0,1.0,1.0,1.0,1.0,5.0,2.0,1.0,3.0,1.0,1.0,5.0,1.0,1.0,2.0,1.0,1.0,1.0,2.0,3.0,1.0,1.0,1.0,1.0,1.0,1.0,1.0,1.0,1.0,1.0,1.0,5.0,3.0,2.0,1.0,1.0,2.0,1.0,1.0,1.0,1.0,1.0,1.0,1.0,1.0,2.0,1.0,5.0,1.0,2.0,1.0,1.0,2.0,1.0,1.0,1.0,1.0,2.0,1.0,7.0,4.0,1.0,2.0,1.0,2.0,12.0,5.0,1.0,15.0,1.0,2.0,2.0,2.0,1.0,1.0,8.0,1.0,4.0,1.0,1.0,16.0,3.0,3.0,1.0,2.0,1.0,1.0,6.0,7.0,1.0,2.0,3.0,2.0,2.0,3.0,2.0,1.0,5.0,1.0,3.0,2.0,2.0,1.0,1.0,1.0,10.0,10.0,1.0,3.0,2.0,1.0,2.0,5.0,2.0,1.0,3.0,1.0,1.0,1.0,1.0,1.0,1.0,1.0,7.0,1.0,1.0,13.0,1.0,1.0,1.0,10.0,2.0,1.0,3.0,1.0,1.0,2.0,3.0,1.0,1.0,1.0,1.0,1.0,1.0,1.0,2.0,1.0,14.0,1.0,1.0,1.0,2.0,2.0,1.0,3.0,2.0,1.0,1.0,1.0,2.0,5.0,1.0,1.0,1.0,4.0,1.0,4.0,2.0,14.0,1.0,2.0,2.0,4.0,1.0,1.0,3.0,1.0,1.0,2.0,1.0,1.0,4.0,3.0,17.0,1.0,1.0,1.0,1.0,3.0,1.0,3.0,5.0,1.0,2.0,2.0,2.0,1.0,1.0,1.0,4.0,1.0,2.0,1.0,1.0,1.0,1.0,1.0,1.0,5.0,2.0,2.0,3.0,1.0,1.0,1.0,1.0,2.0,1.0,1.0,1.0,1.0,1.0,5.0,2.0,3.0,2.0,2.0,3.0,1.0,2.0,4.0,1.0,2.0,2.0,2.0,1.0,1.0,1.0,1.0,1.0,3.0,2.0,1.0,1.0,13.0,3.0,1.0,1.0,1.0,7.0,4.0,1.0,1.0,1.0,8.0,1.0,1.0,6.0,2.0,1.0,3.0,2.0,8.0,2.0,1.0,1.0,1.0,5.0,1.0,8.0,1.0,4.0,9.0,7.0,1.0,1.0,8.0,1.0,2.0,1.0,1.0,4.0,1.0,1.0,1.0,7.0,4.0,5.0,3.0,1.0,1.0,1.0,2.0,1.0,1.0,1.0,1.0,1.0,1.0,6.0,3.0,2.0,2.0,1.0,1.0,1.0,1.0,1.0,1.0,5.0,1.0,1.0,3.0,1.0,1.0,3.0,3.0,1.0,1.0,1.0,2.0,2.0,1.0,1.0,1.0,3.0,4.0,4.0,1.0,1.0,1.0,2.0,1.0,2.0,2.0,2.0,8.0,9.0,3.0,1.0,2.0,1.0,1.0,3.0,2.0,2.0,1.0,5.0,1.0,3.0,3.0,3.0,4.0,1.0,1.0,2.0,2.0,3.0,3.0,1.0,3.0,2.0,1.0,1.0,1.0,1.0,1.0,1.0,1.0,1.0,1.0,1.0,1.0,2.0,10.0,2.0,3.0,3.0,3.0,2.0,1.0,1.0,1.0,1.0,2.0,1.0,15.0,3.0,3.0,3.0,3.0,1.0,1.0,11.0,2.0,2.0,2.0,3.0,1.0,1.0,1.0,1.0,9.0,2.0,2.0,3.0,3.0,1.0,1.0,1.0,2.0,1.0,13.0,2.0,2.0,3.0,3.0,6.0,5.0,2.0,2.0,2.0,2.0,3.0,3.0,4.0,3.0,2.0,2.0,3.0,3.0,4.0,2.0,7.0,3.0,3.0,2.0,2.0,1.0,3.0,7.0,2.0,13.0,6.0,4.0,1.0,1.0,1.0,2.0,1.0,3.0,2.0,10.0,2.0,14.0,1.0,1.0,1.0,9.0,3.0,2.0,1.0,1.0,10.0,2.0,1.0,1.0,1.0,2.0,3.0,7.0,5.0,1.0,1.0,1.0,2.0,6.0,2.0,2.0,4.0,2.0,1.0,1.0,1.0,3.0,2.0,10.0,3.0,1.0,1.0,1.0,5.0,3.0,5.0,1.0,3.0,1.0,1.0,2.0,2.0,3.0,2.0,1.0,2.0,1.0,1.0,1.0,2.0,1.0,1.0,1.0,1.0,5.0,1.0,2.0,1.0,1.0,1.0,1.0,1.0,4.0,1.0,1.0,14.0,1.0,4.0,1.0,13.0,11.0,2.0,2.0,1.0,5.0,1.0,11.0,1.0,1.0,1.0,1.0,1.0,4.0,1.0,1.0,1.0,1.0,3.0,1.0,3.0,1.0,5.0,9.0,1.0,1.0,1.0,1.0,4.0,1.0,6.0,13.0,1.0,3.0,3.0,4.0,1.0,3.0,1.0,4.0,1.0,14.0,9.0,12.0,7.0,1.0,1.0,1.0,2.0,4.0,4.0,6.0,10.0,8.0,21.0,4.0,4.0,3.0,2.0,4.0,1.0,2.0,12.0,11.0,1.0,3.0,4.0,1.0,1.0,1.0,1.0,3.0,6.0,7.0,2.0,5.0,3.0,3.0,8.0,10.0,2.0,19.0,8.0,5.0,1.0,3.0,2.0,6.0,-2.04564786099211,2.0,1.0,2.0,3.0,8.0,9.0,6.0,6.0,1.0,1.0,2.0,2.0,2.0,8.0,4.0,5.0,8.0,7.0,13.0,3.0,9.0,2.0,1.0,3.0,5.0,1.0,3.0,1.0,1.0,5.47566330468136,8.0,1.0,2.0,1.0,1.0,6.0,1.0,1.0,1.0,5.0,15.0,1.0,2.0,7.0,5.0,4.0,5.0,4.0,16.0,6.0,4.0,2.0,1.0,1.0,1.0,1.0,1.0,1.0,2.0,1.0,7.0,7.0,4.0,1.0,2.0,1.0,2.0,1.0,1.0,1.0,1.0,2.0,2.0,1.0,1.0,1.0,1.0,1.0,1.0,1.0,1.0,1.0,1.0,1.0,2.0,2.0,4.0,1.0,1.0,1.0,2.0,7.0,1.0,1.0,1.0,1.0,1.0,1.0,1.0,2.0,3.0,6.0,7.0,4.0,1.0,3.0,1.0,1.0,1.0,1.0,1.0,1.0,1.0,1.0,1.0,2.0,1.0,1.0,2.0,1.0,1.0,1.0,2.0,1.0,1.0,1.0,1.0,1.0,2.0,2.0,3.0,6.0,1.0,1.0,2.0,1.0,1.0,2.0,1.0,1.0,13.0,19.0,2.0,1.0,1.0,4.0,1.0,1.0,1.0,1.0,1.0,1.0,1.0,1.0,1.0,1.0,1.0,2.0,1.0,1.0,1.0,16.0,15.0,1.0,2.0,2.0,2.0,1.0,1.0,1.0,2.0,1.0,1.0,1.0,1.0,1.0,2.0,1.0,1.0,3.0,1.0,1.0,1.0,2.0,1.0,1.0,12.0,7.0,1.0,5.0,1.0,3.0,1.0,1.0,1.0,2.0,3.0,1.0,1.0,6.0,7.0,3.0,5.0,3.0,1.0,1.0,3.0,2.0,1.0,7.0,16.0,1.0,1.0,5.0,3.0,1.0,1.0,3.0,2.0,1.0,3.96952489648403,1.0,2.0,3.0,3.0,1.0,1.0,2.0,1.0,1.0,1.0,2.0,30.0,1.0,4.0,7.0,1.0,1.0,1.0,1.0,1.0,2.0,1.0,2.0,1.0,1.0,1.0,1.0,1.0,1.0,5.0,24.0,4.0,2.0,1.0,1.0,1.0,1.0,1.0,1.0,2.0,2.0,3.0,1.0,2.0,1.0,1.0,1.0,1.0,1.0,1.0,1.0,2.0,1.0,1.0,1.0,1.0,1.0,1.0,1.0,1.0,3.0,1.0,1.0,1.0,3.0,5.0,2.0,3.0,1.0,1.0,2.0,1.0,2.0,1.0,3.0,1.0,2.0,1.0,1.0,2.0,2.0,2.0,1.0,1.0,5.0,2.0,2.0,4.0,1.0,3.0,1.0,4.0,1.0,1.0,2.0,1.0,1.0,4.0,1.0,2.0,1.0,1.0,2.0,4.0,1.0,2.0,2.0,5.0,1.0,1.0,2.0,1.0,1.0,3.0,1.0,1.0,3.0,3.0,5.0,3.0,4.0,1.0,1.0,1.0,2.0,1.0,2.0,1.0,2.0,1.0,1.0,3.0,1.0,1.0,1.0,1.0,2.0,1.0,1.0,1.0,2.0,1.0,1.0,1.0,1.0,1.0,1.0,1.0,1.0,4.0,1.0,1.0,1.0,2.0,1.0,6.0,1.0,1.0,1.0,2.0,2.0,1.0,1.0,1.0,-1.2523449689335,2.0,1.0,1.0,2.0,1.0,-1.0,-1.0,-1.0,-1.0,-2.0,1.0,9.0,-1.0,1.0,-1.0,-1.0,-5.0,-4.0,-3.0,-4.0,-5.0,-5.0,1.0,1.0,1.0,6.0,6.0,2.0,1.0,3.0,2.0,1.0,4.0,5.0,1.0,3.0,1.0,1.0,2.0,1.0,5.0,1.0,1.0,10.0,4.0,1.0,1.0,1.0,3.0,7.0,1.0,2.0,8.0,1.0,2.0,1.0,1.0,1.0,2.0,1.0,2.0,9.0,1.0,9.0,1.0,1.0,1.0,3.0,1.0,1.0,4.0,4.0,1.0,2.0,1.0,2.0,1.0,1.0,1.0,2.0,1.0,1.0,2.0,4.0,1.0,1.0,10.0,1.0,1.0,1.0,3.0,1.0,4.0,4.0,9.0,1.0,1.0,5.0,1.0,1.0,4.957128867032768,4.0,2.0,5.0,1.0,7.0,1.0,5.0,1.0,1.0,1.0,18.20845275419301,1.0,5.0,4.0,6.0,1.0,-3.0,-1.0,-1.0,-13.71931735451625,-2.0,-2.0,-1.0,-1.0,-1.0,-1.0,-3.0,-1.0,-2.0,-4.0,-1.0,-2.0,-1.0,-1.0,-1.0,5.0,4.0,2.0,7.0,2.0,1.0,2.0,1.0,2.0,1.0,3.0,4.0,4.0,1.0,1.0,2.0,4.0,2.0,6.0,1.0,5.0,11.27775448851298,8.0,7.0,1.0,4.0,3.0,1.0,1.0,1.0,2.0,1.0,4.0,1.0,1.0,1.0,1.0,2.0,1.0,1.0,3.0,2.0,4.0,7.0,7.0,4.0,1.0,1.0,4.0,1.0,1.0,2.0,1.0,1.0,5.0,1.0,2.0,7.0,4.0,2.0,2.0,1.0,1.0,1.0,2.0,2.0,2.0,1.0,1.0,2.0,6.0,1.0,4.0,2.0,3.0,-9.81276160699843,1.0,8.0,8.0,1.0,1.0,2.0,2.0,1.0,1.0,2.0,2.0,11.0,5.0,2.0,1.0,2.0,2.0,2.0,2.0,2.0,2.0,2.0,2.0,2.0,1.0,1.0,25.0,6.0,5.0,5.0,5.0,5.0,5.0,5.0,3.0,2.0,1.0,1.0,2.0,1.0,1.0,12.0,15.0,4.0,4.0,5.0,4.0,4.0,5.0,2.0,1.0,5.0,1.0,1.0,2.0,1.0,16.0,5.0,4.0,5.0,4.0,10.0,2.0,4.0,3.0,3.0,6.0,4.0,4.0,4.0,4.0,4.0,4.0,4.0,4.0,4.0,2.0,4.0,4.0,4.0,4.0,4.0,4.0,1.0,1.0,4.0,4.0,4.0,4.0,4.0,4.0,1.0,1.0,1.0,1.0,1.0,1.0,4.0,4.0,4.0,4.0,4.0,4.0,4.0,4.0,4.0,4.0,1.0,1.0,1.0,1.0,3.0,1.0,1.0,10.0,1.0,1.0,1.0,1.0,1.0,21.0,15.0,1.0,1.0,1.0,1.0,1.0,1.0,5.0,1.0,6.0,2.0,2.0,23.0,14.0,1.0,3.0,3.0,3.0,3.0,3.0,3.0,3.0,3.0,1.0,1.0,1.0,1.0,1.0,6.0,1.0,4.0,10.0,9.0,26.0,7.0,3.0,3.0,4.0,3.0,3.0,3.0,4.0,3.0,1.0,1.0,1.0,1.0,3.0,1.0,1.0,13.0,2.0,2.0,2.0,2.0,2.0,2.0,2.0,1.0,1.0,2.0,2.0,2.0,2.0,2.0,2.0,3.0,2.0,1.0,2.0,2.0,2.0,2.0,2.0,2.0,2.0,1.0,2.0,2.0,2.0,2.0,2.0,2.0,2.0,2.0,2.0,2.0,2.0,1.0,-2.0,1.0,4.0,1.0,-4.0,-4.0,-5.0,-4.0,-4.0,-4.0,-5.0,-4.0,-1.0,1.0,2.0,-1.0,1.0,-4.0,-5.0,-4.0,-4.0,-5.0,-4.0,2.0,1.0,-5.0,-6.0,-5.0,-5.0,-6.0,-5.0,1.0,1.0,1.0,-5.0,-5.0,-5.0,-5.0,-5.0,-5.0,-1.0,1.0,-1.0,-5.0,-5.0,-5.0,-5.0,-5.0,-5.0,-3.0,-4.0,-1.0,-1.0,-3.0,-1.0,0.0,1.0,-9.0,-5.0,1.0,-1.0,-2.0,-1.0,-1.0,-2.0,-1.0,-3.0,-2.0,-1.0,-1.0,-1.0,-1.0,-1.0,-3.0,-1.0,-1.0,-1.0,-1.0,-3.0,-2.0,19.45784305872714,-2.0,-1.0,-1.0,-1.0,-2.0,7.0,-4.0,-2.0,-3.0,-3.0,-1.0,-1.0,-1.0,1.0,1.0,0.0,-1.0,-5.0,-7.0,-1.0,-2.0,-1.0,9.0,2.0,13.0,-1.0,-1.0,-1.0,-5.0,-5.0,-2.0,-4.0,1.0,5.0,4.0,2.0,2.0,1.0,2.0,15.0,17.0,4.0,5.0,7.0,13.0,1.0,3.0,1.0,1.0,1.0,12.0,5.0,5.0,1.0,11.0,2.0,4.0,2.0,1.0,15.57346510062307,4.0,2.0,1.0,1.0,2.0,1.0,1.0,2.0,1.0,1.0,2.0,6.0,1.0,1.0,2.0,4.0,3.0,2.0,2.0,3.0,7.0,1.0,1.0,1.0,1.0,1.0,2.0,1.0,1.0,1.0,1.0,1.0,1.0,1.0,1.0,2.0,2.0,1.0,4.0,1.0,1.0,1.0,1.0,3.0,1.0,2.0,6.0,1.0,1.0,1.0,1.0,1.0,1.0,-2.5485758184053537,1.0,1.0,1.0,1.0,1.0,3.0,1.0,1.0,3.0,2.0,2.0,2.0,5.0,-20.80157324031526,2.0,2.0,4.0,3.0,1.0,2.0,2.0,2.0,2.0,-15.704502461243464,1.0,2.0,2.0,2.0,1.0,1.0,1.0,1.0,1.0,2.0,1.0,4.0,1.0,1.0,1.0,1.0,2.0,1.0,1.0,1.0,5.0,5.0,1.0,4.0,3.0,2.0,2.0,1.0,5.0,1.0,3.0,4.0,2.0,1.0,3.0,3.0,4.0,3.0,3.0,1.0,1.0,2.0,1.0,3.0,2.0,4.0,2.0,1.0,4.0,2.0,1.0,2.0,3.0,3.0,3.0,3.0,2.0,1.0,4.0,5.0,1.0,1.0,5.0,4.0,2.0,1.0,1.0,6.276158308138452,6.0,10.0,1.0,5.0,5.0,1.0,7.0,2.0,1.0,10.0,4.0,3.0,3.0,1.0,7.0,1.0,11.0,1.0,2.0,2.0,1.0,3.0,2.0,1.0,1.0,5.0,8.0,1.0,7.0,3.0,1.0,2.0,2.0,1.0,2.0,1.0,1.0,1.0,1.0,2.0,7.0,6.0,1.0,2.0,1.0,1.0,1.0,1.0,5.0,1.0,1.0,2.0,5.0,1.0,2.0,7.0,6.0,6.0,1.0,2.0,9.0,3.0,6.0,1.0,6.0,4.0,9.0,1.0,1.0,1.0,2.0,10.0,6.0,2.0,2.0,5.0,5.0,1.0,10.0,1.0,2.0,4.0,5.0,13.0,1.0,1.0,1.0,1.0,4.0,4.0,3.0,1.0,2.0,1.0,1.0,1.0,2.0,4.0,4.0,5.0,11.0,1.0,1.0,13.2640361646798,1.0,5.0,2.0,7.0,1.0,1.0,2.0,1.0,1.0,1.0,3.0,3.0,2.0,2.0,3.0,5.0,1.0,2.0,1.0,-2.0,1.0,1.0,7.0,-3.0,-3.0,-3.0,-3.0,1.0,0.0,4.0,-2.0,5.0,-6.0,-6.0,-6.0,-6.0,-2.0,-1.0,-1.0,-6.0,-6.0,-6.0,-6.0,-3.0,-2.0,-1.0,-1.0,-3.0,-3.0,-3.0,-3.0,-2.0,-1.0,-1.0,2.0,-1.0,-6.0,-6.0,-6.0,-7.103831779623127,-6.0,-6.0,-6.0,1.0,1.0,-3.0,-3.0,7.0,2.0,-5.0,-5.0,-5.0,-5.0,1.0,-2.0,-2.0,2.0,1.0,-5.0,-6.0,-5.0,-5.0,2.0,1.0,1.0,1.0,-6.0,-6.0,-6.0,-6.0,-1.0,1.0,-2.0,-2.0,1.0,2.0,-13.0,-13.0,-1.0,-1.0,-2.0,2.0,1.0,-5.0,-5.0,-5.0,-5.0,-5.0,-5.0,1.0,1.0,-5.0,-5.0,-5.0,-5.0,-5.0,0.0,-3.0,-12.0,-12.0,1.0,5.0,-7.0,-7.0,-7.0,-7.0,1.0,7.0,1.0,1.0,1.0,2.0,11.0,1.0,4.0,1.0,3.0,6.0,1.0,2.0,3.0,15.0,3.0,2.0,3.0,4.0,1.0,6.0,6.0,4.0,2.0,1.0,1.0,1.0,1.0,1.0,1.0,3.0,7.0,1.0,3.0,1.0,1.0,1.0,3.0,2.0,1.0,2.0,2.0,1.0,1.0,3.0,3.0,3.0,1.0,1.0,2.0,3.0,3.0,3.0,1.0,1.0,1.0,3.0,4.0,4.0,2.0,3.0,1.0,1.0,1.0,1.0,1.0,1.0,2.0,3.0,4.0,4.0,2.0,6.0,3.0,1.0,1.0,1.0,1.0,1.0,1.0,2.0,3.0,1.0,13.0,3.0,1.0,1.0,6.0,1.0,1.0,1.0,4.0,1.0,1.0,2.0,2.0,4.0,3.0,3.0,1.0,1.0,1.0,1.0,2.0,2.0,3.0,3.0,1.0,1.0,2.0,2.0,1.0,2.0,6.0,6.0,2.0,3.0,2.0,2.0,1.0,1.0,2.0,2.0,6.0,6.0,2.0,3.0,2.0,2.0,1.0,1.0,21.0,3.0,4.0,1.0,2.0,2.0,8.0,1.0,7.0,2.0,1.0,2.0,3.0,4.0,4.0,1.0,16.0,1.0,6.0,3.0,1.0,1.0,2.0,10.0,1.0,10.0,3.0,3.0,2.0,1.0,4.0,3.0,1.0,2.0,1.0,1.0,4.0,1.0,3.0,1.0,2.0,2.0,1.0,1.0,1.0,1.0,3.0,1.0,1.0,2.0,1.0,1.0,1.0,1.0,1.0,1.29786125122586,1.0,1.0,1.0,1.0,1.0,4.0,3.0,1.0,1.0,1.0,1.0,1.0,1.0,2.0,2.0,1.0,4.0,1.0,4.0,1.0,1.0,2.0,1.0,1.0,3.0,2.0,2.0,2.0,2.0,1.0,1.0,6.0,24.0,4.0,1.0,3.0,2.0,1.0,1.0,16.0,35.0,3.0,1.0,1.0,1.0,1.0,1.0,1.0,3.0,5.0,1.0,1.0,2.0,7.0,5.0,5.0,2.0,3.0,1.0,1.0,1.0,8.0,1.0,5.0,3.0,2.0,9.0,6.0,1.0,4.0,13.0,1.0,7.0,7.0,1.0,1.0,1.0,1.0,1.0,4.0,6.0,3.0,2.0,1.0,8.0,6.0,1.0,1.0,1.0,2.0,3.0,1.0,2.0,8.0,1.0,2.0,9.0,2.0,1.0,1.0,1.0,1.0,1.0,4.0,1.0,1.0,4.0,5.0,1.0,1.0,2.0,3.0,2.0,1.0,2.0,5.0,6.0,4.0,6.0,8.0,11.0,7.0,6.0,1.0,1.0,1.0,4.0,1.0,3.0,4.0,5.0,12.0,5.0,2.0,2.0,1.0,4.0,2.0,1.0,1.0,1.0,3.0,4.0,3.0,2.0,17.29671484676516,3.0,5.0,1.0,7.0,5.0,2.0,2.0,3.0,1.0,1.0,1.0,1.0,2.0,1.0,2.0,1.0,1.0,12.0,10.0,8.0,6.0,5.0,1.0,1.0,1.0,3.0,1.0,1.0,1.0,3.0,4.0,1.0,2.0,1.0,1.0,1.0,2.0,1.0,1.0,8.0,1.0,1.0,2.0,2.0,5.0,2.0,2.0,1.0,1.0,3.0,2.0,3.0,1.0,6.0,6.0,1.0,1.0,6.0,1.0,6.0,9.0,3.0,13.0,10.0,1.0,1.0,11.0,1.0,1.0,3.0,8.0,9.0,2.0,1.0,2.0,3.0,3.0,3.0,1.0,1.0,1.0,5.0,5.0,2.0,1.0,2.0,2.0,1.0,1.0,5.0,1.0,1.0,1.0,1.0,3.0,2.0,1.0,2.0,1.0,3.0,4.0,1.0,2.0,1.0,2.0,1.0,2.0,2.0,1.0,1.0,2.0,2.0,1.0,1.0,1.0,1.0,1.0,1.0,2.0,1.0,8.0,2.0,1.0,5.0,6.0,2.0,1.0,1.0,1.0,6.0,2.0,3.0,4.0,3.0,1.0,1.0,2.0,2.0,1.0,1.0,11.0,1.0,1.0,2.0,4.0,5.0,3.0,1.0,4.0,1.0,14.0,4.0,7.0,1.0,1.0,2.0,1.0,1.0,2.92572291035908,1.0,1.0,1.0,3.0,1.0,9.0,2.0,2.0,1.0,1.0,7.0,1.0,8.0,1.0,1.0,1.0,1.0,2.0,1.0,1.0,1.0,1.0,2.0,1.0,1.0,1.0,1.0,1.0,1.0,4.0,4.0,3.0,2.0,1.0,1.0,1.0,1.0,3.0,1.0,1.0,1.0,1.0,1.0,1.0,1.0,1.0,2.0,1.0,3.0,0.24337417607789,1.0,1.0,3.0,5.0,9.0,7.0,2.0,2.0,1.0,1.0,1.0,2.0,3.0,1.0,1.0,2.0,3.0,1.0,1.0,2.0,2.0,1.0,1.0,1.0,1.0,2.0,1.0,1.0,-1.0,-1.0,-2.0,-4.0,-12.0,-7.0,-6.0,-6.0,-9.0,-11.0,-2.0,-8.0,-10.0,-6.0,-11.0,-6.50984180533249,-1.0,-4.0,-1.0,-10.0,-11.0,-3.0,-8.0,-12.0,-10.0,-1.0,-1.0,-1.0,-1.0,-7.0,-7.0,-13.0,-7.0,2.0,1.0,1.0,1.0,2.0,1.0,1.0,5.0,1.0,2.0,1.0,1.0,3.0,1.0,3.0,1.0,1.0,1.0,1.0,1.0,1.0,1.0,1.0,4.0,1.0,1.0,2.0,1.0,1.0,3.0,1.0,1.0,2.0,1.0,1.0,2.0,3.0,1.0,2.0,1.0,1.0,1.0,1.0,1.0,1.0,2.0,1.0,2.0,1.0,2.0,5.0,6.0,1.0,2.0,1.0,1.0,3.0,1.0,1.0,2.0,3.0,3.0,1.0,1.0,2.0,5.0,5.0,1.0,1.0,4.0,3.0,2.0,1.0,1.0,-1.0,1.0,2.0,-3.0,1.0,1.0,-4.0,-4.0,-3.0,2.0,-1.0,-1.0,-1.0,-2.0,2.0,10.0,1.0,1.0,1.0,2.0,3.0,4.0,1.0,2.0,1.0,17.0,1.0,1.0,1.0,1.0,2.0,1.0,1.0,1.0,4.0,4.0,1.0,3.0,1.0,1.0,2.0,1.0,1.0,1.0,2.0,2.0,1.0,1.0,1.0,1.0,2.0,3.0,18.94840458248437,1.0,1.0,3.0,1.0,1.0,1.0,2.0,3.0,1.0,1.0,2.0,4.0,2.0,1.0,1.0,1.0,1.0,2.0,3.0,1.0,4.0,1.0,1.0,1.0,4.0,4.0,1.0,1.0,2.0,2.0,2.0,2.0,1.0,2.0,1.0,2.0,3.0,1.0,6.0,11.0,8.0,5.0,4.0,5.0,3.0,2.0,1.0,1.0,1.0,1.0,1.0,2.0,2.0,3.0,2.0,3.0,1.0,1.0,1.0,1.0,1.0,1.0,3.0,2.0,5.0,1.0,2.0,2.0,1.0,5.0,1.0,5.0,1.0,2.0,5.0,3.0,2.0,1.0,15.11250881122309,1.0,2.0,3.0,1.0,1.0,1.0,3.0,3.0,2.0,4.0,1.0,1.0,1.0,1.0,1.0,1.0,1.0,1.0,1.0,1.0,1.0,3.0,5.0,1.0,1.0,1.0,2.0,2.0,1.0,1.0,5.0,1.0,1.0,5.0,1.0,1.0,-7.0,-7.0,1.0,-1.0,-4.0,-2.0,-1.0,-2.0,-1.0,1.0,-1.0,-3.0,-5.0,0.0,-3.0,-1.0,-2.0,-4.0,1.0,-1.0,1.0,-1.0,-1.0,1.0,-1.0,-1.0,2.0,-2.0,-3.0,2.0,-2.0,-1.0,1.0,-1.0,-1.0,-2.0,1.0,-2.0,-1.0,2.0,-1.0,-1.0,-1.0,-1.0,-2.0,2.0,-2.0,-2.0,0.0,-1.0,-1.0,-1.0,-1.0,-1.0,1.0,1.0,1.0,7.0,1.0,1.0,1.0,1.0,1.0,2.0,1.0,1.0,12.0,1.0,1.0,1.0,1.0,1.0,1.0,2.0,1.0,1.0,1.0,1.0,2.0,4.0,3.0,1.0,1.0,3.0,1.0,1.0,1.0,1.0,2.0,1.0,1.0,1.0,1.0,1.0,2.0,1.0,1.0,3.0,7.0,2.0,1.0,1.0,1.0,1.0,1.0,1.0,1.0,1.0,1.0,1.0,1.0,1.0,6.0,1.0,1.0,1.0,1.0,1.0,1.0,1.0,1.0,1.0,1.0,1.0,1.0,1.0,1.0,1.0,1.0,4.0,1.0,1.0,1.0,1.0,1.0,1.0,1.0,1.0,1.0,1.0,1.0,1.0,1.0,1.0,1.0,1.0,1.0,1.0,1.0,-1.0,-1.0,1.0,1.0,2.0,-2.0,-2.0,-2.0,-2.0,-2.0,1.0,1.0,-3.56110793196185,-3.0,-3.0,-3.0,1.0,-5.0,-5.0,-5.0,1.0,1.0,1.0,1.0,2.0,1.0,1.0,-1.0,-1.0,-1.0,-1.0,-1.0,-1.0,4.0,4.0,1.0,1.0,3.0,1.0,1.0,1.0,1.0,1.0,3.0,3.0,2.0,1.0,1.0,1.0,1.0,1.0,2.0,1.0,1.0,2.0,2.0,1.0,1.0,1.0,1.0,1.0,3.0,3.0,3.0,1.0,1.0,2.0,1.0,1.0,2.0,2.0,2.0,1.0,1.0,1.0,2.0,1.0,1.0,1.0,1.0,3.0,1.0,1.0,1.0,1.0,4.0,2.0,5.0,1.0,2.0,1.0,1.0,1.0,1.0,3.0,1.0,2.0,3.0,2.0,1.0,1.0,1.0,2.0,2.0,2.0,2.0,1.0,6.0,3.0,6.0,1.0,1.0,1.0,3.0,1.0,4.0,5.0,1.0,1.0,1.0,1.0,1.0,17.0,1.0,2.0,12.0,1.0,2.0,3.0,8.0,13.0,5.0,2.0,1.0,2.0,6.0,4.0,4.0,2.0,1.0,3.0,2.0,1.0,1.0,1.0,3.0,1.0,1.0,1.0,3.0,1.0,1.0,1.0,3.0,1.0,1.0,1.0,2.0,3.0,7.0,4.0,3.0,-0.31044766992144,2.0,2.0,2.0,1.0,1.0,1.0,1.0,1.0,1.0,1.0,1.0,1.0,1.0,1.0,1.0,1.0,1.0,1.0,1.0,1.0,1.0,1.0,1.0,1.0,1.0,1.0,1.0,1.0,3.0,1.0,1.0,2.0,2.0,2.0,2.0,3.0,1.0,1.0,1.0,2.0,1.0,4.0,3.0,1.0,1.0,1.0,2.0,1.0,7.39298284432326,1.0,5.0,3.0,2.0,1.0,1.0,1.0,1.0,1.0,1.0,1.0,1.0,1.0,3.0,4.0,3.0,1.0,1.0,1.0,1.0,1.0,1.0,1.0,1.0,1.0,1.0,1.0,1.0,2.0,1.0,1.0,1.0,1.0,1.0,1.0,1.0,1.0,1.0,1.0,1.0,2.0,1.0,1.0,1.0,1.0,1.0,1.0,1.0,1.0,1.0,1.0,1.0,1.0,1.0,3.0,8.0,2.0,1.0,2.0,1.0,1.0,4.0,1.0,1.0,1.0,1.0,1.0,1.0,1.0,7.0,5.0,2.0,3.0,1.0,1.0,2.0,1.0,1.0,1.0,1.0,1.0,1.0,2.0,3.0,1.0,2.0,2.0,2.0,-16.38832593496558,3.0,1.0,1.0,1.0,1.0,3.0,2.0,3.0,3.0,1.0,1.0,2.0,2.0,2.0,3.0,2.0,1.0,3.0,1.0,2.0,2.0,2.0,2.0,2.0,2.0,1.0,1.0,1.0,1.0,1.0,1.0,1.0,1.0,1.0,2.0,1.0,1.0,1.0,3.0,1.0,1.0,1.0,1.0,1.0,1.0,1.0,2.0,1.0,6.0,1.0,5.0,1.0,4.0,1.0,8.0,1.0,3.0,3.0,4.0,1.0,2.0,2.0,1.0,1.0,3.0,2.0,3.0,1.0,2.0,1.0,1.0,2.0,1.0,1.0,4.0,6.0,1.0,1.0,1.0,2.0,2.0,1.0,1.0,3.0,5.0,5.38785976813884,1.0,1.0,5.0,1.0,1.0,2.0,1.0,1.0,1.0,4.0,2.0,1.0,4.0,2.0,6.0,1.0,1.0,1.0,1.0,6.0,5.96397995782018,1.0,1.0,3.0,3.0,-1.3686525685699,9.0,2.0,3.0,3.0,3.0,3.0,1.0,1.0,5.0,5.0,5.0,5.0,1.0,7.0,10.0,2.0,1.0,4.0,5.0,5.0,5.0,5.0,2.0,1.0,3.0,5.0,4.0,2.0,2.0,1.0,1.0,2.0,3.0,1.0,1.0,3.0,11.0,5.0,5.0,5.0,5.0,5.0,5.0,5.0,5.0,13.0,3.0,2.0,2.0,3.0,11.0,5.0,5.0,5.0,5.0,1.0,1.0,2.0,18.0,11.0,2.0,1.0,3.0,3.0,5.0,5.0,5.0,5.0,5.0,5.0,2.0,1.0,3.0,1.0,1.0,21.0,1.0,2.0,3.0,6.0,6.0,6.0,6.0,2.0,5.0,3.0,2.0,5.0,13.0,2.0,5.0,5.0,5.0,5.0,6.0,2.0,24.0,2.0,1.0,2.0,5.0,5.0,5.0,5.0,1.0,2.0,4.0,3.0,12.0,1.0,9.0,4.0,4.0,4.0,4.0,4.0,4.0,4.0,1.0,10.0,4.0,1.0,21.0,1.0,2.0,1.0,1.0,1.0,4.0,3.0,5.0,6.0,6.0,6.0,6.0,6.0,1.0,1.0,3.0,15.0,1.0,1.0,1.0,1.0,7.0,4.0,1.0,10.0,5.0,5.0,5.0,5.0,1.0,1.0,4.0,2.0,-19.72431348956135,1.0,2.0,2.0,9.0,2.0,1.0,1.0,3.0,1.0,4.0,3.0,1.0,1.0,1.0,1.0,1.0,2.0,1.0,1.0,9.0,1.0,1.0,1.0,2.0,5.0,5.0,5.0,5.0,2.0,1.0,7.0,1.0,2.0,5.0,5.0,5.0,5.0,5.0,5.0,5.0,3.0,1.0,1.0,20.0,1.0,1.0,1.0,4.0,1.0,1.0,2.0,1.0,9.0,3.0,4.0,4.0,4.0,4.0,4.0,4.0,4.0,4.0,1.0,1.0,37.0,1.0,1.0,1.0,6.0,6.0,6.0,6.0,6.0,6.0,1.0,1.0,1.0,1.0,6.0,16.0,1.0,5.0,5.0,5.0,5.0,1.0,27.0,1.0,1.0,1.0,7.0,6.0,6.0,6.0,6.0,1.0,2.0,1.0,30.0,1.0,1.0,1.0,1.0,8.0,6.0,6.0,6.0,6.0,13.32796194626393,2.0,2.0,2.0,2.0,5.0,5.0,7.0,3.0,30.0,3.0,10.0,6.0,1.0,10.0,5.0,5.0,5.0,5.0,5.0,5.0,5.0,4.0,1.0,6.0,8.0,1.0,2.0,3.0,4.0,4.0,5.0,6.0,6.0,6.0,6.0,-5.0,-5.0,-5.0,-5.0,-5.0,-5.0,-5.0,-5.0,-5.0,-5.0,1.0
1.0,1.0,1.0,2.0,1.0,2.0,4.0,7.0,1.0,2.0,1.0,5.0,1.0,1.0,1.0,1.0,3.0,1.0,2.0,1.0,1.0,1.0,1.0,1.0,1.0,1.0,5.0,2.0,1.0,3.0,1.0,1.0,5.0,1.0,1.0,2.0,1.0,1.0,1.0,2.0,3.0,1.0,1.0,1.0,1.0,1.0,1.0,1.0,1.0,1.0,1.0,1.0,5.0,3.0,2.0,1.0,1.0,2.0,1.0,1.0,1.0,1.0,1.0,1.0,1.0,1.0,2.0,1.0,5.0,1.0,2.0,1.0,1.0,2.0,1.0,1.0,1.0,1.0,2.0,1.0,7.0,4.0,1.0,2.0,1.0,2.0,12.0,5.0,1.0,15.0,1.0,2.0,2.0,2.0,1.0,1.0,8.0,1.0,4.0,1.0,1.0,16.0,3.0,3.0,1.0,2.0,1.0,1.0,6.0,7.0,1.0,2.0,3.0,2.0,2.0,3.0,2.0,1.0,5.0,1.0,3.0,2.0,2.0,1.0,1.0,1.0,10.0,10.0,1.0,3.0,2.0,1.0,2.0,5.0,2.0,1.0,3.0,1.0,1.0,1.0,1.0,1.0,1.0,1.0,7.0,1.0,1.0,13.0,1.0,1.0,1.0,10.0,2.0,1.0,3.0,1.0,1.0,2.0,3.0,1.0,1.0,1.0,1.0,1.0,1.0,1.0,2.0,1.0,14.0,1.0,1.0,1.0,2.0,2.0,1.0,3.0,2.0,1.0,1.0,1.0,2.0,5.0,1.0,1.0,1.0,4.0,1.0,4.0,2.0,14.0,1.0,2.0,2.0,4.0,1.0,1.0,3.0,1.0,1.0,2.0,1.0,1.0,4.0,3.0,17.0,1.0,1.0,1.0,1.0,3.0,1.0,3.0,5.0,1.0,2.0,2.0,2.0,1.0,1.0,1.0,4.0,1.0,2.0,1.0,1.0,1.0,1.0,1.0,1.0,5.0,2.0,2.0,3.0,1.0,1.0,1.0,1.0,2.0,1.0,1.0,1.0,1.0,1.0,5.0,2.0,3.0,2.0,2.0,3.0,1.0,2.0,4.0,1.0,2.0,2.0,2.0,1.0,1.0,1.0,1.0,1.0,3.0,2.0,1.0,1.0,13.0,3.0,1.0,1.0,1.0,7.0,4.0,1.0,1.0,1.0,8.0,1.0,1.0,6.0,2.0,1.0,3.0,2.0,8.0,2.0,1.0,1.0,1.0,5.0,1.0,8.0,1.0,4.0,9.0,7.0,1.0,1.0,8.0,1.0,2.0,1.0,1.0,4.0,1.0,1.0,1.0,7.0,4.0,5.0,3.0,1.0,1.0,1.0,2.0,1.0,1.0,1.0,1.0,1.0,1.0,6.0,3.0,2.0,2.0,1.0,1.0,1.0,1.0,1.0,1.0,5.0,1.0,1.0,3.0,1.0,1.0,3.0,3.0,1.0,1.0,1.0,2.0,2.0,1.0,1.0,1.0,3.0,4.0,4.0,1.0,1.0,1.0,2.0,1.0,2.0,2.0,2.0,8.0,9.0,3.0,1.0,2.0,1.0,1.0,3.0,2.0,2.0,1.0,5.0,1.0,3.0,3.0,3.0,4.0,1.0,1.0,2.0,2.0,3.0,3.0,1.0,3.0,2.0,1.0,1.0,1.0,1.0,1.0,1.0,1.0,1.0,1.0,1.0,1.0,2.0,10.0,2.0,3.0,3.0,3.0,2.0,1.0,1.0,1.0,1.0,2.0,1.0,15.0,3.0,3.0,3.0,3.0,1.0,1.0,11.0,2.0,2.0,2.0,3.0,1.0,1.0,1.0,1.0,9.0,2.0,2.0,3.0,3.0,1.0,1.0,1.0,2.0,1.0,13.0,2.0,2.0,3.0,3.0,6.0,5.0,2.0,2.0,2.0,2.0,3.0,3.0,4.0,3.0,2.0,2.0,3.0,3.0,4.0,2.0,7.0,3.0,3.0,2.0,2.0,1.0,3.0,7.0,2.0,13.0,6.0,4.0,1.0,1.0,1.0,2.0,1.0,3.0,2.0,10.0,2.0,14.0,1.0,1.0,1.0,9.0,3.0,2.0,1.0,1.0,10.0,2.0,1.0,1.0,1.0,2.0,3.0,7.0,5.0,1.0,1.0,1.0,2.0,6.0,2.0,2.0,4.0,2.0,1.0,1.0,1.0,3.0,2.0,10.0,3.0,1.0,1.0,1.0,5.0,3.0,5.0,1.0,3.0,1.0,1.0,2.0,2.0,3.0,2.0,1.0,2.0,1.0,1.0,1.0,2.0,1.0,1.0,1.0,1.0,5.0,1.0,2.0,1.0,1.0,1.0,1.0,1.0,4.0,1.0,1.0,14.0,1.0,4.0,1.0,13.0,11.0,2.0,2.0,1.0,5.0,1.0,11.0,1.0,1.0,1.0,1.0,1.0,4.0,1.0,1.0,1.0,1.0,3.0,1.0,3.0,1.0,5.0,9.0,1.0,1.0,1.0,1.0,4.0,1.0,6.0,13.0,1.0,3.0,3.0,4.0,1.0,3.0,1.0,4.0,1.0,14.0,9.0,12.0,7.0,1.0,1.0,1.0,2.0,4.0,4.0,6.0,10.0,8.0,21.0,4.0,4.0,3.0,2.0,4.0,1.0,2.0,12.0,11.0,1.0,3.0,4.0,1.0,1.0,1.0,1.0,3.0,6.0,7.0,2.0,5.0,3.0,3.0,8.0,10.0,2.0,19.0,8.0,5.0,1.0,3.0,2.0,6.0,-2.04564786099211,2.0,1.0,2.0,3.0,8.0,9.0,6.0,6.0,1.0,1.0,2.0,2.0,2.0,8.0,4.0,5.0,8.0,7.0,13.0,3.0,9.0,2.0,1.0,3.0,5.0,1.0,3.0,1.0,1.0,5.47566330468136,8.0,1.0,2.0,1.0,1.0,6.0,1.0,1.0,1.0,5.0,15.0,1.0,2.0,7.0,5.0,4.0,5.0,4.0,16.0,6.0,4.0,2.0,1.0,1.0,1.0,1.0,1.0,1.0,2.0,1.0,7.0,7.0,4.0,1.0,2.0,1.0,2.0,1.0,1.0,1.0,1.0,2.0,2.0,1.0,1.0,1.0,1.0,1.0,1.0,1.0,1.0,1.0,1.0,1.0,2.0,2.0,4.0,1.0,1.0,1.0,2.0,7.0,1.0,1.0,1.0,1.0,1.0,1.0,1.0,2.0,3.0,6.0,7.0,4.0,1.0,3.0,1.0,1.0,1.0,1.0,1.0,1.0,1.0,1.0,1.0,2.0,1.0,1.0,2.0,1.0,1.0,1.0,2.0,1.0,1.0,1.0,1.0,1.0,2.0,2.0,3.0,6.0,1.0,1.0,2.0,1.0,1.0,2.0,1.0,1.0,13.0,19.0,2.0,1.0,1.0,4.0,1.0,1.0,1.0,1.0,1.0,1.0,1.0,1.0,1.0,1.0,1.0,2.0,1.0,1.0,1.0,16.0,15.0,1.0,2.0,2.0,2.0,1.0,1.0,1.0,2.0,1.0,1.0,1.0,1.0,1.0,2.0,1.0,1.0,3.0,1.0,1.0,1.0,2.0,1.0,1.0,12.0,7.0,1.0,5.0,1.0,3.0,1.0,1.0,1.0,2.0,3.0,1.0,1.0,6.0,7.0,3.0,5.0,3.0,1.0,1.0,3.0,2.0,1.0,7.0,16.0,1.0,1.0,5.0,3.0,1.0,1.0,3.0,2.0,1.0,3.96952489648403,1.0,2.0,3.0,3.0,1.0,1.0,2.0,1.0,1.0,1.0,2.0,30.0,1.0,4.0,7.0,1.0,1.0,1.0,1.0,1.0,2.0,1.0,2.0,1.0,1.0,1.0,1.0,1.0,1.0,5.0,24.0,4.0,2.0,1.0,1.0,1.0,1.0,1.0,1.0,2.0,2.0,3.0,1.0,2.0,1.0,1.0,1.0,1.0,1.0,1.0,1.0,2.0,1.0,1.0,1.0,1.0,1.0,1.0,1.0,1.0,3.0,1.0,1.0,1.0,3.0,5.0,2.0,3.0,1.0,1.0,2.0,1.0,2.0,1.0,3.0,1.0,2.0,1.0,1.0,2.0,2.0,2.0,1.0,1.0,5.0,2.0,2.0,4.0,1.0,3.0,1.0,4.0,1.0,1.0,2.0,1.0,1.0,4.0,1.0,2.0,1.0,1.0,2.0,4.0,1.0,2.0,2.0,5.0,1.0,1.0,2.0,1.0,1.0,3.0,1.0,1.0,3.0,3.0,5.0,3.0,4.0,1.0,1.0,1.0,2.0,1.0,2.0,1.0,2.0,1.0,1.0,3.0,1.0,1.0,1.0,1.0,2.0,1.0,1.0,1.0,2.0,1.0,1.0,1.0,1.0,1.0,1.0,1.0,1.0,4.0,1.0,1.0,1.0,2.0,1.0,6.0,1.0,1.0,1.0,2.0,2.0,1.0,1.0,1.0,-1.2523449689335,2.0,1.0,1.0,2.0,1.0,-1.0,-1.0,-1.0,-1.0,-2.0,1.0,9.0,-1.0,1.0,-1.0,-1.0,-5.0,-4.0,-3.0,-4.0,-5.0,-5.0,1.0,1.0,1.0,6.0,6.0,2.0,1.0,3.0,2.0,1.0,4.0,5.0,1.0,3.0,1.0,1.0,2.0,1.0,5.0,1.0,1.0,10.0,4.0,1.0,1.0,1.0,3.0,7.0,1.0,2.0,8.0,1.0,2.0,1.0,1.0,1.0,2.0,1.0,2.0,9.0,1.0,9.0,1.0,1.0,1.0,3.0,1.0,1.0,4.0,4.0,1.0,2.0,1.0,2.0,1.0,1.0,1.0,2.0,1.0,1.0,2.0,4.0,1.0,1.0,10.0,1.0,1.0,1.0,3.0,1.0,4.0,4.0,9.0,1.0,1.0,5.0,1.0,1.0,4.957128867032768,4.0,2.0,5.0,1.0,7.0,1.0,5.0,1.0,1.0,1.0,18.20845275419301,1.0,5.0,4.0,6.0,1.0,-3.0,-1.0,-1.0,-13.71931735451625,-2.0,-2.0,-1.0,-1.0,-1.0,-1.0,-3.0,-1.0,-2.0,-4.0,-1.0,-2.0,-1.0,-1.0,-1.0,5.0,4.0,2.0,7.0,2.0,1.0,2.0,1.0,2.0,1.0,3.0,4.0,4.0,1.0,1.0,2.0,4.0,2.0,6.0,1.0,5.0,11.27775448851298,8.0,7.0,1.0,4.0,3.0,1.0,1.0,1.0,2.0,1.0,4.0,1.0,1.0,1.0,1.0,2.0,1.0,1.0,3.0,2.0,4.0,7.0,7.0,4.0,1.0,1.0,4.0,1.0,1.0,2.0,1.0,1.0,5.0,1.0,2.0,7.0,4.0,2.0,2.0,1.0,1.0,1.0,2.0,2.0,2.0,1.0,1.0,2.0,6.0,1.0,4.0,2.0,3.0,-9.81276160699843,1.0,8.0,8.0,1.0,1.0,2.0,2.0,1.0,1.0,2.0,2.0,11.0,5.0,2.0,1.0,2.0,2.0,2.0,2.0,2.0,2.0,2.0,2.0,2.0,1.0,1.0,25.0,6.0,5.0,5.0,5.0,5.0,5.0,5.0,3.0,2.0,1.0,1.0,2.0,1.0,1.0,12.0,15.0,4.0,4.0,5.0,4.0,4.0,5.0,2.0,1.0,5.0,1.0,1.0,2.0,1.0,16.0,5.0,4.0,5.0,4.0,10.0,2.0,4.0,3.0,3.0,6.0,4.0,4.0,4.0,4.0,4.0,4.0,4.0,4.0,4.0,2.0,4.0,4.0,4.0,4.0,4.0,4.0,1.0,1.0,4.0,4.0,4.0,4.0,4.0,4.0,1.0,1.0,1.0,1.0,1.0,1.0,4.0,4.0,4.0,4.0,4.0,4.0,4.0,4.0,4.0,4.0,1.0,1.0,1.0,1.0,3.0,1.0,1.0,10.0,1.0,1.0,1.0,1.0,1.0,21.0,15.0,1.0,1.0,1.0,1.0,1.0,1.0,5.0,1.0,6.0,2.0,2.0,23.0,14.0,1.0,3.0,3.0,3.0,3.0,3.0,3.0,3.0,3.0,1.0,1.0,1.0,1.0,1.0,6.0,1.0,4.0,10.0,9.0,26.0,7.0,3.0,3.0,4.0,3.0,3.0,3.0,4.0,3.0,1.0,1.0,1.0,1.0,3.0,1.0,1.0,13.0,2.0,2.0,2.0,2.0,2.0,2.0,2.0,1.0,1.0,2.0,2.0,2.0,2.0,2.0,2.0,3.0,2.0,1.0,2.0,2.0,2.0,2.0,2.0,2.0,2.0,1.0,2.0,2.0,2.0,2.0,2.0,2.0,2.0,2.0,2.0,2.0,2.0,1.0,-2.0,1.0,4.0,1.0,-4.0,-4.0,-5.0,-4.0,-4.0,-4.0,-5.0,-4.0,-1.0,1.0,2.0,-1.0,1.0,-4.0,-5.0,-4.0,-4.0,-5.0,-4.0,2.0,1.0,-5.0,-6.0,-5.0,-5.0,-6.0,-5.0,1.0,1.0,1.0,-5.0,-5.0,-5.0,-5.0,-5.0,-5.0,-1.0,1.0,-1.0,-5.0,-5.0,-5.0,-5.0,-5.0,-5.0,-3.0,-4.0,-1.0,-1.0,-3.0,-1.0,0.0,1.0,-9.0,-5.0,1.0,-1.0,-2.0,-1.0,-1.0,-2.0,-1.0,-3.0,-2.0,-1.0,-1.0,-1.0,-1.0,-1.0,-3.0,-1.0,-1.0,-1.0,-1.0,-3.0,-2.0,19.45784305872714,-2.0,-1.0,-1.0,-1.0,-2.0,7.0,-4.0,-2.0,-3.0,-3.0,-1.0,-1.0,-1.0,1.0,1.0,0.0,-1.0,-5.0,-7.0,-1.0,-2.0,-1.0,9.0,2.0,13.0,-1.0,-1.0,-1.0,-5.0,-5.0,-2.0,-4.0,1.0,5.0,4.0,2.0,2.0,1.0,2.0,15.0,17.0,4.0,5.0,7.0,13.0,1.0,3.0,1.0,1.0,1.0,12.0,5.0,5.0,1.0,11.0,2.0,4.0,2.0,1.0,15.57346510062307,4.0,2.0,1.0,1.0,2.0,1.0,1.0,2.0,1.0,1.0,2.0,6.0,1.0,1.0,2.0,4.0,3.0,2.0,2.0,3.0,7.0,1.0,1.0,1.0,1.0,1.0,2.0,1.0,1.0,1.0,1.0,1.0,1.0,1.0,1.0,2.0,2.0,1.0,4.0,1.0,1.0,1.0,1.0,3.0,1.0,2.0,6.0,1.0,1.0,1.0,1.0,1.0,1.0,-2.5485758184053537,1.0,1.0,1.0,1.0,1.0,3.0,1.0,1.0,3.0,2.0,2.0,2.0,5.0,-20.80157324031526,2.0,2.0,4.0,3.0,1.0,2.0,2.0,2.0,2.0,-15.704502461243464,1.0,2.0,2.0,2.0,1.0,1.0,1.0,1.0,1.0,2.0,1.0,4.0,1.0,1.0,1.0,1.0,2.0,1.0,1.0,1.0,5.0,5.0,1.0,4.0,3.0,2.0,2.0,1.0,5.0,1.0,3.0,4.0,2.0,1.0,3.0,3.0,4.0,3.0,3.0,1.0,1.0,2.0,1.0,3.0,2.0,4.0,2.0,1.0,4.0,2.0,1.0,2.0,3.0,3.0,3.0,3.0,2.0,1.0,4.0,5.0,1.0,1.0,5.0,4.0,2.0,1.0,1.0,6.276158308138452,6.0,10.0,1.0,5.0,5.0,1.0,7.0,2.0,1.0,10.0,4.0,3.0,3.0,1.0,7.0,1.0,11.0,1.0,2.0,2.0,1.0,3.0,2.0,1.0,1.0,5.0,8.0,1.0,7.0,3.0,1.0,2.0,2.0,1.0,2.0,1.0,1.0,1.0,1.0,2.0,7.0,6.0,1.0,2.0,1.0,1.0,1.0,1.0,5.0,1.0,1.0,2.0,5.0,1.0,2.0,7.0,6.0,6.0,1.0,2.0,9.0,3.0,6.0,1.0,6.0,4.0,9.0,1.0,1.0,1.0,2.0,10.0,6.0,2.0,2.0,5.0,5.0,1.0,10.0,1.0,2.0,4.0,5.0,13.0,1.0,1.0,1.0,1.0,4.0,4.0,3.0,1.0,2.0,1.0,1.0,1.0,2.0,4.0,4.0,5.0,11.0,1.0,1.0,13.2640361646798,1.0,5.0,2.0,7.0,1.0,1.0,2.0,1.0,1.0,1.0,3.0,3.0,2.0,2.0,3.0,5.0,1.0,2.0,1.0,-2.0,1.0,1.0,7.0,-3.0,-3.0,-3.0,-3.0,1.0,0.0,4.0,-2.0,5.0,-6.0,-6.0,-6.0,-6.0,-2.0,-1.0,-1.0,-6.0,-6.0,-6.0,-6.0,-3.0,-2.0,-1.0,-1.0,-3.0,-3.0,-3.0,-3.0,-2.0,-1.0,-1.0,2.0,-1.0,-6.0,-6.0,-6.0,-7.103831779623127,-6.0,-6.0,-6.0,1.0,1.0,-3.0,-3.0,7.0,2.0,-5.0,-5.0,-5.0,-5.0,1.0,-2.0,-2.0,2.0,1.0,-5.0,-6.0,-5.0,-5.0,2.0,1.0,1.0,1.0,-6.0,-6.0,-6.0,-6.0,-1.0,1.0,-2.0,-2.0,1.0,2.0,-13.0,-13.0,-1.0,-1.0,-2.0,2.0,1.0,-5.0,-5.0,-5.0,-5.0,-5.0,-5.0,1.0,1.0,-5.0,-5.0,-5.0,-5.0,-5.0,0.0,-3.0,-12.0,-12.0,1.0,5.0,-7.0,-7.0,-7.0,-7.0,1.0,7.0,1.0,1.0,1.0,2.0,11.0,1.0,4.0,1.0,3.0,6.0,1.0,2.0,3.0,15.0,3.0,2.0,3.0,4.0,1.0,6.0,6.0,4.0,2.0,1.0,1.0,1.0,1.0,1.0,1.0,3.0,7.0,1.0,3.0,1.0,1.0,1.0,3.0,2.0,1.0,2.0,2.0,1.0,1.0,3.0,3.0,3.0,1.0,1.0,2.0,3.0,3.0,3.0,1.0,1.0,1.0,3.0,4.0,4.0,2.0,3.0,1.0,1.0,1.0,1.0,1.0,1.0,2.0,3.0,4.0,4.0,2.0,6.0,3.0,1.0,1.0,1.0,1.0,1.0,1.0,2.0,3.0,1.0,13.0,3.0,1.0,1.0,6.0,1.0,1.0,1.0,4.0,1.0,1.0,2.0,2.0,4.0,3.0,3.0,1.0,1.0,1.0,1.0,2.0,2.0,3.0,3.0,1.0,1.0,2.0,2.0,1.0,2.0,6.0,6.0,2.0,3.0,2.0,2.0,1.0,1.0,2.0,2.0,6.0,6.0,2.0,3.0,2.0,2.0,1.0,1.0,21.0,3.0,4.0,1.0,2.0,2.0,8.0,1.0,7.0,2.0,1.0,2.0,3.0,4.0,4.0,1.0,16.0,1.0,6.0,3.0,1.0,1.0,2.0,10.0,1.0,10.0,3.0,3.0,2.0,1.0,4.0,3.0,1.0,2.0,1.0,1.0,4.0,1.0,3.0,1.0,2.0,2.0,1.0,1.0,1.0,1.0,3.0,1.0,1.0,2.0,1.0,1.0,1.0,1.0,1.0,1.29786125122586,1.0,1.0,1.0,1.0,1.0,4.0,3.0,1.0,1.0,1.0,1.0,1.0,1.0,2.0,2.0,1.0,4.0,1.0,4.0,1.0,1.0,2.0,1.0,1.0,3.0,2.0,2.0,2.0,2.0,1.0,1.0,6.0,24.0,4.0,1.0,3.0,2.0,1.0,1.0,16.0,35.0,3.0,1.0,1.0,1.0,1.0,1.0,1.0,3.0,5.0,1.0,1.0,2.0,7.0,5.0,5.0,2.0,3.0,1.0,1.0,1.0,8.0,1.0,5.0,3.0,2.0,9.0,6.0,1.0,4.0,13.0,1.0,7.0,7.0,1.0,1.0,1.0,1.0,1.0,4.0,6.0,3.0,2.0,1.0,8.0,6.0,1.0,1.0,1.0,2.0,3.0,1.0,2.0,8.0,1.0,2.0,9.0,2.0,1.0,1.0,1.0,1.0,1.0,4.0,1.0,1.0,4.0,5.0,1.0,1.0,2.0,3.0,2.0,1.0,2.0,5.0,6.0,4.0,6.0,8.0,11.0,7.0,6.0,1.0,1.0,1.0,4.0,1.0,3.0,4.0,5.0,12.0,5.0,2.0,2.0,1.0,4.0,2.0,1.0,1.0,1.0,3.0,4.0,3.0,2.0,17.29671484676516,3.0,5.0,1.0,7.0,5.0,2.0,2.0,3.0,1.0,1.0,1.0,1.0,2.0,1.0,2.0,1.0,1.0,12.0,10.0,8.0,6.0,5.0,1.0,1.0,1.0,3.0,1.0,1.0,1.0,3.0,4.0,1.0,2.0,1.0,1.0,1.0,2.0,1.0,1.0,8.0,1.0,1.0,2.0,2.0,5.0,2.0,2.0,1.0,1.0,3.0,2.0,3.0,1.0,6.0,6.0,1.0,1.0,6.0,1.0,6.0,9.0,3.0,13.0,10.0,1.0,1.0,11.0,1.0,1.0,3.0,8.0,9.0,2.0,1.0,2.0,3.0,3.0,3.0,1.0,1.0,1.0,5.0,5.0,2.0,1.0,2.0,2.0,1.0,1.0,5.0,1.0,1.0,1.0,1.0,3.0,2.0,1.0,2.0,1.0,3.0,4.0,1.0,2.0,1.0,2.0,1.0,2.0,2.0,1.0,1.0,2.0,2.0,1.0,1.0,1.0,1.0,1.0,1.0,2.0,1.0,8.0,2.0,1.0,5.0,6.0,2.0,1.0,1.0,1.0,6.0,2.0,3.0,4.0,3.0,1.0,1.0,2.0,2.0,1.0,1.0,11.0,1.0,1.0,2.0,4.0,5.0,3.0,1.0,4.0,1.0,14.0,4.0,7.0,1.0,1.0,2.0,1.0,1.0,2.92572291035908,1.0,1.0,1.0,3.0,1.0,9.0,2.0,2.0,1.0,1.0,7.0,1.0,8.0,1.0,1.0,1.0,1.0,2.0,1.0,1.0,1.0,1.0,2.0,1.0,1.0,1.0,1.0,1.0,1.0,4.0,4.0,3.0,2.0,1.0,1.0,1.0,1.0,3.0,1.0,1.0,1.0,1.0,1.0,1.0,1.0,1.0,2.0,1.0,3.0,0.24337417607789,1.0,1.0,3.0,5.0,9.0,7.0,2.0,2.0,1.0,1.0,1.0,2.0,3.0,1.0,1.0,2.0,3.0,1.0,1.0,2.0,2.0,1.0,1.0,1.0,1.0,2.0,1.0,1.0,-1.0,-1.0,-2.0,-4.0,-12.0,-7.0,-6.0,-6.0,-9.0,-11.0,-2.0,-8.0,-10.0,-6.0,-11.0,-6.50984180533249,-1.0,-4.0,-1.0,-10.0,-11.0,-3.0,-8.0,-12.0,-10.0,-1.0,-1.0,-1.0,-1.0,-7.0,-7.0,-13.0,-7.0,2.0,1.0,1.0,1.0,2.0,1.0,1.0,5.0,1.0,2.0,1.0,1.0,3.0,1.0,3.0,1.0,1.0,1.0,1.0,1.0,1.0,1.0,1.0,4.0,1.0,1.0,2.0,1.0,1.0,3.0,1.0,1.0,2.0,1.0,1.0,2.0,3.0,1.0,2.0,1.0,1.0,1.0,1.0,1.0,1.0,2.0,1.0,2.0,1.0,2.0,5.0,6.0,1.0,2.0,1.0,1.0,3.0,1.0,1.0,2.0,3.0,3.0,1.0,1.0,2.0,5.0,5.0,1.0,1.0,4.0,3.0,2.0,1.0,1.0,-1.0,1.0,2.0,-3.0,1.0,1.0,-4.0,-4.0,-3.0,2.0,-1.0,-1.0,-1.0,-2.0,2.0,10.0,1.0,1.0,1.0,2.0,3.0,4.0,1.0,2.0,1.0,17.0,1.0,1.0,1.0,1.0,2.0,1.0,1.0,1.0,4.0,4.0,1.0,3.0,1.0,1.0,2.0,1.0,1.0,1.0,2.0,2.0,1.0,1.0,1.0,1.0,2.0,3.0,18.94840458248437,1.0,1.0,3.0,1.0,1.0,1.0,2.0,3.0,1.0,1.0,2.0,4.0,2.0,1.0,1.0,1.0,1.0,2.0,3.0,1.0,4.0,1.0,1.0,1.0,4.0,4.0,1.0,1.0,2.0,2.0,2.0,2.0,1.0,2.0,1.0,2.0,3.0,1.0,6.0,11.0,8.0,5.0,4.0,5.0,3.0,2.0,1.0,1.0,1.0,1.0,1.0,2.0,2.0,3.0,2.0,3.0,1.0,1.0,1.0,1.0,1.0,1.0,3.0,2.0,5.0,1.0,2.0,2.0,1.0,5.0,1.0,5.0,1.0,2.0,5.0,3.0,2.0,1.0,15.11250881122309,1.0,2.0,3.0,1.0,1.0,1.0,3.0,3.0,2.0,4.0,1.0,1.0,1.0,1.0,1.0,1.0,1.0,1.0,1.0,1.0,1.0,3.0,5.0,1.0,1.0,1.0,2.0,2.0,1.0,1.0,5.0,1.0,1.0,5.0,1.0,1.0,-7.0,-7.0,1.0,-1.0,-4.0,-2.0,-1.0,-2.0,-1.0,1.0,-1.0,-3.0,-5.0,0.0,-3.0,-1.0,-2.0,-4.0,1.0,-1.0,1.0,-1.0,-1.0,1.0,-1.0,-1.0,2.0,-2.0,-3.0,2.0,-2.0,-1.0,1.0,-1.0,-1.0,-2.0,1.0,-2.0,-1.0,2.0,-1.0,-1.0,-1.0,-1.0,-2.0,2.0,-2.0,-2.0,0.0,-1.0,-1.0,-1.0,-1.0,-1.0,1.0,1.0,1.0,7.0,1.0,1.0,1.0,1.0,1.0,2.0,1.0,1.0,12.0,1.0,1.0,1.0,1.0,1.0,1.0,2.0,1.0,1.0,1.0,1.0,2.0,4.0,3.0,1.0,1.0,3.0,1.0,1.0,1.0,1.0,2.0,1.0,1.0,1.0,1.0,1.0,2.0,1.0,1.0,3.0,7.0,2.0,1.0,1.0,1.0,1.0,1.0,1.0,1.0,1.0,1.0,1.0,1.0,1.0,6.0,1.0,1.0,1.0,1.0,1.0,1.0,1.0,1.0,1.0,1.0,1.0,1.0,1.0,1.0,1.0,1.0,4.0,1.0,1.0,1.0,1.0,1.0,1.0,1.0,1.0,1.0,1.0,1.0,1.0,1.0,1.0,1.0,1.0,1.0,1.0,1.0,-1.0,-1.0,1.0,1.0,2.0,-2.0,-2.0,-2.0,-2.0,-2.0,1.0,1.0,-3.56110793196185,-3.0,-3.0,-3.0,1.0,-5.0,-5.0,-5.0,1.0,1.0,1.0,1.0,2.0,1.0,1.0,-1.0,-1.0,-1.0,-1.0,-1.0,-1.0,4.0,4.0,1.0,1.0,3.0,1.0,1.0,1.0,1.0,1.0,3.0,3.0,2.0,1.0,1.0,1.0,1.0,1.0,2.0,1.0,1.0,2.0,2.0,1.0,1.0,1.0,1.0,1.0,3.0,3.0,3.0,1.0,1.0,2.0,1.0,1.0,2.0,2.0,2.0,1.0,1.0,1.0,2.0,1.0,1.0,1.0,1.0,3.0,1.0,1.0,1.0,1.0,4.0,2.0,5.0,1.0,2.0,1.0,1.0,1.0,1.0,3.0,1.0,2.0,3.0,2.0,1.0,1.0,1.0,2.0,2.0,2.0,2.0,1.0,6.0,3.0,6.0,1.0,1.0,1.0,3.0,1.0,4.0,5.0,1.0,1.0,1.0,1.0,1.0,17.0,1.0,2.0,12.0,1.0,2.0,3.0,8.0,13.0,5.0,2.0,1.0,2.0,6.0,4.0,4.0,2.0,1.0,3.0,2.0,1.0,1.0,1.0,3.0,1.0,1.0,1.0,3.0,1.0,1.0,1.0,3.0,1.0,1.0,1.0,2.0,3.0,7.0,4.0,3.0,-0.31044766992144,2.0,2.0,2.0,1.0,1.0,1.0,1.0,1.0,1.0,1.0,1.0,1.0,1.0,1.0,1.0,1.0,1.0,1.0,1.0,1.0,1.0,1.0,1.0,1.0,1.0,1.0,1.0,1.0,3.0,1.0,1.0,2.0,2.0,2.0,2.0,3.0,1.0,1.0,1.0,2.0,1.0,4.0,3.0,1.0,1.0,1.0,2.0,1.0,7.39298284432326,1.0,5.0,3.0,2.0,1.0,1.0,1.0,1.0,1.0,1.0,1.0,1.0,1.0,3.0,4.0,3.0,1.0,1.0,1.0,1.0,1.0,1.0,1.0,1.0,1.0,1.0,1.0,1.0,2.0,1.0,1.0,1.0,1.0,1.0,1.0,1.0,1.0,1.0,1.0,1.0,2.0,1.0,1.0,1.0,1.0,1.0,1.0,1.0,1.0,1.0,1.0,1.0,1.0,1.0,3.0,8.0,2.0,1.0,2.0,1.0,1.0,4.0,1.0,1.0,1.0,1.0,1.0,1.0,1.0,7.0,5.0,2.0,3.0,1.0,1.0,2.0,1.0,1.0,1.0,1.0,1.0,1.0,2.0,3.0,1.0,2.0,2.0,2.0,-16.38832593496558,3.0,1.0,1.0,1.0,1.0,3.0,2.0,3.0,3.0,1.0,1.0,2.0,2.0,2.0,3.0,2.0,1.0,3.0,1.0,2.0,2.0,2.0,2.0,2.0,2.0,1.0,1.0,1.0,1.0,1.0,1.0,1.0,1.0,1.0,2.0,1.0,1.0,1.0,3.0,1.0,1.0,1.0,1.0,1.0,1.0,1.0,2.0,1.0,6.0,1.0,5.0,1.0,4.0,1.0,8.0,1.0,3.0,3.0,4.0,1.0,2.0,2.0,1.0,1.0,3.0,2.0,3.0,1.0,2.0,1.0,1.0,2.0,1.0,1.0,4.0,6.0,1.0,1.0,1.0,2.0,2.0,1.0,1.0,3.0,5.0,5.38785976813884,1.0,1.0,5.0,1.0,1.0,2.0,1.0,1.0,1.0,4.0,2.0,1.0,4.0,2.0,6.0,1.0,1.0,1.0,1.0,6.0,5.96397995782018,1.0,1.0,3.0,3.0,-1.3686525685699,9.0,2.0,3.0,3.0,3.0,3.0,1.0,1.0,5.0,5.0,5.0,5.0,1.0,7.0,10.0,2.0,1.0,4.0,5.0,5.0,5.0,5.0,2.0,1.0,3.0,5.0,4.0,2.0,2.0,1.0,1.0,2.0,3.0,1.0,1.0,3.0,11.0,5.0,5.0,5.0,5.0,5.0,5.0,5.0,5.0,13.0,3.0,2.0,2.0,3.0,11.0,5.0,5.0,5.0,5.0,1.0,1.0,2.0,18.0,11.0,2.0,1.0,3.0,3.0,5.0,5.0,5.0,5.0,5.0,5.0,2.0,1.0,3.0,1.0,1.0,21.0,1.0,2.0,3.0,6.0,6.0,6.0,6.0,2.0,5.0,3.0,2.0,5.0,13.0,2.0,5.0,5.0,5.0,5.0,6.0,2.0,24.0,2.0,1.0,2.0,5.0,5.0,5.0,5.0,1.0,2.0,4.0,3.0,12.0,1.0,9.0,4.0,4.0,4.0,4.0,4.0,4.0,4.0,1.0,10.0,4.0,1.0,21.0,1.0,2.0,1.0,1.0,1.0,4.0,3.0,5.0,6.0,6.0,6.0,6.0,6.0,1.0,1.0,3.0,15.0,1.0,1.0,1.0,1.0,7.0,4.0,1.0,10.0,5.0,5.0,5.0,5.0,1.0,1.0,4.0,2.0,-19.72431348956135,1.0,2.0,2.0,9.0,2.0,1.0,1.0,3.0,1.0,4.0,3.0,1.0,1.0,1.0,1.0,1.0,2.0,1.0,1.0,9.0,1.0,1.0,1.0,2.0,5.0,5.0,5.0,5.0,2.0,1.0,7.0,1.0,2.0,5.0,5.0,5.0,5.0,5.0,5.0,5.0,3.0,1.0,1.0,20.0,1.0,1.0,1.0,4.0,1.0,1.0,2.0,1.0,9.0,3.0,4.0,4.0,4.0,4.0,4.0,4.0,4.0,4.0,1.0,1.0,37.0,1.0,1.0,1.0,6.0,6.0,6.0,6.0,6.0,6.0,1.0,1.0,1.0,1.0,6.0,16.0,1.0,5.0,5.0,5.0,5.0,1.0,27.0,1.0,1.0,1.0,7.0,6.0,6.0,6.0,6.0,1.0,2.0,1.0,30.0,1.0,1.0,1.0,1.0,8.0,6.0,6.0,6.0,6.0,13.32796194626393,2.0,2.0,2.0,2.0,5.0,5.0,7.0,3.0,30.0,3.0,10.0,6.0,1.0,10.0,5.0,5.0,5.0,5.0,5.0,5.0,5.0,4.0,1.0,6.0,8.0,1.0,2.0,3.0,4.0,4.0,5.0,6.0,6.0,6.0,6.0,-5.0,-5.0,-5.0,-5.0,-5.0,-5.0,-5.0,-5.0,-5.0,-5.0,1.0
1.0,1.0,1.0,2.0,1.0,2.0,4.0,7.0,1.0,2.0,1.0,5.0,1.0,1.0,1.0,1.0,3.0,1.0,2.0,1.0,1.0,1.0,1.0,1.0,1.0,1.0,5.0,2.0,1.0,3.0,1.0,1.0,5.0,1.0,1.0,2.0,1.0,1.0,1.0,2.0,3.0,1.0,1.0,1.0,1.0,1.0,1.0,1.0,1.0,1.0,1.0,1.0,5.0,3.0,2.0,1.0,1.0,2.0,1.0,1.0,1.0,1.0,1.0,1.0,1.0,1.0,2.0,1.0,5.0,1.0,2.0,1.0,1.0,2.0,1.0,1.0,1.0,1.0,2.0,1.0,7.0,4.0,1.0,2.0,1.0,2.0,12.0,5.0,1.0,15.0,1.0,2.0,2.0,2.0,1.0,1.0,8.0,1.0,4.0,1.0,1.0,16.0,3.0,3.0,1.0,2.0,1.0,1.0,6.0,7.0,1.0,2.0,3.0,2.0,2.0,3.0,2.0,1.0,5.0,1.0,3.0,2.0,2.0,1.0,1.0,1.0,10.0,10.0,1.0,3.0,2.0,1.0,2.0,5.0,2.0,1.0,3.0,1.0,1.0,1.0,1.0,1.0,1.0,1.0,7.0,1.0,1.0,13.0,1.0,1.0,1.0,10.0,2.0,1.0,3.0,1.0,1.0,2.0,3.0,1.0,1.0,1.0,1.0,1.0,1.0,1.0,2.0,1.0,14.0,1.0,1.0,1.0,2.0,2.0,1.0,3.0,2.0,1.0,1.0,1.0,2.0,5.0,1.0,1.0,1.0,4.0,1.0,4.0,2.0,14.0,1.0,2.0,2.0,4.0,1.0,1.0,3.0,1.0,1.0,2.0,1.0,1.0,4.0,3.0,17.0,1.0,1.0,1.0,1.0,3.0,1.0,3.0,5.0,1.0,2.0,2.0,2.0,1.0,1.0,1.0,4.0,1.0,2.0,1.0,1.0,1.0,1.0,1.0,1.0,5.0,2.0,2.0,3.0,1.0,1.0,1.0,1.0,2.0,1.0,1.0,1.0,1.0,1.0,5.0,2.0,3.0,2.0,2.0,3.0,1.0,2.0,4.0,1.0,2.0,2.0,2.0,1.0,1.0,1.0,1.0,1.0,3.0,2.0,1.0,1.0,13.0,3.0,1.0,1.0,1.0,7.0,4.0,1.0,1.0,1.0,8.0,1.0,1.0,6.0,2.0,1.0,3.0,2.0,8.0,2.0,1.0,1.0,1.0,5.0,1.0,8.0,1.0,4.0,9.0,7.0,1.0,1.0,8.0,1.0,2.0,1.0,1.0,4.0,1.0,1.0,1.0,7.0,4.0,5.0,3.0,1.0,1.0,1.0,2.0,1.0,1.0,1.0,1.0,1.0,1.0,6.0,3.0,2.0,2.0,1.0,1.0,1.0,1.0,1.0,1.0,5.0,1.0,1.0,3.0,1.0,1.0,3.0,3.0,1.0,1.0,1.0,2.0,2.0,1.0,1.0,1.0,3.0,4.0,4.0,1.0,1.0,1.0,2.0,1.0,2.0,2.0,2.0,8.0,9.0,3.0,1.0,2.0,1.0,1.0,3.0,2.0,2.0,1.0,5.0,1.0,3.0,3.0,3.0,4.0,1.0,1.0,2.0,2.0,3.0,3.0,1.0,3.0,2.0,1.0,1.0,1.0,1.0,1.0,1.0,1.0,1.0,1.0,1.0,1.0,2.0,10.0,2.0,3.0,3.0,3.0,2.0,1.0,1.0,1.0,1.0,2.0,1.0,15.0,3.0,3.0,3.0,3.0,1.0,1.0,11.0,2.0,2.0,2.0,3.0,1.0,1.0,1.0,1.0,9.0,2.0,2.0,3.0,3.0,1.0,1.0,1.0,2.0,1.0,13.0,2.0,2.0,3.0,3.0,6.0,5.0,2.0,2.0,2.0,2.0,3.0,3.0,4.0,3.0,2.0,2.0,3.0,3.0,4.0,2.0,7.0,3.0,3.0,2.0,2.0,1.0,3.0,7.0,2.0,13.0,6.0,4.0,1.0,1.0,1.0,2.0,1.0,3.0,2.0,10.0,2.0,14.0,1.0,1.0,1.0,9.0,3.0,2.0,1.0,1.0,10.0,2.0,1.0,1.0,1.0,2.0,3.0,7.0,5.0,1.0,1.0,1.0,2.0,6.0,2.0,2.0,4.0,2.0,1.0,1.0,1.0,3.0,2.0,10.0,3.0,1.0,1.0,1.0,5.0,3.0,5.0,1.0,3.0,1.0,1.0,2.0,2.0,3.0,2.0,1.0,2.0,1.0,1.0,1.0,2.0,1.0,1.0,1.0,1.0,5.0,1.0,2.0,1.0,1.0,1.0,1.0,1.0,4.0,1.0,1.0,14.0,1.0,4.0,1.0,13.0,11.0,2.0,2.0,1.0,5.0,1.0,11.0,1.0,1.0,1.0,1.0,1.0,4.0,1.0,1.0,1.0,1.0,3.0,1.0,3.0,1.0,5.0,9.0,1.0,1.0,1.0,1.0,4.0,1.0,6.0,13.0,1.0,3.0,3.0,4.0,1.0,3.0,1.0,4.0,1.0,14.0,9.0,12.0,7.0,1.0,1.0,1.0,2.0,4.0,4.0,6.0,10.0,8.0,21.0,4.0,4.0,3.0,2.0,4.0,1.0,2.0,12.0,11.0,1.0,3.0,4.0,1.0,1.0,1.0,1.0,3.0,6.0,7.0,2.0,5.0,3.0,3.0,8.0,10.0,2.0,19.0,8.0,5.0,1.0,3.0,2.0,6.0,-2.04564786099211,2.0,1.0,2.0,3.0,8.0,9.0,6.0,6.0,1.0,1.0,2.0,2.0,2.0,8.0,4.0,5.0,8.0,7.0,13.0,3.0,9.0,2.0,1.0,3.0,5.0,1.0,3.0,1.0,1.0,5.47566330468136,8.0,1.0,2.0,1.0,1.0,6.0,1.0,1.0,1.0,5.0,15.0,1.0,2.0,7.0,5.0,4.0,5.0,4.0,16.0,6.0,4.0,2.0,1.0,1.0,1.0,1.0,1.0,1.0,2.0,1.0,7.0,7.0,4.0,1.0,2.0,1.0,2.0,1.0,1.0,1.0,1.0,2.0,2.0,1.0,1.0,1.0,1.0,1.0,1.0,1.0,1.0,1.0,1.0,1.0,2.0,2.0,4.0,1.0,1.0,1.0,2.0,7.0,1.0,1.0,1.0,1.0,1.0,1.0,1.0,2.0,3.0,6.0,7.0,4.0,1.0,3.0,1.0,1.0,1.0,1.0,1.0,1.0,1.0,1.0,1.0,2.0,1.0,1.0,2.0,1.0,1.0,1.0,2.0,1.0,1.0,1.0,1.0,1.0,2.0,2.0,3.0,6.0,1.0,1.0,2.0,1.0,1.0,2.0,1.0,1.0,13.0,19.0,2.0,1.0,1.0,4.0,1.0,1.0,1.0,1.0,1.0,1.0,1.0,1.0,1.0,1.0,1.0,2.0,1.0,1.0,1.0,16.0,15.0,1.0,2.0,2.0,2.0,1.0,1.0,1.0,2.0,1.0,1.0,1.0,1.0,1.0,2.0,1.0,1.0,3.0,1.0,1.0,1.0,2.0,1.0,1.0,12.0,7.0,1.0,5.0,1.0,3.0,1.0,1.0,1.0,2.0,3.0,1.0,1.0,6.0,7.0,3.0,5.0,3.0,1.0,1.0,3.0,2.0,1.0,7.0,16.0,1.0,1.0,5.0,3.0,1.0,1.0,3.0,2.0,1.0,3.96952489648403,1.0,2.0,3.0,3.0,1.0,1.0,2.0,1.0,1.0,1.0,2.0,30.0,1.0,4.0,7.0,1.0,1.0,1.0,1.0,1.0,2.0,1.0,2.0,1.0,1.0,1.0,1.0,1.0,1.0,5.0,24.0,4.0,2.0,1.0,1.0,1.0,1.0,1.0,1.0,2.0,2.0,3.0,1.0,2.0,1.0,1.0,1.0,1.0,1.0,1.0,1.0,2.0,1.0,1.0,1.0,1.0,1.0,1.0,1.0,1.0,3.0,1.0,1.0,1.0,3.0,5.0,2.0,3.0,1.0,1.0,2.0,1.0,2.0,1.0,3.0,1.0,2.0,1.0,1.0,2.0,2.0,2.0,1.0,1.0,5.0,2.0,2.0,4.0,1.0,3.0,1.0,4.0,1.0,1.0,2.0,1.0,1.0,4.0,1.0,2.0,1.0,1.0,2.0,4.0,1.0,2.0,2.0,5.0,1.0,1.0,2.0,1.0,1.0,3.0,1.0,1.0,3.0,3.0,5.0,3.0,4.0,1.0,1.0,1.0,2.0,1.0,2.0,1.0,2.0,1.0,1.0,3.0,1.0,1.0,1.0,1.0,2.0,1.0,1.0,1.0,2.0,1.0,1.0,1.0,1.0,1.0,1.0,1.0,1.0,4.0,1.0,1.0,1.0,2.0,1.0,6.0,1.0,1.0,1.0,2.0,2.0,1.0,1.0,1.0,-1.2523449689335,2.0,1.0,1.0,2.0,1.0,-1.0,-1.0,-1.0,-1.0,-2.0,1.0,9.0,-1.0,1.0,-1.0,-1.0,-5.0,-4.0,-3.0,-4.0,-5.0,-5.0,1.0,1.0,1.0,6.0,6.0,2.0,1.0,3.0,2.0,1.0,4.0,5.0,1.0,3.0,1.0,1.0,2.0,1.0,5.0,1.0,1.0,10.0,4.0,1.0,1.0,1.0,3.0,7.0,1.0,2.0,8.0,1.0,2.0,1.0,1.0,1.0,2.0,1.0,2.0,9.0,1.0,9.0,1.0,1.0,1.0,3.0,1.0,1.0,4.0,4.0,1.0,2.0,1.0,2.0,1.0,1.0,1.0,2.0,1.0,1.0,2.0,4.0,1.0,1.0,10.0,1.0,1.0,1.0,3.0,1.0,4.0,4.0,9.0,1.0,1.0,5.0,1.0,1.0,4.957128867032768,4.0,2.0,5.0,1.0,7.0,1.0,5.0,1.0,1.0,1.0,18.20845275419301,1.0,5.0,4.0,6.0,1.0,-3.0,-1.0,-1.0,-13.71931735451625,-2.0,-2.0,-1.0,-1.0,-1.0,-1.0,-3.0,-1.0,-2.0,-4.0,-1.0,-2.0,-1.0,-1.0,-1.0,5.0,4.0,2.0,7.0,2.0,1.0,2.0,1.0,2.0,1.0,3.0,4.0,4.0,1.0,1.0,2.0,4.0,2.0,6.0,1.0,5.0,11.27775448851298,8.0,7.0,1.0,4.0,3.0,1.0,1.0,1.0,2.0,1.0,4.0,1.0,1.0,1.0,1.0,2.0,1.0,1.0,3.0,2.0,4.0,7.0,7.0,4.0,1.0,1.0,4.0,1.0,1.0,2.0,1.0,1.0,5.0,1.0,2.0,7.0,4.0,2.0,2.0,1.0,1.0,1.0,2.0,2.0,2.0,1.0,1.0,2.0,6.0,1.0,4.0,2.0,3.0,-9.81276160699843,1.0,8.0,8.0,1.0,1.0,2.0,2.0,1.0,1.0,2.0,2.0,11.0,5.0,2.0,1.0,2.0,2.0,2.0,2.0,2.0,2.0,2.0,2.0,2.0,1.0,1.0,25.0,6.0,5.0,5.0,5.0,5.0,5.0,5.0,3.0,2.0,1.0,1.0,2.0,1.0,1.0,12.0,15.0,4.0,4.0,5.0,4.0,4.0,5.0,2.0,1.0,5.0,1.0,1.0,2.0,1.0,16.0,5.0,4.0,5.0,4.0,10.0,2.0,4.0,3.0,3.0,6.0,4.0,4.0,4.0,4.0,4.0,4.0,4.0,4.0,4.0,2.0,4.0,4.0,4.0,4.0,4.0,4.0,1.0,1.0,4.0,4.0,4.0,4.0,4.0,4.0,1.0,1.0,1.0,1.0,1.0,1.0,4.0,4.0,4.0,4.0,4.0,4.0,4.0,4.0,4.0,4.0,1.0,1.0,1.0,1.0,3.0,1.0,1.0,10.0,1.0,1.0,1.0,1.0,1.0,21.0,15.0,1.0,1.0,1.0,1.0,1.0,1.0,5.0,1.0,6.0,2.0,2.0,23.0,14.0,1.0,3.0,3.0,3.0,3.0,3.0,3.0,3.0,3.0,1.0,1.0,1.0,1.0,1.0,6.0,1.0,4.0,10.0,9.0,26.0,7.0,3.0,3.0,4.0,3.0,3.0,3.0,4.0,3.0,1.0,1.0,1.0,1.0,3.0,1.0,1.0,13.0,2.0,2.0,2.0,2.0,2.0,2.0,2.0,1.0,1.0,2.0,2.0,2.0,2.0,2.0,2.0,3.0,2.0,1.0,2.0,2.0,2.0,2.0,2.0,2.0,2.0,1.0,2.0,2.0,2.0,2.0,2.0,2.0,2.0,2.0,2.0,2.0,2.0,1.0,-2.0,1.0,4.0,1.0,-4.0,-4.0,-5.0,-4.0,-4.0,-4.0,-5.0,-4.0,-1.0,1.0,2.0,-1.0,1.0,-4.0,-5.0,-4.0,-4.0,-5.0,-4.0,2.0,1.0,-5.0,-6.0,-5.0,-5.0,-6.0,-5.0,1.0,1.0,1.0,-5.0,-5.0,-5.0,-5.0,-5.0,-5.0,-1.0,1.0,-1.0,-5.0,-5.0,-5.0,-5.0,-5.0,-5.0,-3.0,-4.0,-1.0,-1.0,-3.0,-1.0,0.0,1.0,-9.0,-5.0,1.0,-1.0,-2.0,-1.0,-1.0,-2.0,-1.0,-3.0,-2.0,-1.0,-1.0,-1.0,-1.0,-1.0,-3.0,-1.0,-1.0,-1.0,-1.0,-3.0,-2.0,19.45784305872714,-2.0,-1.0,-1.0,-1.0,-2.0,7.0,-4.0,-2.0,-3.0,-3.0,-1.0,-1.0,-1.0,1.0,1.0,0.0,-1.0,-5.0,-7.0,-1.0,-2.0,-1.0,9.0,2.0,13.0,-1.0,-1.0,-1.0,-5.0,-5.0,-2.0,-4.0,1.0,5.0,4.0,2.0,2.0,1.0,2.0,15.0,17.0,4.0,5.0,7.0,13.0,1.0,3.0,1.0,1.0,1.0,12.0,5.0,5.0,1.0,11.0,2.0,4.0,2.0,1.0,15.57346510062307,4.0,2.0,1.0,1.0,2.0,1.0,1.0,2.0,1.0,1.0,2.0,6.0,1.0,1.0,2.0,4.0,3.0,2.0,2.0,3.0,7.0,1.0,1.0,1.0,1.0,1.0,2.0,1.0,1.0,1.0,1.0,1.0,1.0,1.0,1.0,2.0,2.0,1.0,4.0,1.0,1.0,1.0,1.0,3.0,1.0,2.0,6.0,1.0,1.0,1.0,1.0,1.0,1.0,-2.5485758184053537,1.0,1.0,1.0,1.0,1.0,3.0,1.0,1.0,3.0,2.0,2.0,2.0,5.0,-20.80157324031526,2.0,2.0,4.0,3.0,1.0,2.0,2.0,2.0,2.0,-15.704502461243464,1.0,2.0,2.0,2.0,1.0,1.0,1.0,1.0,1.0,2.0,1.0,4.0,1.0,1.0,1.0,1.0,2.0,1.0,1.0,1.0,5.0,5.0,1.0,4.0,3.0,2.0,2.0,1.0,5.0,1.0,3.0,4.0,2.0,1.0,3.0,3.0,4.0,3.0,3.0,1.0,1.0,2.0,1.0,3.0,2.0,4.0,2.0,1.0,4.0,2.0,1.0,2.0,3.0,3.0,3.0,3.0,2.0,1.0,4.0,5.0,1.0,1.0,5.0,4.0,2.0,1.0,1.0,6.276158308138452,6.0,10.0,1.0,5.0,5.0,1.0,7.0,2.0,1.0,10.0,4.0,3.0,3.0,1.0,7.0,1.0,11.0,1.0,2.0,2.0,1.0,3.0,2.0,1.0,1.0,5.0,8.0,1.0,7.0,3.0,1.0,2.0,2.0,1.0,2.0,1.0,1.0,1.0,1.0,2.0,7.0,6.0,1.0,2.0,1.0,1.0,1.0,1.0,5.0,1.0,1.0,2.0,5.0,1.0,2.0,7.0,6.0,6.0,1.0,2.0,9.0,3.0,6.0,1.0,6.0,4.0,9.0,1.0,1.0,1.0,2.0,10.0,6.0,2.0,2.0,5.0,5.0,1.0,10.0,1.0,2.0,4.0,5.0,13.0,1.0,1.0,1.0,1.0,4.0,4.0,3.0,1.0,2.0,1.0,1.0,1.0,2.0,4.0,4.0,5.0,11.0,1.0,1.0,13.2640361646798,1.0,5.0,2.0,7.0,1.0,1.0,2.0,1.0,1.0,1.0,3.0,3.0,2.0,2.0,3.0,5.0,1.0,2.0,1.0,-2.0,1.0,1.0,7.0,-3.0,-3.0,-3.0,-3.0,1.0,0.0,4.0,-2.0,5.0,-6.0,-6.0,-6.0,-6.0,-2.0,-1.0,-1.0,-6.0,-6.0,-6.0,-6.0,-3.0,-2.0,-1.0,-1.0,-3.0,-3.0,-3.0,-3.0,-2.0,-1.0,-1.0,2.0,-1.0,-6.0,-6.0,-6.0,-7.103831779623127,-6.0,-6.0,-6.0,1.0,1.0,-3.0,-3.0,7.0,2.0,-5.0,-5.0,-5.0,-5.0,1.0,-2.0,-2.0,2.0,1.0,-5.0,-6.0,-5.0,-5.0,2.0,1.0,1.0,1.0,-6.0,-6.0,-6.0,-6.0,-1.0,1.0,-2.0,-2.0,1.0,2.0,-13.0,-13.0,-1.0,-1.0,-2.0,2.0,1.0,-5.0,-5.0,-5.0,-5.0,-5.0,-5.0,1.0,1.0,-5.0,-5.0,-5.0,-5.0,-5.0,0.0,-3.0,-12.0,-12.0,1.0,5.0,-7.0,-7.0,-7.0,-7.0,1.0,7.0,1.0,1.0,1.0,2.0,11.0,1.0,4.0,1.0,3.0,6.0,1.0,2.0,3.0,15.0,3.0,2.0,3.0,4.0,1.0,6.0,6.0,4.0,2.0,1.0,1.0,1.0,1.0,1.0,1.0,3.0,7.0,1.0,3.0,1.0,1.0,1.0,3.0,2.0,1.0,2.0,2.0,1.0,1.0,3.0,3.0,3.0,1.0,1.0,2.0,3.0,3.0,3.0,1.0,1.0,1.0,3.0,4.0,4.0,2.0,3.0,1.0,1.0,1.0,1.0,1.0,1.0,2.0,3.0,4.0,4.0,2.0,6.0,3.0,1.0,1.0,1.0,1.0,1.0,1.0,2.0,3.0,1.0,13.0,3.0,1.0,1.0,6.0,1.0,1.0,1.0,4.0,1.0,1.0,2.0,2.0,4.0,3.0,3.0,1.0,1.0,1.0,1.0,2.0,2.0,3.0,3.0,1.0,1.0,2.0,2.0,1.0,2.0,6.0,6.0,2.0,3.0,2.0,2.0,1.0,1.0,2.0,2.0,6.0,6.0,2.0,3.0,2.0,2.0,1.0,1.0,21.0,3.0,4.0,1.0,2.0,2.0,8.0,1.0,7.0,2.0,1.0,2.0,3.0,4.0,4.0,1.0,16.0,1.0,6.0,3.0,1.0,1.0,2.0,10.0,1.0,10.0,3.0,3.0,2.0,1.0,4.0,3.0,1.0,2.0,1.0,1.0,4.0,1.0,3.0,1.0,2.0,2.0,1.0,1.0,1.0,1.0,3.0,1.0,1.0,2.0,1.0,1.0,1.0,1.0,1.0,1.29786125122586,1.0,1.0,1.0,1.0,1.0,4.0,3.0,1.0,1.0,1.0,1.0,1.0,1.0,2.0,2.0,1.0,4.0,1.0,4.0,1.0,1.0,2.0,1.0,1.0,3.0,2.0,2.0,2.0,2.0,1.0,1.0,6.0,24.0,4.0,1.0,3.0,2.0,1.0,1.0,16.0,35.0,3.0,1.0,1.0,1.0,1.0,1.0,1.0,3.0,5.0,1.0,1.0,2.0,7.0,5.0,5.0,2.0,3.0,1.0,1.0,1.0,8.0,1.0,5.0,3.0,2.0,9.0,6.0,1.0,4.0,13.0,1.0,7.0,7.0,1.0,1.0,1.0,1.0,1.0,4.0,6.0,3.0,2.0,1.0,8.0,6.0,1.0,1.0,1.0,2.0,3.0,1.0,2.0,8.0,1.0,2.0,9.0,2.0,1.0,1.0,1.0,1.0,1.0,4.0,1.0,1.0,4.0,5.0,1.0,1.0,2.0,3.0,2.0,1.0,2.0,5.0,6.0,4.0,6.0,8.0,11.0,7.0,6.0,1.0,1.0,1.0,4.0,1.0,3.0,4.0,5.0,12.0,5.0,2.0,2.0,1.0,4.0,2.0,1.0,1.0,1.0,3.0,4.0,3.0,2.0,17.29671484676516,3.0,5.0,1.0,7.0,5.0,2.0,2.0,3.0,1.0,1.0,1.0,1.0,2.0,1.0,2.0,1.0,1.0,12.0,10.0,8.0,6.0,5.0,1.0,1.0,1.0,3.0,1.0,1.0,1.0,3.0,4.0,1.0,2.0,1.0,1.0,1.0,2.0,1.0,1.0,8.0,1.0,1.0,2.0,2.0,5.0,2.0,2.0,1.0,1.0,3.0,2.0,3.0,1.0,6.0,6.0,1.0,1.0,6.0,1.0,6.0,9.0,3.0,13.0,10.0,1.0,1.0,11.0,1.0,1.0,3.0,8.0,9.0,2.0,1.0,2.0,3.0,3.0,3.0,1.0,1.0,1.0,5.0,5.0,2.0,1.0,2.0,2.0,1.0,1.0,5.0,1.0,1.0,1.0,1.0,3.0,2.0,1.0,2.0,1.0,3.0,4.0,1.0,2.0,1.0,2.0,1.0,2.0,2.0,1.0,1.0,2.0,2.0,1.0,1.0,1.0,1.0,1.0,1.0,2.0,1.0,8.0,2.0,1.0,5.0,6.0,2.0,1.0,1.0,1.0,6.0,2.0,3.0,4.0,3.0,1.0,1.0,2.0,2.0,1.0,1.0,11.0,1.0,1.0,2.0,4.0,5.0,3.0,1.0,4.0,1.0,14.0,4.0,7.0,1.0,1.0,2.0,1.0,1.0,2.92572291035908,1.0,1.0,1.0,3.0,1.0,9.0,2.0,2.0,1.0,1.0,7.0,1.0,8.0,1.0,1.0,1.0,1.0,2.0,1.0,1.0,1.0,1.0,2.0,1.0,1.0,1.0,1.0,1.0,1.0,4.0,4.0,3.0,2.0,1.0,1.0,1.0,1.0,3.0,1.0,1.0,1.0,1.0,1.0,1.0,1.0,1.0,2.0,1.0,3.0,0.24337417607789,1.0,1.0,3.0,5.0,9.0,7.0,2.0,2.0,1.0,1.0,1.0,2.0,3.0,1.0,1.0,2.0,3.0,1.0,1.0,2.0,2.0,1.0,1.0,1.0,1.0,2.0,1.0,1.0,-1.0,-1.0,-2.0,-4.0,-12.0,-7.0,-6.0,-6.0,-9.0,-11.0,-2.0,-8.0,-10.0,-6.0,-11.0,-6.50984180533249,-1.0,-4.0,-1.0,-10.0,-11.0,-3.0,-8.0,-12.0,-10.0,-1.0,-1.0,-1.0,-1.0,-7.0,-7.0,-13.0,-7.0,2.0,1.0,1.0,1.0,2.0,1.0,1.0,5.0,1.0,2.0,1.0,1.0,3.0,1.0,3.0,1.0,1.0,1.0,1.0,1.0,1.0,1.0,1.0,4.0,1.0,1.0,2.0,1.0,1.0,3.0,1.0,1.0,2.0,1.0,1.0,2.0,3.0,1.0,2.0,1.0,1.0,1.0,1.0,1.0,1.0,2.0,1.0,2.0,1.0,2.0,5.0,6.0,1.0,2.0,1.0,1.0,3.0,1.0,1.0,2.0,3.0,3.0,1.0,1.0,2.0,5.0,5.0,1.0,1.0,4.0,3.0,2.0,1.0,1.0,-1.0,1.0,2.0,-3.0,1.0,1.0,-4.0,-4.0,-3.0,2.0,-1.0,-1.0,-1.0,-2.0,2.0,10.0,1.0,1.0,1.0,2.0,3.0,4.0,1.0,2.0,1.0,17.0,1.0,1.0,1.0,1.0,2.0,1.0,1.0,1.0,4.0,4.0,1.0,3.0,1.0,1.0,2.0,1.0,1.0,1.0,2.0,2.0,1.0,1.0,1.0,1.0,2.0,3.0,18.94840458248437,1.0,1.0,3.0,1.0,1.0,1.0,2.0,3.0,1.0,1.0,2.0,4.0,2.0,1.0,1.0,1.0,1.0,2.0,3.0,1.0,4.0,1.0,1.0,1.0,4.0,4.0,1.0,1.0,2.0,2.0,2.0,2.0,1.0,2.0,1.0,2.0,3.0,1.0,6.0,11.0,8.0,5.0,4.0,5.0,3.0,2.0,1.0,1.0,1.0,1.0,1.0,2.0,2.0,3.0,2.0,3.0,1.0,1.0,1.0,1.0,1.0,1.0,3.0,2.0,5.0,1.0,2.0,2.0,1.0,5.0,1.0,5.0,1.0,2.0,5.0,3.0,2.0,1.0,15.11250881122309,1.0,2.0,3.0,1.0,1.0,1.0,3.0,3.0,2.0,4.0,1.0,1.0,1.0,1.0,1.0,1.0,1.0,1.0,1.0,1.0,1.0,3.0,5.0,1.0,1.0,1.0,2.0,2.0,1.0,1.0,5.0,1.0,1.0,5.0,1.0,1.0,-7.0,-7.0,1.0,-1.0,-4.0,-2.0,-1.0,-2.0,-1.0,1.0,-1.0,-3.0,-5.0,0.0,-3.0,-1.0,-2.0,-4.0,1.0,-1.0,1.0,-1.0,-1.0,1.0,-1.0,-1.0,2.0,-2.0,-3.0,2.0,-2.0,-1.0,1.0,-1.0,-1.0,-2.0,1.0,-2.0,-1.0,2.0,-1.0,-1.0,-1.0,-1.0,-2.0,2.0,-2.0,-2.0,0.0,-1.0,-1.0,-1.0,-1.0,-1.0,1.0,1.0,1.0,7.0,1.0,1.0,1.0,1.0,1.0,2.0,1.0,1.0,12.0,1.0,1.0,1.0,1.0,1.0,1.0,2.0,1.0,1.0,1.0,1.0,2.0,4.0,3.0,1.0,1.0,3.0,1.0,1.0,1.0,1.0,2.0,1.0,1.0,1.0,1.0,1.0,2.0,1.0,1.0,3.0,7.0,2.0,1.0,1.0,1.0,1.0,1.0,1.0,1.0,1.0,1.0,1.0,1.0,1.0,6.0,1.0,1.0,1.0,1.0,1.0,1.0,1.0,1.0,1.0,1.0,1.0,1.0,1.0,1.0,1.0,1.0,4.0,1.0,1.0,1.0,1.0,1.0,1.0,1.0,1.0,1.0,1.0,1.0,1.0,1.0,1.0,1.0,1.0,1.0,1.0,1.0,-1.0,-1.0,1.0,1.0,2.0,-2.0,-2.0,-2.0,-2.0,-2.0,1.0,1.0,-3.56110793196185,-3.0,-3.0,-3.0,1.0,-5.0,-5.0,-5.0,1.0,1.0,1.0,1.0,2.0,1.0,1.0,-1.0,-1.0,-1.0,-1.0,-1.0,-1.0,4.0,4.0,1.0,1.0,3.0,1.0,1.0,1.0,1.0,1.0,3.0,3.0,2.0,1.0,1.0,1.0,1.0,1.0,2.0,1.0,1.0,2.0,2.0,1.0,1.0,1.0,1.0,1.0,3.0,3.0,3.0,1.0,1.0,2.0,1.0,1.0,2.0,2.0,2.0,1.0,1.0,1.0,2.0,1.0,1.0,1.0,1.0,3.0,1.0,1.0,1.0,1.0,4.0,2.0,5.0,1.0,2.0,1.0,1.0,1.0,1.0,3.0,1.0,2.0,3.0,2.0,1.0,1.0,1.0,2.0,2.0,2.0,2.0,1.0,6.0,3.0,6.0,1.0,1.0,1.0,3.0,1.0,4.0,5.0,1.0,1.0,1.0,1.0,1.0,17.0,1.0,2.0,12.0,1.0,2.0,3.0,8.0,13.0,5.0,2.0,1.0,2.0,6.0,4.0,4.0,2.0,1.0,3.0,2.0,1.0,1.0,1.0,3.0,1.0,1.0,1.0,3.0,1.0,1.0,1.0,3.0,1.0,1.0,1.0,2.0,3.0,7.0,4.0,3.0,-0.31044766992144,2.0,2.0,2.0,1.0,1.0,1.0,1.0,1.0,1.0,1.0,1.0,1.0,1.0,1.0,1.0,1.0,1.0,1.0,1.0,1.0,1.0,1.0,1.0,1.0,1.0,1.0,1.0,1.0,3.0,1.0,1.0,2.0,2.0,2.0,2.0,3.0,1.0,1.0,1.0,2.0,1.0,4.0,3.0,1.0,1.0,1.0,2.0,1.0,7.39298284432326,1.0,5.0,3.0,2.0,1.0,1.0,1.0,1.0,1.0,1.0,1.0,1.0,1.0,3.0,4.0,3.0,1.0,1.0,1.0,1.0,1.0,1.0,1.0,1.0,1.0,1.0,1.0,1.0,2.0,1.0,1.0,1.0,1.0,1.0,1.0,1.0,1.0,1.0,1.0,1.0,2.0,1.0,1.0,1.0,1.0,1.0,1.0,1.0,1.0,1.0,1.0,1.0,1.0,1.0,3.0,8.0,2.0,1.0,2.0,1.0,1.0,4.0,1.0,1.0,1.0,1.0,1.0,1.0,1.0,7.0,5.0,2.0,3.0,1.0,1.0,2.0,1.0,1.0,1.0,1.0,1.0,1.0,2.0,3.0,1.0,2.0,2.0,2.0,-16.38832593496558,3.0,1.0,1.0,1.0,1.0,3.0,2.0,3.0,3.0,1.0,1.0,2.0,2.0,2.0,3.0,2.0,1.0,3.0,1.0,2.0,2.0,2.0,2.0,2.0,2.0,1.0,1.0,1.0,1.0,1.0,1.0,1.0,1.0,1.0,2.0,1.0,1.0,1.0,3.0,1.0,1.0,1.0,1.0,1.0,1.0,1.0,2.0,1.0,6.0,1.0,5.0,1.0,4.0,1.0,8.0,1.0,3.0,3.0,4.0,1.0,2.0,2.0,1.0,1.0,3.0,2.0,3.0,1.0,2.0,1.0,1.0,2.0,1.0,1.0,4.0,6.0,1.0,1.0,1.0,2.0,2.0,1.0,1.0,3.0,5.0,5.38785976813884,1.0,1.0,5.0,1.0,1.0,2.0,1.0,1.0,1.0,4.0,2.0,1.0,4.0,2.0,6.0,1.0,1.0,1.0,1.0,6.0,5.96397995782018,1.0,1.0,3.0,3.0,-1.3686525685699,9.0,2.0,3.0,3.0,3.0,3.0,1.0,1.0,5.0,5.0,5.0,5.0,1.0,7.0,10.0,2.0,1.0,4.0,5.0,5.0,5.0,5.0,2.0,1.0,3.0,5.0,4.0,2.0,2.0,1.0,1.0,2.0,3.0,1.0,1.0,3.0,11.0,5.0,5.0,5.0,5.0,5.0,5.0,5.0,5.0,13.0,3.0,2.0,2.0,3.0,11.0,5.0,5.0,5.0,5.0,1.0,1.0,2.0,18.0,11.0,2.0,1.0,3.0,3.0,5.0,5.0,5.0,5.0,5.0,5.0,2.0,1.0,3.0,1.0,1.0,21.0,1.0,2.0,3.0,6.0,6.0,6.0,6.0,2.0,5.0,3.0,2.0,5.0,13.0,2.0,5.0,5.0,5.0,5.0,6.0,2.0,24.0,2.0,1.0,2.0,5.0,5.0,5.0,5.0,1.0,2.0,4.0,3.0,12.0,1.0,9.0,4.0,4.0,4.0,4.0,4.0,4.0,4.0,1.0,10.0,4.0,1.0,21.0,1.0,2.0,1.0,1.0,1.0,4.0,3.0,5.0,6.0,6.0,6.0,6.0,6.0,1.0,1.0,3.0,15.0,1.0,1.0,1.0,1.0,7.0,4.0,1.0,10.0,5.0,5.0,5.0,5.0,1.0,1.0,4.0,2.0,-19.72431348956135,1.0,2.0,2.0,9.0,2.0,1.0,1.0,3.0,1.0,4.0,3.0,1.0,1.0,1.0,1.0,1.0,2.0,1.0,1.0,9.0,1.0,1.0,1.0,2.0,5.0,5.0,5.0,5.0,2.0,1.0,7.0,1.0,2.0,5.0,5.0,5.0,5.0,5.0,5.0,5.0,3.0,1.0,1.0,20.0,1.0,1.0,1.0,4.0,1.0,1.0,2.0,1.0,9.0,3.0,4.0,4.0,4.0,4.0,4.0,4.0,4.0,4.0,1.0,1.0,37.0,1.0,1.0,1.0,6.0,6.0,6.0,6.0,6.0,6.0,1.0,1.0,1.0,1.0,6.0,16.0,1.0,5.0,5.0,5.0,5.0,1.0,27.0,1.0,1.0,1.0,7.0,6.0,6.0,6.0,6.0,1.0,2.0,1.0,30.0,1.0,1.0,1.0,1.0,8.0,6.0,6.0,6.0,6.0,13.32796194626393,2.0,2.0,2.0,2.0,5.0,5.0,7.0,3.0,30.0,3.0,10.0,6.0,1.0,10.0,5.0,5.0,5.0,5.0,5.0,5.0,5.0,4.0,1.0,6.0,8.0,1.0,2.0,3.0,4.0,4.0,5.0,6.0,6.0,6.0,6.0,-5.0,-5.0,-5.0,-5.0,-5.0,-5.0,-5.0,-5.0,-5.0,-5.0,1.0
1.0,1.0,1.0,2.0,1.0,2.0,4.0,7.0,1.0,2.0,1.0,5.0,1.0,1.0,1.0,1.0,3.0,1.0,2.0,1.0,1.0,1.0,1.0,1.0,1.0,1.0,5.0,2.0,1.0,3.0,1.0,1.0,5.0,1.0,1.0,2.0,1.0,1.0,1.0,2.0,3.0,1.0,1.0,1.0,1.0,1.0,1.0,1.0,1.0,1.0,1.0,1.0,5.0,3.0,2.0,1.0,1.0,2.0,1.0,1.0,1.0,1.0,1.0,1.0,1.0,1.0,2.0,1.0,5.0,1.0,2.0,1.0,1.0,2.0,1.0,1.0,1.0,1.0,2.0,1.0,7.0,4.0,1.0,2.0,1.0,2.0,12.0,5.0,1.0,15.0,1.0,2.0,2.0,2.0,1.0,1.0,8.0,1.0,4.0,1.0,1.0,16.0,3.0,3.0,1.0,2.0,1.0,1.0,6.0,7.0,1.0,2.0,3.0,2.0,2.0,3.0,2.0,1.0,5.0,1.0,3.0,2.0,2.0,1.0,1.0,1.0,10.0,10.0,1.0,3.0,2.0,1.0,2.0,5.0,2.0,1.0,3.0,1.0,1.0,1.0,1.0,1.0,1.0,1.0,7.0,1.0,1.0,13.0,1.0,1.0,1.0,10.0,2.0,1.0,3.0,1.0,1.0,2.0,3.0,1.0,1.0,1.0,1.0,1.0,1.0,1.0,2.0,1.0,14.0,1.0,1.0,1.0,2.0,2.0,1.0,3.0,2.0,1.0,1.0,1.0,2.0,5.0,1.0,1.0,1.0,4.0,1.0,4.0,2.0,14.0,1.0,2.0,2.0,4.0,1.0,1.0,3.0,1.0,1.0,2.0,1.0,1.0,4.0,3.0,17.0,1.0,1.0,1.0,1.0,3.0,1.0,3.0,5.0,1.0,2.0,2.0,2.0,1.0,1.0,1.0,4.0,1.0,2.0,1.0,1.0,1.0,1.0,1.0,1.0,5.0,2.0,2.0,3.0,1.0,1.0,1.0,1.0,2.0,1.0,1.0,1.0,1.0,1.0,5.0,2.0,3.0,2.0,2.0,3.0,1.0,2.0,4.0,1.0,2.0,2.0,2.0,1.0,1.0,1.0,1.0,1.0,3.0,2.0,1.0,1.0,13.0,3.0,1.0,1.0,1.0,7.0,4.0,1.0,1.0,1.0,8.0,1.0,1.0,6.0,2.0,1.0,3.0,2.0,8.0,2.0,1.0,1.0,1.0,5.0,1.0,8.0,1.0,4.0,9.0,7.0,1.0,1.0,8.0,1.0,2.0,1.0,1.0,4.0,1.0,1.0,1.0,7.0,4.0,5.0,3.0,1.0,1.0,1.0,2.0,1.0,1.0,1.0,1.0,1.0,1.0,6.0,3.0,2.0,2.0,1.0,1.0,1.0,1.0,1.0,1.0,5.0,1.0,1.0,3.0,1.0,1.0,3.0,3.0,1.0,1.0,1.0,2.0,2.0,1.0,1.0,1.0,3.0,4.0,4.0,1.0,1.0,1.0,2.0,1.0,2.0,2.0,2.0,8.0,9.0,3.0,1.0,2.0,1.0,1.0,3.0,2.0,2.0,1.0,5.0,1.0,3.0,3.0,3.0,4.0,1.0,1.0,2.0,2.0,3.0,3.0,1.0,3.0,2.0,1.0,1.0,1.0,1.0,1.0,1.0,1.0,1.0,1.0,1.0,1.0,2.0,10.0,2.0,3.0,3.0,3.0,2.0,1.0,1.0,1.0,1.0,2.0,1.0,15.0,3.0,3.0,3.0,3.0,1.0,1.0,11.0,2.0,2.0,2.0,3.0,1.0,1.0,1.0,1.0,9.0,2.0,2.0,3.0,3.0,1.0,1.0,1.0,2.0,1.0,13.0,2.0,2.0,3.0,3.0,6.0,5.0,2.0,2.0,2.0,2.0,3.0,3.0,4.0,3.0,2.0,2.0,3.0,3.0,4.0,2.0,7.0,3.0,3.0,2.0,2.0,1.0,3.0,7.0,2.0,13.0,6.0,4.0,1.0,1.0,1.0,2.0,1.0,3.0,2.0,10.0,2.0,14.0,1.0,1.0,1.0,9.0,3.0,2.0,1.0,1.0,10.0,2.0,1.0,1.0,1.0,2.0,3.0,7.0,5.0,1.0,1.0,1.0,2.0,6.0,2.0,2.0,4.0,2.0,1.0,1.0,1.0,3.0,2.0,10.0,3.0,1.0,1.0,1.0,5.0,3.0,5.0,1.0,3.0,1.0,1.0,2.0,2.0,3.0,2.0,1.0,2.0,1.0,1.0,1.0,2.0,1.0,1.0,1.0,1.0,5.0,1.0,2.0,1.0,1.0,1.0,1.0,1.0,4.0,1.0,1.0,14.0,1.0,4.0,1.0,13.0,11.0,2.0,2.0,1.0,5.0,1.0,11.0,1.0,1.0,1.0,1.0,1.0,4.0,1.0,1.0,1.0,1.0,3.0,1.0,3.0,1.0,5.0,9.0,1.0,1.0,1.0,1.0,4.0,1.0,6.0,13.0,1.0,3.0,3.0,4.0,1.0,3.0,1.0,4.0,1.0,14.0,9.0,12.0,7.0,1.0,1.0,1.0,2.0,4.0,4.0,6.0,10.0,8.0,21.0,4.0,4.0,3.0,2.0,4.0,1.0,2.0,12.0,11.0,1.0,3.0,4.0,1.0,1.0,1.0,1.0,3.0,6.0,7.0,2.0,5.0,3.0,3.0,8.0,10.0,2.0,19.0,8.0,5.0,1.0,3.0,2.0,6.0,-2.04564786099211,2.0,1.0,2.0,3.0,8.0,9.0,6.0,6.0,1.0,1.0,2.0,2.0,2.0,8.0,4.0,5.0,8.0,7.0,13.0,3.0,9.0,2.0,1.0,3.0,5.0,1.0,3.0,1.0,1.0,5.47566330468136,8.0,1.0,2.0,1.0,1.0,6.0,1.0,1.0,1.0,5.0,15.0,1.0,2.0,7.0,5.0,4.0,5.0,4.0,16.0,6.0,4.0,2.0,1.0,1.0,1.0,1.0,1.0,1.0,2.0,1.0,7.0,7.0,4.0,1.0,2.0,1.0,2.0,1.0,1.0,1.0,1.0,2.0,2.0,1.0,1.0,1.0,1.0,1.0,1.0,1.0,1.0,1.0,1.0,1.0,2.0,2.0,4.0,1.0,1.0,1.0,2.0,7.0,1.0,1.0,1.0,1.0,1.0,1.0,1.0,2.0,3.0,6.0,7.0,4.0,1.0,3.0,1.0,1.0,1.0,1.0,1.0,1.0,1.0,1.0,1.0,2.0,1.0,1.0,2.0,1.0,1.0,1.0,2.0,1.0,1.0,1.0,1.0,1.0,2.0,2.0,3.0,6.0,1.0,1.0,2.0,1.0,1.0,2.0,1.0,1.0,13.0,19.0,2.0,1.0,1.0,4.0,1.0,1.0,1.0,1.0,1.0,1.0,1.0,1.0,1.0,1.0,1.0,2.0,1.0,1.0,1.0,16.0,15.0,1.0,2.0,2.0,2.0,1.0,1.0,1.0,2.0,1.0,1.0,1.0,1.0,1.0,2.0,1.0,1.0,3.0,1.0,1.0,1.0,2.0,1.0,1.0,12.0,7.0,1.0,5.0,1.0,3.0,1.0,1.0,1.0,2.0,3.0,1.0,1.0,6.0,7.0,3.0,5.0,3.0,1.0,1.0,3.0,2.0,1.0,7.0,16.0,1.0,1.0,5.0,3.0,1.0,1.0,3.0,2.0,1.0,3.96952489648403,1.0,2.0,3.0,3.0,1.0,1.0,2.0,1.0,1.0,1.0,2.0,30.0,1.0,4.0,7.0,1.0,1.0,1.0,1.0,1.0,2.0,1.0,2.0,1.0,1.0,1.0,1.0,1.0,1.0,5.0,24.0,4.0,2.0,1.0,1.0,1.0,1.0,1.0,1.0,2.0,2.0,3.0,1.0,2.0,1.0,1.0,1.0,1.0,1.0,1.0,1.0,2.0,1.0,1.0,1.0,1.0,1.0,1.0,1.0,1.0,3.0,1.0,1.0,1.0,3.0,5.0,2.0,3.0,1.0,1.0,2.0,1.0,2.0,1.0,3.0,1.0,2.0,1.0,1.0,2.0,2.0,2.0,1.0,1.0,5.0,2.0,2.0,4.0,1.0,3.0,1.0,4.0,1.0,1.0,2.0,1.0,1.0,4.0,1.0,2.0,1.0,1.0,2.0,4.0,1.0,2.0,2.0,5.0,1.0,1.0,2.0,1.0,1.0,3.0,1.0,1.0,3.0,3.0,5.0,3.0,4.0,1.0,1.0,1.0,2.0,1.0,2.0,1.0,2.0,1.0,1.0,3.0,1.0,1.0,1.0,1.0,2.0,1.0,1.0,1.0,2.0,1.0,1.0,1.0,1.0,1.0,1.0,1.0,1.0,4.0,1.0,1.0,1.0,2.0,1.0,6.0,1.0,1.0,1.0,2.0,2.0,1.0,1.0,1.0,-1.2523449689335,2.0,1.0,1.0,2.0,1.0,-1.0,-1.0,-1.0,-1.0,-2.0,1.0,9.0,-1.0,1.0,-1.0,-1.0,-5.0,-4.0,-3.0,-4.0,-5.0,-5.0,1.0,1.0,1.0,6.0,6.0,2.0,1.0,3.0,2.0,1.0,4.0,5.0,1.0,3.0,1.0,1.0,2.0,1.0,5.0,1.0,1.0,10.0,4.0,1.0,1.0,1.0,3.0,7.0,1.0,2.0,8.0,1.0,2.0,1.0,1.0,1.0,2.0,1.0,2.0,9.0,1.0,9.0,1.0,1.0,1.0,3.0,1.0,1.0,4.0,4.0,1.0,2.0,1.0,2.0,1.0,1.0,1.0,2.0,1.0,1.0,2.0,4.0,1.0,1.0,10.0,1.0,1.0,1.0,3.0,1.0,4.0,4.0,9.0,1.0,1.0,5.0,1.0,1.0,4.957128867032768,4.0,2.0,5.0,1.0,7.0,1.0,5.0,1.0,1.0,1.0,18.20845275419301,1.0,5.0,4.0,6.0,1.0,-3.0,-1.0,-1.0,-13.71931735451625,-2.0,-2.0,-1.0,-1.0,-1.0,-1.0,-3.0,-1.0,-2.0,-4.0,-1.0,-2.0,-1.0,-1.0,-1.0,5.0,4.0,2.0,7.0,2.0,1.0,2.0,1.0,2.0,1.0,3.0,4.0,4.0,1.0,1.0,2.0,4.0,2.0,6.0,1.0,5.0,11.27775448851298,8.0,7.0,1.0,4.0,3.0,1.0,1.0,1.0,2.0,1.0,4.0,1.0,1.0,1.0,1.0,2.0,1.0,1.0,3.0,2.0,4.0,7.0,7.0,4.0,1.0,1.0,4.0,1.0,1.0,2.0,1.0,1.0,5.0,1.0,2.0,7.0,4.0,2.0,2.0,1.0,1.0,1.0,2.0,2.0,2.0,1.0,1.0,2.0,6.0,1.0,4.0,2.0,3.0,-9.81276160699843,1.0,8.0,8.0,1.0,1.0,2.0,2.0,1.0,1.0,2.0,2.0,11.0,5.0,2.0,1.0,2.0,2.0,2.0,2.0,2.0,2.0,2.0,2.0,2.0,1.0,1.0,25.0,6.0,5.0,5.0,5.0,5.0,5.0,5.0,3.0,2.0,1.0,1.0,2.0,1.0,1.0,12.0,15.0,4.0,4.0,5.0,4.0,4.0,5.0,2.0,1.0,5.0,1.0,1.0,2.0,1.0,16.0,5.0,4.0,5.0,4.0,10.0,2.0,4.0,3.0,3.0,6.0,4.0,4.0,4.0,4.0,4.0,4.0,4.0,4.0,4.0,2.0,4.0,4.0,4.0,4.0,4.0,4.0,1.0,1.0,4.0,4.0,4.0,4.0,4.0,4.0,1.0,1.0,1.0,1.0,1.0,1.0,4.0,4.0,4.0,4.0,4.0,4.0,4.0,4.0,4.0,4.0,1.0,1.0,1.0,1.0,3.0,1.0,1.0,10.0,1.0,1.0,1.0,1.0,1.0,21.0,15.0,1.0,1.0,1.0,1.0,1.0,1.0,5.0,1.0,6.0,2.0,2.0,23.0,14.0,1.0,3.0,3.0,3.0,3.0,3.0,3.0,3.0,3.0,1.0,1.0,1.0,1.0,1.0,6.0,1.0,4.0,10.0,9.0,26.0,7.0,3.0,3.0,4.0,3.0,3.0,3.0,4.0,3.0,1.0,1.0,1.0,1.0,3.0,1.0,1.0,13.0,2.0,2.0,2.0,2.0,2.0,2.0,2.0,1.0,1.0,2.0,2.0,2.0,2.0,2.0,2.0,3.0,2.0,1.0,2.0,2.0,2.0,2.0,2.0,2.0,2.0,1.0,2.0,2.0,2.0,2.0,2.0,2.0,2.0,2.0,2.0,2.0,2.0,1.0,-2.0,1.0,4.0,1.0,-4.0,-4.0,-5.0,-4.0,-4.0,-4.0,-5.0,-4.0,-1.0,1.0,2.0,-1.0,1.0,-4.0,-5.0,-4.0,-4.0,-5.0,-4.0,2.0,1.0,-5.0,-6.0,-5.0,-5.0,-6.0,-5.0,1.0,1.0,1.0,-5.0,-5.0,-5.0,-5.0,-5.0,-5.0,-1.0,1.0,-1.0,-5.0,-5.0,-5.0,-5.0,-5.0,-5.0,-3.0,-4.0,-1.0,-1.0,-3.0,-1.0,0.0,1.0,-9.0,-5.0,1.0,-1.0,-2.0,-1.0,-1.0,-2.0,-1.0,-3.0,-2.0,-1.0,-1.0,-1.0,-1.0,-1.0,-3.0,-1.0,-1.0,-1.0,-1.0,-3.0,-2.0,19.45784305872714,-2.0,-1.0,-1.0,-1.0,-2.0,7.0,-4.0,-2.0,-3.0,-3.0,-1.0,-1.0,-1.0,1.0,1.0,0.0,-1.0,-5.0,-7.0,-1.0,-2.0,-1.0,9.0,2.0,13.0,-1.0,-1.0,-1.0,-5.0,-5.0,-2.0,-4.0,1.0,5.0,4.0,2.0,2.0,1.0,2.0,15.0,17.0,4.0,5.0,7.0,13.0,1.0,3.0,1.0,1.0,1.0,12.0,5.0,5.0,1.0,11.0,2.0,4.0,2.0,1.0,15.57346510062307,4.0,2.0,1.0,1.0,2.0,1.0,1.0,2.0,1.0,1.0,2.0,6.0,1.0,1.0,2.0,4.0,3.0,2.0,2.0,3.0,7.0,1.0,1.0,1.0,1.0,1.0,2.0,1.0,1.0,1.0,1.0,1.0,1.0,1.0,1.0,2.0,2.0,1.0,4.0,1.0,1.0,1.0,1.0,3.0,1.0,2.0,6.0,1.0,1.0,1.0,1.0,1.0,1.0,-2.5485758184053537,1.0,1.0,1.0,1.0,1.0,3.0,1.0,1.0,3.0,2.0,2.0,2.0,5.0,-20.80157324031526,2.0,2.0,4.0,3.0,1.0,2.0,2.0,2.0,2.0,-15.704502461243464,1.0,2.0,2.0,2.0,1.0,1.0,1.0,1.0,1.0,2.0,1.0,4.0,1.0,1.0,1.0,1.0,2.0,1.0,1.0,1.0,5.0,5.0,1.0,4.0,3.0,2.0,2.0,1.0,5.0,1.0,3.0,4.0,2.0,1.0,3.0,3.0,4.0,3.0,3.0,1.0,1.0,2.0,1.0,3.0,2.0,4.0,2.0,1.0,4.0,2.0,1.0,2.0,3.0,3.0,3.0,3.0,2.0,1.0,4.0,5.0,1.0,1.0,5.0,4.0,2.0,1.0,1.0,6.276158308138452,6.0,10.0,1.0,5.0,5.0,1.0,7.0,2.0,1.0,10.0,4.0,3.0,3.0,1.0,7.0,1.0,11.0,1.0,2.0,2.0,1.0,3.0,2.0,1.0,1.0,5.0,8.0,1.0,7.0,3.0,1.0,2.0,2.0,1.0,2.0,1.0,1.0,1.0,1.0,2.0,7.0,6.0,1.0,2.0,1.0,1.0,1.0,1.0,5.0,1.0,1.0,2.0,5.0,1.0,2.0,7.0,6.0,6.0,1.0,2.0,9.0,3.0,6.0,1.0,6.0,4.0,9.0,1.0,1.0,1.0,2.0,10.0,6.0,2.0,2.0,5.0,5.0,1.0,10.0,1.0,2.0,4.0,5.0,13.0,1.0,1.0,1.0,1.0,4.0,4.0,3.0,1.0,2.0,1.0,1.0,1.0,2.0,4.0,4.0,5.0,11.0,1.0,1.0,13.2640361646798,1.0,5.0,2.0,7.0,1.0,1.0,2.0,1.0,1.0,1.0,3.0,3.0,2.0,2.0,3.0,5.0,1.0,2.0,1.0,-2.0,1.0,1.0,7.0,-3.0,-3.0,-3.0,-3.0,1.0,0.0,4.0,-2.0,5.0,-6.0,-6.0,-6.0,-6.0,-2.0,-1.0,-1.0,-6.0,-6.0,-6.0,-6.0,-3.0,-2.0,-1.0,-1.0,-3.0,-3.0,-3.0,-3.0,-2.0,-1.0,-1.0,2.0,-1.0,-6.0,-6.0,-6.0,-7.103831779623127,-6.0,-6.0,-6.0,1.0,1.0,-3.0,-3.0,7.0,2.0,-5.0,-5.0,-5.0,-5.0,1.0,-2.0,-2.0,2.0,1.0,-5.0,-6.0,-5.0,-5.0,2.0,1.0,1.0,1.0,-6.0,-6.0,-6.0,-6.0,-1.0,1.0,-2.0,-2.0,1.0,2.0,-13.0,-13.0,-1.0,-1.0,-2.0,2.0,1.0,-5.0,-5.0,-5.0,-5.0,-5.0,-5.0,1.0,1.0,-5.0,-5.0,-5.0,-5.0,-5.0,0.0,-3.0,-12.0,-12.0,1.0,5.0,-7.0,-7.0,-7.0,-7.0,1.0,7.0,1.0,1.0,1.0,2.0,11.0,1.0,4.0,1.0,3.0,6.0,1.0,2.0,3.0,15.0,3.0,2.0,3.0,4.0,1.0,6.0,6.0,4.0,2.0,1.0,1.0,1.0,1.0,1.0,1.0,3.0,7.0,1.0,3.0,1.0,1.0,1.0,3.0,2.0,1.0,2.0,2.0,1.0,1.0,3.0,3.0,3.0,1.0,1.0,2.0,3.0,3.0,3.0,1.0,1.0,1.0,3.0,4.0,4.0,2.0,3.0,1.0,1.0,1.0,1.0,1.0,1.0,2.0,3.0,4.0,4.0,2.0,6.0,3.0,1.0,1.0,1.0,1.0,1.0,1.0,2.0,3.0,1.0,13.0,3.0,1.0,1.0,6.0,1.0,1.0,1.0,4.0,1.0,1.0,2.0,2.0,4.0,3.0,3.0,1.0,1.0,1.0,1.0,2.0,2.0,3.0,3.0,1.0,1.0,2.0,2.0,1.0,2.0,6.0,6.0,2.0,3.0,2.0,2.0,1.0,1.0,2.0,2.0,6.0,6.0,2.0,3.0,2.0,2.0,1.0,1.0,21.0,3.0,4.0,1.0,2.0,2.0,8.0,1.0,7.0,2.0,1.0,2.0,3.0,4.0,4.0,1.0,16.0,1.0,6.0,3.0,1.0,1.0,2.0,10.0,1.0,10.0,3.0,3.0,2.0,1.0,4.0,3.0,1.0,2.0,1.0,1.0,4.0,1.0,3.0,1.0,2.0,2.0,1.0,1.0,1.0,1.0,3.0,1.0,1.0,2.0,1.0,1.0,1.0,1.0,1.0,1.29786125122586,1.0,1.0,1.0,1.0,1.0,4.0,3.0,1.0,1.0,1.0,1.0,1.0,1.0,2.0,2.0,1.0,4.0,1.0,4.0,1.0,1.0,2.0,1.0,1.0,3.0,2.0,2.0,2.0,2.0,1.0,1.0,6.0,24.0,4.0,1.0,3.0,2.0,1.0,1.0,16.0,35.0,3.0,1.0,1.0,1.0,1.0,1.0,1.0,3.0,5.0,1.0,1.0,2.0,7.0,5.0,5.0,2.0,3.0,1.0,1.0,1.0,8.0,1.0,5.0,3.0,2.0,9.0,6.0,1.0,4.0,13.0,1.0,7.0,7.0,1.0,1.0,1.0,1.0,1.0,4.0,6.0,3.0,2.0,1.0,8.0,6.0,1.0,1.0,1.0,2.0,3.0,1.0,2.0,8.0,1.0,2.0,9.0,2.0,1.0,1.0,1.0,1.0,1.0,4.0,1.0,1.0,4.0,5.0,1.0,1.0,2.0,3.0,2.0,1.0,2.0,5.0,6.0,4.0,6.0,8.0,11.0,7.0,6.0,1.0,1.0,1.0,4.0,1.0,3.0,4.0,5.0,12.0,5.0,2.0,2.0,1.0,4.0,2.0,1.0,1.0,1.0,3.0,4.0,3.0,2.0,17.29671484676516,3.0,5.0,1.0,7.0,5.0,2.0,2.0,3.0,1.0,1.0,1.0,1.0,2.0,1.0,2.0,1.0,1.0,12.0,10.0,8.0,6.0,5.0,1.0,1.0,1.0,3.0,1.0,1.0,1.0,3.0,4.0,1.0,2.0,1.0,1.0,1.0,2.0,1.0,1.0,8.0,1.0,1.0,2.0,2.0,5.0,2.0,2.0,1.0,1.0,3.0,2.0,3.0,1.0,6.0,6.0,1.0,1.0,6.0,1.0,6.0,9.0,3.0,13.0,10.0,1.0,1.0,11.0,1.0,1.0,3.0,8.0,9.0,2.0,1.0,2.0,3.0,3.0,3.0,1.0,1.0,1.0,5.0,5.0,2.0,1.0,2.0,2.0,1.0,1.0,5.0,1.0,1.0,1.0,1.0,3.0,2.0,1.0,2.0,1.0,3.0,4.0,1.0,2.0,1.0,2.0,1.0,2.0,2.0,1.0,1.0,2.0,2.0,1.0,1.0,1.0,1.0,1.0,1.0,2.0,1.0,8.0,2.0,1.0,5.0,6.0,2.0,1.0,1.0,1.0,6.0,2.0,3.0,4.0,3.0,1.0,1.0,2.0,2.0,1.0,1.0,11.0,1.0,1.0,2.0,4.0,5.0,3.0,1.0,4.0,1.0,14.0,4.0,7.0,1.0,1.0,2.0,1.0,1.0,2.92572291035908,1.0,1.0,1.0,3.0,1.0,9.0,2.0,2.0,1.0,1.0,7.0,1.0,8.0,1.0,1.0,1.0,1.0,2.0,1.0,1.0,1.0,1.0,2.0,1.0,1.0,1.0,1.0,1.0,1.0,4.0,4.0,3.0,2.0,1.0,1.0,1.0,1.0,3.0,1.0,1.0,1.0,1.0,1.0,1.0,1.0,1.0,2.0,1.0,3.0,0.24337417607789,1.0,1.0,3.0,5.0,9.0,7.0,2.0,2.0,1.0,1.0,1.0,2.0,3.0,1.0,1.0,2.0,3.0,1.0,1.0,2.0,2.0,1.0,1.0,1.0,1.0,2.0,1.0,1.0,-1.0,-1.0,-2.0,-4.0,-12.0,-7.0,-6.0,-6.0,-9.0,-11.0,-2.0,-8.0,-10.0,-6.0,-11.0,-6.50984180533249,-1.0,-4.0,-1.0,-10.0,-11.0,-3.0,-8.0,-12.0,-10.0,-1.0,-1.0,-1.0,-1.0,-7.0,-7.0,-13.0,-7.0,2.0,1.0,1.0,1.0,2.0,1.0,1.0,5.0,1.0,2.0,1.0,1.0,3.0,1.0,3.0,1.0,1.0,1.0,1.0,1.0,1.0,1.0,1.0,4.0,1.0,1.0,2.0,1.0,1.0,3.0,1.0,1.0,2.0,1.0,1.0,2.0,3.0,1.0,2.0,1.0,1.0,1.0,1.0,1.0,1.0,2.0,1.0,2.0,1.0,2.0,5.0,6.0,1.0,2.0,1.0,1.0,3.0,1.0,1.0,2.0,3.0,3.0,1.0,1.0,2.0,5.0,5.0,1.0,1.0,4.0,3.0,2.0,1.0,1.0,-1.0,1.0,2.0,-3.0,1.0,1.0,-4.0,-4.0,-3.0,2.0,-1.0,-1.0,-1.0,-2.0,2.0,10.0,1.0,1.0,1.0,2.0,3.0,4.0,1.0,2.0,1.0,17.0,1.0,1.0,1.0,1.0,2.0,1.0,1.0,1.0,4.0,4.0,1.0,3.0,1.0,1.0,2.0,1.0,1.0,1.0,2.0,2.0,1.0,1.0,1.0,1.0,2.0,3.0,18.94840458248437,1.0,1.0,3.0,1.0,1.0,1.0,2.0,3.0,1.0,1.0,2.0,4.0,2.0,1.0,1.0,1.0,1.0,2.0,3.0,1.0,4.0,1.0,1.0,1.0,4.0,4.0,1.0,1.0,2.0,2.0,2.0,2.0,1.0,2.0,1.0,2.0,3.0,1.0,6.0,11.0,8.0,5.0,4.0,5.0,3.0,2.0,1.0,1.0,1.0,1.0,1.0,2.0,2.0,3.0,2.0,3.0,1.0,1.0,1.0,1.0,1.0,1.0,3.0,2.0,5.0,1.0,2.0,2.0,1.0,5.0,1.0,5.0,1.0,2.0,5.0,3.0,2.0,1.0,15.11250881122309,1.0,2.0,3.0,1.0,1.0,1.0,3.0,3.0,2.0,4.0,1.0,1.0,1.0,1.0,1.0,1.0,1.0,1.0,1.0,1.0,1.0,3.0,5.0,1.0,1.0,1.0,2.0,2.0,1.0,1.0,5.0,1.0,1.0,5.0,1.0,1.0,-7.0,-7.0,1.0,-1.0,-4.0,-2.0,-1.0,-2.0,-1.0,1.0,-1.0,-3.0,-5.0,0.0,-3.0,-1.0,-2.0,-4.0,1.0,-1.0,1.0,-1.0,-1.0,1.0,-1.0,-1.0,2.0,-2.0,-3.0,2.0,-2.0,-1.0,1.0,-1.0,-1.0,-2.0,1.0,-2.0,-1.0,2.0,-1.0,-1.0,-1.0,-1.0,-2.0,2.0,-2.0,-2.0,0.0,-1.0,-1.0,-1.0,-1.0,-1.0,1.0,1.0,1.0,7.0,1.0,1.0,1.0,1.0,1.0,2.0,1.0,1.0,12.0,1.0,1.0,1.0,1.0,1.0,1.0,2.0,1.0,1.0,1.0,1.0,2.0,4.0,3.0,1.0,1.0,3.0,1.0,1.0,1.0,1.0,2.0,1.0,1.0,1.0,1.0,1.0,2.0,1.0,1.0,3.0,7.0,2.0,1.0,1.0,1.0,1.0,1.0,1.0,1.0,1.0,1.0,1.0,1.0,1.0,6.0,1.0,1.0,1.0,1.0,1.0,1.0,1.0,1.0,1.0,1.0,1.0,1.0,1.0,1.0,1.0,1.0,4.0,1.0,1.0,1.0,1.0,1.0,1.0,1.0,1.0,1.0,1.0,1.0,1.0,1.0,1.0,1.0,1.0,1.0,1.0,1.0,-1.0,-1.0,1.0,1.0,2.0,-2.0,-2.0,-2.0,-2.0,-2.0,1.0,1.0,-3.56110793196185,-3.0,-3.0,-3.0,1.0,-5.0,-5.0,-5.0,1.0,1.0,1.0,1.0,2.0,1.0,1.0,-1.0,-1.0,-1.0,-1.0,-1.0,-1.0,4.0,4.0,1.0,1.0,3.0,1.0,1.0,1.0,1.0,1.0,3.0,3.0,2.0,1.0,1.0,1.0,1.0,1.0,2.0,1.0,1.0,2.0,2.0,1.0,1.0,1.0,1.0,1.0,3.0,3.0,3.0,1.0,1.0,2.0,1.0,1.0,2.0,2.0,2.0,1.0,1.0,1.0,2.0,1.0,1.0,1.0,1.0,3.0,1.0,1.0,1.0,1.0,4.0,2.0,5.0,1.0,2.0,1.0,1.0,1.0,1.0,3.0,1.0,2.0,3.0,2.0,1.0,1.0,1.0,2.0,2.0,2.0,2.0,1.0,6.0,3.0,6.0,1.0,1.0,1.0,3.0,1.0,4.0,5.0,1.0,1.0,1.0,1.0,1.0,17.0,1.0,2.0,12.0,1.0,2.0,3.0,8.0,13.0,5.0,2.0,1.0,2.0,6.0,4.0,4.0,2.0,1.0,3.0,2.0,1.0,1.0,1.0,3.0,1.0,1.0,1.0,3.0,1.0,1.0,1.0,3.0,1.0,1.0,1.0,2.0,3.0,7.0,4.0,3.0,-0.31044766992144,2.0,2.0,2.0,1.0,1.0,1.0,1.0,1.0,1.0,1.0,1.0,1.0,1.0,1.0,1.0,1.0,1.0,1.0,1.0,1.0,1.0,1.0,1.0,1.0,1.0,1.0,1.0,1.0,3.0,1.0,1.0,2.0,2.0,2.0,2.0,3.0,1.0,1.0,1.0,2.0,1.0,4.0,3.0,1.0,1.0,1.0,2.0,1.0,7.39298284432326,1.0,5.0,3.0,2.0,1.0,1.0,1.0,1.0,1.0,1.0,1.0,1.0,1.0,3.0,4.0,3.0,1.0,1.0,1.0,1.0,1.0,1.0,1.0,1.0,1.0,1.0,1.0,1.0,2.0,1.0,1.0,1.0,1.0,1.0,1.0,1.0,1.0,1.0,1.0,1.0,2.0,1.0,1.0,1.0,1.0,1.0,1.0,1.0,1.0,1.0,1.0,1.0,1.0,1.0,3.0,8.0,2.0,1.0,2.0,1.0,1.0,4.0,1.0,1.0,1.0,1.0,1.0,1.0,1.0,7.0,5.0,2.0,3.0,1.0,1.0,2.0,1.0,1.0,1.0,1.0,1.0,1.0,2.0,3.0,1.0,2.0,2.0,2.0,-16.38832593496558,3.0,1.0,1.0,1.0,1.0,3.0,2.0,3.0,3.0,1.0,1.0,2.0,2.0,2.0,3.0,2.0,1.0,3.0,1.0,2.0,2.0,2.0,2.0,2.0,2.0,1.0,1.0,1.0,1.0,1.0,1.0,1.0,1.0,1.0,2.0,1.0,1.0,1.0,3.0,1.0,1.0,1.0,1.0,1.0,1.0,1.0,2.0,1.0,6.0,1.0,5.0,1.0,4.0,1.0,8.0,1.0,3.0,3.0,4.0,1.0,2.0,2.0,1.0,1.0,3.0,2.0,3.0,1.0,2.0,1.0,1.0,2.0,1.0,1.0,4.0,6.0,1.0,1.0,1.0,2.0,2.0,1.0,1.0,3.0,5.0,5.38785976813884,1.0,1.0,5.0,1.0,1.0,2.0,1.0,1.0,1.0,4.0,2.0,1.0,4.0,2.0,6.0,1.0,1.0,1.0,1.0,6.0,5.96397995782018,1.0,1.0,3.0,3.0,-1.3686525685699,9.0,2.0,3.0,3.0,3.0,3.0,1.0,1.0,5.0,5.0,5.0,5.0,1.0,7.0,10.0,2.0,1.0,4.0,5.0,5.0,5.0,5.0,2.0,1.0,3.0,5.0,4.0,2.0,2.0,1.0,1.0,2.0,3.0,1.0,1.0,3.0,11.0,5.0,5.0,5.0,5.0,5.0,5.0,5.0,5.0,13.0,3.0,2.0,2.0,3.0,11.0,5.0,5.0,5.0,5.0,1.0,1.0,2.0,18.0,11.0,2.0,1.0,3.0,3.0,5.0,5.0,5.0,5.0,5.0,5.0,2.0,1.0,3.0,1.0,1.0,21.0,1.0,2.0,3.0,6.0,6.0,6.0,6.0,2.0,5.0,3.0,2.0,5.0,13.0,2.0,5.0,5.0,5.0,5.0,6.0,2.0,24.0,2.0,1.0,2.0,5.0,5.0,5.0,5.0,1.0,2.0,4.0,3.0,12.0,1.0,9.0,4.0,4.0,4.0,4.0,4.0,4.0,4.0,1.0,10.0,4.0,1.0,21.0,1.0,2.0,1.0,1.0,1.0,4.0,3.0,5.0,6.0,6.0,6.0,6.0,6.0,1.0,1.0,3.0,15.0,1.0,1.0,1.0,1.0,7.0,4.0,1.0,10.0,5.0,5.0,5.0,5.0,1.0,1.0,4.0,2.0,-19.72431348956135,1.0,2.0,2.0,9.0,2.0,1.0,1.0,3.0,1.0,4.0,3.0,1.0,1.0,1.0,1.0,1.0,2.0,1.0,1.0,9.0,1.0,1.0,1.0,2.0,5.0,5.0,5.0,5.0,2.0,1.0,7.0,1.0,2.0,5.0,5.0,5.0,5.0,5.0,5.0,5.0,3.0,1.0,1.0,20.0,1.0,1.0,1.0,4.0,1.0,1.0,2.0,1.0,9.0,3.0,4.0,4.0,4.0,4.0,4.0,4.0,4.0,4.0,1.0,1.0,37.0,1.0,1.0,1.0,6.0,6.0,6.0,6.0,6.0,6.0,1.0,1.0,1.0,1.0,6.0,16.0,1.0,5.0,5.0,5.0,5.0,1.0,27.0,1.0,1.0,1.0,7.0,6.0,6.0,6.0,6.0,1.0,2.0,1.0,30.0,1.0,1.0,1.0,1.0,8.0,6.0,6.0,6.0,6.0,13.32796194626393,2.0,2.0,2.0,2.0,5.0,5.0,7.0,3.0,30.0,3.0,10.0,6.0,1.0,10.0,5.0,5.0,5.0,5.0,5.0,5.0,5.0,4.0,1.0,6.0,8.0,1.0,2.0,3.0,4.0,4.0,5.0,6.0,6.0,6.0,6.0,-5.0,-5.0,-5.0,-5.0,-5.0,-5.0,-5.0,-5.0,-5.0,-5.0,1.0
1.0,1.0,1.0,2.0,1.0,2.0,4.0,7.0,1.0,2.0,1.0,5.0,1.0,1.0,1.0,1.0,3.0,1.0,2.0,1.0,1.0,1.0,1.0,1.0,1.0,1.0,5.0,2.0,1.0,3.0,1.0,1.0,5.0,1.0,1.0,2.0,1.0,1.0,1.0,2.0,3.0,1.0,1.0,1.0,1.0,1.0,1.0,1.0,1.0,1.0,1.0,1.0,5.0,3.0,2.0,1.0,1.0,2.0,1.0,1.0,1.0,1.0,1.0,1.0,1.0,1.0,2.0,1.0,5.0,1.0,2.0,1.0,1.0,2.0,1.0,1.0,1.0,1.0,2.0,1.0,7.0,4.0,1.0,2.0,1.0,2.0,12.0,5.0,1.0,15.0,1.0,2.0,2.0,2.0,1.0,1.0,8.0,1.0,4.0,1.0,1.0,16.0,3.0,3.0,1.0,2.0,1.0,1.0,6.0,7.0,1.0,2.0,3.0,2.0,2.0,3.0,2.0,1.0,5.0,1.0,3.0,2.0,2.0,1.0,1.0,1.0,10.0,10.0,1.0,3.0,2.0,1.0,2.0,5.0,2.0,1.0,3.0,1.0,1.0,1.0,1.0,1.0,1.0,1.0,7.0,1.0,1.0,13.0,1.0,1.0,1.0,10.0,2.0,1.0,3.0,1.0,1.0,2.0,3.0,1.0,1.0,1.0,1.0,1.0,1.0,1.0,2.0,1.0,14.0,1.0,1.0,1.0,2.0,2.0,1.0,3.0,2.0,1.0,1.0,1.0,2.0,5.0,1.0,1.0,1.0,4.0,1.0,4.0,2.0,14.0,1.0,2.0,2.0,4.0,1.0,1.0,3.0,1.0,1.0,2.0,1.0,1.0,4.0,3.0,17.0,1.0,1.0,1.0,1.0,3.0,1.0,3.0,5.0,1.0,2.0,2.0,2.0,1.0,1.0,1.0,4.0,1.0,2.0,1.0,1.0,1.0,1.0,1.0,1.0,5.0,2.0,2.0,3.0,1.0,1.0,1.0,1.0,2.0,1.0,1.0,1.0,1.0,1.0,5.0,2.0,3.0,2.0,2.0,3.0,1.0,2.0,4.0,1.0,2.0,2.0,2.0,1.0,1.0,1.0,1.0,1.0,3.0,2.0,1.0,1.0,13.0,3.0,1.0,1.0,1.0,7.0,4.0,1.0,1.0,1.0,8.0,1.0,1.0,6.0,2.0,1.0,3.0,2.0,8.0,2.0,1.0,1.0,1.0,5.0,1.0,8.0,1.0,4.0,9.0,7.0,1.0,1.0,8.0,1.0,2.0,1.0,1.0,4.0,1.0,1.0,1.0,7.0,4.0,5.0,3.0,1.0,1.0,1.0,2.0,1.0,1.0,1.0,1.0,1.0,1.0,6.0,3.0,2.0,2.0,1.0,1.0,1.0,1.0,1.0,1.0,5.0,1.0,1.0,3.0,1.0,1.0,3.0,3.0,1.0,1.0,1.0,2.0,2.0,1.0,1.0,1.0,3.0,4.0,4.0,1.0,1.0,1.0,2.0,1.0,2.0,2.0,2.0,8.0,9.0,3.0,1.0,2.0,1.0,1.0,3.0,2.0,2.0,1.0,5.0,1.0,3.0,3.0,3.0,4.0,1.0,1.0,2.0,2.0,3.0,3.0,1.0,3.0,2.0,1.0,1.0,1.0,1.0,1.0,1.0,1.0,1.0,1.0,1.0,1.0,2.0,10.0,2.0,3.0,3.0,3.0,2.0,1.0,1.0,1.0,1.0,2.0,1.0,15.0,3.0,3.0,3.0,3.0,1.0,1.0,11.0,2.0,2.0,2.0,3.0,1.0,1.0,1.0,1.0,9.0,2.0,2.0,3.0,3.0,1.0,1.0,1.0,2.0,1.0,13.0,2.0,2.0,3.0,3.0,6.0,5.0,2.0,2.0,2.0,2.0,3.0,3.0,4.0,3.0,2.0,2.0,3.0,3.0,4.0,2.0,7.0,3.0,3.0,2.0,2.0,1.0,3.0,7.0,2.0,13.0,6.0,4.0,1.0,1.0,1.0,2.0,1.0,3.0,2.0,10.0,2.0,14.0,1.0,1.0,1.0,9.0,3.0,2.0,1.0,1.0,10.0,2.0,1.0,1.0,1.0,2.0,3.0,7.0,5.0,1.0,1.0,1.0,2.0,6.0,2.0,2.0,4.0,2.0,1.0,1.0,1.0,3.0,2.0,10.0,3.0,1.0,1.0,1.0,5.0,3.0,5.0,1.0,3.0,1.0,1.0,2.0,2.0,3.0,2.0,1.0,2.0,1.0,1.0,1.0,2.0,1.0,1.0,1.0,1.0,5.0,1.0,2.0,1.0,1.0,1.0,1.0,1.0,4.0,1.0,1.0,14.0,1.0,4.0,1.0,13.0,11.0,2.0,2.0,1.0,5.0,1.0,11.0,1.0,1.0,1.0,1.0,1.0,4.0,1.0,1.0,1.0,1.0,3.0,1.0,3.0,1.0,5.0,9.0,1.0,1.0,1.0,1.0,4.0,1.0,6.0,13.0,1.0,3.0,3.0,4.0,1.0,3.0,1.0,4.0,1.0,14.0,9.0,12.0,7.0,1.0,1.0,1.0,2.0,4.0,4.0,6.0,10.0,8.0,21.0,4.0,4.0,3.0,2.0,4.0,1.0,2.0,12.0,11.0,1.0,3.0,4.0,1.0,1.0,1.0,1.0,3.0,6.0,7.0,2.0,5.0,3.0,3.0,8.0,10.0,2.0,19.0,8.0,5.0,1.0,3.0,2.0,6.0,-2.04564786099211,2.0,1.0,2.0,3.0,8.0,9.0,6.0,6.0,1.0,1.0,2.0,2.0,2.0,8.0,4.0,5.0,8.0,7.0,13.0,3.0,9.0,2.0,1.0,3.0,5.0,1.0,3.0,1.0,1.0,5.47566330468136,8.0,1.0,2.0,1.0,1.0,6.0,1.0,1.0,1.0,5.0,15.0,1.0,2.0,7.0,5.0,4.0,5.0,4.0,16.0,6.0,4.0,2.0,1.0,1.0,1.0,1.0,1.0,1.0,2.0,1.0,7.0,7.0,4.0,1.0,2.0,1.0,2.0,1.0,1.0,1.0,1.0,2.0,2.0,1.0,1.0,1.0,1.0,1.0,1.0,1.0,1.0,1.0,1.0,1.0,2.0,2.0,4.0,1.0,1.0,1.0,2.0,7.0,1.0,1.0,1.0,1.0,1.0,1.0,1.0,2.0,3.0,6.0,7.0,4.0,1.0,3.0,1.0,1.0,1.0,1.0,1.0,1.0,1.0,1.0,1.0,2.0,1.0,1.0,2.0,1.0,1.0,1.0,2.0,1.0,1.0,1.0,1.0,1.0,2.0,2.0,3.0,6.0,1.0,1.0,2.0,1.0,1.0,2.0,1.0,1.0,13.0,19.0,2.0,1.0,1.0,4.0,1.0,1.0,1.0,1.0,1.0,1.0,1.0,1.0,1.0,1.0,1.0,2.0,1.0,1.0,1.0,16.0,15.0,1.0,2.0,2.0,2.0,1.0,1.0,1.0,2.0,1.0,1.0,1.0,1.0,1.0,2.0,1.0,1.0,3.0,1.0,1.0,1.0,2.0,1.0,1.0,12.0,7.0,1.0,5.0,1.0,3.0,1.0,1.0,1.0,2.0,3.0,1.0,1.0,6.0,7.0,3.0,5.0,3.0,1.0,1.0,3.0,2.0,1.0,7.0,16.0,1.0,1.0,5.0,3.0,1.0,1.0,3.0,2.0,1.0,3.96952489648403,1.0,2.0,3.0,3.0,1.0,1.0,2.0,1.0,1.0,1.0,2.0,30.0,1.0,4.0,7.0,1.0,1.0,1.0,1.0,1.0,2.0,1.0,2.0,1.0,1.0,1.0,1.0,1.0,1.0,5.0,24.0,4.0,2.0,1.0,1.0,1.0,1.0,1.0,1.0,2.0,2.0,3.0,1.0,2.0,1.0,1.0,1.0,1.0,1.0,1.0,1.0,2.0,1.0,1.0,1.0,1.0,1.0,1.0,1.0,1.0,3.0,1.0,1.0,1.0,3.0,5.0,2.0,3.0,1.0,1.0,2.0,1.0,2.0,1.0,3.0,1.0,2.0,1.0,1.0,2.0,2.0,2.0,1.0,1.0,5.0,2.0,2.0,4.0,1.0,3.0,1.0,4.0,1.0,1.0,2.0,1.0,1.0,4.0,1.0,2.0,1.0,1.0,2.0,4.0,1.0,2.0,2.0,5.0,1.0,1.0,2.0,1.0,1.0,3.0,1.0,1.0,3.0,3.0,5.0,3.0,4.0,1.0,1.0,1.0,2.0,1.0,2.0,1.0,2.0,1.0,1.0,3.0,1.0,1.0,1.0,1.0,2.0,1.0,1.0,1.0,2.0,1.0,1.0,1.0,1.0,1.0,1.0,1.0,1.0,4.0,1.0,1.0,1.0,2.0,1.0,6.0,1.0,1.0,1.0,2.0,2.0,1.0,1.0,1.0,-1.2523449689335,2.0,1.0,1.0,2.0,1.0,-1.0,-1.0,-1.0,-1.0,-2.0,1.0,9.0,-1.0,1.0,-1.0,-1.0,-5.0,-4.0,-3.0,-4.0,-5.0,-5.0,1.0,1.0,1.0,6.0,6.0,2.0,1.0,3.0,2.0,1.0,4.0,5.0,1.0,3.0,1.0,1.0,2.0,1.0,5.0,1.0,1.0,10.0,4.0,1.0,1.0,1.0,3.0,7.0,1.0,2.0,8.0,1.0,2.0,1.0,1.0,1.0,2.0,1.0,2.0,9.0,1.0,9.0,1.0,1.0,1.0,3.0,1.0,1.0,4.0,4.0,1.0,2.0,1.0,2.0,1.0,1.0,1.0,2.0,1.0,1.0,2.0,4.0,1.0,1.0,10.0,1.0,1.0,1.0,3.0,1.0,4.0,4.0,9.0,1.0,1.0,5.0,1.0,1.0,4.957128867032768,4.0,2.0,5.0,1.0,7.0,1.0,5.0,1.0,1.0,1.0,18.20845275419301,1.0,5.0,4.0,6.0,1.0,-3.0,-1.0,-1.0,-13.71931735451625,-2.0,-2.0,-1.0,-1.0,-1.0,-1.0,-3.0,-1.0,-2.0,-4.0,-1.0,-2.0,-1.0,-1.0,-1.0,5.0,4.0,2.0,7.0,2.0,1.0,2.0,1.0,2.0,1.0,3.0,4.0,4.0,1.0,1.0,2.0,4.0,2.0,6.0,1.0,5.0,11.27775448851298,8.0,7.0,1.0,4.0,3.0,1.0,1.0,1.0,2.0,1.0,4.0,1.0,1.0,1.0,1.0,2.0,1.0,1.0,3.0,2.0,4.0,7.0,7.0,4.0,1.0,1.0,4.0,1.0,1.0,2.0,1.0,1.0,5.0,1.0,2.0,7.0,4.0,2.0,2.0,1.0,1.0,1.0,2.0,2.0,2.0,1.0,1.0,2.0,6.0,1.0,4.0,2.0,3.0,-9.81276160699843,1.0,8.0,8.0,1.0,1.0,2.0,2.0,1.0,1.0,2.0,2.0,11.0,5.0,2.0,1.0,2.0,2.0,2.0,2.0,2.0,2.0,2.0,2.0,2.0,1.0,1.0,25.0,6.0,5.0,5.0,5.0,5.0,5.0,5.0,3.0,2.0,1.0,1.0,2.0,1.0,1.0,12.0,15.0,4.0,4.0,5.0,4.0,4.0,5.0,2.0,1.0,5.0,1.0,1.0,2.0,1.0,16.0,5.0,4.0,5.0,4.0,10.0,2.0,4.0,3.0,3.0,6.0,4.0,4.0,4.0,4.0,4.0,4.0,4.0,4.0,4.0,2.0,4.0,4.0,4.0,4.0,4.0,4.0,1.0,1.0,4.0,4.0,4.0,4.0,4.0,4.0,1.0,1.0,1.0,1.0,1.0,1.0,4.0,4.0,4.0,4.0,4.0,4.0,4.0,4.0,4.0,4.0,1.0,1.0,1.0,1.0,3.0,1.0,1.0,10.0,1.0,1.0,1.0,1.0,1.0,21.0,15.0,1.0,1.0,1.0,1.0,1.0,1.0,5.0,1.0,6.0,2.0,2.0,23.0,14.0,1.0,3.0,3.0,3.0,3.0,3.0,3.0,3.0,3.0,1.0,1.0,1.0,1.0,1.0,6.0,1.0,4.0,10.0,9.0,26.0,7.0,3.0,3.0,4.0,3.0,3.0,3.0,4.0,3.0,1.0,1.0,1.0,1.0,3.0,1.0,1.0,13.0,2.0,2.0,2.0,2.0,2.0,2.0,2.0,1.0,1.0,2.0,2.0,2.0,2.0,2.0,2.0,3.0,2.0,1.0,2.0,2.0,2.0,2.0,2.0,2.0,2.0,1.0,2.0,2.0,2.0,2.0,2.0,2.0,2.0,2.0,2.0,2.0,2.0,1.0,-2.0,1.0,4.0,1.0,-4.0,-4.0,-5.0,-4.0,-4.0,-4.0,-5.0,-4.0,-1.0,1.0,2.0,-1.0,1.0,-4.0,-5.0,-4.0,-4.0,-5.0,-4.0,2.0,1.0,-5.0,-6.0,-5.0,-5.0,-6.0,-5.0,1.0,1.0,1.0,-5.0,-5.0,-5.0,-5.0,-5.0,-5.0,-1.0,1.0,-1.0,-5.0,-5.0,-5.0,-5.0,-5.0,-5.0,-3.0,-4.0,-1.0,-1.0,-3.0,-1.0,0.0,1.0,-9.0,-5.0,1.0,-1.0,-2.0,-1.0,-1.0,-2.0,-1.0,-3.0,-2.0,-1.0,-1.0,-1.0,-1.0,-1.0,-3.0,-1.0,-1.0,-1.0,-1.0,-3.0,-2.0,19.45784305872714,-2.0,-1.0,-1.0,-1.0,-2.0,7.0,-4.0,-2.0,-3.0,-3.0,-1.0,-1.0,-1.0,1.0,1.0,0.0,-1.0,-5.0,-7.0,-1.0,-2.0,-1.0,9.0,2.0,13.0,-1.0,-1.0,-1.0,-5.0,-5.0,-2.0,-4.0,1.0,5.0,4.0,2.0,2.0,1.0,2.0,15.0,17.0,4.0,5.0,7.0,13.0,1.0,3.0,1.0,1.0,1.0,12.0,5.0,5.0,1.0,11.0,2.0,4.0,2.0,1.0,15.57346510062307,4.0,2.0,1.0,1.0,2.0,1.0,1.0,2.0,1.0,1.0,2.0,6.0,1.0,1.0,2.0,4.0,3.0,2.0,2.0,3.0,7.0,1.0,1.0,1.0,1.0,1.0,2.0,1.0,1.0,1.0,1.0,1.0,1.0,1.0,1.0,2.0,2.0,1.0,4.0,1.0,1.0,1.0,1.0,3.0,1.0,2.0,6.0,1.0,1.0,1.0,1.0,1.0,1.0,-2.5485758184053537,1.0,1.0,1.0,1.0,1.0,3.0,1.0,1.0,3.0,2.0,2.0,2.0,5.0,-20.80157324031526,2.0,2.0,4.0,3.0,1.0,2.0,2.0,2.0,2.0,-15.704502461243464,1.0,2.0,2.0,2.0,1.0,1.0,1.0,1.0,1.0,2.0,1.0,4.0,1.0,1.0,1.0,1.0,2.0,1.0,1.0,1.0,5.0,5.0,1.0,4.0,3.0,2.0,2.0,1.0,5.0,1.0,3.0,4.0,2.0,1.0,3.0,3.0,4.0,3.0,3.0,1.0,1.0,2.0,1.0,3.0,2.0,4.0,2.0,1.0,4.0,2.0,1.0,2.0,3.0,3.0,3.0,3.0,2.0,1.0,4.0,5.0,1.0,1.0,5.0,4.0,2.0,1.0,1.0,6.276158308138452,6.0,10.0,1.0,5.0,5.0,1.0,7.0,2.0,1.0,10.0,4.0,3.0,3.0,1.0,7.0,1.0,11.0,1.0,2.0,2.0,1.0,3.0,2.0,1.0,1.0,5.0,8.0,1.0,7.0,3.0,1.0,2.0,2.0,1.0,2.0,1.0,1.0,1.0,1.0,2.0,7.0,6.0,1.0,2.0,1.0,1.0,1.0,1.0,5.0,1.0,1.0,2.0,5.0,1.0,2.0,7.0,6.0,6.0,1.0,2.0,9.0,3.0,6.0,1.0,6.0,4.0,9.0,1.0,1.0,1.0,2.0,10.0,6.0,2.0,2.0,5.0,5.0,1.0,10.0,1.0,2.0,4.0,5.0,13.0,1.0,1.0,1.0,1.0,4.0,4.0,3.0,1.0,2.0,1.0,1.0,1.0,2.0,4.0,4.0,5.0,11.0,1.0,1.0,13.2640361646798,1.0,5.0,2.0,7.0,1.0,1.0,2.0,1.0,1.0,1.0,3.0,3.0,2.0,2.0,3.0,5.0,1.0,2.0,1.0,-2.0,1.0,1.0,7.0,-3.0,-3.0,-3.0,-3.0,1.0,0.0,4.0,-2.0,5.0,-6.0,-6.0,-6.0,-6.0,-2.0,-1.0,-1.0,-6.0,-6.0,-6.0,-6.0,-3.0,-2.0,-1.0,-1.0,-3.0,-3.0,-3.0,-3.0,-2.0,-1.0,-1.0,2.0,-1.0,-6.0,-6.0,-6.0,-7.103831779623127,-6.0,-6.0,-6.0,1.0,1.0,-3.0,-3.0,7.0,2.0,-5.0,-5.0,-5.0,-5.0,1.0,-2.0,-2.0,2.0,1.0,-5.0,-6.0,-5.0,-5.0,2.0,1.0,1.0,1.0,-6.0,-6.0,-6.0,-6.0,-1.0,1.0,-2.0,-2.0,1.0,2.0,-13.0,-13.0,-1.0,-1.0,-2.0,2.0,1.0,-5.0,-5.0,-5.0,-5.0,-5.0,-5.0,1.0,1.0,-5.0,-5.0,-5.0,-5.0,-5.0,0.0,-3.0,-12.0,-12.0,1.0,5.0,-7.0,-7.0,-7.0,-7.0,1.0,7.0,1.0,1.0,1.0,2.0,11.0,1.0,4.0,1.0,3.0,6.0,1.0,2.0,3.0,15.0,3.0,2.0,3.0,4.0,1.0,6.0,6.0,4.0,2.0,1.0,1.0,1.0,1.0,1.0,1.0,3.0,7.0,1.0,3.0,1.0,1.0,1.0,3.0,2.0,1.0,2.0,2.0,1.0,1.0,3.0,3.0,3.0,1.0,1.0,2.0,3.0,3.0,3.0,1.0,1.0,1.0,3.0,4.0,4.0,2.0,3.0,1.0,1.0,1.0,1.0,1.0,1.0,2.0,3.0,4.0,4.0,2.0,6.0,3.0,1.0,1.0,1.0,1.0,1.0,1.0,2.0,3.0,1.0,13.0,3.0,1.0,1.0,6.0,1.0,1.0,1.0,4.0,1.0,1.0,2.0,2.0,4.0,3.0,3.0,1.0,1.0,1.0,1.0,2.0,2.0,3.0,3.0,1.0,1.0,2.0,2.0,1.0,2.0,6.0,6.0,2.0,3.0,2.0,2.0,1.0,1.0,2.0,2.0,6.0,6.0,2.0,3.0,2.0,2.0,1.0,1.0,21.0,3.0,4.0,1.0,2.0,2.0,8.0,1.0,7.0,2.0,1.0,2.0,3.0,4.0,4.0,1.0,16.0,1.0,6.0,3.0,1.0,1.0,2.0,10.0,1.0,10.0,3.0,3.0,2.0,1.0,4.0,3.0,1.0,2.0,1.0,1.0,4.0,1.0,3.0,1.0,2.0,2.0,1.0,1.0,1.0,1.0,3.0,1.0,1.0,2.0,1.0,1.0,1.0,1.0,1.0,1.29786125122586,1.0,1.0,1.0,1.0,1.0,4.0,3.0,1.0,1.0,1.0,1.0,1.0,1.0,2.0,2.0,1.0,4.0,1.0,4.0,1.0,1.0,2.0,1.0,1.0,3.0,2.0,2.0,2.0,2.0,1.0,1.0,6.0,24.0,4.0,1.0,3.0,2.0,1.0,1.0,16.0,35.0,3.0,1.0,1.0,1.0,1.0,1.0,1.0,3.0,5.0,1.0,1.0,2.0,7.0,5.0,5.0,2.0,3.0,1.0,1.0,1.0,8.0,1.0,5.0,3.0,2.0,9.0,6.0,1.0,4.0,13.0,1.0,7.0,7.0,1.0,1.0,1.0,1.0,1.0,4.0,6.0,3.0,2.0,1.0,8.0,6.0,1.0,1.0,1.0,2.0,3.0,1.0,2.0,8.0,1.0,2.0,9.0,2.0,1.0,1.0,1.0,1.0,1.0,4.0,1.0,1.0,4.0,5.0,1.0,1.0,2.0,3.0,2.0,1.0,2.0,5.0,6.0,4.0,6.0,8.0,11.0,7.0,6.0,1.0,1.0,1.0,4.0,1.0,3.0,4.0,5.0,12.0,5.0,2.0,2.0,1.0,4.0,2.0,1.0,1.0,1.0,3.0,4.0,3.0,2.0,17.29671484676516,3.0,5.0,1.0,7.0,5.0,2.0,2.0,3.0,1.0,1.0,1.0,1.0,2.0,1.0,2.0,1.0,1.0,12.0,10.0,8.0,6.0,5.0,1.0,1.0,1.0,3.0,1.0,1.0,1.0,3.0,4.0,1.0,2.0,1.0,1.0,1.0,2.0,1.0,1.0,8.0,1.0,1.0,2.0,2.0,5.0,2.0,2.0,1.0,1.0,3.0,2.0,3.0,1.0,6.0,6.0,1.0,1.0,6.0,1.0,6.0,9.0,3.0,13.0,10.0,1.0,1.0,11.0,1.0,1.0,3.0,8.0,9.0,2.0,1.0,2.0,3.0,3.0,3.0,1.0,1.0,1.0,5.0,5.0,2.0,1.0,2.0,2.0,1.0,1.0,5.0,1.0,1.0,1.0,1.0,3.0,2.0,1.0,2.0,1.0,3.0,4.0,1.0,2.0,1.0,2.0,1.0,2.0,2.0,1.0,1.0,2.0,2.0,1.0,1.0,1.0,1.0,1.0,1.0,2.0,1.0,8.0,2.0,1.0,5.0,6.0,2.0,1.0,1.0,1.0,6.0,2.0,3.0,4.0,3.0,1.0,1.0,2.0,2.0,1.0,1.0,11.0,1.0,1.0,2.0,4.0,5.0,3.0,1.0,4.0,1.0,14.0,4.0,7.0,1.0,1.0,2.0,1.0,1.0,2.92572291035908,1.0,1.0,1.0,3.0,1.0,9.0,2.0,2.0,1.0,1.0,7.0,1.0,8.0,1.0,1.0,1.0,1.0,2.0,1.0,1.0,1.0,1.0,2.0,1.0,1.0,1.0,1.0,1.0,1.0,4.0,4.0,3.0,2.0,1.0,1.0,1.0,1.0,3.0,1.0,1.0,1.0,1.0,1.0,1.0,1.0,1.0,2.0,1.0,3.0,0.24337417607789,1.0,1.0,3.0,5.0,9.0,7.0,2.0,2.0,1.0,1.0,1.0,2.0,3.0,1.0,1.0,2.0,3.0,1.0,1.0,2.0,2.0,1.0,1.0,1.0,1.0,2.0,1.0,1.0,-1.0,-1.0,-2.0,-4.0,-12.0,-7.0,-6.0,-6.0,-9.0,-11.0,-2.0,-8.0,-10.0,-6.0,-11.0,-6.50984180533249,-1.0,-4.0,-1.0,-10.0,-11.0,-3.0,-8.0,-12.0,-10.0,-1.0,-1.0,-1.0,-1.0,-7.0,-7.0,-13.0,-7.0,2.0,1.0,1.0,1.0,2.0,1.0,1.0,5.0,1.0,2.0,1.0,1.0,3.0,1.0,3.0,1.0,1.0,1.0,1.0,1.0,1.0,1.0,1.0,4.0,1.0,1.0,2.0,1.0,1.0,3.0,1.0,1.0,2.0,1.0,1.0,2.0,3.0,1.0,2.0,1.0,1.0,1.0,1.0,1.0,1.0,2.0,1.0,2.0,1.0,2.0,5.0,6.0,1.0,2.0,1.0,1.0,3.0,1.0,1.0,2.0,3.0,3.0,1.0,1.0,2.0,5.0,5.0,1.0,1.0,4.0,3.0,2.0,1.0,1.0,-1.0,1.0,2.0,-3.0,1.0,1.0,-4.0,-4.0,-3.0,2.0,-1.0,-1.0,-1.0,-2.0,2.0,10.0,1.0,1.0,1.0,2.0,3.0,4.0,1.0,2.0,1.0,17.0,1.0,1.0,1.0,1.0,2.0,1.0,1.0,1.0,4.0,4.0,1.0,3.0,1.0,1.0,2.0,1.0,1.0,1.0,2.0,2.0,1.0,1.0,1.0,1.0,2.0,3.0,18.94840458248437,1.0,1.0,3.0,1.0,1.0,1.0,2.0,3.0,1.0,1.0,2.0,4.0,2.0,1.0,1.0,1.0,1.0,2.0,3.0,1.0,4.0,1.0,1.0,1.0,4.0,4.0,1.0,1.0,2.0,2.0,2.0,2.0,1.0,2.0,1.0,2.0,3.0,1.0,6.0,11.0,8.0,5.0,4.0,5.0,3.0,2.0,1.0,1.0,1.0,1.0,1.0,2.0,2.0,3.0,2.0,3.0,1.0,1.0,1.0,1.0,1.0,1.0,3.0,2.0,5.0,1.0,2.0,2.0,1.0,5.0,1.0,5.0,1.0,2.0,5.0,3.0,2.0,1.0,15.11250881122309,1.0,2.0,3.0,1.0,1.0,1.0,3.0,3.0,2.0,4.0,1.0,1.0,1.0,1.0,1.0,1.0,1.0,1.0,1.0,1.0,1.0,3.0,5.0,1.0,1.0,1.0,2.0,2.0,1.0,1.0,5.0,1.0,1.0,5.0,1.0,1.0,-7.0,-7.0,1.0,-1.0,-4.0,-2.0,-1.0,-2.0,-1.0,1.0,-1.0,-3.0,-5.0,0.0,-3.0,-1.0,-2.0,-4.0,1.0,-1.0,1.0,-1.0,-1.0,1.0,-1.0,-1.0,2.0,-2.0,-3.0,2.0,-2.0,-1.0,1.0,-1.0,-1.0,-2.0,1.0,-2.0,-1.0,2.0,-1.0,-1.0,-1.0,-1.0,-2.0,2.0,-2.0,-2.0,0.0,-1.0,-1.0,-1.0,-1.0,-1.0,1.0,1.0,1.0,7.0,1.0,1.0,1.0,1.0,1.0,2.0,1.0,1.0,12.0,1.0,1.0,1.0,1.0,1.0,1.0,2.0,1.0,1.0,1.0,1.0,2.0,4.0,3.0,1.0,1.0,3.0,1.0,1.0,1.0,1.0,2.0,1.0,1.0,1.0,1.0,1.0,2.0,1.0,1.0,3.0,7.0,2.0,1.0,1.0,1.0,1.0,1.0,1.0,1.0,1.0,1.0,1.0,1.0,1.0,6.0,1.0,1.0,1.0,1.0,1.0,1.0,1.0,1.0,1.0,1.0,1.0,1.0,1.0,1.0,1.0,1.0,4.0,1.0,1.0,1.0,1.0,1.0,1.0,1.0,1.0,1.0,1.0,1.0,1.0,1.0,1.0,1.0,1.0,1.0,1.0,1.0,-1.0,-1.0,1.0,1.0,2.0,-2.0,-2.0,-2.0,-2.0,-2.0,1.0,1.0,-3.56110793196185,-3.0,-3.0,-3.0,1.0,-5.0,-5.0,-5.0,1.0,1.0,1.0,1.0,2.0,1.0,1.0,-1.0,-1.0,-1.0,-1.0,-1.0,-1.0,4.0,4.0,1.0,1.0,3.0,1.0,1.0,1.0,1.0,1.0,3.0,3.0,2.0,1.0,1.0,1.0,1.0,1.0,2.0,1.0,1.0,2.0,2.0,1.0,1.0,1.0,1.0,1.0,3.0,3.0,3.0,1.0,1.0,2.0,1.0,1.0,2.0,2.0,2.0,1.0,1.0,1.0,2.0,1.0,1.0,1.0,1.0,3.0,1.0,1.0,1.0,1.0,4.0,2.0,5.0,1.0,2.0,1.0,1.0,1.0,1.0,3.0,1.0,2.0,3.0,2.0,1.0,1.0,1.0,2.0,2.0,2.0,2.0,1.0,6.0,3.0,6.0,1.0,1.0,1.0,3.0,1.0,4.0,5.0,1.0,1.0,1.0,1.0,1.0,17.0,1.0,2.0,12.0,1.0,2.0,3.0,8.0,13.0,5.0,2.0,1.0,2.0,6.0,4.0,4.0,2.0,1.0,3.0,2.0,1.0,1.0,1.0,3.0,1.0,1.0,1.0,3.0,1.0,1.0,1.0,3.0,1.0,1.0,1.0,2.0,3.0,7.0,4.0,3.0,-0.31044766992144,2.0,2.0,2.0,1.0,1.0,1.0,1.0,1.0,1.0,1.0,1.0,1.0,1.0,1.0,1.0,1.0,1.0,1.0,1.0,1.0,1.0,1.0,1.0,1.0,1.0,1.0,1.0,1.0,3.0,1.0,1.0,2.0,2.0,2.0,2.0,3.0,1.0,1.0,1.0,2.0,1.0,4.0,3.0,1.0,1.0,1.0,2.0,1.0,7.39298284432326,1.0,5.0,3.0,2.0,1.0,1.0,1.0,1.0,1.0,1.0,1.0,1.0,1.0,3.0,4.0,3.0,1.0,1.0,1.0,1.0,1.0,1.0,1.0,1.0,1.0,1.0,1.0,1.0,2.0,1.0,1.0,1.0,1.0,1.0,1.0,1.0,1.0,1.0,1.0,1.0,2.0,1.0,1.0,1.0,1.0,1.0,1.0,1.0,1.0,1.0,1.0,1.0,1.0,1.0,3.0,8.0,2.0,1.0,2.0,1.0,1.0,4.0,1.0,1.0,1.0,1.0,1.0,1.0,1.0,7.0,5.0,2.0,3.0,1.0,1.0,2.0,1.0,1.0,1.0,1.0,1.0,1.0,2.0,3.0,1.0,2.0,2.0,2.0,-16.38832593496558,3.0,1.0,1.0,1.0,1.0,3.0,2.0,3.0,3.0,1.0,1.0,2.0,2.0,2.0,3.0,2.0,1.0,3.0,1.0,2.0,2.0,2.0,2.0,2.0,2.0,1.0,1.0,1.0,1.0,1.0,1.0,1.0,1.0,1.0,2.0,1.0,1.0,1.0,3.0,1.0,1.0,1.0,1.0,1.0,1.0,1.0,2.0,1.0,6.0,1.0,5.0,1.0,4.0,1.0,8.0,1.0,3.0,3.0,4.0,1.0,2.0,2.0,1.0,1.0,3.0,2.0,3.0,1.0,2.0,1.0,1.0,2.0,1.0,1.0,4.0,6.0,1.0,1.0,1.0,2.0,2.0,1.0,1.0,3.0,5.0,5.38785976813884,1.0,1.0,5.0,1.0,1.0,2.0,1.0,1.0,1.0,4.0,2.0,1.0,4.0,2.0,6.0,1.0,1.0,1.0,1.0,6.0,5.96397995782018,1.0,1.0,3.0,3.0,-1.3686525685699,9.0,2.0,3.0,3.0,3.0,3.0,1.0,1.0,5.0,5.0,5.0,5.0,1.0,7.0,10.0,2.0,1.0,4.0,5.0,5.0,5.0,5.0,2.0,1.0,3.0,5.0,4.0,2.0,2.0,1.0,1.0,2.0,3.0,1.0,1.0,3.0,11.0,5.0,5.0,5.0,5.0,5.0,5.0,5.0,5.0,13.0,3.0,2.0,2.0,3.0,11.0,5.0,5.0,5.0,5.0,1.0,1.0,2.0,18.0,11.0,2.0,1.0,3.0,3.0,5.0,5.0,5.0,5.0,5.0,5.0,2.0,1.0,3.0,1.0,1.0,21.0,1.0,2.0,3.0,6.0,6.0,6.0,6.0,2.0,5.0,3.0,2.0,5.0,13.0,2.0,5.0,5.0,5.0,5.0,6.0,2.0,24.0,2.0,1.0,2.0,5.0,5.0,5.0,5.0,1.0,2.0,4.0,3.0,12.0,1.0,9.0,4.0,4.0,4.0,4.0,4.0,4.0,4.0,1.0,10.0,4.0,1.0,21.0,1.0,2.0,1.0,1.0,1.0,4.0,3.0,5.0,6.0,6.0,6.0,6.0,6.0,1.0,1.0,3.0,15.0,1.0,1.0,1.0,1.0,7.0,4.0,1.0,10.0,5.0,5.0,5.0,5.0,1.0,1.0,4.0,2.0,-19.72431348956135,1.0,2.0,2.0,9.0,2.0,1.0,1.0,3.0,1.0,4.0,3.0,1.0,1.0,1.0,1.0,1.0,2.0,1.0,1.0,9.0,1.0,1.0,1.0,2.0,5.0,5.0,5.0,5.0,2.0,1.0,7.0,1.0,2.0,5.0,5.0,5.0,5.0,5.0,5.0,5.0,3.0,1.0,1.0,20.0,1.0,1.0,1.0,4.0,1.0,1.0,2.0,1.0,9.0,3.0,4.0,4.0,4.0,4.0,4.0,4.0,4.0,4.0,1.0,1.0,37.0,1.0,1.0,1.0,6.0,6.0,6.0,6.0,6.0,6.0,1.0,1.0,1.0,1.0,6.0,16.0,1.0,5.0,5.0,5.0,5.0,1.0,27.0,1.0,1.0,1.0,7.0,6.0,6.0,6.0,6.0,1.0,2.0,1.0,30.0,1.0,1.0,1.0,1.0,8.0,6.0,6.0,6.0,6.0,13.32796194626393,2.0,2.0,2.0,2.0,5.0,5.0,7.0,3.0,30.0,3.0,10.0,6.0,1.0,10.0,5.0,5.0,5.0,5.0,5.0,5.0,5.0,4.0,1.0,6.0,8.0,1.0,2.0,3.0,4.0,4.0,5.0,6.0,6.0,6.0,6.0,-5.0,-5.0,-5.0,-5.0,-5.0,-5.0,-5.0,-5.0,-5.0,-5.0,1.0
1.0,1.0,1.0,2.0,1.0,2.0,4.0,7.0,1.0,2.0,1.0,5.0,1.0,1.0,1.0,1.0,3.0,1.0,2.0,1.0,1.0,1.0,1.0,1.0,1.0,1.0,5.0,2.0,1.0,3.0,1.0,1.0,5.0,1.0,1.0,2.0,1.0,1.0,1.0,2.0,3.0,1.0,1.0,1.0,1.0,1.0,1.0,1.0,1.0,1.0,1.0,1.0,5.0,3.0,2.0,1.0,1.0,2.0,1.0,1.0,1.0,1.0,1.0,1.0,1.0,1.0,2.0,1.0,5.0,1.0,2.0,1.0,1.0,2.0,1.0,1.0,1.0,1.0,2.0,1.0,7.0,4.0,1.0,2.0,1.0,2.0,12.0,5.0,1.0,15.0,1.0,2.0,2.0,2.0,1.0,1.0,8.0,1.0,4.0,1.0,1.0,16.0,3.0,3.0,1.0,2.0,1.0,1.0,6.0,7.0,1.0,2.0,3.0,2.0,2.0,3.0,2.0,1.0,5.0,1.0,3.0,2.0,2.0,1.0,1.0,1.0,10.0,10.0,1.0,3.0,2.0,1.0,2.0,5.0,2.0,1.0,3.0,1.0,1.0,1.0,1.0,1.0,1.0,1.0,7.0,1.0,1.0,13.0,1.0,1.0,1.0,10.0,2.0,1.0,3.0,1.0,1.0,2.0,3.0,1.0,1.0,1.0,1.0,1.0,1.0,1.0,2.0,1.0,14.0,1.0,1.0,1.0,2.0,2.0,1.0,3.0,2.0,1.0,1.0,1.0,2.0,5.0,1.0,1.0,1.0,4.0,1.0,4.0,2.0,14.0,1.0,2.0,2.0,4.0,1.0,1.0,3.0,1.0,1.0,2.0,1.0,1.0,4.0,3.0,17.0,1.0,1.0,1.0,1.0,3.0,1.0,3.0,5.0,1.0,2.0,2.0,2.0,1.0,1.0,1.0,4.0,1.0,2.0,1.0,1.0,1.0,1.0,1.0,1.0,5.0,2.0,2.0,3.0,1.0,1.0,1.0,1.0,2.0,1.0,1.0,1.0,1.0,1.0,5.0,2.0,3.0,2.0,2.0,3.0,1.0,2.0,4.0,1.0,2.0,2.0,2.0,1.0,1.0,1.0,1.0,1.0,3.0,2.0,1.0,1.0,13.0,3.0,1.0,1.0,1.0,7.0,4.0,1.0,1.0,1.0,8.0,1.0,1.0,6.0,2.0,1.0,3.0,2.0,8.0,2.0,1.0,1.0,1.0,5.0,1.0,8.0,1.0,4.0,9.0,7.0,1.0,1.0,8.0,1.0,2.0,1.0,1.0,4.0,1.0,1.0,1.0,7.0,4.0,5.0,3.0,1.0,1.0,1.0,2.0,1.0,1.0,1.0,1.0,1.0,1.0,6.0,3.0,2.0,2.0,1.0,1.0,1.0,1.0,1.0,1.0,5.0,1.0,1.0,3.0,1.0,1.0,3.0,3.0,1.0,1.0,1.0,2.0,2.0,1.0,1.0,1.0,3.0,4.0,4.0,1.0,1.0,1.0,2.0,1.0,2.0,2.0,2.0,8.0,9.0,3.0,1.0,2.0,1.0,1.0,3.0,2.0,2.0,1.0,5.0,1.0,3.0,3.0,3.0,4.0,1.0,1.0,2.0,2.0,3.0,3.0,1.0,3.0,2.0,1.0,1.0,1.0,1.0,1.0,1.0,1.0,1.0,1.0,1.0,1.0,2.0,10.0,2.0,3.0,3.0,3.0,2.0,1.0,1.0,1.0,1.0,2.0,1.0,15.0,3.0,3.0,3.0,3.0,1.0,1.0,11.0,2.0,2.0,2.0,3.0,1.0,1.0,1.0,1.0,9.0,2.0,2.0,3.0,3.0,1.0,1.0,1.0,2.0,1.0,13.0,2.0,2.0,3.0,3.0,6.0,5.0,2.0,2.0,2.0,2.0,3.0,3.0,4.0,3.0,2.0,2.0,3.0,3.0,4.0,2.0,7.0,3.0,3.0,2.0,2.0,1.0,3.0,7.0,2.0,13.0,6.0,4.0,1.0,1.0,1.0,2.0,1.0,3.0,2.0,10.0,2.0,14.0,1.0,1.0,1.0,9.0,3.0,2.0,1.0,1.0,10.0,2.0,1.0,1.0,1.0,2.0,3.0,7.0,5.0,1.0,1.0,1.0,2.0,6.0,2.0,2.0,4.0,2.0,1.0,1.0,1.0,3.0,2.0,10.0,3.0,1.0,1.0,1.0,5.0,3.0,5.0,1.0,3.0,1.0,1.0,2.0,2.0,3.0,2.0,1.0,2.0,1.0,1.0,1.0,2.0,1.0,1.0,1.0,1.0,5.0,1.0,2.0,1.0,1.0,1.0,1.0,1.0,4.0,1.0,1.0,14.0,1.0,4.0,1.0,13.0,11.0,2.0,2.0,1.0,5.0,1.0,11.0,1.0,1.0,1.0,1.0,1.0,4.0,1.0,1.0,1.0,1.0,3.0,1.0,3.0,1.0,5.0,9.0,1.0,1.0,1.0,1.0,4.0,1.0,6.0,13.0,1.0,3.0,3.0,4.0,1.0,3.0,1.0,4.0,1.0,14.0,9.0,12.0,7.0,1.0,1.0,1.0,2.0,4.0,4.0,6.0,10.0,8.0,21.0,4.0,4.0,3.0,2.0,4.0,1.0,2.0,12.0,11.0,1.0,3.0,4.0,1.0,1.0,1.0,1.0,3.0,6.0,7.0,2.0,5.0,3.0,3.0,8.0,10.0,2.0,19.0,8.0,5.0,1.0,3.0,2.0,6.0,-2.04564786099211,2.0,1.0,2.0,3.0,8.0,9.0,6.0,6.0,1.0,1.0,2.0,2.0,2.0,8.0,4.0,5.0,8.0,7.0,13.0,3.0,9.0,2.0,1.0,3.0,5.0,1.0,3.0,1.0,1.0,5.47566330468136,8.0,1.0,2.0,1.0,1.0,6.0,1.0,1.0,1.0,5.0,15.0,1.0,2.0,7.0,5.0,4.0,5.0,4.0,16.0,6.0,4.0,2.0,1.0,1.0,1.0,1.0,1.0,1.0,2.0,1.0,7.0,7.0,4.0,1.0,2.0,1.0,2.0,1.0,1.0,1.0,1.0,2.0,2.0,1.0,1.0,1.0,1.0,1.0,1.0,1.0,1.0,1.0,1.0,1.0,2.0,2.0,4.0,1.0,1.0,1.0,2.0,7.0,1.0,1.0,1.0,1.0,1.0,1.0,1.0,2.0,3.0,6.0,7.0,4.0,1.0,3.0,1.0,1.0,1.0,1.0,1.0,1.0,1.0,1.0,1.0,2.0,1.0,1.0,2.0,1.0,1.0,1.0,2.0,1.0,1.0,1.0,1.0,1.0,2.0,2.0,3.0,6.0,1.0,1.0,2.0,1.0,1.0,2.0,1.0,1.0,13.0,19.0,2.0,1.0,1.0,4.0,1.0,1.0,1.0,1.0,1.0,1.0,1.0,1.0,1.0,1.0,1.0,2.0,1.0,1.0,1.0,16.0,15.0,1.0,2.0,2.0,2.0,1.0,1.0,1.0,2.0,1.0,1.0,1.0,1.0,1.0,2.0,1.0,1.0,3.0,1.0,1.0,1.0,2.0,1.0,1.0,12.0,7.0,1.0,5.0,1.0,3.0,1.0,1.0,1.0,2.0,3.0,1.0,1.0,6.0,7.0,3.0,5.0,3.0,1.0,1.0,3.0,2.0,1.0,7.0,16.0,1.0,1.0,5.0,3.0,1.0,1.0,3.0,2.0,1.0,3.96952489648403,1.0,2.0,3.0,3.0,1.0,1.0,2.0,1.0,1.0,1.0,2.0,30.0,1.0,4.0,7.0,1.0,1.0,1.0,1.0,1.0,2.0,1.0,2.0,1.0,1.0,1.0,1.0,1.0,1.0,5.0,24.0,4.0,2.0,1.0,1.0,1.0,1.0,1.0,1.0,2.0,2.0,3.0,1.0,2.0,1.0,1.0,1.0,1.0,1.0,1.0,1.0,2.0,1.0,1.0,1.0,1.0,1.0,1.0,1.0,1.0,3.0,1.0,1.0,1.0,3.0,5.0,2.0,3.0,1.0,1.0,2.0,1.0,2.0,1.0,3.0,1.0,2.0,1.0,1.0,2.0,2.0,2.0,1.0,1.0,5.0,2.0,2.0,4.0,1.0,3.0,1.0,4.0,1.0,1.0,2.0,1.0,1.0,4.0,1.0,2.0,1.0,1.0,2.0,4.0,1.0,2.0,2.0,5.0,1.0,1.0,2.0,1.0,1.0,3.0,1.0,1.0,3.0,3.0,5.0,3.0,4.0,1.0,1.0,1.0,2.0,1.0,2.0,1.0,2.0,1.0,1.0,3.0,1.0,1.0,1.0,1.0,2.0,1.0,1.0,1.0,2.0,1.0,1.0,1.0,1.0,1.0,1.0,1.0,1.0,4.0,1.0,1.0,1.0,2.0,1.0,6.0,1.0,1.0,1.0,2.0,2.0,1.0,1.0,1.0,-1.2523449689335,2.0,1.0,1.0,2.0,1.0,-1.0,-1.0,-1.0,-1.0,-2.0,1.0,9.0,-1.0,1.0,-1.0,-1.0,-5.0,-4.0,-3.0,-4.0,-5.0,-5.0,1.0,1.0,1.0,6.0,6.0,2.0,1.0,3.0,2.0,1.0,4.0,5.0,1.0,3.0,1.0,1.0,2.0,1.0,5.0,1.0,1.0,10.0,4.0,1.0,1.0,1.0,3.0,7.0,1.0,2.0,8.0,1.0,2.0,1.0,1.0,1.0,2.0,1.0,2.0,9.0,1.0,9.0,1.0,1.0,1.0,3.0,1.0,1.0,4.0,4.0,1.0,2.0,1.0,2.0,1.0,1.0,1.0,2.0,1.0,1.0,2.0,4.0,1.0,1.0,10.0,1.0,1.0,1.0,3.0,1.0,4.0,4.0,9.0,1.0,1.0,5.0,1.0,1.0,4.957128867032768,4.0,2.0,5.0,1.0,7.0,1.0,5.0,1.0,1.0,1.0,18.20845275419301,1.0,5.0,4.0,6.0,1.0,-3.0,-1.0,-1.0,-13.71931735451625,-2.0,-2.0,-1.0,-1.0,-1.0,-1.0,-3.0,-1.0,-2.0,-4.0,-1.0,-2.0,-1.0,-1.0,-1.0,5.0,4.0,2.0,7.0,2.0,1.0,2.0,1.0,2.0,1.0,3.0,4.0,4.0,1.0,1.0,2.0,4.0,2.0,6.0,1.0,5.0,11.27775448851298,8.0,7.0,1.0,4.0,3.0,1.0,1.0,1.0,2.0,1.0,4.0,1.0,1.0,1.0,1.0,2.0,1.0,1.0,3.0,2.0,4.0,7.0,7.0,4.0,1.0,1.0,4.0,1.0,1.0,2.0,1.0,1.0,5.0,1.0,2.0,7.0,4.0,2.0,2.0,1.0,1.0,1.0,2.0,2.0,2.0,1.0,1.0,2.0,6.0,1.0,4.0,2.0,3.0,-9.81276160699843,1.0,8.0,8.0,1.0,1.0,2.0,2.0,1.0,1.0,2.0,2.0,11.0,5.0,2.0,1.0,2.0,2.0,2.0,2.0,2.0,2.0,2.0,2.0,2.0,1.0,1.0,25.0,6.0,5.0,5.0,5.0,5.0,5.0,5.0,3.0,2.0,1.0,1.0,2.0,1.0,1.0,12.0,15.0,4.0,4.0,5.0,4.0,4.0,5.0,2.0,1.0,5.0,1.0,1.0,2.0,1.0,16.0,5.0,4.0,5.0,4.0,10.0,2.0,4.0,3.0,3.0,6.0,4.0,4.0,4.0,4.0,4.0,4.0,4.0,4.0,4.0,2.0,4.0,4.0,4.0,4.0,4.0,4.0,1.0,1.0,4.0,4.0,4.0,4.0,4.0,4.0,1.0,1.0,1.0,1.0,1.0,1.0,4.0,4.0,4.0,4.0,4.0,4.0,4.0,4.0,4.0,4.0,1.0,1.0,1.0,1.0,3.0,1.0,1.0,10.0,1.0,1.0,1.0,1.0,1.0,21.0,15.0,1.0,1.0,1.0,1.0,1.0,1.0,5.0,1.0,6.0,2.0,2.0,23.0,14.0,1.0,3.0,3.0,3.0,3.0,3.0,3.0,3.0,3.0,1.0,1.0,1.0,1.0,1.0,6.0,1.0,4.0,10.0,9.0,26.0,7.0,3.0,3.0,4.0,3.0,3.0,3.0,4.0,3.0,1.0,1.0,1.0,1.0,3.0,1.0,1.0,13.0,2.0,2.0,2.0,2.0,2.0,2.0,2.0,1.0,1.0,2.0,2.0,2.0,2.0,2.0,2.0,3.0,2.0,1.0,2.0,2.0,2.0,2.0,2.0,2.0,2.0,1.0,2.0,2.0,2.0,2.0,2.0,2.0,2.0,2.0,2.0,2.0,2.0,1.0,-2.0,1.0,4.0,1.0,-4.0,-4.0,-5.0,-4.0,-4.0,-4.0,-5.0,-4.0,-1.0,1.0,2.0,-1.0,1.0,-4.0,-5.0,-4.0,-4.0,-5.0,-4.0,2.0,1.0,-5.0,-6.0,-5.0,-5.0,-6.0,-5.0,1.0,1.0,1.0,-5.0,-5.0,-5.0,-5.0,-5.0,-5.0,-1.0,1.0,-1.0,-5.0,-5.0,-5.0,-5.0,-5.0,-5.0,-3.0,-4.0,-1.0,-1.0,-3.0,-1.0,0.0,1.0,-9.0,-5.0,1.0,-1.0,-2.0,-1.0,-1.0,-2.0,-1.0,-3.0,-2.0,-1.0,-1.0,-1.0,-1.0,-1.0,-3.0,-1.0,-1.0,-1.0,-1.0,-3.0,-2.0,19.45784305872714,-2.0,-1.0,-1.0,-1.0,-2.0,7.0,-4.0,-2.0,-3.0,-3.0,-1.0,-1.0,-1.0,1.0,1.0,0.0,-1.0,-5.0,-7.0,-1.0,-2.0,-1.0,9.0,2.0,13.0,-1.0,-1.0,-1.0,-5.0,-5.0,-2.0,-4.0,1.0,5.0,4.0,2.0,2.0,1.0,2.0,15.0,17.0,4.0,5.0,7.0,13.0,1.0,3.0,1.0,1.0,1.0,12.0,5.0,5.0,1.0,11.0,2.0,4.0,2.0,1.0,15.57346510062307,4.0,2.0,1.0,1.0,2.0,1.0,1.0,2.0,1.0,1.0,2.0,6.0,1.0,1.0,2.0,4.0,3.0,2.0,2.0,3.0,7.0,1.0,1.0,1.0,1.0,1.0,2.0,1.0,1.0,1.0,1.0,1.0,1.0,1.0,1.0,2.0,2.0,1.0,4.0,1.0,1.0,1.0,1.0,3.0,1.0,2.0,6.0,1.0,1.0,1.0,1.0,1.0,1.0,-2.5485758184053537,1.0,1.0,1.0,1.0,1.0,3.0,1.0,1.0,3.0,2.0,2.0,2.0,5.0,-20.80157324031526,2.0,2.0,4.0,3.0,1.0,2.0,2.0,2.0,2.0,-15.704502461243464,1.0,2.0,2.0,2.0,1.0,1.0,1.0,1.0,1.0,2.0,1.0,4.0,1.0,1.0,1.0,1.0,2.0,1.0,1.0,1.0,5.0,5.0,1.0,4.0,3.0,2.0,2.0,1.0,5.0,1.0,3.0,4.0,2.0,1.0,3.0,3.0,4.0,3.0,3.0,1.0,1.0,2.0,1.0,3.0,2.0,4.0,2.0,1.0,4.0,2.0,1.0,2.0,3.0,3.0,3.0,3.0,2.0,1.0,4.0,5.0,1.0,1.0,5.0,4.0,2.0,1.0,1.0,6.276158308138452,6.0,10.0,1.0,5.0,5.0,1.0,7.0,2.0,1.0,10.0,4.0,3.0,3.0,1.0,7.0,1.0,11.0,1.0,2.0,2.0,1.0,3.0,2.0,1.0,1.0,5.0,8.0,1.0,7.0,3.0,1.0,2.0,2.0,1.0,2.0,1.0,1.0,1.0,1.0,2.0,7.0,6.0,1.0,2.0,1.0,1.0,1.0,1.0,5.0,1.0,1.0,2.0,5.0,1.0,2.0,7.0,6.0,6.0,1.0,2.0,9.0,3.0,6.0,1.0,6.0,4.0,9.0,1.0,1.0,1.0,2.0,10.0,6.0,2.0,2.0,5.0,5.0,1.0,10.0,1.0,2.0,4.0,5.0,13.0,1.0,1.0,1.0,1.0,4.0,4.0,3.0,1.0,2.0,1.0,1.0,1.0,2.0,4.0,4.0,5.0,11.0,1.0,1.0,13.2640361646798,1.0,5.0,2.0,7.0,1.0,1.0,2.0,1.0,1.0,1.0,3.0,3.0,2.0,2.0,3.0,5.0,1.0,2.0,1.0,-2.0,1.0,1.0,7.0,-3.0,-3.0,-3.0,-3.0,1.0,0.0,4.0,-2.0,5.0,-6.0,-6.0,-6.0,-6.0,-2.0,-1.0,-1.0,-6.0,-6.0,-6.0,-6.0,-3.0,-2.0,-1.0,-1.0,-3.0,-3.0,-3.0,-3.0,-2.0,-1.0,-1.0,2.0,-1.0,-6.0,-6.0,-6.0,-7.103831779623127,-6.0,-6.0,-6.0,1.0,1.0,-3.0,-3.0,7.0,2.0,-5.0,-5.0,-5.0,-5.0,1.0,-2.0,-2.0,2.0,1.0,-5.0,-6.0,-5.0,-5.0,2.0,1.0,1.0,1.0,-6.0,-6.0,-6.0,-6.0,-1.0,1.0,-2.0,-2.0,1.0,2.0,-13.0,-13.0,-1.0,-1.0,-2.0,2.0,1.0,-5.0,-5.0,-5.0,-5.0,-5.0,-5.0,1.0,1.0,-5.0,-5.0,-5.0,-5.0,-5.0,0.0,-3.0,-12.0,-12.0,1.0,5.0,-7.0,-7.0,-7.0,-7.0,1.0,7.0,1.0,1.0,1.0,2.0,11.0,1.0,4.0,1.0,3.0,6.0,1.0,2.0,3.0,15.0,3.0,2.0,3.0,4.0,1.0,6.0,6.0,4.0,2.0,1.0,1.0,1.0,1.0,1.0,1.0,3.0,7.0,1.0,3.0,1.0,1.0,1.0,3.0,2.0,1.0,2.0,2.0,1.0,1.0,3.0,3.0,3.0,1.0,1.0,2.0,3.0,3.0,3.0,1.0,1.0,1.0,3.0,4.0,4.0,2.0,3.0,1.0,1.0,1.0,1.0,1.0,1.0,2.0,3.0,4.0,4.0,2.0,6.0,3.0,1.0,1.0,1.0,1.0,1.0,1.0,2.0,3.0,1.0,13.0,3.0,1.0,1.0,6.0,1.0,1.0,1.0,4.0,1.0,1.0,2.0,2.0,4.0,3.0,3.0,1.0,1.0,1.0,1.0,2.0,2.0,3.0,3.0,1.0,1.0,2.0,2.0,1.0,2.0,6.0,6.0,2.0,3.0,2.0,2.0,1.0,1.0,2.0,2.0,6.0,6.0,2.0,3.0,2.0,2.0,1.0,1.0,21.0,3.0,4.0,1.0,2.0,2.0,8.0,1.0,7.0,2.0,1.0,2.0,3.0,4.0,4.0,1.0,16.0,1.0,6.0,3.0,1.0,1.0,2.0,10.0,1.0,10.0,3.0,3.0,2.0,1.0,4.0,3.0,1.0,2.0,1.0,1.0,4.0,1.0,3.0,1.0,2.0,2.0,1.0,1.0,1.0,1.0,3.0,1.0,1.0,2.0,1.0,1.0,1.0,1.0,1.0,1.29786125122586,1.0,1.0,1.0,1.0,1.0,4.0,3.0,1.0,1.0,1.0,1.0,1.0,1.0,2.0,2.0,1.0,4.0,1.0,4.0,1.0,1.0,2.0,1.0,1.0,3.0,2.0,2.0,2.0,2.0,1.0,1.0,6.0,24.0,4.0,1.0,3.0,2.0,1.0,1.0,16.0,35.0,3.0,1.0,1.0,1.0,1.0,1.0,1.0,3.0,5.0,1.0,1.0,2.0,7.0,5.0,5.0,2.0,3.0,1.0,1.0,1.0,8.0,1.0,5.0,3.0,2.0,9.0,6.0,1.0,4.0,13.0,1.0,7.0,7.0,1.0,1.0,1.0,1.0,1.0,4.0,6.0,3.0,2.0,1.0,8.0,6.0,1.0,1.0,1.0,2.0,3.0,1.0,2.0,8.0,1.0,2.0,9.0,2.0,1.0,1.0,1.0,1.0,1.0,4.0,1.0,1.0,4.0,5.0,1.0,1.0,2.0,3.0,2.0,1.0,2.0,5.0,6.0,4.0,6.0,8.0,11.0,7.0,6.0,1.0,1.0,1.0,4.0,1.0,3.0,4.0,5.0,12.0,5.0,2.0,2.0,1.0,4.0,2.0,1.0,1.0,1.0,3.0,4.0,3.0,2.0,17.29671484676516,3.0,5.0,1.0,7.0,5.0,2.0,2.0,3.0,1.0,1.0,1.0,1.0,2.0,1.0,2.0,1.0,1.0,12.0,10.0,8.0,6.0,5.0,1.0,1.0,1.0,3.0,1.0,1.0,1.0,3.0,4.0,1.0,2.0,1.0,1.0,1.0,2.0,1.0,1.0,8.0,1.0,1.0,2.0,2.0,5.0,2.0,2.0,1.0,1.0,3.0,2.0,3.0,1.0,6.0,6.0,1.0,1.0,6.0,1.0,6.0,9.0,3.0,13.0,10.0,1.0,1.0,11.0,1.0,1.0,3.0,8.0,9.0,2.0,1.0,2.0,3.0,3.0,3.0,1.0,1.0,1.0,5.0,5.0,2.0,1.0,2.0,2.0,1.0,1.0,5.0,1.0,1.0,1.0,1.0,3.0,2.0,1.0,2.0,1.0,3.0,4.0,1.0,2.0,1.0,2.0,1.0,2.0,2.0,1.0,1.0,2.0,2.0,1.0,1.0,1.0,1.0,1.0,1.0,2.0,1.0,8.0,2.0,1.0,5.0,6.0,2.0,1.0,1.0,1.0,6.0,2.0,3.0,4.0,3.0,1.0,1.0,2.0,2.0,1.0,1.0,11.0,1.0,1.0,2.0,4.0,5.0,3.0,1.0,4.0,1.0,14.0,4.0,7.0,1.0,1.0,2.0,1.0,1.0,2.92572291035908,1.0,1.0,1.0,3.0,1.0,9.0,2.0,2.0,1.0,1.0,7.0,1.0,8.0,1.0,1.0,1.0,1.0,2.0,1.0,1.0,1.0,1.0,2.0,1.0,1.0,1.0,1.0,1.0,1.0,4.0,4.0,3.0,2.0,1.0,1.0,1.0,1.0,3.0,1.0,1.0,1.0,1.0,1.0,1.0,1.0,1.0,2.0,1.0,3.0,0.24337417607789,1.0,1.0,3.0,5.0,9.0,7.0,2.0,2.0,1.0,1.0,1.0,2.0,3.0,1.0,1.0,2.0,3.0,1.0,1.0,2.0,2.0,1.0,1.0,1.0,1.0,2.0,1.0,1.0,-1.0,-1.0,-2.0,-4.0,-12.0,-7.0,-6.0,-6.0,-9.0,-11.0,-2.0,-8.0,-10.0,-6.0,-11.0,-6.50984180533249,-1.0,-4.0,-1.0,-10.0,-11.0,-3.0,-8.0,-12.0,-10.0,-1.0,-1.0,-1.0,-1.0,-7.0,-7.0,-13.0,-7.0,2.0,1.0,1.0,1.0,2.0,1.0,1.0,5.0,1.0,2.0,1.0,1.0,3.0,1.0,3.0,1.0,1.0,1.0,1.0,1.0,1.0,1.0,1.0,4.0,1.0,1.0,2.0,1.0,1.0,3.0,1.0,1.0,2.0,1.0,1.0,2.0,3.0,1.0,2.0,1.0,1.0,1.0,1.0,1.0,1.0,2.0,1.0,2.0,1.0,2.0,5.0,6.0,1.0,2.0,1.0,1.0,3.0,1.0,1.0,2.0,3.0,3.0,1.0,1.0,2.0,5.0,5.0,1.0,1.0,4.0,3.0,2.0,1.0,1.0,-1.0,1.0,2.0,-3.0,1.0,1.0,-4.0,-4.0,-3.0,2.0,-1.0,-1.0,-1.0,-2.0,2.0,10.0,1.0,1.0,1.0,2.0,3.0,4.0,1.0,2.0,1.0,17.0,1.0,1.0,1.0,1.0,2.0,1.0,1.0,1.0,4.0,4.0,1.0,3.0,1.0,1.0,2.0,1.0,1.0,1.0,2.0,2.0,1.0,1.0,1.0,1.0,2.0,3.0,18.94840458248437,1.0,1.0,3.0,1.0,1.0,1.0,2.0,3.0,1.0,1.0,2.0,4.0,2.0,1.0,1.0,1.0,1.0,2.0,3.0,1.0,4.0,1.0,1.0,1.0,4.0,4.0,1.0,1.0,2.0,2.0,2.0,2.0,1.0,2.0,1.0,2.0,3.0,1.0,6.0,11.0,8.0,5.0,4.0,5.0,3.0,2.0,1.0,1.0,1.0,1.0,1.0,2.0,2.0,3.0,2.0,3.0,1.0,1.0,1.0,1.0,1.0,1.0,3.0,2.0,5.0,1.0,2.0,2.0,1.0,5.0,1.0,5.0,1.0,2.0,5.0,3.0,2.0,1.0,15.11250881122309,1.0,2.0,3.0,1.0,1.0,1.0,3.0,3.0,2.0,4.0,1.0,1.0,1.0,1.0,1.0,1.0,1.0,1.0,1.0,1.0,1.0,3.0,5.0,1.0,1.0,1.0,2.0,2.0,1.0,1.0,5.0,1.0,1.0,5.0,1.0,1.0,-7.0,-7.0,1.0,-1.0,-4.0,-2.0,-1.0,-2.0,-1.0,1.0,-1.0,-3.0,-5.0,0.0,-3.0,-1.0,-2.0,-4.0,1.0,-1.0,1.0,-1.0,-1.0,1.0,-1.0,-1.0,2.0,-2.0,-3.0,2.0,-2.0,-1.0,1.0,-1.0,-1.0,-2.0,1.0,-2.0,-1.0,2.0,-1.0,-1.0,-1.0,-1.0,-2.0,2.0,-2.0,-2.0,0.0,-1.0,-1.0,-1.0,-1.0,-1.0,1.0,1.0,1.0,7.0,1.0,1.0,1.0,1.0,1.0,2.0,1.0,1.0,12.0,1.0,1.0,1.0,1.0,1.0,1.0,2.0,1.0,1.0,1.0,1.0,2.0,4.0,3.0,1.0,1.0,3.0,1.0,1.0,1.0,1.0,2.0,1.0,1.0,1.0,1.0,1.0,2.0,1.0,1.0,3.0,7.0,2.0,1.0,1.0,1.0,1.0,1.0,1.0,1.0,1.0,1.0,1.0,1.0,1.0,6.0,1.0,1.0,1.0,1.0,1.0,1.0,1.0,1.0,1.0,1.0,1.0,1.0,1.0,1.0,1.0,1.0,4.0,1.0,1.0,1.0,1.0,1.0,1.0,1.0,1.0,1.0,1.0,1.0,1.0,1.0,1.0,1.0,1.0,1.0,1.0,1.0,-1.0,-1.0,1.0,1.0,2.0,-2.0,-2.0,-2.0,-2.0,-2.0,1.0,1.0,-3.56110793196185,-3.0,-3.0,-3.0,1.0,-5.0,-5.0,-5.0,1.0,1.0,1.0,1.0,2.0,1.0,1.0,-1.0,-1.0,-1.0,-1.0,-1.0,-1.0,4.0,4.0,1.0,1.0,3.0,1.0,1.0,1.0,1.0,1.0,3.0,3.0,2.0,1.0,1.0,1.0,1.0,1.0,2.0,1.0,1.0,2.0,2.0,1.0,1.0,1.0,1.0,1.0,3.0,3.0,3.0,1.0,1.0,2.0,1.0,1.0,2.0,2.0,2.0,1.0,1.0,1.0,2.0,1.0,1.0,1.0,1.0,3.0,1.0,1.0,1.0,1.0,4.0,2.0,5.0,1.0,2.0,1.0,1.0,1.0,1.0,3.0,1.0,2.0,3.0,2.0,1.0,1.0,1.0,2.0,2.0,2.0,2.0,1.0,6.0,3.0,6.0,1.0,1.0,1.0,3.0,1.0,4.0,5.0,1.0,1.0,1.0,1.0,1.0,17.0,1.0,2.0,12.0,1.0,2.0,3.0,8.0,13.0,5.0,2.0,1.0,2.0,6.0,4.0,4.0,2.0,1.0,3.0,2.0,1.0,1.0,1.0,3.0,1.0,1.0,1.0,3.0,1.0,1.0,1.0,3.0,1.0,1.0,1.0,2.0,3.0,7.0,4.0,3.0,-0.31044766992144,2.0,2.0,2.0,1.0,1.0,1.0,1.0,1.0,1.0,1.0,1.0,1.0,1.0,1.0,1.0,1.0,1.0,1.0,1.0,1.0,1.0,1.0,1.0,1.0,1.0,1.0,1.0,1.0,3.0,1.0,1.0,2.0,2.0,2.0,2.0,3.0,1.0,1.0,1.0,2.0,1.0,4.0,3.0,1.0,1.0,1.0,2.0,1.0,7.39298284432326,1.0,5.0,3.0,2.0,1.0,1.0,1.0,1.0,1.0,1.0,1.0,1.0,1.0,3.0,4.0,3.0,1.0,1.0,1.0,1.0,1.0,1.0,1.0,1.0,1.0,1.0,1.0,1.0,2.0,1.0,1.0,1.0,1.0,1.0,1.0,1.0,1.0,1.0,1.0,1.0,2.0,1.0,1.0,1.0,1.0,1.0,1.0,1.0,1.0,1.0,1.0,1.0,1.0,1.0,3.0,8.0,2.0,1.0,2.0,1.0,1.0,4.0,1.0,1.0,1.0,1.0,1.0,1.0,1.0,7.0,5.0,2.0,3.0,1.0,1.0,2.0,1.0,1.0,1.0,1.0,1.0,1.0,2.0,3.0,1.0,2.0,2.0,2.0,-16.38832593496558,3.0,1.0,1.0,1.0,1.0,3.0,2.0,3.0,3.0,1.0,1.0,2.0,2.0,2.0,3.0,2.0,1.0,3.0,1.0,2.0,2.0,2.0,2.0,2.0,2.0,1.0,1.0,1.0,1.0,1.0,1.0,1.0,1.0,1.0,2.0,1.0,1.0,1.0,3.0,1.0,1.0,1.0,1.0,1.0,1.0,1.0,2.0,1.0,6.0,1.0,5.0,1.0,4.0,1.0,8.0,1.0,3.0,3.0,4.0,1.0,2.0,2.0,1.0,1.0,3.0,2.0,3.0,1.0,2.0,1.0,1.0,2.0,1.0,1.0,4.0,6.0,1.0,1.0,1.0,2.0,2.0,1.0,1.0,3.0,5.0,5.38785976813884,1.0,1.0,5.0,1.0,1.0,2.0,1.0,1.0,1.0,4.0,2.0,1.0,4.0,2.0,6.0,1.0,1.0,1.0,1.0,6.0,5.96397995782018,1.0,1.0,3.0,3.0,-1.3686525685699,9.0,2.0,3.0,3.0,3.0,3.0,1.0,1.0,5.0,5.0,5.0,5.0,1.0,7.0,10.0,2.0,1.0,4.0,5.0,5.0,5.0,5.0,2.0,1.0,3.0,5.0,4.0,2.0,2.0,1.0,1.0,2.0,3.0,1.0,1.0,3.0,11.0,5.0,5.0,5.0,5.0,5.0,5.0,5.0,5.0,13.0,3.0,2.0,2.0,3.0,11.0,5.0,5.0,5.0,5.0,1.0,1.0,2.0,18.0,11.0,2.0,1.0,3.0,3.0,5.0,5.0,5.0,5.0,5.0,5.0,2.0,1.0,3.0,1.0,1.0,21.0,1.0,2.0,3.0,6.0,6.0,6.0,6.0,2.0,5.0,3.0,2.0,5.0,13.0,2.0,5.0,5.0,5.0,5.0,6.0,2.0,24.0,2.0,1.0,2.0,5.0,5.0,5.0,5.0,1.0,2.0,4.0,3.0,12.0,1.0,9.0,4.0,4.0,4.0,4.0,4.0,4.0,4.0,1.0,10.0,4.0,1.0,21.0,1.0,2.0,1.0,1.0,1.0,4.0,3.0,5.0,6.0,6.0,6.0,6.0,6.0,1.0,1.0,3.0,15.0,1.0,1.0,1.0,1.0,7.0,4.0,1.0,10.0,5.0,5.0,5.0,5.0,1.0,1.0,4.0,2.0,-19.72431348956135,1.0,2.0,2.0,9.0,2.0,1.0,1.0,3.0,1.0,4.0,3.0,1.0,1.0,1.0,1.0,1.0,2.0,1.0,1.0,9.0,1.0,1.0,1.0,2.0,5.0,5.0,5.0,5.0,2.0,1.0,7.0,1.0,2.0,5.0,5.0,5.0,5.0,5.0,5.0,5.0,3.0,1.0,1.0,20.0,1.0,1.0,1.0,4.0,1.0,1.0,2.0,1.0,9.0,3.0,4.0,4.0,4.0,4.0,4.0,4.0,4.0,4.0,1.0,1.0,37.0,1.0,1.0,1.0,6.0,6.0,6.0,6.0,6.0,6.0,1.0,1.0,1.0,1.0,6.0,16.0,1.0,5.0,5.0,5.0,5.0,1.0,27.0,1.0,1.0,1.0,7.0,6.0,6.0,6.0,6.0,1.0,2.0,1.0,30.0,1.0,1.0,1.0,1.0,8.0,6.0,6.0,6.0,6.0,13.32796194626393,2.0,2.0,2.0,2.0,5.0,5.0,7.0,3.0,30.0,3.0,10.0,6.0,1.0,10.0,5.0,5.0,5.0,5.0,5.0,5.0,5.0,4.0,1.0,6.0,8.0,1.0,2.0,3.0,4.0,4.0,5.0,6.0,6.0,6.0,6.0,-5.0,-5.0,-5.0,-5.0,-5.0,-5.0,-5.0,-5.0,-5.0,-5.0,1.0
1.0,1.0,1.0,2.0,1.0,2.0,4.0,7.0,1.0,2.0,1.0,5.0,1.0,1.0,1.0,1.0,3.0,1.0,2.0,1.0,1.0,1.0,1.0,1.0,1.0,1.0,5.0,2.0,1.0,3.0,1.0,1.0,5.0,1.0,1.0,2.0,1.0,1.0,1.0,2.0,3.0,1.0,1.0,1.0,1.0,1.0,1.0,1.0,1.0,1.0,1.0,1.0,5.0,3.0,2.0,1.0,1.0,2.0,1.0,1.0,1.0,1.0,1.0,1.0,1.0,1.0,2.0,1.0,5.0,1.0,2.0,1.0,1.0,2.0,1.0,1.0,1.0,1.0,2.0,1.0,7.0,4.0,1.0,2.0,1.0,2.0,12.0,5.0,1.0,15.0,1.0,2.0,2.0,2.0,1.0,1.0,8.0,1.0,4.0,1.0,1.0,16.0,3.0,3.0,1.0,2.0,1.0,1.0,6.0,7.0,1.0,2.0,3.0,2.0,2.0,3.0,2.0,1.0,5.0,1.0,3.0,2.0,2.0,1.0,1.0,1.0,10.0,10.0,1.0,3.0,2.0,1.0,2.0,5.0,2.0,1.0,3.0,1.0,1.0,1.0,1.0,1.0,1.0,1.0,7.0,1.0,1.0,13.0,1.0,1.0,1.0,10.0,2.0,1.0,3.0,1.0,1.0,2.0,3.0,1.0,1.0,1.0,1.0,1.0,1.0,1.0,2.0,1.0,14.0,1.0,1.0,1.0,2.0,2.0,1.0,3.0,2.0,1.0,1.0,1.0,2.0,5.0,1.0,1.0,1.0,4.0,1.0,4.0,2.0,14.0,1.0,2.0,2.0,4.0,1.0,1.0,3.0,1.0,1.0,2.0,1.0,1.0,4.0,3.0,17.0,1.0,1.0,1.0,1.0,3.0,1.0,3.0,5.0,1.0,2.0,2.0,2.0,1.0,1.0,1.0,4.0,1.0,2.0,1.0,1.0,1.0,1.0,1.0,1.0,5.0,2.0,2.0,3.0,1.0,1.0,1.0,1.0,2.0,1.0,1.0,1.0,1.0,1.0,5.0,2.0,3.0,2.0,2.0,3.0,1.0,2.0,4.0,1.0,2.0,2.0,2.0,1.0,1.0,1.0,1.0,1.0,3.0,2.0,1.0,1.0,13.0,3.0,1.0,1.0,1.0,7.0,4.0,1.0,1.0,1.0,8.0,1.0,1.0,6.0,2.0,1.0,3.0,2.0,8.0,2.0,1.0,1.0,1.0,5.0,1.0,8.0,1.0,4.0,9.0,7.0,1.0,1.0,8.0,1.0,2.0,1.0,1.0,4.0,1.0,1.0,1.0,7.0,4.0,5.0,3.0,1.0,1.0,1.0,2.0,1.0,1.0,1.0,1.0,1.0,1.0,6.0,3.0,2.0,2.0,1.0,1.0,1.0,1.0,1.0,1.0,5.0,1.0,1.0,3.0,1.0,1.0,3.0,3.0,1.0,1.0,1.0,2.0,2.0,1.0,1.0,1.0,3.0,4.0,4.0,1.0,1.0,1.0,2.0,1.0,2.0,2.0,2.0,8.0,9.0,3.0,1.0,2.0,1.0,1.0,3.0,2.0,2.0,1.0,5.0,1.0,3.0,3.0,3.0,4.0,1.0,1.0,2.0,2.0,3.0,3.0,1.0,3.0,2.0,1.0,1.0,1.0,1.0,1.0,1.0,1.0,1.0,1.0,1.0,1.0,2.0,10.0,2.0,3.0,3.0,3.0,2.0,1.0,1.0,1.0,1.0,2.0,1.0,15.0,3.0,3.0,3.0,3.0,1.0,1.0,11.0,2.0,2.0,2.0,3.0,1.0,1.0,1.0,1.0,9.0,2.0,2.0,3.0,3.0,1.0,1.0,1.0,2.0,1.0,13.0,2.0,2.0,3.0,3.0,6.0,5.0,2.0,2.0,2.0,2.0,3.0,3.0,4.0,3.0,2.0,2.0,3.0,3.0,4.0,2.0,7.0,3.0,3.0,2.0,2.0,1.0,3.0,7.0,2.0,13.0,6.0,4.0,1.0,1.0,1.0,2.0,1.0,3.0,2.0,10.0,2.0,14.0,1.0,1.0,1.0,9.0,3.0,2.0,1.0,1.0,10.0,2.0,1.0,1.0,1.0,2.0,3.0,7.0,5.0,1.0,1.0,1.0,2.0,6.0,2.0,2.0,4.0,2.0,1.0,1.0,1.0,3.0,2.0,10.0,3.0,1.0,1.0,1.0,5.0,3.0,5.0,1.0,3.0,1.0,1.0,2.0,2.0,3.0,2.0,1.0,2.0,1.0,1.0,1.0,2.0,1.0,1.0,1.0,1.0,5.0,1.0,2.0,1.0,1.0,1.0,1.0,1.0,4.0,1.0,1.0,14.0,1.0,4.0,1.0,13.0,11.0,2.0,2.0,1.0,5.0,1.0,11.0,1.0,1.0,1.0,1.0,1.0,4.0,1.0,1.0,1.0,1.0,3.0,1.0,3.0,1.0,5.0,9.0,1.0,1.0,1.0,1.0,4.0,1.0,6.0,13.0,1.0,3.0,3.0,4.0,1.0,3.0,1.0,4.0,1.0,14.0,9.0,12.0,7.0,1.0,1.0,1.0,2.0,4.0,4.0,6.0,10.0,8.0,21.0,4.0,4.0,3.0,2.0,4.0,1.0,2.0,12.0,11.0,1.0,3.0,4.0,1.0,1.0,1.0,1.0,3.0,6.0,7.0,2.0,5.0,3.0,3.0,8.0,10.0,2.0,19.0,8.0,5.0,1.0,3.0,2.0,6.0,-2.04564786099211,2.0,1.0,2.0,3.0,8.0,9.0,6.0,6.0,1.0,1.0,2.0,2.0,2.0,8.0,4.0,5.0,8.0,7.0,13.0,3.0,9.0,2.0,1.0,3.0,5.0,1.0,3.0,1.0,1.0,5.47566330468136,8.0,1.0,2.0,1.0,1.0,6.0,1.0,1.0,1.0,5.0,15.0,1.0,2.0,7.0,5.0,4.0,5.0,4.0,16.0,6.0,4.0,2.0,1.0,1.0,1.0,1.0,1.0,1.0,2.0,1.0,7.0,7.0,4.0,1.0,2.0,1.0,2.0,1.0,1.0,1.0,1.0,2.0,2.0,1.0,1.0,1.0,1.0,1.0,1.0,1.0,1.0,1.0,1.0,1.0,2.0,2.0,4.0,1.0,1.0,1.0,2.0,7.0,1.0,1.0,1.0,1.0,1.0,1.0,1.0,2.0,3.0,6.0,7.0,4.0,1.0,3.0,1.0,1.0,1.0,1.0,1.0,1.0,1.0,1.0,1.0,2.0,1.0,1.0,2.0,1.0,1.0,1.0,2.0,1.0,1.0,1.0,1.0,1.0,2.0,2.0,3.0,6.0,1.0,1.0,2.0,1.0,1.0,2.0,1.0,1.0,13.0,19.0,2.0,1.0,1.0,4.0,1.0,1.0,1.0,1.0,1.0,1.0,1.0,1.0,1.0,1.0,1.0,2.0,1.0,1.0,1.0,16.0,15.0,1.0,2.0,2.0,2.0,1.0,1.0,1.0,2.0,1.0,1.0,1.0,1.0,1.0,2.0,1.0,1.0,3.0,1.0,1.0,1.0,2.0,1.0,1.0,12.0,7.0,1.0,5.0,1.0,3.0,1.0,1.0,1.0,2.0,3.0,1.0,1.0,6.0,7.0,3.0,5.0,3.0,1.0,1.0,3.0,2.0,1.0,7.0,16.0,1.0,1.0,5.0,3.0,1.0,1.0,3.0,2.0,1.0,3.96952489648403,1.0,2.0,3.0,3.0,1.0,1.0,2.0,1.0,1.0,1.0,2.0,30.0,1.0,4.0,7.0,1.0,1.0,1.0,1.0,1.0,2.0,1.0,2.0,1.0,1.0,1.0,1.0,1.0,1.0,5.0,24.0,4.0,2.0,1.0,1.0,1.0,1.0,1.0,1.0,2.0,2.0,3.0,1.0,2.0,1.0,1.0,1.0,1.0,1.0,1.0,1.0,2.0,1.0,1.0,1.0,1.0,1.0,1.0,1.0,1.0,3.0,1.0,1.0,1.0,3.0,5.0,2.0,3.0,1.0,1.0,2.0,1.0,2.0,1.0,3.0,1.0,2.0,1.0,1.0,2.0,2.0,2.0,1.0,1.0,5.0,2.0,2.0,4.0,1.0,3.0,1.0,4.0,1.0,1.0,2.0,1.0,1.0,4.0,1.0,2.0,1.0,1.0,2.0,4.0,1.0,2.0,2.0,5.0,1.0,1.0,2.0,1.0,1.0,3.0,1.0,1.0,3.0,3.0,5.0,3.0,4.0,1.0,1.0,1.0,2.0,1.0,2.0,1.0,2.0,1.0,1.0,3.0,1.0,1.0,1.0,1.0,2.0,1.0,1.0,1.0,2.0,1.0,1.0,1.0,1.0,1.0,1.0,1.0,1.0,4.0,1.0,1.0,1.0,2.0,1.0,6.0,1.0,1.0,1.0,2.0,2.0,1.0,1.0,1.0,-1.2523449689335,2.0,1.0,1.0,2.0,1.0,-1.0,-1.0,-1.0,-1.0,-2.0,1.0,9.0,-1.0,1.0,-1.0,-1.0,-5.0,-4.0,-3.0,-4.0,-5.0,-5.0,1.0,1.0,1.0,6.0,6.0,2.0,1.0,3.0,2.0,1.0,4.0,5.0,1.0,3.0,1.0,1.0,2.0,1.0,5.0,1.0,1.0,10.0,4.0,1.0,1.0,1.0,3.0,7.0,1.0,2.0,8.0,1.0,2.0,1.0,1.0,1.0,2.0,1.0,2.0,9.0,1.0,9.0,1.0,1.0,1.0,3.0,1.0,1.0,4.0,4.0,1.0,2.0,1.0,2.0,1.0,1.0,1.0,2.0,1.0,1.0,2.0,4.0,1.0,1.0,10.0,1.0,1.0,1.0,3.0,1.0,4.0,4.0,9.0,1.0,1.0,5.0,1.0,1.0,4.957128867032768,4.0,2.0,5.0,1.0,7.0,1.0,5.0,1.0,1.0,1.0,18.20845275419301,1.0,5.0,4.0,6.0,1.0,-3.0,-1.0,-1.0,-13.71931735451625,-2.0,-2.0,-1.0,-1.0,-1.0,-1.0,-3.0,-1.0,-2.0,-4.0,-1.0,-2.0,-1.0,-1.0,-1.0,5.0,4.0,2.0,7.0,2.0,1.0,2.0,1.0,2.0,1.0,3.0,4.0,4.0,1.0,1.0,2.0,4.0,2.0,6.0,1.0,5.0,11.27775448851298,8.0,7.0,1.0,4.0,3.0,1.0,1.0,1.0,2.0,1.0,4.0,1.0,1.0,1.0,1.0,2.0,1.0,1.0,3.0,2.0,4.0,7.0,7.0,4.0,1.0,1.0,4.0,1.0,1.0,2.0,1.0,1.0,5.0,1.0,2.0,7.0,4.0,2.0,2.0,1.0,1.0,1.0,2.0,2.0,2.0,1.0,1.0,2.0,6.0,1.0,4.0,2.0,3.0,-9.81276160699843,1.0,8.0,8.0,1.0,1.0,2.0,2.0,1.0,1.0,2.0,2.0,11.0,5.0,2.0,1.0,2.0,2.0,2.0,2.0,2.0,2.0,2.0,2.0,2.0,1.0,1.0,25.0,6.0,5.0,5.0,5.0,5.0,5.0,5.0,3.0,2.0,1.0,1.0,2.0,1.0,1.0,12.0,15.0,4.0,4.0,5.0,4.0,4.0,5.0,2.0,1.0,5.0,1.0,1.0,2.0,1.0,16.0,5.0,4.0,5.0,4.0,10.0,2.0,4.0,3.0,3.0,6.0,4.0,4.0,4.0,4.0,4.0,4.0,4.0,4.0,4.0,2.0,4.0,4.0,4.0,4.0,4.0,4.0,1.0,1.0,4.0,4.0,4.0,4.0,4.0,4.0,1.0,1.0,1.0,1.0,1.0,1.0,4.0,4.0,4.0,4.0,4.0,4.0,4.0,4.0,4.0,4.0,1.0,1.0,1.0,1.0,3.0,1.0,1.0,10.0,1.0,1.0,1.0,1.0,1.0,21.0,15.0,1.0,1.0,1.0,1.0,1.0,1.0,5.0,1.0,6.0,2.0,2.0,23.0,14.0,1.0,3.0,3.0,3.0,3.0,3.0,3.0,3.0,3.0,1.0,1.0,1.0,1.0,1.0,6.0,1.0,4.0,10.0,9.0,26.0,7.0,3.0,3.0,4.0,3.0,3.0,3.0,4.0,3.0,1.0,1.0,1.0,1.0,3.0,1.0,1.0,13.0,2.0,2.0,2.0,2.0,2.0,2.0,2.0,1.0,1.0,2.0,2.0,2.0,2.0,2.0,2.0,3.0,2.0,1.0,2.0,2.0,2.0,2.0,2.0,2.0,2.0,1.0,2.0,2.0,2.0,2.0,2.0,2.0,2.0,2.0,2.0,2.0,2.0,1.0,-2.0,1.0,4.0,1.0,-4.0,-4.0,-5.0,-4.0,-4.0,-4.0,-5.0,-4.0,-1.0,1.0,2.0,-1.0,1.0,-4.0,-5.0,-4.0,-4.0,-5.0,-4.0,2.0,1.0,-5.0,-6.0,-5.0,-5.0,-6.0,-5.0,1.0,1.0,1.0,-5.0,-5.0,-5.0,-5.0,-5.0,-5.0,-1.0,1.0,-1.0,-5.0,-5.0,-5.0,-5.0,-5.0,-5.0,-3.0,-4.0,-1.0,-1.0,-3.0,-1.0,0.0,1.0,-9.0,-5.0,1.0,-1.0,-2.0,-1.0,-1.0,-2.0,-1.0,-3.0,-2.0,-1.0,-1.0,-1.0,-1.0,-1.0,-3.0,-1.0,-1.0,-1.0,-1.0,-3.0,-2.0,19.45784305872714,-2.0,-1.0,-1.0,-1.0,-2.0,7.0,-4.0,-2.0,-3.0,-3.0,-1.0,-1.0,-1.0,1.0,1.0,0.0,-1.0,-5.0,-7.0,-1.0,-2.0,-1.0,9.0,2.0,13.0,-1.0,-1.0,-1.0,-5.0,-5.0,-2.0,-4.0,1.0,5.0,4.0,2.0,2.0,1.0,2.0,15.0,17.0,4.0,5.0,7.0,13.0,1.0,3.0,1.0,1.0,1.0,12.0,5.0,5.0,1.0,11.0,2.0,4.0,2.0,1.0,15.57346510062307,4.0,2.0,1.0,1.0,2.0,1.0,1.0,2.0,1.0,1.0,2.0,6.0,1.0,1.0,2.0,4.0,3.0,2.0,2.0,3.0,7.0,1.0,1.0,1.0,1.0,1.0,2.0,1.0,1.0,1.0,1.0,1.0,1.0,1.0,1.0,2.0,2.0,1.0,4.0,1.0,1.0,1.0,1.0,3.0,1.0,2.0,6.0,1.0,1.0,1.0,1.0,1.0,1.0,-2.5485758184053537,1.0,1.0,1.0,1.0,1.0,3.0,1.0,1.0,3.0,2.0,2.0,2.0,5.0,-20.80157324031526,2.0,2.0,4.0,3.0,1.0,2.0,2.0,2.0,2.0,-15.704502461243464,1.0,2.0,2.0,2.0,1.0,1.0,1.0,1.0,1.0,2.0,1.0,4.0,1.0,1.0,1.0,1.0,2.0,1.0,1.0,1.0,5.0,5.0,1.0,4.0,3.0,2.0,2.0,1.0,5.0,1.0,3.0,4.0,2.0,1.0,3.0,3.0,4.0,3.0,3.0,1.0,1.0,2.0,1.0,3.0,2.0,4.0,2.0,1.0,4.0,2.0,1.0,2.0,3.0,3.0,3.0,3.0,2.0,1.0,4.0,5.0,1.0,1.0,5.0,4.0,2.0,1.0,1.0,6.276158308138452,6.0,10.0,1.0,5.0,5.0,1.0,7.0,2.0,1.0,10.0,4.0,3.0,3.0,1.0,7.0,1.0,11.0,1.0,2.0,2.0,1.0,3.0,2.0,1.0,1.0,5.0,8.0,1.0,7.0,3.0,1.0,2.0,2.0,1.0,2.0,1.0,1.0,1.0,1.0,2.0,7.0,6.0,1.0,2.0,1.0,1.0,1.0,1.0,5.0,1.0,1.0,2.0,5.0,1.0,2.0,7.0,6.0,6.0,1.0,2.0,9.0,3.0,6.0,1.0,6.0,4.0,9.0,1.0,1.0,1.0,2.0,10.0,6.0,2.0,2.0,5.0,5.0,1.0,10.0,1.0,2.0,4.0,5.0,13.0,1.0,1.0,1.0,1.0,4.0,4.0,3.0,1.0,2.0,1.0,1.0,1.0,2.0,4.0,4.0,5.0,11.0,1.0,1.0,13.2640361646798,1.0,5.0,2.0,7.0,1.0,1.0,2.0,1.0,1.0,1.0,3.0,3.0,2.0,2.0,3.0,5.0,1.0,2.0,1.0,-2.0,1.0,1.0,7.0,-3.0,-3.0,-3.0,-3.0,1.0,0.0,4.0,-2.0,5.0,-6.0,-6.0,-6.0,-6.0,-2.0,-1.0,-1.0,-6.0,-6.0,-6.0,-6.0,-3.0,-2.0,-1.0,-1.0,-3.0,-3.0,-3.0,-3.0,-2.0,-1.0,-1.0,2.0,-1.0,-6.0,-6.0,-6.0,-7.103831779623127,-6.0,-6.0,-6.0,1.0,1.0,-3.0,-3.0,7.0,2.0,-5.0,-5.0,-5.0,-5.0,1.0,-2.0,-2.0,2.0,1.0,-5.0,-6.0,-5.0,-5.0,2.0,1.0,1.0,1.0,-6.0,-6.0,-6.0,-6.0,-1.0,1.0,-2.0,-2.0,1.0,2.0,-13.0,-13.0,-1.0,-1.0,-2.0,2.0,1.0,-5.0,-5.0,-5.0,-5.0,-5.0,-5.0,1.0,1.0,-5.0,-5.0,-5.0,-5.0,-5.0,0.0,-3.0,-12.0,-12.0,1.0,5.0,-7.0,-7.0,-7.0,-7.0,1.0,7.0,1.0,1.0,1.0,2.0,11.0,1.0,4.0,1.0,3.0,6.0,1.0,2.0,3.0,15.0,3.0,2.0,3.0,4.0,1.0,6.0,6.0,4.0,2.0,1.0,1.0,1.0,1.0,1.0,1.0,3.0,7.0,1.0,3.0,1.0,1.0,1.0,3.0,2.0,1.0,2.0,2.0,1.0,1.0,3.0,3.0,3.0,1.0,1.0,2.0,3.0,3.0,3.0,1.0,1.0,1.0,3.0,4.0,4.0,2.0,3.0,1.0,1.0,1.0,1.0,1.0,1.0,2.0,3.0,4.0,4.0,2.0,6.0,3.0,1.0,1.0,1.0,1.0,1.0,1.0,2.0,3.0,1.0,13.0,3.0,1.0,1.0,6.0,1.0,1.0,1.0,4.0,1.0,1.0,2.0,2.0,4.0,3.0,3.0,1.0,1.0,1.0,1.0,2.0,2.0,3.0,3.0,1.0,1.0,2.0,2.0,1.0,2.0,6.0,6.0,2.0,3.0,2.0,2.0,1.0,1.0,2.0,2.0,6.0,6.0,2.0,3.0,2.0,2.0,1.0,1.0,21.0,3.0,4.0,1.0,2.0,2.0,8.0,1.0,7.0,2.0,1.0,2.0,3.0,4.0,4.0,1.0,16.0,1.0,6.0,3.0,1.0,1.0,2.0,10.0,1.0,10.0,3.0,3.0,2.0,1.0,4.0,3.0,1.0,2.0,1.0,1.0,4.0,1.0,3.0,1.0,2.0,2.0,1.0,1.0,1.0,1.0,3.0,1.0,1.0,2.0,1.0,1.0,1.0,1.0,1.0,1.29786125122586,1.0,1.0,1.0,1.0,1.0,4.0,3.0,1.0,1.0,1.0,1.0,1.0,1.0,2.0,2.0,1.0,4.0,1.0,4.0,1.0,1.0,2.0,1.0,1.0,3.0,2.0,2.0,2.0,2.0,1.0,1.0,6.0,24.0,4.0,1.0,3.0,2.0,1.0,1.0,16.0,35.0,3.0,1.0,1.0,1.0,1.0,1.0,1.0,3.0,5.0,1.0,1.0,2.0,7.0,5.0,5.0,2.0,3.0,1.0,1.0,1.0,8.0,1.0,5.0,3.0,2.0,9.0,6.0,1.0,4.0,13.0,1.0,7.0,7.0,1.0,1.0,1.0,1.0,1.0,4.0,6.0,3.0,2.0,1.0,8.0,6.0,1.0,1.0,1.0,2.0,3.0,1.0,2.0,8.0,1.0,2.0,9.0,2.0,1.0,1.0,1.0,1.0,1.0,4.0,1.0,1.0,4.0,5.0,1.0,1.0,2.0,3.0,2.0,1.0,2.0,5.0,6.0,4.0,6.0,8.0,11.0,7.0,6.0,1.0,1.0,1.0,4.0,1.0,3.0,4.0,5.0,12.0,5.0,2.0,2.0,1.0,4.0,2.0,1.0,1.0,1.0,3.0,4.0,3.0,2.0,17.29671484676516,3.0,5.0,1.0,7.0,5.0,2.0,2.0,3.0,1.0,1.0,1.0,1.0,2.0,1.0,2.0,1.0,1.0,12.0,10.0,8.0,6.0,5.0,1.0,1.0,1.0,3.0,1.0,1.0,1.0,3.0,4.0,1.0,2.0,1.0,1.0,1.0,2.0,1.0,1.0,8.0,1.0,1.0,2.0,2.0,5.0,2.0,2.0,1.0,1.0,3.0,2.0,3.0,1.0,6.0,6.0,1.0,1.0,6.0,1.0,6.0,9.0,3.0,13.0,10.0,1.0,1.0,11.0,1.0,1.0,3.0,8.0,9.0,2.0,1.0,2.0,3.0,3.0,3.0,1.0,1.0,1.0,5.0,5.0,2.0,1.0,2.0,2.0,1.0,1.0,5.0,1.0,1.0,1.0,1.0,3.0,2.0,1.0,2.0,1.0,3.0,4.0,1.0,2.0,1.0,2.0,1.0,2.0,2.0,1.0,1.0,2.0,2.0,1.0,1.0,1.0,1.0,1.0,1.0,2.0,1.0,8.0,2.0,1.0,5.0,6.0,2.0,1.0,1.0,1.0,6.0,2.0,3.0,4.0,3.0,1.0,1.0,2.0,2.0,1.0,1.0,11.0,1.0,1.0,2.0,4.0,5.0,3.0,1.0,4.0,1.0,14.0,4.0,7.0,1.0,1.0,2.0,1.0,1.0,2.92572291035908,1.0,1.0,1.0,3.0,1.0,9.0,2.0,2.0,1.0,1.0,7.0,1.0,8.0,1.0,1.0,1.0,1.0,2.0,1.0,1.0,1.0,1.0,2.0,1.0,1.0,1.0,1.0,1.0,1.0,4.0,4.0,3.0,2.0,1.0,1.0,1.0,1.0,3.0,1.0,1.0,1.0,1.0,1.0,1.0,1.0,1.0,2.0,1.0,3.0,0.24337417607789,1.0,1.0,3.0,5.0,9.0,7.0,2.0,2.0,1.0,1.0,1.0,2.0,3.0,1.0,1.0,2.0,3.0,1.0,1.0,2.0,2.0,1.0,1.0,1.0,1.0,2.0,1.0,1.0,-1.0,-1.0,-2.0,-4.0,-12.0,-7.0,-6.0,-6.0,-9.0,-11.0,-2.0,-8.0,-10.0,-6.0,-11.0,-6.50984180533249,-1.0,-4.0,-1.0,-10.0,-11.0,-3.0,-8.0,-12.0,-10.0,-1.0,-1.0,-1.0,-1.0,-7.0,-7.0,-13.0,-7.0,2.0,1.0,1.0,1.0,2.0,1.0,1.0,5.0,1.0,2.0,1.0,1.0,3.0,1.0,3.0,1.0,1.0,1.0,1.0,1.0,1.0,1.0,1.0,4.0,1.0,1.0,2.0,1.0,1.0,3.0,1.0,1.0,2.0,1.0,1.0,2.0,3.0,1.0,2.0,1.0,1.0,1.0,1.0,1.0,1.0,2.0,1.0,2.0,1.0,2.0,5.0,6.0,1.0,2.0,1.0,1.0,3.0,1.0,1.0,2.0,3.0,3.0,1.0,1.0,2.0,5.0,5.0,1.0,1.0,4.0,3.0,2.0,1.0,1.0,-1.0,1.0,2.0,-3.0,1.0,1.0,-4.0,-4.0,-3.0,2.0,-1.0,-1.0,-1.0,-2.0,2.0,10.0,1.0,1.0,1.0,2.0,3.0,4.0,1.0,2.0,1.0,17.0,1.0,1.0,1.0,1.0,2.0,1.0,1.0,1.0,4.0,4.0,1.0,3.0,1.0,1.0,2.0,1.0,1.0,1.0,2.0,2.0,1.0,1.0,1.0,1.0,2.0,3.0,18.94840458248437,1.0,1.0,3.0,1.0,1.0,1.0,2.0,3.0,1.0,1.0,2.0,4.0,2.0,1.0,1.0,1.0,1.0,2.0,3.0,1.0,4.0,1.0,1.0,1.0,4.0,4.0,1.0,1.0,2.0,2.0,2.0,2.0,1.0,2.0,1.0,2.0,3.0,1.0,6.0,11.0,8.0,5.0,4.0,5.0,3.0,2.0,1.0,1.0,1.0,1.0,1.0,2.0,2.0,3.0,2.0,3.0,1.0,1.0,1.0,1.0,1.0,1.0,3.0,2.0,5.0,1.0,2.0,2.0,1.0,5.0,1.0,5.0,1.0,2.0,5.0,3.0,2.0,1.0,15.11250881122309,1.0,2.0,3.0,1.0,1.0,1.0,3.0,3.0,2.0,4.0,1.0,1.0,1.0,1.0,1.0,1.0,1.0,1.0,1.0,1.0,1.0,3.0,5.0,1.0,1.0,1.0,2.0,2.0,1.0,1.0,5.0,1.0,1.0,5.0,1.0,1.0,-7.0,-7.0,1.0,-1.0,-4.0,-2.0,-1.0,-2.0,-1.0,1.0,-1.0,-3.0,-5.0,0.0,-3.0,-1.0,-2.0,-4.0,1.0,-1.0,1.0,-1.0,-1.0,1.0,-1.0,-1.0,2.0,-2.0,-3.0,2.0,-2.0,-1.0,1.0,-1.0,-1.0,-2.0,1.0,-2.0,-1.0,2.0,-1.0,-1.0,-1.0,-1.0,-2.0,2.0,-2.0,-2.0,0.0,-1.0,-1.0,-1.0,-1.0,-1.0,1.0,1.0,1.0,7.0,1.0,1.0,1.0,1.0,1.0,2.0,1.0,1.0,12.0,1.0,1.0,1.0,1.0,1.0,1.0,2.0,1.0,1.0,1.0,1.0,2.0,4.0,3.0,1.0,1.0,3.0,1.0,1.0,1.0,1.0,2.0,1.0,1.0,1.0,1.0,1.0,2.0,1.0,1.0,3.0,7.0,2.0,1.0,1.0,1.0,1.0,1.0,1.0,1.0,1.0,1.0,1.0,1.0,1.0,6.0,1.0,1.0,1.0,1.0,1.0,1.0,1.0,1.0,1.0,1.0,1.0,1.0,1.0,1.0,1.0,1.0,4.0,1.0,1.0,1.0,1.0,1.0,1.0,1.0,1.0,1.0,1.0,1.0,1.0,1.0,1.0,1.0,1.0,1.0,1.0,1.0,-1.0,-1.0,1.0,1.0,2.0,-2.0,-2.0,-2.0,-2.0,-2.0,1.0,1.0,-3.56110793196185,-3.0,-3.0,-3.0,1.0,-5.0,-5.0,-5.0,1.0,1.0,1.0,1.0,2.0,1.0,1.0,-1.0,-1.0,-1.0,-1.0,-1.0,-1.0,4.0,4.0,1.0,1.0,3.0,1.0,1.0,1.0,1.0,1.0,3.0,3.0,2.0,1.0,1.0,1.0,1.0,1.0,2.0,1.0,1.0,2.0,2.0,1.0,1.0,1.0,1.0,1.0,3.0,3.0,3.0,1.0,1.0,2.0,1.0,1.0,2.0,2.0,2.0,1.0,1.0,1.0,2.0,1.0,1.0,1.0,1.0,3.0,1.0,1.0,1.0,1.0,4.0,2.0,5.0,1.0,2.0,1.0,1.0,1.0,1.0,3.0,1.0,2.0,3.0,2.0,1.0,1.0,1.0,2.0,2.0,2.0,2.0,1.0,6.0,3.0,6.0,1.0,1.0,1.0,3.0,1.0,4.0,5.0,1.0,1.0,1.0,1.0,1.0,17.0,1.0,2.0,12.0,1.0,2.0,3.0,8.0,13.0,5.0,2.0,1.0,2.0,6.0,4.0,4.0,2.0,1.0,3.0,2.0,1.0,1.0,1.0,3.0,1.0,1.0,1.0,3.0,1.0,1.0,1.0,3.0,1.0,1.0,1.0,2.0,3.0,7.0,4.0,3.0,-0.31044766992144,2.0,2.0,2.0,1.0,1.0,1.0,1.0,1.0,1.0,1.0,1.0,1.0,1.0,1.0,1.0,1.0,1.0,1.0,1.0,1.0,1.0,1.0,1.0,1.0,1.0,1.0,1.0,1.0,3.0,1.0,1.0,2.0,2.0,2.0,2.0,3.0,1.0,1.0,1.0,2.0,1.0,4.0,3.0,1.0,1.0,1.0,2.0,1.0,7.39298284432326,1.0,5.0,3.0,2.0,1.0,1.0,1.0,1.0,1.0,1.0,1.0,1.0,1.0,3.0,4.0,3.0,1.0,1.0,1.0,1.0,1.0,1.0,1.0,1.0,1.0,1.0,1.0,1.0,2.0,1.0,1.0,1.0,1.0,1.0,1.0,1.0,1.0,1.0,1.0,1.0,2.0,1.0,1.0,1.0,1.0,1.0,1.0,1.0,1.0,1.0,1.0,1.0,1.0,1.0,3.0,8.0,2.0,1.0,2.0,1.0,1.0,4.0,1.0,1.0,1.0,1.0,1.0,1.0,1.0,7.0,5.0,2.0,3.0,1.0,1.0,2.0,1.0,1.0,1.0,1.0,1.0,1.0,2.0,3.0,1.0,2.0,2.0,2.0,-16.38832593496558,3.0,1.0,1.0,1.0,1.0,3.0,2.0,3.0,3.0,1.0,1.0,2.0,2.0,2.0,3.0,2.0,1.0,3.0,1.0,2.0,2.0,2.0,2.0,2.0,2.0,1.0,1.0,1.0,1.0,1.0,1.0,1.0,1.0,1.0,2.0,1.0,1.0,1.0,3.0,1.0,1.0,1.0,1.0,1.0,1.0,1.0,2.0,1.0,6.0,1.0,5.0,1.0,4.0,1.0,8.0,1.0,3.0,3.0,4.0,1.0,2.0,2.0,1.0,1.0,3.0,2.0,3.0,1.0,2.0,1.0,1.0,2.0,1.0,1.0,4.0,6.0,1.0,1.0,1.0,2.0,2.0,1.0,1.0,3.0,5.0,5.38785976813884,1.0,1.0,5.0,1.0,1.0,2.0,1.0,1.0,1.0,4.0,2.0,1.0,4.0,2.0,6.0,1.0,1.0,1.0,1.0,6.0,5.96397995782018,1.0,1.0,3.0,3.0,-1.3686525685699,9.0,2.0,3.0,3.0,3.0,3.0,1.0,1.0,5.0,5.0,5.0,5.0,1.0,7.0,10.0,2.0,1.0,4.0,5.0,5.0,5.0,5.0,2.0,1.0,3.0,5.0,4.0,2.0,2.0,1.0,1.0,2.0,3.0,1.0,1.0,3.0,11.0,5.0,5.0,5.0,5.0,5.0,5.0,5.0,5.0,13.0,3.0,2.0,2.0,3.0,11.0,5.0,5.0,5.0,5.0,1.0,1.0,2.0,18.0,11.0,2.0,1.0,3.0,3.0,5.0,5.0,5.0,5.0,5.0,5.0,2.0,1.0,3.0,1.0,1.0,21.0,1.0,2.0,3.0,6.0,6.0,6.0,6.0,2.0,5.0,3.0,2.0,5.0,13.0,2.0,5.0,5.0,5.0,5.0,6.0,2.0,24.0,2.0,1.0,2.0,5.0,5.0,5.0,5.0,1.0,2.0,4.0,3.0,12.0,1.0,9.0,4.0,4.0,4.0,4.0,4.0,4.0,4.0,1.0,10.0,4.0,1.0,21.0,1.0,2.0,1.0,1.0,1.0,4.0,3.0,5.0,6.0,6.0,6.0,6.0,6.0,1.0,1.0,3.0,15.0,1.0,1.0,1.0,1.0,7.0,4.0,1.0,10.0,5.0,5.0,5.0,5.0,1.0,1.0,4.0,2.0,-19.72431348956135,1.0,2.0,2.0,9.0,2.0,1.0,1.0,3.0,1.0,4.0,3.0,1.0,1.0,1.0,1.0,1.0,2.0,1.0,1.0,9.0,1.0,1.0,1.0,2.0,5.0,5.0,5.0,5.0,2.0,1.0,7.0,1.0,2.0,5.0,5.0,5.0,5.0,5.0,5.0,5.0,3.0,1.0,1.0,20.0,1.0,1.0,1.0,4.0,1.0,1.0,2.0,1.0,9.0,3.0,4.0,4.0,4.0,4.0,4.0,4.0,4.0,4.0,1.0,1.0,37.0,1.0,1.0,1.0,6.0,6.0,6.0,6.0,6.0,6.0,1.0,1.0,1.0,1.0,6.0,16.0,1.0,5.0,5.0,5.0,5.0,1.0,27.0,1.0,1.0,1.0,7.0,6.0,6.0,6.0,6.0,1.0,2.0,1.0,30.0,1.0,1.0,1.0,1.0,8.0,6.0,6.0,6.0,6.0,13.32796194626393,2.0,2.0,2.0,2.0,5.0,5.0,7.0,3.0,30.0,3.0,10.0,6.0,1.0,10.0,5.0,5.0,5.0,5.0,5.0,5.0,5.0,4.0,1.0,6.0,8.0,1.0,2.0,3.0,4.0,4.0,5.0,6.0,6.0,6.0,6.0,-5.0,-5.0,-5.0,-5.0,-5.0,-5.0,-5.0,-5.0,-5.0,-5.0,1.0
1.0,1.0,1.0,2.0,1.0,2.0,4.0,7.0,1.0,2.0,1.0,5.0,1.0,1.0,1.0,1.0,3.0,1.0,2.0,1.0,1.0,1.0,1.0,1.0,1.0,1.0,5.0,2.0,1.0,3.0,1.0,1.0,5.0,1.0,1.0,2.0,1.0,1.0,1.0,2.0,3.0,1.0,1.0,1.0,1.0,1.0,1.0,1.0,1.0,1.0,1.0,1.0,5.0,3.0,2.0,1.0,1.0,2.0,1.0,1.0,1.0,1.0,1.0,1.0,1.0,1.0,2.0,1.0,5.0,1.0,2.0,1.0,1.0,2.0,1.0,1.0,1.0,1.0,2.0,1.0,7.0,4.0,1.0,2.0,1.0,2.0,12.0,5.0,1.0,15.0,1.0,2.0,2.0,2.0,1.0,1.0,8.0,1.0,4.0,1.0,1.0,16.0,3.0,3.0,1.0,2.0,1.0,1.0,6.0,7.0,1.0,2.0,3.0,2.0,2.0,3.0,2.0,1.0,5.0,1.0,3.0,2.0,2.0,1.0,1.0,1.0,10.0,10.0,1.0,3.0,2.0,1.0,2.0,5.0,2.0,1.0,3.0,1.0,1.0,1.0,1.0,1.0,1.0,1.0,7.0,1.0,1.0,13.0,1.0,1.0,1.0,10.0,2.0,1.0,3.0,1.0,1.0,2.0,3.0,1.0,1.0,1.0,1.0,1.0,1.0,1.0,2.0,1.0,14.0,1.0,1.0,1.0,2.0,2.0,1.0,3.0,2.0,1.0,1.0,1.0,2.0,5.0,1.0,1.0,1.0,4.0,1.0,4.0,2.0,14.0,1.0,2.0,2.0,4.0,1.0,1.0,3.0,1.0,1.0,2.0,1.0,1.0,4.0,3.0,17.0,1.0,1.0,1.0,1.0,3.0,1.0,3.0,5.0,1.0,2.0,2.0,2.0,1.0,1.0,1.0,4.0,1.0,2.0,1.0,1.0,1.0,1.0,1.0,1.0,5.0,2.0,2.0,3.0,1.0,1.0,1.0,1.0,2.0,1.0,1.0,1.0,1.0,1.0,5.0,2.0,3.0,2.0,2.0,3.0,1.0,2.0,4.0,1.0,2.0,2.0,2.0,1.0,1.0,1.0,1.0,1.0,3.0,2.0,1.0,1.0,13.0,3.0,1.0,1.0,1.0,7.0,4.0,1.0,1.0,1.0,8.0,1.0,1.0,6.0,2.0,1.0,3.0,2.0,8.0,2.0,1.0,1.0,1.0,5.0,1.0,8.0,1.0,4.0,9.0,7.0,1.0,1.0,8.0,1.0,2.0,1.0,1.0,4.0,1.0,1.0,1.0,7.0,4.0,5.0,3.0,1.0,1.0,1.0,2.0,1.0,1.0,1.0,1.0,1.0,1.0,6.0,3.0,2.0,2.0,1.0,1.0,1.0,1.0,1.0,1.0,5.0,1.0,1.0,3.0,1.0,1.0,3.0,3.0,1.0,1.0,1.0,2.0,2.0,1.0,1.0,1.0,3.0,4.0,4.0,1.0,1.0,1.0,2.0,1.0,2.0,2.0,2.0,8.0,9.0,3.0,1.0,2.0,1.0,1.0,3.0,2.0,2.0,1.0,5.0,1.0,3.0,3.0,3.0,4.0,1.0,1.0,2.0,2.0,3.0,3.0,1.0,3.0,2.0,1.0,1.0,1.0,1.0,1.0,1.0,1.0,1.0,1.0,1.0,1.0,2.0,10.0,2.0,3.0,3.0,3.0,2.0,1.0,1.0,1.0,1.0,2.0,1.0,15.0,3.0,3.0,3.0,3.0,1.0,1.0,11.0,2.0,2.0,2.0,3.0,1.0,1.0,1.0,1.0,9.0,2.0,2.0,3.0,3.0,1.0,1.0,1.0,2.0,1.0,13.0,2.0,2.0,3.0,3.0,6.0,5.0,2.0,2.0,2.0,2.0,3.0,3.0,4.0,3.0,2.0,2.0,3.0,3.0,4.0,2.0,7.0,3.0,3.0,2.0,2.0,1.0,3.0,7.0,2.0,13.0,6.0,4.0,1.0,1.0,1.0,2.0,1.0,3.0,2.0,10.0,2.0,14.0,1.0,1.0,1.0,9.0,3.0,2.0,1.0,1.0,10.0,2.0,1.0,1.0,1.0,2.0,3.0,7.0,5.0,1.0,1.0,1.0,2.0,6.0,2.0,2.0,4.0,2.0,1.0,1.0,1.0,3.0,2.0,10.0,3.0,1.0,1.0,1.0,5.0,3.0,5.0,1.0,3.0,1.0,1.0,2.0,2.0,3.0,2.0,1.0,2.0,1.0,1.0,1.0,2.0,1.0,1.0,1.0,1.0,5.0,1.0,2.0,1.0,1.0,1.0,1.0,1.0,4.0,1.0,1.0,14.0,1.0,4.0,1.0,13.0,11.0,2.0,2.0,1.0,5.0,1.0,11.0,1.0,1.0,1.0,1.0,1.0,4.0,1.0,1.0,1.0,1.0,3.0,1.0,3.0,1.0,5.0,9.0,1.0,1.0,1.0,1.0,4.0,1.0,6.0,13.0,1.0,3.0,3.0,4.0,1.0,3.0,1.0,4.0,1.0,14.0,9.0,12.0,7.0,1.0,1.0,1.0,2.0,4.0,4.0,6.0,10.0,8.0,21.0,4.0,4.0,3.0,2.0,4.0,1.0,2.0,12.0,11.0,1.0,3.0,4.0,1.0,1.0,1.0,1.0,3.0,6.0,7.0,2.0,5.0,3.0,3.0,8.0,10.0,2.0,19.0,8.0,5.0,1.0,3.0,2.0,6.0,-2.04564786099211,2.0,1.0,2.0,3.0,8.0,9.0,6.0,6.0,1.0,1.0,2.0,2.0,2.0,8.0,4.0,5.0,8.0,7.0,13.0,3.0,9.0,2.0,1.0,3.0,5.0,1.0,3.0,1.0,1.0,5.47566330468136,8.0,1.0,2.0,1.0,1.0,6.0,1.0,1.0,1.0,5.0,15.0,1.0,2.0,7.0,5.0,4.0,5.0,4.0,16.0,6.0,4.0,2.0,1.0,1.0,1.0,1.0,1.0,1.0,2.0,1.0,7.0,7.0,4.0,1.0,2.0,1.0,2.0,1.0,1.0,1.0,1.0,2.0,2.0,1.0,1.0,1.0,1.0,1.0,1.0,1.0,1.0,1.0,1.0,1.0,2.0,2.0,4.0,1.0,1.0,1.0,2.0,7.0,1.0,1.0,1.0,1.0,1.0,1.0,1.0,2.0,3.0,6.0,7.0,4.0,1.0,3.0,1.0,1.0,1.0,1.0,1.0,1.0,1.0,1.0,1.0,2.0,1.0,1.0,2.0,1.0,1.0,1.0,2.0,1.0,1.0,1.0,1.0,1.0,2.0,2.0,3.0,6.0,1.0,1.0,2.0,1.0,1.0,2.0,1.0,1.0,13.0,19.0,2.0,1.0,1.0,4.0,1.0,1.0,1.0,1.0,1.0,1.0,1.0,1.0,1.0,1.0,1.0,2.0,1.0,1.0,1.0,16.0,15.0,1.0,2.0,2.0,2.0,1.0,1.0,1.0,2.0,1.0,1.0,1.0,1.0,1.0,2.0,1.0,1.0,3.0,1.0,1.0,1.0,2.0,1.0,1.0,12.0,7.0,1.0,5.0,1.0,3.0,1.0,1.0,1.0,2.0,3.0,1.0,1.0,6.0,7.0,3.0,5.0,3.0,1.0,1.0,3.0,2.0,1.0,7.0,16.0,1.0,1.0,5.0,3.0,1.0,1.0,3.0,2.0,1.0,3.96952489648403,1.0,2.0,3.0,3.0,1.0,1.0,2.0,1.0,1.0,1.0,2.0,30.0,1.0,4.0,7.0,1.0,1.0,1.0,1.0,1.0,2.0,1.0,2.0,1.0,1.0,1.0,1.0,1.0,1.0,5.0,24.0,4.0,2.0,1.0,1.0,1.0,1.0,1.0,1.0,2.0,2.0,3.0,1.0,2.0,1.0,1.0,1.0,1.0,1.0,1.0,1.0,2.0,1.0,1.0,1.0,1.0,1.0,1.0,1.0,1.0,3.0,1.0,1.0,1.0,3.0,5.0,2.0,3.0,1.0,1.0,2.0,1.0,2.0,1.0,3.0,1.0,2.0,1.0,1.0,2.0,2.0,2.0,1.0,1.0,5.0,2.0,2.0,4.0,1.0,3.0,1.0,4.0,1.0,1.0,2.0,1.0,1.0,4.0,1.0,2.0,1.0,1.0,2.0,4.0,1.0,2.0,2.0,5.0,1.0,1.0,2.0,1.0,1.0,3.0,1.0,1.0,3.0,3.0,5.0,3.0,4.0,1.0,1.0,1.0,2.0,1.0,2.0,1.0,2.0,1.0,1.0,3.0,1.0,1.0,1.0,1.0,2.0,1.0,1.0,1.0,2.0,1.0,1.0,1.0,1.0,1.0,1.0,1.0,1.0,4.0,1.0,1.0,1.0,2.0,1.0,6.0,1.0,1.0,1.0,2.0,2.0,1.0,1.0,1.0,-1.2523449689335,2.0,1.0,1.0,2.0,1.0,-1.0,-1.0,-1.0,-1.0,-2.0,1.0,9.0,-1.0,1.0,-1.0,-1.0,-5.0,-4.0,-3.0,-4.0,-5.0,-5.0,1.0,1.0,1.0,6.0,6.0,2.0,1.0,3.0,2.0,1.0,4.0,5.0,1.0,3.0,1.0,1.0,2.0,1.0,5.0,1.0,1.0,10.0,4.0,1.0,1.0,1.0,3.0,7.0,1.0,2.0,8.0,1.0,2.0,1.0,1.0,1.0,2.0,1.0,2.0,9.0,1.0,9.0,1.0,1.0,1.0,3.0,1.0,1.0,4.0,4.0,1.0,2.0,1.0,2.0,1.0,1.0,1.0,2.0,1.0,1.0,2.0,4.0,1.0,1.0,10.0,1.0,1.0,1.0,3.0,1.0,4.0,4.0,9.0,1.0,1.0,5.0,1.0,1.0,4.957128867032768,4.0,2.0,5.0,1.0,7.0,1.0,5.0,1.0,1.0,1.0,18.20845275419301,1.0,5.0,4.0,6.0,1.0,-3.0,-1.0,-1.0,-13.71931735451625,-2.0,-2.0,-1.0,-1.0,-1.0,-1.0,-3.0,-1.0,-2.0,-4.0,-1.0,-2.0,-1.0,-1.0,-1.0,5.0,4.0,2.0,7.0,2.0,1.0,2.0,1.0,2.0,1.0,3.0,4.0,4.0,1.0,1.0,2.0,4.0,2.0,6.0,1.0,5.0,11.27775448851298,8.0,7.0,1.0,4.0,3.0,1.0,1.0,1.0,2.0,1.0,4.0,1.0,1.0,1.0,1.0,2.0,1.0,1.0,3.0,2.0,4.0,7.0,7.0,4.0,1.0,1.0,4.0,1.0,1.0,2.0,1.0,1.0,5.0,1.0,2.0,7.0,4.0,2.0,2.0,1.0,1.0,1.0,2.0,2.0,2.0,1.0,1.0,2.0,6.0,1.0,4.0,2.0,3.0,-9.81276160699843,1.0,8.0,8.0,1.0,1.0,2.0,2.0,1.0,1.0,2.0,2.0,11.0,5.0,2.0,1.0,2.0,2.0,2.0,2.0,2.0,2.0,2.0,2.0,2.0,1.0,1.0,25.0,6.0,5.0,5.0,5.0,5.0,5.0,5.0,3.0,2.0,1.0,1.0,2.0,1.0,1.0,12.0,15.0,4.0,4.0,5.0,4.0,4.0,5.0,2.0,1.0,5.0,1.0,1.0,2.0,1.0,16.0,5.0,4.0,5.0,4.0,10.0,2.0,4.0,3.0,3.0,6.0,4.0,4.0,4.0,4.0,4.0,4.0,4.0,4.0,4.0,2.0,4.0,4.0,4.0,4.0,4.0,4.0,1.0,1.0,4.0,4.0,4.0,4.0,4.0,4.0,1.0,1.0,1.0,1.0,1.0,1.0,4.0,4.0,4.0,4.0,4.0,4.0,4.0,4.0,4.0,4.0,1.0,1.0,1.0,1.0,3.0,1.0,1.0,10.0,1.0,1.0,1.0,1.0,1.0,21.0,15.0,1.0,1.0,1.0,1.0,1.0,1.0,5.0,1.0,6.0,2.0,2.0,23.0,14.0,1.0,3.0,3.0,3.0,3.0,3.0,3.0,3.0,3.0,1.0,1.0,1.0,1.0,1.0,6.0,1.0,4.0,10.0,9.0,26.0,7.0,3.0,3.0,4.0,3.0,3.0,3.0,4.0,3.0,1.0,1.0,1.0,1.0,3.0,1.0,1.0,13.0,2.0,2.0,2.0,2.0,2.0,2.0,2.0,1.0,1.0,2.0,2.0,2.0,2.0,2.0,2.0,3.0,2.0,1.0,2.0,2.0,2.0,2.0,2.0,2.0,2.0,1.0,2.0,2.0,2.0,2.0,2.0,2.0,2.0,2.0,2.0,2.0,2.0,1.0,-2.0,1.0,4.0,1.0,-4.0,-4.0,-5.0,-4.0,-4.0,-4.0,-5.0,-4.0,-1.0,1.0,2.0,-1.0,1.0,-4.0,-5.0,-4.0,-4.0,-5.0,-4.0,2.0,1.0,-5.0,-6.0,-5.0,-5.0,-6.0,-5.0,1.0,1.0,1.0,-5.0,-5.0,-5.0,-5.0,-5.0,-5.0,-1.0,1.0,-1.0,-5.0,-5.0,-5.0,-5.0,-5.0,-5.0,-3.0,-4.0,-1.0,-1.0,-3.0,-1.0,0.0,1.0,-9.0,-5.0,1.0,-1.0,-2.0,-1.0,-1.0,-2.0,-1.0,-3.0,-2.0,-1.0,-1.0,-1.0,-1.0,-1.0,-3.0,-1.0,-1.0,-1.0,-1.0,-3.0,-2.0,19.45784305872714,-2.0,-1.0,-1.0,-1.0,-2.0,7.0,-4.0,-2.0,-3.0,-3.0,-1.0,-1.0,-1.0,1.0,1.0,0.0,-1.0,-5.0,-7.0,-1.0,-2.0,-1.0,9.0,2.0,13.0,-1.0,-1.0,-1.0,-5.0,-5.0,-2.0,-4.0,1.0,5.0,4.0,2.0,2.0,1.0,2.0,15.0,17.0,4.0,5.0,7.0,13.0,1.0,3.0,1.0,1.0,1.0,12.0,5.0,5.0,1.0,11.0,2.0,4.0,2.0,1.0,15.57346510062307,4.0,2.0,1.0,1.0,2.0,1.0,1.0,2.0,1.0,1.0,2.0,6.0,1.0,1.0,2.0,4.0,3.0,2.0,2.0,3.0,7.0,1.0,1.0,1.0,1.0,1.0,2.0,1.0,1.0,1.0,1.0,1.0,1.0,1.0,1.0,2.0,2.0,1.0,4.0,1.0,1.0,1.0,1.0,3.0,1.0,2.0,6.0,1.0,1.0,1.0,1.0,1.0,1.0,-2.5485758184053537,1.0,1.0,1.0,1.0,1.0,3.0,1.0,1.0,3.0,2.0,2.0,2.0,5.0,-20.80157324031526,2.0,2.0,4.0,3.0,1.0,2.0,2.0,2.0,2.0,-15.704502461243464,1.0,2.0,2.0,2.0,1.0,1.0,1.0,1.0,1.0,2.0,1.0,4.0,1.0,1.0,1.0,1.0,2.0,1.0,1.0,1.0,5.0,5.0,1.0,4.0,3.0,2.0,2.0,1.0,5.0,1.0,3.0,4.0,2.0,1.0,3.0,3.0,4.0,3.0,3.0,1.0,1.0,2.0,1.0,3.0,2.0,4.0,2.0,1.0,4.0,2.0,1.0,2.0,3.0,3.0,3.0,3.0,2.0,1.0,4.0,5.0,1.0,1.0,5.0,4.0,2.0,1.0,1.0,6.276158308138452,6.0,10.0,1.0,5.0,5.0,1.0,7.0,2.0,1.0,10.0,4.0,3.0,3.0,1.0,7.0,1.0,11.0,1.0,2.0,2.0,1.0,3.0,2.0,1.0,1.0,5.0,8.0,1.0,7.0,3.0,1.0,2.0,2.0,1.0,2.0,1.0,1.0,1.0,1.0,2.0,7.0,6.0,1.0,2.0,1.0,1.0,1.0,1.0,5.0,1.0,1.0,2.0,5.0,1.0,2.0,7.0,6.0,6.0,1.0,2.0,9.0,3.0,6.0,1.0,6.0,4.0,9.0,1.0,1.0,1.0,2.0,10.0,6.0,2.0,2.0,5.0,5.0,1.0,10.0,1.0,2.0,4.0,5.0,13.0,1.0,1.0,1.0,1.0,4.0,4.0,3.0,1.0,2.0,1.0,1.0,1.0,2.0,4.0,4.0,5.0,11.0,1.0,1.0,13.2640361646798,1.0,5.0,2.0,7.0,1.0,1.0,2.0,1.0,1.0,1.0,3.0,3.0,2.0,2.0,3.0,5.0,1.0,2.0,1.0,-2.0,1.0,1.0,7.0,-3.0,-3.0,-3.0,-3.0,1.0,0.0,4.0,-2.0,5.0,-6.0,-6.0,-6.0,-6.0,-2.0,-1.0,-1.0,-6.0,-6.0,-6.0,-6.0,-3.0,-2.0,-1.0,-1.0,-3.0,-3.0,-3.0,-3.0,-2.0,-1.0,-1.0,2.0,-1.0,-6.0,-6.0,-6.0,-7.103831779623127,-6.0,-6.0,-6.0,1.0,1.0,-3.0,-3.0,7.0,2.0,-5.0,-5.0,-5.0,-5.0,1.0,-2.0,-2.0,2.0,1.0,-5.0,-6.0,-5.0,-5.0,2.0,1.0,1.0,1.0,-6.0,-6.0,-6.0,-6.0,-1.0,1.0,-2.0,-2.0,1.0,2.0,-13.0,-13.0,-1.0,-1.0,-2.0,2.0,1.0,-5.0,-5.0,-5.0,-5.0,-5.0,-5.0,1.0,1.0,-5.0,-5.0,-5.0,-5.0,-5.0,0.0,-3.0,-12.0,-12.0,1.0,5.0,-7.0,-7.0,-7.0,-7.0,1.0,7.0,1.0,1.0,1.0,2.0,11.0,1.0,4.0,1.0,3.0,6.0,1.0,2.0,3.0,15.0,3.0,2.0,3.0,4.0,1.0,6.0,6.0,4.0,2.0,1.0,1.0,1.0,1.0,1.0,1.0,3.0,7.0,1.0,3.0,1.0,1.0,1.0,3.0,2.0,1.0,2.0,2.0,1.0,1.0,3.0,3.0,3.0,1.0,1.0,2.0,3.0,3.0,3.0,1.0,1.0,1.0,3.0,4.0,4.0,2.0,3.0,1.0,1.0,1.0,1.0,1.0,1.0,2.0,3.0,4.0,4.0,2.0,6.0,3.0,1.0,1.0,1.0,1.0,1.0,1.0,2.0,3.0,1.0,13.0,3.0,1.0,1.0,6.0,1.0,1.0,1.0,4.0,1.0,1.0,2.0,2.0,4.0,3.0,3.0,1.0,1.0,1.0,1.0,2.0,2.0,3.0,3.0,1.0,1.0,2.0,2.0,1.0,2.0,6.0,6.0,2.0,3.0,2.0,2.0,1.0,1.0,2.0,2.0,6.0,6.0,2.0,3.0,2.0,2.0,1.0,1.0,21.0,3.0,4.0,1.0,2.0,2.0,8.0,1.0,7.0,2.0,1.0,2.0,3.0,4.0,4.0,1.0,16.0,1.0,6.0,3.0,1.0,1.0,2.0,10.0,1.0,10.0,3.0,3.0,2.0,1.0,4.0,3.0,1.0,2.0,1.0,1.0,4.0,1.0,3.0,1.0,2.0,2.0,1.0,1.0,1.0,1.0,3.0,1.0,1.0,2.0,1.0,1.0,1.0,1.0,1.0,1.29786125122586,1.0,1.0,1.0,1.0,1.0,4.0,3.0,1.0,1.0,1.0,1.0,1.0,1.0,2.0,2.0,1.0,4.0,1.0,4.0,1.0,1.0,2.0,1.0,1.0,3.0,2.0,2.0,2.0,2.0,1.0,1.0,6.0,24.0,4.0,1.0,3.0,2.0,1.0,1.0,16.0,35.0,3.0,1.0,1.0,1.0,1.0,1.0,1.0,3.0,5.0,1.0,1.0,2.0,7.0,5.0,5.0,2.0,3.0,1.0,1.0,1.0,8.0,1.0,5.0,3.0,2.0,9.0,6.0,1.0,4.0,13.0,1.0,7.0,7.0,1.0,1.0,1.0,1.0,1.0,4.0,6.0,3.0,2.0,1.0,8.0,6.0,1.0,1.0,1.0,2.0,3.0,1.0,2.0,8.0,1.0,2.0,9.0,2.0,1.0,1.0,1.0,1.0,1.0,4.0,1.0,1.0,4.0,5.0,1.0,1.0,2.0,3.0,2.0,1.0,2.0,5.0,6.0,4.0,6.0,8.0,11.0,7.0,6.0,1.0,1.0,1.0,4.0,1.0,3.0,4.0,5.0,12.0,5.0,2.0,2.0,1.0,4.0,2.0,1.0,1.0,1.0,3.0,4.0,3.0,2.0,17.29671484676516,3.0,5.0,1.0,7.0,5.0,2.0,2.0,3.0,1.0,1.0,1.0,1.0,2.0,1.0,2.0,1.0,1.0,12.0,10.0,8.0,6.0,5.0,1.0,1.0,1.0,3.0,1.0,1.0,1.0,3.0,4.0,1.0,2.0,1.0,1.0,1.0,2.0,1.0,1.0,8.0,1.0,1.0,2.0,2.0,5.0,2.0,2.0,1.0,1.0,3.0,2.0,3.0,1.0,6.0,6.0,1.0,1.0,6.0,1.0,6.0,9.0,3.0,13.0,10.0,1.0,1.0,11.0,1.0,1.0,3.0,8.0,9.0,2.0,1.0,2.0,3.0,3.0,3.0,1.0,1.0,1.0,5.0,5.0,2.0,1.0,2.0,2.0,1.0,1.0,5.0,1.0,1.0,1.0,1.0,3.0,2.0,1.0,2.0,1.0,3.0,4.0,1.0,2.0,1.0,2.0,1.0,2.0,2.0,1.0,1.0,2.0,2.0,1.0,1.0,1.0,1.0,1.0,1.0,2.0,1.0,8.0,2.0,1.0,5.0,6.0,2.0,1.0,1.0,1.0,6.0,2.0,3.0,4.0,3.0,1.0,1.0,2.0,2.0,1.0,1.0,11.0,1.0,1.0,2.0,4.0,5.0,3.0,1.0,4.0,1.0,14.0,4.0,7.0,1.0,1.0,2.0,1.0,1.0,2.92572291035908,1.0,1.0,1.0,3.0,1.0,9.0,2.0,2.0,1.0,1.0,7.0,1.0,8.0,1.0,1.0,1.0,1.0,2.0,1.0,1.0,1.0,1.0,2.0,1.0,1.0,1.0,1.0,1.0,1.0,4.0,4.0,3.0,2.0,1.0,1.0,1.0,1.0,3.0,1.0,1.0,1.0,1.0,1.0,1.0,1.0,1.0,2.0,1.0,3.0,0.24337417607789,1.0,1.0,3.0,5.0,9.0,7.0,2.0,2.0,1.0,1.0,1.0,2.0,3.0,1.0,1.0,2.0,3.0,1.0,1.0,2.0,2.0,1.0,1.0,1.0,1.0,2.0,1.0,1.0,-1.0,-1.0,-2.0,-4.0,-12.0,-7.0,-6.0,-6.0,-9.0,-11.0,-2.0,-8.0,-10.0,-6.0,-11.0,-6.50984180533249,-1.0,-4.0,-1.0,-10.0,-11.0,-3.0,-8.0,-12.0,-10.0,-1.0,-1.0,-1.0,-1.0,-7.0,-7.0,-13.0,-7.0,2.0,1.0,1.0,1.0,2.0,1.0,1.0,5.0,1.0,2.0,1.0,1.0,3.0,1.0,3.0,1.0,1.0,1.0,1.0,1.0,1.0,1.0,1.0,4.0,1.0,1.0,2.0,1.0,1.0,3.0,1.0,1.0,2.0,1.0,1.0,2.0,3.0,1.0,2.0,1.0,1.0,1.0,1.0,1.0,1.0,2.0,1.0,2.0,1.0,2.0,5.0,6.0,1.0,2.0,1.0,1.0,3.0,1.0,1.0,2.0,3.0,3.0,1.0,1.0,2.0,5.0,5.0,1.0,1.0,4.0,3.0,2.0,1.0,1.0,-1.0,1.0,2.0,-3.0,1.0,1.0,-4.0,-4.0,-3.0,2.0,-1.0,-1.0,-1.0,-2.0,2.0,10.0,1.0,1.0,1.0,2.0,3.0,4.0,1.0,2.0,1.0,17.0,1.0,1.0,1.0,1.0,2.0,1.0,1.0,1.0,4.0,4.0,1.0,3.0,1.0,1.0,2.0,1.0,1.0,1.0,2.0,2.0,1.0,1.0,1.0,1.0,2.0,3.0,18.94840458248437,1.0,1.0,3.0,1.0,1.0,1.0,2.0,3.0,1.0,1.0,2.0,4.0,2.0,1.0,1.0,1.0,1.0,2.0,3.0,1.0,4.0,1.0,1.0,1.0,4.0,4.0,1.0,1.0,2.0,2.0,2.0,2.0,1.0,2.0,1.0,2.0,3.0,1.0,6.0,11.0,8.0,5.0,4.0,5.0,3.0,2.0,1.0,1.0,1.0,1.0,1.0,2.0,2.0,3.0,2.0,3.0,1.0,1.0,1.0,1.0,1.0,1.0,3.0,2.0,5.0,1.0,2.0,2.0,1.0,5.0,1.0,5.0,1.0,2.0,5.0,3.0,2.0,1.0,15.11250881122309,1.0,2.0,3.0,1.0,1.0,1.0,3.0,3.0,2.0,4.0,1.0,1.0,1.0,1.0,1.0,1.0,1.0,1.0,1.0,1.0,1.0,3.0,5.0,1.0,1.0,1.0,2.0,2.0,1.0,1.0,5.0,1.0,1.0,5.0,1.0,1.0,-7.0,-7.0,1.0,-1.0,-4.0,-2.0,-1.0,-2.0,-1.0,1.0,-1.0,-3.0,-5.0,0.0,-3.0,-1.0,-2.0,-4.0,1.0,-1.0,1.0,-1.0,-1.0,1.0,-1.0,-1.0,2.0,-2.0,-3.0,2.0,-2.0,-1.0,1.0,-1.0,-1.0,-2.0,1.0,-2.0,-1.0,2.0,-1.0,-1.0,-1.0,-1.0,-2.0,2.0,-2.0,-2.0,0.0,-1.0,-1.0,-1.0,-1.0,-1.0,1.0,1.0,1.0,7.0,1.0,1.0,1.0,1.0,1.0,2.0,1.0,1.0,12.0,1.0,1.0,1.0,1.0,1.0,1.0,2.0,1.0,1.0,1.0,1.0,2.0,4.0,3.0,1.0,1.0,3.0,1.0,1.0,1.0,1.0,2.0,1.0,1.0,1.0,1.0,1.0,2.0,1.0,1.0,3.0,7.0,2.0,1.0,1.0,1.0,1.0,1.0,1.0,1.0,1.0,1.0,1.0,1.0,1.0,6.0,1.0,1.0,1.0,1.0,1.0,1.0,1.0,1.0,1.0,1.0,1.0,1.0,1.0,1.0,1.0,1.0,4.0,1.0,1.0,1.0,1.0,1.0,1.0,1.0,1.0,1.0,1.0,1.0,1.0,1.0,1.0,1.0,1.0,1.0,1.0,1.0,-1.0,-1.0,1.0,1.0,2.0,-2.0,-2.0,-2.0,-2.0,-2.0,1.0,1.0,-3.56110793196185,-3.0,-3.0,-3.0,1.0,-5.0,-5.0,-5.0,1.0,1.0,1.0,1.0,2.0,1.0,1.0,-1.0,-1.0,-1.0,-1.0,-1.0,-1.0,4.0,4.0,1.0,1.0,3.0,1.0,1.0,1.0,1.0,1.0,3.0,3.0,2.0,1.0,1.0,1.0,1.0,1.0,2.0,1.0,1.0,2.0,2.0,1.0,1.0,1.0,1.0,1.0,3.0,3.0,3.0,1.0,1.0,2.0,1.0,1.0,2.0,2.0,2.0,1.0,1.0,1.0,2.0,1.0,1.0,1.0,1.0,3.0,1.0,1.0,1.0,1.0,4.0,2.0,5.0,1.0,2.0,1.0,1.0,1.0,1.0,3.0,1.0,2.0,3.0,2.0,1.0,1.0,1.0,2.0,2.0,2.0,2.0,1.0,6.0,3.0,6.0,1.0,1.0,1.0,3.0,1.0,4.0,5.0,1.0,1.0,1.0,1.0,1.0,17.0,1.0,2.0,12.0,1.0,2.0,3.0,8.0,13.0,5.0,2.0,1.0,2.0,6.0,4.0,4.0,2.0,1.0,3.0,2.0,1.0,1.0,1.0,3.0,1.0,1.0,1.0,3.0,1.0,1.0,1.0,3.0,1.0,1.0,1.0,2.0,3.0,7.0,4.0,3.0,-0.31044766992144,2.0,2.0,2.0,1.0,1.0,1.0,1.0,1.0,1.0,1.0,1.0,1.0,1.0,1.0,1.0,1.0,1.0,1.0,1.0,1.0,1.0,1.0,1.0,1.0,1.0,1.0,1.0,1.0,3.0,1.0,1.0,2.0,2.0,2.0,2.0,3.0,1.0,1.0,1.0,2.0,1.0,4.0,3.0,1.0,1.0,1.0,2.0,1.0,7.39298284432326,1.0,5.0,3.0,2.0,1.0,1.0,1.0,1.0,1.0,1.0,1.0,1.0,1.0,3.0,4.0,3.0,1.0,1.0,1.0,1.0,1.0,1.0,1.0,1.0,1.0,1.0,1.0,1.0,2.0,1.0,1.0,1.0,1.0,1.0,1.0,1.0,1.0,1.0,1.0,1.0,2.0,1.0,1.0,1.0,1.0,1.0,1.0,1.0,1.0,1.0,1.0,1.0,1.0,1.0,3.0,8.0,2.0,1.0,2.0,1.0,1.0,4.0,1.0,1.0,1.0,1.0,1.0,1.0,1.0,7.0,5.0,2.0,3.0,1.0,1.0,2.0,1.0,1.0,1.0,1.0,1.0,1.0,2.0,3.0,1.0,2.0,2.0,2.0,-16.38832593496558,3.0,1.0,1.0,1.0,1.0,3.0,2.0,3.0,3.0,1.0,1.0,2.0,2.0,2.0,3.0,2.0,1.0,3.0,1.0,2.0,2.0,2.0,2.0,2.0,2.0,1.0,1.0,1.0,1.0,1.0,1.0,1.0,1.0,1.0,2.0,1.0,1.0,1.0,3.0,1.0,1.0,1.0,1.0,1.0,1.0,1.0,2.0,1.0,6.0,1.0,5.0,1.0,4.0,1.0,8.0,1.0,3.0,3.0,4.0,1.0,2.0,2.0,1.0,1.0,3.0,2.0,3.0,1.0,2.0,1.0,1.0,2.0,1.0,1.0,4.0,6.0,1.0,1.0,1.0,2.0,2.0,1.0,1.0,3.0,5.0,5.38785976813884,1.0,1.0,5.0,1.0,1.0,2.0,1.0,1.0,1.0,4.0,2.0,1.0,4.0,2.0,6.0,1.0,1.0,1.0,1.0,6.0,5.96397995782018,1.0,1.0,3.0,3.0,-1.3686525685699,9.0,2.0,3.0,3.0,3.0,3.0,1.0,1.0,5.0,5.0,5.0,5.0,1.0,7.0,10.0,2.0,1.0,4.0,5.0,5.0,5.0,5.0,2.0,1.0,3.0,5.0,4.0,2.0,2.0,1.0,1.0,2.0,3.0,1.0,1.0,3.0,11.0,5.0,5.0,5.0,5.0,5.0,5.0,5.0,5.0,13.0,3.0,2.0,2.0,3.0,11.0,5.0,5.0,5.0,5.0,1.0,1.0,2.0,18.0,11.0,2.0,1.0,3.0,3.0,5.0,5.0,5.0,5.0,5.0,5.0,2.0,1.0,3.0,1.0,1.0,21.0,1.0,2.0,3.0,6.0,6.0,6.0,6.0,2.0,5.0,3.0,2.0,5.0,13.0,2.0,5.0,5.0,5.0,5.0,6.0,2.0,24.0,2.0,1.0,2.0,5.0,5.0,5.0,5.0,1.0,2.0,4.0,3.0,12.0,1.0,9.0,4.0,4.0,4.0,4.0,4.0,4.0,4.0,1.0,10.0,4.0,1.0,21.0,1.0,2.0,1.0,1.0,1.0,4.0,3.0,5.0,6.0,6.0,6.0,6.0,6.0,1.0,1.0,3.0,15.0,1.0,1.0,1.0,1.0,7.0,4.0,1.0,10.0,5.0,5.0,5.0,5.0,1.0,1.0,4.0,2.0,-19.72431348956135,1.0,2.0,2.0,9.0,2.0,1.0,1.0,3.0,1.0,4.0,3.0,1.0,1.0,1.0,1.0,1.0,2.0,1.0,1.0,9.0,1.0,1.0,1.0,2.0,5.0,5.0,5.0,5.0,2.0,1.0,7.0,1.0,2.0,5.0,5.0,5.0,5.0,5.0,5.0,5.0,3.0,1.0,1.0,20.0,1.0,1.0,1.0,4.0,1.0,1.0,2.0,1.0,9.0,3.0,4.0,4.0,4.0,4.0,4.0,4.0,4.0,4.0,1.0,1.0,37.0,1.0,1.0,1.0,6.0,6.0,6.0,6.0,6.0,6.0,1.0,1.0,1.0,1.0,6.0,16.0,1.0,5.0,5.0,5.0,5.0,1.0,27.0,1.0,1.0,1.0,7.0,6.0,6.0,6.0,6.0,1.0,2.0,1.0,30.0,1.0,1.0,1.0,1.0,8.0,6.0,6.0,6.0,6.0,13.32796194626393,2.0,2.0,2.0,2.0,5.0,5.0,7.0,3.0,30.0,3.0,10.0,6.0,1.0,10.0,5.0,5.0,5.0,5.0,5.0,5.0,5.0,4.0,1.0,6.0,8.0,1.0,2.0,3.0,4.0,4.0,5.0,6.0,6.0,6.0,6.0,-5.0,-5.0,-5.0,-5.0,-5.0,-5.0,-5.0,-5.0,-5.0,-5.0,1.0
1.0,1.0,1.0,2.0,1.0,2.0,4.0,7.0,1.0,2.0,1.0,5.0,1.0,1.0,1.0,1.0,3.0,1.0,2.0,1.0,1.0,1.0,1.0,1.0,1.0,1.0,5.0,2.0,1.0,3.0,1.0,1.0,5.0,1.0,1.0,2.0,1.0,1.0,1.0,2.0,3.0,1.0,1.0,1.0,1.0,1.0,1.0,1.0,1.0,1.0,1.0,1.0,5.0,3.0,2.0,1.0,1.0,2.0,1.0,1.0,1.0,1.0,1.0,1.0,1.0,1.0,2.0,1.0,5.0,1.0,2.0,1.0,1.0,2.0,1.0,1.0,1.0,1.0,2.0,1.0,7.0,4.0,1.0,2.0,1.0,2.0,12.0,5.0,1.0,15.0,1.0,2.0,2.0,2.0,1.0,1.0,8.0,1.0,4.0,1.0,1.0,16.0,3.0,3.0,1.0,2.0,1.0,1.0,6.0,7.0,1.0,2.0,3.0,2.0,2.0,3.0,2.0,1.0,5.0,1.0,3.0,2.0,2.0,1.0,1.0,1.0,10.0,10.0,1.0,3.0,2.0,1.0,2.0,5.0,2.0,1.0,3.0,1.0,1.0,1.0,1.0,1.0,1.0,1.0,7.0,1.0,1.0,13.0,1.0,1.0,1.0,10.0,2.0,1.0,3.0,1.0,1.0,2.0,3.0,1.0,1.0,1.0,1.0,1.0,1.0,1.0,2.0,1.0,14.0,1.0,1.0,1.0,2.0,2.0,1.0,3.0,2.0,1.0,1.0,1.0,2.0,5.0,1.0,1.0,1.0,4.0,1.0,4.0,2.0,14.0,1.0,2.0,2.0,4.0,1.0,1.0,3.0,1.0,1.0,2.0,1.0,1.0,4.0,3.0,17.0,1.0,1.0,1.0,1.0,3.0,1.0,3.0,5.0,1.0,2.0,2.0,2.0,1.0,1.0,1.0,4.0,1.0,2.0,1.0,1.0,1.0,1.0,1.0,1.0,5.0,2.0,2.0,3.0,1.0,1.0,1.0,1.0,2.0,1.0,1.0,1.0,1.0,1.0,5.0,2.0,3.0,2.0,2.0,3.0,1.0,2.0,4.0,1.0,2.0,2.0,2.0,1.0,1.0,1.0,1.0,1.0,3.0,2.0,1.0,1.0,13.0,3.0,1.0,1.0,1.0,7.0,4.0,1.0,1.0,1.0,8.0,1.0,1.0,6.0,2.0,1.0,3.0,2.0,8.0,2.0,1.0,1.0,1.0,5.0,1.0,8.0,1.0,4.0,9.0,7.0,1.0,1.0,8.0,1.0,2.0,1.0,1.0,4.0,1.0,1.0,1.0,7.0,4.0,5.0,3.0,1.0,1.0,1.0,2.0,1.0,1.0,1.0,1.0,1.0,1.0,6.0,3.0,2.0,2.0,1.0,1.0,1.0,1.0,1.0,1.0,5.0,1.0,1.0,3.0,1.0,1.0,3.0,3.0,1.0,1.0,1.0,2.0,2.0,1.0,1.0,1.0,3.0,4.0,4.0,1.0,1.0,1.0,2.0,1.0,2.0,2.0,2.0,8.0,9.0,3.0,1.0,2.0,1.0,1.0,3.0,2.0,2.0,1.0,5.0,1.0,3.0,3.0,3.0,4.0,1.0,1.0,2.0,2.0,3.0,3.0,1.0,3.0,2.0,1.0,1.0,1.0,1.0,1.0,1.0,1.0,1.0,1.0,1.0,1.0,2.0,10.0,2.0,3.0,3.0,3.0,2.0,1.0,1.0,1.0,1.0,2.0,1.0,15.0,3.0,3.0,3.0,3.0,1.0,1.0,11.0,2.0,2.0,2.0,3.0,1.0,1.0,1.0,1.0,9.0,2.0,2.0,3.0,3.0,1.0,1.0,1.0,2.0,1.0,13.0,2.0,2.0,3.0,3.0,6.0,5.0,2.0,2.0,2.0,2.0,3.0,3.0,4.0,3.0,2.0,2.0,3.0,3.0,4.0,2.0,7.0,3.0,3.0,2.0,2.0,1.0,3.0,7.0,2.0,13.0,6.0,4.0,1.0,1.0,1.0,2.0,1.0,3.0,2.0,10.0,2.0,14.0,1.0,1.0,1.0,9.0,3.0,2.0,1.0,1.0,10.0,2.0,1.0,1.0,1.0,2.0,3.0,7.0,5.0,1.0,1.0,1.0,2.0,6.0,2.0,2.0,4.0,2.0,1.0,1.0,1.0,3.0,2.0,10.0,3.0,1.0,1.0,1.0,5.0,3.0,5.0,1.0,3.0,1.0,1.0,2.0,2.0,3.0,2.0,1.0,2.0,1.0,1.0,1.0,2.0,1.0,1.0,1.0,1.0,5.0,1.0,2.0,1.0,1.0,1.0,1.0,1.0,4.0,1.0,1.0,14.0,1.0,4.0,1.0,13.0,11.0,2.0,2.0,1.0,5.0,1.0,11.0,1.0,1.0,1.0,1.0,1.0,4.0,1.0,1.0,1.0,1.0,3.0,1.0,3.0,1.0,5.0,9.0,1.0,1.0,1.0,1.0,4.0,1.0,6.0,13.0,1.0,3.0,3.0,4.0,1.0,3.0,1.0,4.0,1.0,14.0,9.0,12.0,7.0,1.0,1.0,1.0,2.0,4.0,4.0,6.0,10.0,8.0,21.0,4.0,4.0,3.0,2.0,4.0,1.0,2.0,12.0,11.0,1.0,3.0,4.0,1.0,1.0,1.0,1.0,3.0,6.0,7.0,2.0,5.0,3.0,3.0,8.0,10.0,2.0,19.0,8.0,5.0,1.0,3.0,2.0,6.0,-2.04564786099211,2.0,1.0,2.0,3.0,8.0,9.0,6.0,6.0,1.0,1.0,2.0,2.0,2.0,8.0,4.0,5.0,8.0,7.0,13.0,3.0,9.0,2.0,1.0,3.0,5.0,1.0,3.0,1.0,1.0,5.47566330468136,8.0,1.0,2.0,1.0,1.0,6.0,1.0,1.0,1.0,5.0,15.0,1.0,2.0,7.0,5.0,4.0,5.0,4.0,16.0,6.0,4.0,2.0,1.0,1.0,1.0,1.0,1.0,1.0,2.0,1.0,7.0,7.0,4.0,1.0,2.0,1.0,2.0,1.0,1.0,1.0,1.0,2.0,2.0,1.0,1.0,1.0,1.0,1.0,1.0,1.0,1.0,1.0,1.0,1.0,2.0,2.0,4.0,1.0,1.0,1.0,2.0,7.0,1.0,1.0,1.0,1.0,1.0,1.0,1.0,2.0,3.0,6.0,7.0,4.0,1.0,3.0,1.0,1.0,1.0,1.0,1.0,1.0,1.0,1.0,1.0,2.0,1.0,1.0,2.0,1.0,1.0,1.0,2.0,1.0,1.0,1.0,1.0,1.0,2.0,2.0,3.0,6.0,1.0,1.0,2.0,1.0,1.0,2.0,1.0,1.0,13.0,19.0,2.0,1.0,1.0,4.0,1.0,1.0,1.0,1.0,1.0,1.0,1.0,1.0,1.0,1.0,1.0,2.0,1.0,1.0,1.0,16.0,15.0,1.0,2.0,2.0,2.0,1.0,1.0,1.0,2.0,1.0,1.0,1.0,1.0,1.0,2.0,1.0,1.0,3.0,1.0,1.0,1.0,2.0,1.0,1.0,12.0,7.0,1.0,5.0,1.0,3.0,1.0,1.0,1.0,2.0,3.0,1.0,1.0,6.0,7.0,3.0,5.0,3.0,1.0,1.0,3.0,2.0,1.0,7.0,16.0,1.0,1.0,5.0,3.0,1.0,1.0,3.0,2.0,1.0,3.96952489648403,1.0,2.0,3.0,3.0,1.0,1.0,2.0,1.0,1.0,1.0,2.0,30.0,1.0,4.0,7.0,1.0,1.0,1.0,1.0,1.0,2.0,1.0,2.0,1.0,1.0,1.0,1.0,1.0,1.0,5.0,24.0,4.0,2.0,1.0,1.0,1.0,1.0,1.0,1.0,2.0,2.0,3.0,1.0,2.0,1.0,1.0,1.0,1.0,1.0,1.0,1.0,2.0,1.0,1.0,1.0,1.0,1.0,1.0,1.0,1.0,3.0,1.0,1.0,1.0,3.0,5.0,2.0,3.0,1.0,1.0,2.0,1.0,2.0,1.0,3.0,1.0,2.0,1.0,1.0,2.0,2.0,2.0,1.0,1.0,5.0,2.0,2.0,4.0,1.0,3.0,1.0,4.0,1.0,1.0,2.0,1.0,1.0,4.0,1.0,2.0,1.0,1.0,2.0,4.0,1.0,2.0,2.0,5.0,1.0,1.0,2.0,1.0,1.0,3.0,1.0,1.0,3.0,3.0,5.0,3.0,4.0,1.0,1.0,1.0,2.0,1.0,2.0,1.0,2.0,1.0,1.0,3.0,1.0,1.0,1.0,1.0,2.0,1.0,1.0,1.0,2.0,1.0,1.0,1.0,1.0,1.0,1.0,1.0,1.0,4.0,1.0,1.0,1.0,2.0,1.0,6.0,1.0,1.0,1.0,2.0,2.0,1.0,1.0,1.0,-1.2523449689335,2.0,1.0,1.0,2.0,1.0,-1.0,-1.0,-1.0,-1.0,-2.0,1.0,9.0,-1.0,1.0,-1.0,-1.0,-5.0,-4.0,-3.0,-4.0,-5.0,-5.0,1.0,1.0,1.0,6.0,6.0,2.0,1.0,3.0,2.0,1.0,4.0,5.0,1.0,3.0,1.0,1.0,2.0,1.0,5.0,1.0,1.0,10.0,4.0,1.0,1.0,1.0,3.0,7.0,1.0,2.0,8.0,1.0,2.0,1.0,1.0,1.0,2.0,1.0,2.0,9.0,1.0,9.0,1.0,1.0,1.0,3.0,1.0,1.0,4.0,4.0,1.0,2.0,1.0,2.0,1.0,1.0,1.0,2.0,1.0,1.0,2.0,4.0,1.0,1.0,10.0,1.0,1.0,1.0,3.0,1.0,4.0,4.0,9.0,1.0,1.0,5.0,1.0,1.0,4.957128867032768,4.0,2.0,5.0,1.0,7.0,1.0,5.0,1.0,1.0,1.0,18.20845275419301,1.0,5.0,4.0,6.0,1.0,-3.0,-1.0,-1.0,-13.71931735451625,-2.0,-2.0,-1.0,-1.0,-1.0,-1.0,-3.0,-1.0,-2.0,-4.0,-1.0,-2.0,-1.0,-1.0,-1.0,5.0,4.0,2.0,7.0,2.0,1.0,2.0,1.0,2.0,1.0,3.0,4.0,4.0,1.0,1.0,2.0,4.0,2.0,6.0,1.0,5.0,11.27775448851298,8.0,7.0,1.0,4.0,3.0,1.0,1.0,1.0,2.0,1.0,4.0,1.0,1.0,1.0,1.0,2.0,1.0,1.0,3.0,2.0,4.0,7.0,7.0,4.0,1.0,1.0,4.0,1.0,1.0,2.0,1.0,1.0,5.0,1.0,2.0,7.0,4.0,2.0,2.0,1.0,1.0,1.0,2.0,2.0,2.0,1.0,1.0,2.0,6.0,1.0,4.0,2.0,3.0,-9.81276160699843,1.0,8.0,8.0,1.0,1.0,2.0,2.0,1.0,1.0,2.0,2.0,11.0,5.0,2.0,1.0,2.0,2.0,2.0,2.0,2.0,2.0,2.0,2.0,2.0,1.0,1.0,25.0,6.0,5.0,5.0,5.0,5.0,5.0,5.0,3.0,2.0,1.0,1.0,2.0,1.0,1.0,12.0,15.0,4.0,4.0,5.0,4.0,4.0,5.0,2.0,1.0,5.0,1.0,1.0,2.0,1.0,16.0,5.0,4.0,5.0,4.0,10.0,2.0,4.0,3.0,3.0,6.0,4.0,4.0,4.0,4.0,4.0,4.0,4.0,4.0,4.0,2.0,4.0,4.0,4.0,4.0,4.0,4.0,1.0,1.0,4.0,4.0,4.0,4.0,4.0,4.0,1.0,1.0,1.0,1.0,1.0,1.0,4.0,4.0,4.0,4.0,4.0,4.0,4.0,4.0,4.0,4.0,1.0,1.0,1.0,1.0,3.0,1.0,1.0,10.0,1.0,1.0,1.0,1.0,1.0,21.0,15.0,1.0,1.0,1.0,1.0,1.0,1.0,5.0,1.0,6.0,2.0,2.0,23.0,14.0,1.0,3.0,3.0,3.0,3.0,3.0,3.0,3.0,3.0,1.0,1.0,1.0,1.0,1.0,6.0,1.0,4.0,10.0,9.0,26.0,7.0,3.0,3.0,4.0,3.0,3.0,3.0,4.0,3.0,1.0,1.0,1.0,1.0,3.0,1.0,1.0,13.0,2.0,2.0,2.0,2.0,2.0,2.0,2.0,1.0,1.0,2.0,2.0,2.0,2.0,2.0,2.0,3.0,2.0,1.0,2.0,2.0,2.0,2.0,2.0,2.0,2.0,1.0,2.0,2.0,2.0,2.0,2.0,2.0,2.0,2.0,2.0,2.0,2.0,1.0,-2.0,1.0,4.0,1.0,-4.0,-4.0,-5.0,-4.0,-4.0,-4.0,-5.0,-4.0,-1.0,1.0,2.0,-1.0,1.0,-4.0,-5.0,-4.0,-4.0,-5.0,-4.0,2.0,1.0,-5.0,-6.0,-5.0,-5.0,-6.0,-5.0,1.0,1.0,1.0,-5.0,-5.0,-5.0,-5.0,-5.0,-5.0,-1.0,1.0,-1.0,-5.0,-5.0,-5.0,-5.0,-5.0,-5.0,-3.0,-4.0,-1.0,-1.0,-3.0,-1.0,0.0,1.0,-9.0,-5.0,1.0,-1.0,-2.0,-1.0,-1.0,-2.0,-1.0,-3.0,-2.0,-1.0,-1.0,-1.0,-1.0,-1.0,-3.0,-1.0,-1.0,-1.0,-1.0,-3.0,-2.0,19.45784305872714,-2.0,-1.0,-1.0,-1.0,-2.0,7.0,-4.0,-2.0,-3.0,-3.0,-1.0,-1.0,-1.0,1.0,1.0,0.0,-1.0,-5.0,-7.0,-1.0,-2.0,-1.0,9.0,2.0,13.0,-1.0,-1.0,-1.0,-5.0,-5.0,-2.0,-4.0,1.0,5.0,4.0,2.0,2.0,1.0,2.0,15.0,17.0,4.0,5.0,7.0,13.0,1.0,3.0,1.0,1.0,1.0,12.0,5.0,5.0,1.0,11.0,2.0,4.0,2.0,1.0,15.57346510062307,4.0,2.0,1.0,1.0,2.0,1.0,1.0,2.0,1.0,1.0,2.0,6.0,1.0,1.0,2.0,4.0,3.0,2.0,2.0,3.0,7.0,1.0,1.0,1.0,1.0,1.0,2.0,1.0,1.0,1.0,1.0,1.0,1.0,1.0,1.0,2.0,2.0,1.0,4.0,1.0,1.0,1.0,1.0,3.0,1.0,2.0,6.0,1.0,1.0,1.0,1.0,1.0,1.0,-2.5485758184053537,1.0,1.0,1.0,1.0,1.0,3.0,1.0,1.0,3.0,2.0,2.0,2.0,5.0,-20.80157324031526,2.0,2.0,4.0,3.0,1.0,2.0,2.0,2.0,2.0,-15.704502461243464,1.0,2.0,2.0,2.0,1.0,1.0,1.0,1.0,1.0,2.0,1.0,4.0,1.0,1.0,1.0,1.0,2.0,1.0,1.0,1.0,5.0,5.0,1.0,4.0,3.0,2.0,2.0,1.0,5.0,1.0,3.0,4.0,2.0,1.0,3.0,3.0,4.0,3.0,3.0,1.0,1.0,2.0,1.0,3.0,2.0,4.0,2.0,1.0,4.0,2.0,1.0,2.0,3.0,3.0,3.0,3.0,2.0,1.0,4.0,5.0,1.0,1.0,5.0,4.0,2.0,1.0,1.0,6.276158308138452,6.0,10.0,1.0,5.0,5.0,1.0,7.0,2.0,1.0,10.0,4.0,3.0,3.0,1.0,7.0,1.0,11.0,1.0,2.0,2.0,1.0,3.0,2.0,1.0,1.0,5.0,8.0,1.0,7.0,3.0,1.0,2.0,2.0,1.0,2.0,1.0,1.0,1.0,1.0,2.0,7.0,6.0,1.0,2.0,1.0,1.0,1.0,1.0,5.0,1.0,1.0,2.0,5.0,1.0,2.0,7.0,6.0,6.0,1.0,2.0,9.0,3.0,6.0,1.0,6.0,4.0,9.0,1.0,1.0,1.0,2.0,10.0,6.0,2.0,2.0,5.0,5.0,1.0,10.0,1.0,2.0,4.0,5.0,13.0,1.0,1.0,1.0,1.0,4.0,4.0,3.0,1.0,2.0,1.0,1.0,1.0,2.0,4.0,4.0,5.0,11.0,1.0,1.0,13.2640361646798,1.0,5.0,2.0,7.0,1.0,1.0,2.0,1.0,1.0,1.0,3.0,3.0,2.0,2.0,3.0,5.0,1.0,2.0,1.0,-2.0,1.0,1.0,7.0,-3.0,-3.0,-3.0,-3.0,1.0,0.0,4.0,-2.0,5.0,-6.0,-6.0,-6.0,-6.0,-2.0,-1.0,-1.0,-6.0,-6.0,-6.0,-6.0,-3.0,-2.0,-1.0,-1.0,-3.0,-3.0,-3.0,-3.0,-2.0,-1.0,-1.0,2.0,-1.0,-6.0,-6.0,-6.0,-7.103831779623127,-6.0,-6.0,-6.0,1.0,1.0,-3.0,-3.0,7.0,2.0,-5.0,-5.0,-5.0,-5.0,1.0,-2.0,-2.0,2.0,1.0,-5.0,-6.0,-5.0,-5.0,2.0,1.0,1.0,1.0,-6.0,-6.0,-6.0,-6.0,-1.0,1.0,-2.0,-2.0,1.0,2.0,-13.0,-13.0,-1.0,-1.0,-2.0,2.0,1.0,-5.0,-5.0,-5.0,-5.0,-5.0,-5.0,1.0,1.0,-5.0,-5.0,-5.0,-5.0,-5.0,0.0,-3.0,-12.0,-12.0,1.0,5.0,-7.0,-7.0,-7.0,-7.0,1.0,7.0,1.0,1.0,1.0,2.0,11.0,1.0,4.0,1.0,3.0,6.0,1.0,2.0,3.0,15.0,3.0,2.0,3.0,4.0,1.0,6.0,6.0,4.0,2.0,1.0,1.0,1.0,1.0,1.0,1.0,3.0,7.0,1.0,3.0,1.0,1.0,1.0,3.0,2.0,1.0,2.0,2.0,1.0,1.0,3.0,3.0,3.0,1.0,1.0,2.0,3.0,3.0,3.0,1.0,1.0,1.0,3.0,4.0,4.0,2.0,3.0,1.0,1.0,1.0,1.0,1.0,1.0,2.0,3.0,4.0,4.0,2.0,6.0,3.0,1.0,1.0,1.0,1.0,1.0,1.0,2.0,3.0,1.0,13.0,3.0,1.0,1.0,6.0,1.0,1.0,1.0,4.0,1.0,1.0,2.0,2.0,4.0,3.0,3.0,1.0,1.0,1.0,1.0,2.0,2.0,3.0,3.0,1.0,1.0,2.0,2.0,1.0,2.0,6.0,6.0,2.0,3.0,2.0,2.0,1.0,1.0,2.0,2.0,6.0,6.0,2.0,3.0,2.0,2.0,1.0,1.0,21.0,3.0,4.0,1.0,2.0,2.0,8.0,1.0,7.0,2.0,1.0,2.0,3.0,4.0,4.0,1.0,16.0,1.0,6.0,3.0,1.0,1.0,2.0,10.0,1.0,10.0,3.0,3.0,2.0,1.0,4.0,3.0,1.0,2.0,1.0,1.0,4.0,1.0,3.0,1.0,2.0,2.0,1.0,1.0,1.0,1.0,3.0,1.0,1.0,2.0,1.0,1.0,1.0,1.0,1.0,1.29786125122586,1.0,1.0,1.0,1.0,1.0,4.0,3.0,1.0,1.0,1.0,1.0,1.0,1.0,2.0,2.0,1.0,4.0,1.0,4.0,1.0,1.0,2.0,1.0,1.0,3.0,2.0,2.0,2.0,2.0,1.0,1.0,6.0,24.0,4.0,1.0,3.0,2.0,1.0,1.0,16.0,35.0,3.0,1.0,1.0,1.0,1.0,1.0,1.0,3.0,5.0,1.0,1.0,2.0,7.0,5.0,5.0,2.0,3.0,1.0,1.0,1.0,8.0,1.0,5.0,3.0,2.0,9.0,6.0,1.0,4.0,13.0,1.0,7.0,7.0,1.0,1.0,1.0,1.0,1.0,4.0,6.0,3.0,2.0,1.0,8.0,6.0,1.0,1.0,1.0,2.0,3.0,1.0,2.0,8.0,1.0,2.0,9.0,2.0,1.0,1.0,1.0,1.0,1.0,4.0,1.0,1.0,4.0,5.0,1.0,1.0,2.0,3.0,2.0,1.0,2.0,5.0,6.0,4.0,6.0,8.0,11.0,7.0,6.0,1.0,1.0,1.0,4.0,1.0,3.0,4.0,5.0,12.0,5.0,2.0,2.0,1.0,4.0,2.0,1.0,1.0,1.0,3.0,4.0,3.0,2.0,17.29671484676516,3.0,5.0,1.0,7.0,5.0,2.0,2.0,3.0,1.0,1.0,1.0,1.0,2.0,1.0,2.0,1.0,1.0,12.0,10.0,8.0,6.0,5.0,1.0,1.0,1.0,3.0,1.0,1.0,1.0,3.0,4.0,1.0,2.0,1.0,1.0,1.0,2.0,1.0,1.0,8.0,1.0,1.0,2.0,2.0,5.0,2.0,2.0,1.0,1.0,3.0,2.0,3.0,1.0,6.0,6.0,1.0,1.0,6.0,1.0,6.0,9.0,3.0,13.0,10.0,1.0,1.0,11.0,1.0,1.0,3.0,8.0,9.0,2.0,1.0,2.0,3.0,3.0,3.0,1.0,1.0,1.0,5.0,5.0,2.0,1.0,2.0,2.0,1.0,1.0,5.0,1.0,1.0,1.0,1.0,3.0,2.0,1.0,2.0,1.0,3.0,4.0,1.0,2.0,1.0,2.0,1.0,2.0,2.0,1.0,1.0,2.0,2.0,1.0,1.0,1.0,1.0,1.0,1.0,2.0,1.0,8.0,2.0,1.0,5.0,6.0,2.0,1.0,1.0,1.0,6.0,2.0,3.0,4.0,3.0,1.0,1.0,2.0,2.0,1.0,1.0,11.0,1.0,1.0,2.0,4.0,5.0,3.0,1.0,4.0,1.0,14.0,4.0,7.0,1.0,1.0,2.0,1.0,1.0,2.92572291035908,1.0,1.0,1.0,3.0,1.0,9.0,2.0,2.0,1.0,1.0,7.0,1.0,8.0,1.0,1.0,1.0,1.0,2.0,1.0,1.0,1.0,1.0,2.0,1.0,1.0,1.0,1.0,1.0,1.0,4.0,4.0,3.0,2.0,1.0,1.0,1.0,1.0,3.0,1.0,1.0,1.0,1.0,1.0,1.0,1.0,1.0,2.0,1.0,3.0,0.24337417607789,1.0,1.0,3.0,5.0,9.0,7.0,2.0,2.0,1.0,1.0,1.0,2.0,3.0,1.0,1.0,2.0,3.0,1.0,1.0,2.0,2.0,1.0,1.0,1.0,1.0,2.0,1.0,1.0,-1.0,-1.0,-2.0,-4.0,-12.0,-7.0,-6.0,-6.0,-9.0,-11.0,-2.0,-8.0,-10.0,-6.0,-11.0,-6.50984180533249,-1.0,-4.0,-1.0,-10.0,-11.0,-3.0,-8.0,-12.0,-10.0,-1.0,-1.0,-1.0,-1.0,-7.0,-7.0,-13.0,-7.0,2.0,1.0,1.0,1.0,2.0,1.0,1.0,5.0,1.0,2.0,1.0,1.0,3.0,1.0,3.0,1.0,1.0,1.0,1.0,1.0,1.0,1.0,1.0,4.0,1.0,1.0,2.0,1.0,1.0,3.0,1.0,1.0,2.0,1.0,1.0,2.0,3.0,1.0,2.0,1.0,1.0,1.0,1.0,1.0,1.0,2.0,1.0,2.0,1.0,2.0,5.0,6.0,1.0,2.0,1.0,1.0,3.0,1.0,1.0,2.0,3.0,3.0,1.0,1.0,2.0,5.0,5.0,1.0,1.0,4.0,3.0,2.0,1.0,1.0,-1.0,1.0,2.0,-3.0,1.0,1.0,-4.0,-4.0,-3.0,2.0,-1.0,-1.0,-1.0,-2.0,2.0,10.0,1.0,1.0,1.0,2.0,3.0,4.0,1.0,2.0,1.0,17.0,1.0,1.0,1.0,1.0,2.0,1.0,1.0,1.0,4.0,4.0,1.0,3.0,1.0,1.0,2.0,1.0,1.0,1.0,2.0,2.0,1.0,1.0,1.0,1.0,2.0,3.0,18.94840458248437,1.0,1.0,3.0,1.0,1.0,1.0,2.0,3.0,1.0,1.0,2.0,4.0,2.0,1.0,1.0,1.0,1.0,2.0,3.0,1.0,4.0,1.0,1.0,1.0,4.0,4.0,1.0,1.0,2.0,2.0,2.0,2.0,1.0,2.0,1.0,2.0,3.0,1.0,6.0,11.0,8.0,5.0,4.0,5.0,3.0,2.0,1.0,1.0,1.0,1.0,1.0,2.0,2.0,3.0,2.0,3.0,1.0,1.0,1.0,1.0,1.0,1.0,3.0,2.0,5.0,1.0,2.0,2.0,1.0,5.0,1.0,5.0,1.0,2.0,5.0,3.0,2.0,1.0,15.11250881122309,1.0,2.0,3.0,1.0,1.0,1.0,3.0,3.0,2.0,4.0,1.0,1.0,1.0,1.0,1.0,1.0,1.0,1.0,1.0,1.0,1.0,3.0,5.0,1.0,1.0,1.0,2.0,2.0,1.0,1.0,5.0,1.0,1.0,5.0,1.0,1.0,-7.0,-7.0,1.0,-1.0,-4.0,-2.0,-1.0,-2.0,-1.0,1.0,-1.0,-3.0,-5.0,0.0,-3.0,-1.0,-2.0,-4.0,1.0,-1.0,1.0,-1.0,-1.0,1.0,-1.0,-1.0,2.0,-2.0,-3.0,2.0,-2.0,-1.0,1.0,-1.0,-1.0,-2.0,1.0,-2.0,-1.0,2.0,-1.0,-1.0,-1.0,-1.0,-2.0,2.0,-2.0,-2.0,0.0,-1.0,-1.0,-1.0,-1.0,-1.0,1.0,1.0,1.0,7.0,1.0,1.0,1.0,1.0,1.0,2.0,1.0,1.0,12.0,1.0,1.0,1.0,1.0,1.0,1.0,2.0,1.0,1.0,1.0,1.0,2.0,4.0,3.0,1.0,1.0,3.0,1.0,1.0,1.0,1.0,2.0,1.0,1.0,1.0,1.0,1.0,2.0,1.0,1.0,3.0,7.0,2.0,1.0,1.0,1.0,1.0,1.0,1.0,1.0,1.0,1.0,1.0,1.0,1.0,6.0,1.0,1.0,1.0,1.0,1.0,1.0,1.0,1.0,1.0,1.0,1.0,1.0,1.0,1.0,1.0,1.0,4.0,1.0,1.0,1.0,1.0,1.0,1.0,1.0,1.0,1.0,1.0,1.0,1.0,1.0,1.0,1.0,1.0,1.0,1.0,1.0,-1.0,-1.0,1.0,1.0,2.0,-2.0,-2.0,-2.0,-2.0,-2.0,1.0,1.0,-3.56110793196185,-3.0,-3.0,-3.0,1.0,-5.0,-5.0,-5.0,1.0,1.0,1.0,1.0,2.0,1.0,1.0,-1.0,-1.0,-1.0,-1.0,-1.0,-1.0,4.0,4.0,1.0,1.0,3.0,1.0,1.0,1.0,1.0,1.0,3.0,3.0,2.0,1.0,1.0,1.0,1.0,1.0,2.0,1.0,1.0,2.0,2.0,1.0,1.0,1.0,1.0,1.0,3.0,3.0,3.0,1.0,1.0,2.0,1.0,1.0,2.0,2.0,2.0,1.0,1.0,1.0,2.0,1.0,1.0,1.0,1.0,3.0,1.0,1.0,1.0,1.0,4.0,2.0,5.0,1.0,2.0,1.0,1.0,1.0,1.0,3.0,1.0,2.0,3.0,2.0,1.0,1.0,1.0,2.0,2.0,2.0,2.0,1.0,6.0,3.0,6.0,1.0,1.0,1.0,3.0,1.0,4.0,5.0,1.0,1.0,1.0,1.0,1.0,17.0,1.0,2.0,12.0,1.0,2.0,3.0,8.0,13.0,5.0,2.0,1.0,2.0,6.0,4.0,4.0,2.0,1.0,3.0,2.0,1.0,1.0,1.0,3.0,1.0,1.0,1.0,3.0,1.0,1.0,1.0,3.0,1.0,1.0,1.0,2.0,3.0,7.0,4.0,3.0,-0.31044766992144,2.0,2.0,2.0,1.0,1.0,1.0,1.0,1.0,1.0,1.0,1.0,1.0,1.0,1.0,1.0,1.0,1.0,1.0,1.0,1.0,1.0,1.0,1.0,1.0,1.0,1.0,1.0,1.0,3.0,1.0,1.0,2.0,2.0,2.0,2.0,3.0,1.0,1.0,1.0,2.0,1.0,4.0,3.0,1.0,1.0,1.0,2.0,1.0,7.39298284432326,1.0,5.0,3.0,2.0,1.0,1.0,1.0,1.0,1.0,1.0,1.0,1.0,1.0,3.0,4.0,3.0,1.0,1.0,1.0,1.0,1.0,1.0,1.0,1.0,1.0,1.0,1.0,1.0,2.0,1.0,1.0,1.0,1.0,1.0,1.0,1.0,1.0,1.0,1.0,1.0,2.0,1.0,1.0,1.0,1.0,1.0,1.0,1.0,1.0,1.0,1.0,1.0,1.0,1.0,3.0,8.0,2.0,1.0,2.0,1.0,1.0,4.0,1.0,1.0,1.0,1.0,1.0,1.0,1.0,7.0,5.0,2.0,3.0,1.0,1.0,2.0,1.0,1.0,1.0,1.0,1.0,1.0,2.0,3.0,1.0,2.0,2.0,2.0,-16.38832593496558,3.0,1.0,1.0,1.0,1.0,3.0,2.0,3.0,3.0,1.0,1.0,2.0,2.0,2.0,3.0,2.0,1.0,3.0,1.0,2.0,2.0,2.0,2.0,2.0,2.0,1.0,1.0,1.0,1.0,1.0,1.0,1.0,1.0,1.0,2.0,1.0,1.0,1.0,3.0,1.0,1.0,1.0,1.0,1.0,1.0,1.0,2.0,1.0,6.0,1.0,5.0,1.0,4.0,1.0,8.0,1.0,3.0,3.0,4.0,1.0,2.0,2.0,1.0,1.0,3.0,2.0,3.0,1.0,2.0,1.0,1.0,2.0,1.0,1.0,4.0,6.0,1.0,1.0,1.0,2.0,2.0,1.0,1.0,3.0,5.0,5.38785976813884,1.0,1.0,5.0,1.0,1.0,2.0,1.0,1.0,1.0,4.0,2.0,1.0,4.0,2.0,6.0,1.0,1.0,1.0,1.0,6.0,5.96397995782018,1.0,1.0,3.0,3.0,-1.3686525685699,9.0,2.0,3.0,3.0,3.0,3.0,1.0,1.0,5.0,5.0,5.0,5.0,1.0,7.0,10.0,2.0,1.0,4.0,5.0,5.0,5.0,5.0,2.0,1.0,3.0,5.0,4.0,2.0,2.0,1.0,1.0,2.0,3.0,1.0,1.0,3.0,11.0,5.0,5.0,5.0,5.0,5.0,5.0,5.0,5.0,13.0,3.0,2.0,2.0,3.0,11.0,5.0,5.0,5.0,5.0,1.0,1.0,2.0,18.0,11.0,2.0,1.0,3.0,3.0,5.0,5.0,5.0,5.0,5.0,5.0,2.0,1.0,3.0,1.0,1.0,21.0,1.0,2.0,3.0,6.0,6.0,6.0,6.0,2.0,5.0,3.0,2.0,5.0,13.0,2.0,5.0,5.0,5.0,5.0,6.0,2.0,24.0,2.0,1.0,2.0,5.0,5.0,5.0,5.0,1.0,2.0,4.0,3.0,12.0,1.0,9.0,4.0,4.0,4.0,4.0,4.0,4.0,4.0,1.0,10.0,4.0,1.0,21.0,1.0,2.0,1.0,1.0,1.0,4.0,3.0,5.0,6.0,6.0,6.0,6.0,6.0,1.0,1.0,3.0,15.0,1.0,1.0,1.0,1.0,7.0,4.0,1.0,10.0,5.0,5.0,5.0,5.0,1.0,1.0,4.0,2.0,-19.72431348956135,1.0,2.0,2.0,9.0,2.0,1.0,1.0,3.0,1.0,4.0,3.0,1.0,1.0,1.0,1.0,1.0,2.0,1.0,1.0,9.0,1.0,1.0,1.0,2.0,5.0,5.0,5.0,5.0,2.0,1.0,7.0,1.0,2.0,5.0,5.0,5.0,5.0,5.0,5.0,5.0,3.0,1.0,1.0,20.0,1.0,1.0,1.0,4.0,1.0,1.0,2.0,1.0,9.0,3.0,4.0,4.0,4.0,4.0,4.0,4.0,4.0,4.0,1.0,1.0,37.0,1.0,1.0,1.0,6.0,6.0,6.0,6.0,6.0,6.0,1.0,1.0,1.0,1.0,6.0,16.0,1.0,5.0,5.0,5.0,5.0,1.0,27.0,1.0,1.0,1.0,7.0,6.0,6.0,6.0,6.0,1.0,2.0,1.0,30.0,1.0,1.0,1.0,1.0,8.0,6.0,6.0,6.0,6.0,13.32796194626393,2.0,2.0,2.0,2.0,5.0,5.0,7.0,3.0,30.0,3.0,10.0,6.0,1.0,10.0,5.0,5.0,5.0,5.0,5.0,5.0,5.0,4.0,1.0,6.0,8.0,1.0,2.0,3.0,4.0,4.0,5.0,6.0,6.0,6.0,6.0,-5.0,-5.0,-5.0,-5.0,-5.0,-5.0,-5.0,-5.0,-5.0,-5.0,1.0
1.0,1.0,1.0,2.0,1.0,2.0,4.0,7.0,1.0,2.0,1.0,5.0,1.0,1.0,1.0,1.0,3.0,1.0,2.0,1.0,1.0,1.0,1.0,1.0,1.0,1.0,5.0,2.0,1.0,3.0,1.0,1.0,5.0,1.0,1.0,2.0,1.0,1.0,1.0,2.0,3.0,1.0,1.0,1.0,1.0,1.0,1.0,1.0,1.0,1.0,1.0,1.0,5.0,3.0,2.0,1.0,1.0,2.0,1.0,1.0,1.0,1.0,1.0,1.0,1.0,1.0,2.0,1.0,5.0,1.0,2.0,1.0,1.0,2.0,1.0,1.0,1.0,1.0,2.0,1.0,7.0,4.0,1.0,2.0,1.0,2.0,12.0,5.0,1.0,15.0,1.0,2.0,2.0,2.0,1.0,1.0,8.0,1.0,4.0,1.0,1.0,16.0,3.0,3.0,1.0,2.0,1.0,1.0,6.0,7.0,1.0,2.0,3.0,2.0,2.0,3.0,2.0,1.0,5.0,1.0,3.0,2.0,2.0,1.0,1.0,1.0,10.0,10.0,1.0,3.0,2.0,1.0,2.0,5.0,2.0,1.0,3.0,1.0,1.0,1.0,1.0,1.0,1.0,1.0,7.0,1.0,1.0,13.0,1.0,1.0,1.0,10.0,2.0,1.0,3.0,1.0,1.0,2.0,3.0,1.0,1.0,1.0,1.0,1.0,1.0,1.0,2.0,1.0,14.0,1.0,1.0,1.0,2.0,2.0,1.0,3.0,2.0,1.0,1.0,1.0,2.0,5.0,1.0,1.0,1.0,4.0,1.0,4.0,2.0,14.0,1.0,2.0,2.0,4.0,1.0,1.0,3.0,1.0,1.0,2.0,1.0,1.0,4.0,3.0,17.0,1.0,1.0,1.0,1.0,3.0,1.0,3.0,5.0,1.0,2.0,2.0,2.0,1.0,1.0,1.0,4.0,1.0,2.0,1.0,1.0,1.0,1.0,1.0,1.0,5.0,2.0,2.0,3.0,1.0,1.0,1.0,1.0,2.0,1.0,1.0,1.0,1.0,1.0,5.0,2.0,3.0,2.0,2.0,3.0,1.0,2.0,4.0,1.0,2.0,2.0,2.0,1.0,1.0,1.0,1.0,1.0,3.0,2.0,1.0,1.0,13.0,3.0,1.0,1.0,1.0,7.0,4.0,1.0,1.0,1.0,8.0,1.0,1.0,6.0,2.0,1.0,3.0,2.0,8.0,2.0,1.0,1.0,1.0,5.0,1.0,8.0,1.0,4.0,9.0,7.0,1.0,1.0,8.0,1.0,2.0,1.0,1.0,4.0,1.0,1.0,1.0,7.0,4.0,5.0,3.0,1.0,1.0,1.0,2.0,1.0,1.0,1.0,1.0,1.0,1.0,6.0,3.0,2.0,2.0,1.0,1.0,1.0,1.0,1.0,1.0,5.0,1.0,1.0,3.0,1.0,1.0,3.0,3.0,1.0,1.0,1.0,2.0,2.0,1.0,1.0,1.0,3.0,4.0,4.0,1.0,1.0,1.0,2.0,1.0,2.0,2.0,2.0,8.0,9.0,3.0,1.0,2.0,1.0,1.0,3.0,2.0,2.0,1.0,5.0,1.0,3.0,3.0,3.0,4.0,1.0,1.0,2.0,2.0,3.0,3.0,1.0,3.0,2.0,1.0,1.0,1.0,1.0,1.0,1.0,1.0,1.0,1.0,1.0,1.0,2.0,10.0,2.0,3.0,3.0,3.0,2.0,1.0,1.0,1.0,1.0,2.0,1.0,15.0,3.0,3.0,3.0,3.0,1.0,1.0,11.0,2.0,2.0,2.0,3.0,1.0,1.0,1.0,1.0,9.0,2.0,2.0,3.0,3.0,1.0,1.0,1.0,2.0,1.0,13.0,2.0,2.0,3.0,3.0,6.0,5.0,2.0,2.0,2.0,2.0,3.0,3.0,4.0,3.0,2.0,2.0,3.0,3.0,4.0,2.0,7.0,3.0,3.0,2.0,2.0,1.0,3.0,7.0,2.0,13.0,6.0,4.0,1.0,1.0,1.0,2.0,1.0,3.0,2.0,10.0,2.0,14.0,1.0,1.0,1.0,9.0,3.0,2.0,1.0,1.0,10.0,2.0,1.0,1.0,1.0,2.0,3.0,7.0,5.0,1.0,1.0,1.0,2.0,6.0,2.0,2.0,4.0,2.0,1.0,1.0,1.0,3.0,2.0,10.0,3.0,1.0,1.0,1.0,5.0,3.0,5.0,1.0,3.0,1.0,1.0,2.0,2.0,3.0,2.0,1.0,2.0,1.0,1.0,1.0,2.0,1.0,1.0,1.0,1.0,5.0,1.0,2.0,1.0,1.0,1.0,1.0,1.0,4.0,1.0,1.0,14.0,1.0,4.0,1.0,13.0,11.0,2.0,2.0,1.0,5.0,1.0,11.0,1.0,1.0,1.0,1.0,1.0,4.0,1.0,1.0,1.0,1.0,3.0,1.0,3.0,1.0,5.0,9.0,1.0,1.0,1.0,1.0,4.0,1.0,6.0,13.0,1.0,3.0,3.0,4.0,1.0,3.0,1.0,4.0,1.0,14.0,9.0,12.0,7.0,1.0,1.0,1.0,2.0,4.0,4.0,6.0,10.0,8.0,21.0,4.0,4.0,3.0,2.0,4.0,1.0,2.0,12.0,11.0,1.0,3.0,4.0,1.0,1.0,1.0,1.0,3.0,6.0,7.0,2.0,5.0,3.0,3.0,8.0,10.0,2.0,19.0,8.0,5.0,1.0,3.0,2.0,6.0,-2.04564786099211,2.0,1.0,2.0,3.0,8.0,9.0,6.0,6.0,1.0,1.0,2.0,2.0,2.0,8.0,4.0,5.0,8.0,7.0,13.0,3.0,9.0,2.0,1.0,3.0,5.0,1.0,3.0,1.0,1.0,5.47566330468136,8.0,1.0,2.0,1.0,1.0,6.0,1.0,1.0,1.0,5.0,15.0,1.0,2.0,7.0,5.0,4.0,5.0,4.0,16.0,6.0,4.0,2.0,1.0,1.0,1.0,1.0,1.0,1.0,2.0,1.0,7.0,7.0,4.0,1.0,2.0,1.0,2.0,1.0,1.0,1.0,1.0,2.0,2.0,1.0,1.0,1.0,1.0,1.0,1.0,1.0,1.0,1.0,1.0,1.0,2.0,2.0,4.0,1.0,1.0,1.0,2.0,7.0,1.0,1.0,1.0,1.0,1.0,1.0,1.0,2.0,3.0,6.0,7.0,4.0,1.0,3.0,1.0,1.0,1.0,1.0,1.0,1.0,1.0,1.0,1.0,2.0,1.0,1.0,2.0,1.0,1.0,1.0,2.0,1.0,1.0,1.0,1.0,1.0,2.0,2.0,3.0,6.0,1.0,1.0,2.0,1.0,1.0,2.0,1.0,1.0,13.0,19.0,2.0,1.0,1.0,4.0,1.0,1.0,1.0,1.0,1.0,1.0,1.0,1.0,1.0,1.0,1.0,2.0,1.0,1.0,1.0,16.0,15.0,1.0,2.0,2.0,2.0,1.0,1.0,1.0,2.0,1.0,1.0,1.0,1.0,1.0,2.0,1.0,1.0,3.0,1.0,1.0,1.0,2.0,1.0,1.0,12.0,7.0,1.0,5.0,1.0,3.0,1.0,1.0,1.0,2.0,3.0,1.0,1.0,6.0,7.0,3.0,5.0,3.0,1.0,1.0,3.0,2.0,1.0,7.0,16.0,1.0,1.0,5.0,3.0,1.0,1.0,3.0,2.0,1.0,3.96952489648403,1.0,2.0,3.0,3.0,1.0,1.0,2.0,1.0,1.0,1.0,2.0,30.0,1.0,4.0,7.0,1.0,1.0,1.0,1.0,1.0,2.0,1.0,2.0,1.0,1.0,1.0,1.0,1.0,1.0,5.0,24.0,4.0,2.0,1.0,1.0,1.0,1.0,1.0,1.0,2.0,2.0,3.0,1.0,2.0,1.0,1.0,1.0,1.0,1.0,1.0,1.0,2.0,1.0,1.0,1.0,1.0,1.0,1.0,1.0,1.0,3.0,1.0,1.0,1.0,3.0,5.0,2.0,3.0,1.0,1.0,2.0,1.0,2.0,1.0,3.0,1.0,2.0,1.0,1.0,2.0,2.0,2.0,1.0,1.0,5.0,2.0,2.0,4.0,1.0,3.0,1.0,4.0,1.0,1.0,2.0,1.0,1.0,4.0,1.0,2.0,1.0,1.0,2.0,4.0,1.0,2.0,2.0,5.0,1.0,1.0,2.0,1.0,1.0,3.0,1.0,1.0,3.0,3.0,5.0,3.0,4.0,1.0,1.0,1.0,2.0,1.0,2.0,1.0,2.0,1.0,1.0,3.0,1.0,1.0,1.0,1.0,2.0,1.0,1.0,1.0,2.0,1.0,1.0,1.0,1.0,1.0,1.0,1.0,1.0,4.0,1.0,1.0,1.0,2.0,1.0,6.0,1.0,1.0,1.0,2.0,2.0,1.0,1.0,1.0,-1.2523449689335,2.0,1.0,1.0,2.0,1.0,-1.0,-1.0,-1.0,-1.0,-2.0,1.0,9.0,-1.0,1.0,-1.0,-1.0,-5.0,-4.0,-3.0,-4.0,-5.0,-5.0,1.0,1.0,1.0,6.0,6.0,2.0,1.0,3.0,2.0,1.0,4.0,5.0,1.0,3.0,1.0,1.0,2.0,1.0,5.0,1.0,1.0,10.0,4.0,1.0,1.0,1.0,3.0,7.0,1.0,2.0,8.0,1.0,2.0,1.0,1.0,1.0,2.0,1.0,2.0,9.0,1.0,9.0,1.0,1.0,1.0,3.0,1.0,1.0,4.0,4.0,1.0,2.0,1.0,2.0,1.0,1.0,1.0,2.0,1.0,1.0,2.0,4.0,1.0,1.0,10.0,1.0,1.0,1.0,3.0,1.0,4.0,4.0,9.0,1.0,1.0,5.0,1.0,1.0,4.957128867032768,4.0,2.0,5.0,1.0,7.0,1.0,5.0,1.0,1.0,1.0,18.20845275419301,1.0,5.0,4.0,6.0,1.0,-3.0,-1.0,-1.0,-13.71931735451625,-2.0,-2.0,-1.0,-1.0,-1.0,-1.0,-3.0,-1.0,-2.0,-4.0,-1.0,-2.0,-1.0,-1.0,-1.0,5.0,4.0,2.0,7.0,2.0,1.0,2.0,1.0,2.0,1.0,3.0,4.0,4.0,1.0,1.0,2.0,4.0,2.0,6.0,1.0,5.0,11.27775448851298,8.0,7.0,1.0,4.0,3.0,1.0,1.0,1.0,2.0,1.0,4.0,1.0,1.0,1.0,1.0,2.0,1.0,1.0,3.0,2.0,4.0,7.0,7.0,4.0,1.0,1.0,4.0,1.0,1.0,2.0,1.0,1.0,5.0,1.0,2.0,7.0,4.0,2.0,2.0,1.0,1.0,1.0,2.0,2.0,2.0,1.0,1.0,2.0,6.0,1.0,4.0,2.0,3.0,-9.81276160699843,1.0,8.0,8.0,1.0,1.0,2.0,2.0,1.0,1.0,2.0,2.0,11.0,5.0,2.0,1.0,2.0,2.0,2.0,2.0,2.0,2.0,2.0,2.0,2.0,1.0,1.0,25.0,6.0,5.0,5.0,5.0,5.0,5.0,5.0,3.0,2.0,1.0,1.0,2.0,1.0,1.0,12.0,15.0,4.0,4.0,5.0,4.0,4.0,5.0,2.0,1.0,5.0,1.0,1.0,2.0,1.0,16.0,5.0,4.0,5.0,4.0,10.0,2.0,4.0,3.0,3.0,6.0,4.0,4.0,4.0,4.0,4.0,4.0,4.0,4.0,4.0,2.0,4.0,4.0,4.0,4.0,4.0,4.0,1.0,1.0,4.0,4.0,4.0,4.0,4.0,4.0,1.0,1.0,1.0,1.0,1.0,1.0,4.0,4.0,4.0,4.0,4.0,4.0,4.0,4.0,4.0,4.0,1.0,1.0,1.0,1.0,3.0,1.0,1.0,10.0,1.0,1.0,1.0,1.0,1.0,21.0,15.0,1.0,1.0,1.0,1.0,1.0,1.0,5.0,1.0,6.0,2.0,2.0,23.0,14.0,1.0,3.0,3.0,3.0,3.0,3.0,3.0,3.0,3.0,1.0,1.0,1.0,1.0,1.0,6.0,1.0,4.0,10.0,9.0,26.0,7.0,3.0,3.0,4.0,3.0,3.0,3.0,4.0,3.0,1.0,1.0,1.0,1.0,3.0,1.0,1.0,13.0,2.0,2.0,2.0,2.0,2.0,2.0,2.0,1.0,1.0,2.0,2.0,2.0,2.0,2.0,2.0,3.0,2.0,1.0,2.0,2.0,2.0,2.0,2.0,2.0,2.0,1.0,2.0,2.0,2.0,2.0,2.0,2.0,2.0,2.0,2.0,2.0,2.0,1.0,-2.0,1.0,4.0,1.0,-4.0,-4.0,-5.0,-4.0,-4.0,-4.0,-5.0,-4.0,-1.0,1.0,2.0,-1.0,1.0,-4.0,-5.0,-4.0,-4.0,-5.0,-4.0,2.0,1.0,-5.0,-6.0,-5.0,-5.0,-6.0,-5.0,1.0,1.0,1.0,-5.0,-5.0,-5.0,-5.0,-5.0,-5.0,-1.0,1.0,-1.0,-5.0,-5.0,-5.0,-5.0,-5.0,-5.0,-3.0,-4.0,-1.0,-1.0,-3.0,-1.0,0.0,1.0,-9.0,-5.0,1.0,-1.0,-2.0,-1.0,-1.0,-2.0,-1.0,-3.0,-2.0,-1.0,-1.0,-1.0,-1.0,-1.0,-3.0,-1.0,-1.0,-1.0,-1.0,-3.0,-2.0,19.45784305872714,-2.0,-1.0,-1.0,-1.0,-2.0,7.0,-4.0,-2.0,-3.0,-3.0,-1.0,-1.0,-1.0,1.0,1.0,0.0,-1.0,-5.0,-7.0,-1.0,-2.0,-1.0,9.0,2.0,13.0,-1.0,-1.0,-1.0,-5.0,-5.0,-2.0,-4.0,1.0,5.0,4.0,2.0,2.0,1.0,2.0,15.0,17.0,4.0,5.0,7.0,13.0,1.0,3.0,1.0,1.0,1.0,12.0,5.0,5.0,1.0,11.0,2.0,4.0,2.0,1.0,15.57346510062307,4.0,2.0,1.0,1.0,2.0,1.0,1.0,2.0,1.0,1.0,2.0,6.0,1.0,1.0,2.0,4.0,3.0,2.0,2.0,3.0,7.0,1.0,1.0,1.0,1.0,1.0,2.0,1.0,1.0,1.0,1.0,1.0,1.0,1.0,1.0,2.0,2.0,1.0,4.0,1.0,1.0,1.0,1.0,3.0,1.0,2.0,6.0,1.0,1.0,1.0,1.0,1.0,1.0,-2.5485758184053537,1.0,1.0,1.0,1.0,1.0,3.0,1.0,1.0,3.0,2.0,2.0,2.0,5.0,-20.80157324031526,2.0,2.0,4.0,3.0,1.0,2.0,2.0,2.0,2.0,-15.704502461243464,1.0,2.0,2.0,2.0,1.0,1.0,1.0,1.0,1.0,2.0,1.0,4.0,1.0,1.0,1.0,1.0,2.0,1.0,1.0,1.0,5.0,5.0,1.0,4.0,3.0,2.0,2.0,1.0,5.0,1.0,3.0,4.0,2.0,1.0,3.0,3.0,4.0,3.0,3.0,1.0,1.0,2.0,1.0,3.0,2.0,4.0,2.0,1.0,4.0,2.0,1.0,2.0,3.0,3.0,3.0,3.0,2.0,1.0,4.0,5.0,1.0,1.0,5.0,4.0,2.0,1.0,1.0,6.276158308138452,6.0,10.0,1.0,5.0,5.0,1.0,7.0,2.0,1.0,10.0,4.0,3.0,3.0,1.0,7.0,1.0,11.0,1.0,2.0,2.0,1.0,3.0,2.0,1.0,1.0,5.0,8.0,1.0,7.0,3.0,1.0,2.0,2.0,1.0,2.0,1.0,1.0,1.0,1.0,2.0,7.0,6.0,1.0,2.0,1.0,1.0,1.0,1.0,5.0,1.0,1.0,2.0,5.0,1.0,2.0,7.0,6.0,6.0,1.0,2.0,9.0,3.0,6.0,1.0,6.0,4.0,9.0,1.0,1.0,1.0,2.0,10.0,6.0,2.0,2.0,5.0,5.0,1.0,10.0,1.0,2.0,4.0,5.0,13.0,1.0,1.0,1.0,1.0,4.0,4.0,3.0,1.0,2.0,1.0,1.0,1.0,2.0,4.0,4.0,5.0,11.0,1.0,1.0,13.2640361646798,1.0,5.0,2.0,7.0,1.0,1.0,2.0,1.0,1.0,1.0,3.0,3.0,2.0,2.0,3.0,5.0,1.0,2.0,1.0,-2.0,1.0,1.0,7.0,-3.0,-3.0,-3.0,-3.0,1.0,0.0,4.0,-2.0,5.0,-6.0,-6.0,-6.0,-6.0,-2.0,-1.0,-1.0,-6.0,-6.0,-6.0,-6.0,-3.0,-2.0,-1.0,-1.0,-3.0,-3.0,-3.0,-3.0,-2.0,-1.0,-1.0,2.0,-1.0,-6.0,-6.0,-6.0,-7.103831779623127,-6.0,-6.0,-6.0,1.0,1.0,-3.0,-3.0,7.0,2.0,-5.0,-5.0,-5.0,-5.0,1.0,-2.0,-2.0,2.0,1.0,-5.0,-6.0,-5.0,-5.0,2.0,1.0,1.0,1.0,-6.0,-6.0,-6.0,-6.0,-1.0,1.0,-2.0,-2.0,1.0,2.0,-13.0,-13.0,-1.0,-1.0,-2.0,2.0,1.0,-5.0,-5.0,-5.0,-5.0,-5.0,-5.0,1.0,1.0,-5.0,-5.0,-5.0,-5.0,-5.0,0.0,-3.0,-12.0,-12.0,1.0,5.0,-7.0,-7.0,-7.0,-7.0,1.0,7.0,1.0,1.0,1.0,2.0,11.0,1.0,4.0,1.0,3.0,6.0,1.0,2.0,3.0,15.0,3.0,2.0,3.0,4.0,1.0,6.0,6.0,4.0,2.0,1.0,1.0,1.0,1.0,1.0,1.0,3.0,7.0,1.0,3.0,1.0,1.0,1.0,3.0,2.0,1.0,2.0,2.0,1.0,1.0,3.0,3.0,3.0,1.0,1.0,2.0,3.0,3.0,3.0,1.0,1.0,1.0,3.0,4.0,4.0,2.0,3.0,1.0,1.0,1.0,1.0,1.0,1.0,2.0,3.0,4.0,4.0,2.0,6.0,3.0,1.0,1.0,1.0,1.0,1.0,1.0,2.0,3.0,1.0,13.0,3.0,1.0,1.0,6.0,1.0,1.0,1.0,4.0,1.0,1.0,2.0,2.0,4.0,3.0,3.0,1.0,1.0,1.0,1.0,2.0,2.0,3.0,3.0,1.0,1.0,2.0,2.0,1.0,2.0,6.0,6.0,2.0,3.0,2.0,2.0,1.0,1.0,2.0,2.0,6.0,6.0,2.0,3.0,2.0,2.0,1.0,1.0,21.0,3.0,4.0,1.0,2.0,2.0,8.0,1.0,7.0,2.0,1.0,2.0,3.0,4.0,4.0,1.0,16.0,1.0,6.0,3.0,1.0,1.0,2.0,10.0,1.0,10.0,3.0,3.0,2.0,1.0,4.0,3.0,1.0,2.0,1.0,1.0,4.0,1.0,3.0,1.0,2.0,2.0,1.0,1.0,1.0,1.0,3.0,1.0,1.0,2.0,1.0,1.0,1.0,1.0,1.0,1.29786125122586,1.0,1.0,1.0,1.0,1.0,4.0,3.0,1.0,1.0,1.0,1.0,1.0,1.0,2.0,2.0,1.0,4.0,1.0,4.0,1.0,1.0,2.0,1.0,1.0,3.0,2.0,2.0,2.0,2.0,1.0,1.0,6.0,24.0,4.0,1.0,3.0,2.0,1.0,1.0,16.0,35.0,3.0,1.0,1.0,1.0,1.0,1.0,1.0,3.0,5.0,1.0,1.0,2.0,7.0,5.0,5.0,2.0,3.0,1.0,1.0,1.0,8.0,1.0,5.0,3.0,2.0,9.0,6.0,1.0,4.0,13.0,1.0,7.0,7.0,1.0,1.0,1.0,1.0,1.0,4.0,6.0,3.0,2.0,1.0,8.0,6.0,1.0,1.0,1.0,2.0,3.0,1.0,2.0,8.0,1.0,2.0,9.0,2.0,1.0,1.0,1.0,1.0,1.0,4.0,1.0,1.0,4.0,5.0,1.0,1.0,2.0,3.0,2.0,1.0,2.0,5.0,6.0,4.0,6.0,8.0,11.0,7.0,6.0,1.0,1.0,1.0,4.0,1.0,3.0,4.0,5.0,12.0,5.0,2.0,2.0,1.0,4.0,2.0,1.0,1.0,1.0,3.0,4.0,3.0,2.0,17.29671484676516,3.0,5.0,1.0,7.0,5.0,2.0,2.0,3.0,1.0,1.0,1.0,1.0,2.0,1.0,2.0,1.0,1.0,12.0,10.0,8.0,6.0,5.0,1.0,1.0,1.0,3.0,1.0,1.0,1.0,3.0,4.0,1.0,2.0,1.0,1.0,1.0,2.0,1.0,1.0,8.0,1.0,1.0,2.0,2.0,5.0,2.0,2.0,1.0,1.0,3.0,2.0,3.0,1.0,6.0,6.0,1.0,1.0,6.0,1.0,6.0,9.0,3.0,13.0,10.0,1.0,1.0,11.0,1.0,1.0,3.0,8.0,9.0,2.0,1.0,2.0,3.0,3.0,3.0,1.0,1.0,1.0,5.0,5.0,2.0,1.0,2.0,2.0,1.0,1.0,5.0,1.0,1.0,1.0,1.0,3.0,2.0,1.0,2.0,1.0,3.0,4.0,1.0,2.0,1.0,2.0,1.0,2.0,2.0,1.0,1.0,2.0,2.0,1.0,1.0,1.0,1.0,1.0,1.0,2.0,1.0,8.0,2.0,1.0,5.0,6.0,2.0,1.0,1.0,1.0,6.0,2.0,3.0,4.0,3.0,1.0,1.0,2.0,2.0,1.0,1.0,11.0,1.0,1.0,2.0,4.0,5.0,3.0,1.0,4.0,1.0,14.0,4.0,7.0,1.0,1.0,2.0,1.0,1.0,2.92572291035908,1.0,1.0,1.0,3.0,1.0,9.0,2.0,2.0,1.0,1.0,7.0,1.0,8.0,1.0,1.0,1.0,1.0,2.0,1.0,1.0,1.0,1.0,2.0,1.0,1.0,1.0,1.0,1.0,1.0,4.0,4.0,3.0,2.0,1.0,1.0,1.0,1.0,3.0,1.0,1.0,1.0,1.0,1.0,1.0,1.0,1.0,2.0,1.0,3.0,0.24337417607789,1.0,1.0,3.0,5.0,9.0,7.0,2.0,2.0,1.0,1.0,1.0,2.0,3.0,1.0,1.0,2.0,3.0,1.0,1.0,2.0,2.0,1.0,1.0,1.0,1.0,2.0,1.0,1.0,-1.0,-1.0,-2.0,-4.0,-12.0,-7.0,-6.0,-6.0,-9.0,-11.0,-2.0,-8.0,-10.0,-6.0,-11.0,-6.50984180533249,-1.0,-4.0,-1.0,-10.0,-11.0,-3.0,-8.0,-12.0,-10.0,-1.0,-1.0,-1.0,-1.0,-7.0,-7.0,-13.0,-7.0,2.0,1.0,1.0,1.0,2.0,1.0,1.0,5.0,1.0,2.0,1.0,1.0,3.0,1.0,3.0,1.0,1.0,1.0,1.0,1.0,1.0,1.0,1.0,4.0,1.0,1.0,2.0,1.0,1.0,3.0,1.0,1.0,2.0,1.0,1.0,2.0,3.0,1.0,2.0,1.0,1.0,1.0,1.0,1.0,1.0,2.0,1.0,2.0,1.0,2.0,5.0,6.0,1.0,2.0,1.0,1.0,3.0,1.0,1.0,2.0,3.0,3.0,1.0,1.0,2.0,5.0,5.0,1.0,1.0,4.0,3.0,2.0,1.0,1.0,-1.0,1.0,2.0,-3.0,1.0,1.0,-4.0,-4.0,-3.0,2.0,-1.0,-1.0,-1.0,-2.0,2.0,10.0,1.0,1.0,1.0,2.0,3.0,4.0,1.0,2.0,1.0,17.0,1.0,1.0,1.0,1.0,2.0,1.0,1.0,1.0,4.0,4.0,1.0,3.0,1.0,1.0,2.0,1.0,1.0,1.0,2.0,2.0,1.0,1.0,1.0,1.0,2.0,3.0,18.94840458248437,1.0,1.0,3.0,1.0,1.0,1.0,2.0,3.0,1.0,1.0,2.0,4.0,2.0,1.0,1.0,1.0,1.0,2.0,3.0,1.0,4.0,1.0,1.0,1.0,4.0,4.0,1.0,1.0,2.0,2.0,2.0,2.0,1.0,2.0,1.0,2.0,3.0,1.0,6.0,11.0,8.0,5.0,4.0,5.0,3.0,2.0,1.0,1.0,1.0,1.0,1.0,2.0,2.0,3.0,2.0,3.0,1.0,1.0,1.0,1.0,1.0,1.0,3.0,2.0,5.0,1.0,2.0,2.0,1.0,5.0,1.0,5.0,1.0,2.0,5.0,3.0,2.0,1.0,15.11250881122309,1.0,2.0,3.0,1.0,1.0,1.0,3.0,3.0,2.0,4.0,1.0,1.0,1.0,1.0,1.0,1.0,1.0,1.0,1.0,1.0,1.0,3.0,5.0,1.0,1.0,1.0,2.0,2.0,1.0,1.0,5.0,1.0,1.0,5.0,1.0,1.0,-7.0,-7.0,1.0,-1.0,-4.0,-2.0,-1.0,-2.0,-1.0,1.0,-1.0,-3.0,-5.0,0.0,-3.0,-1.0,-2.0,-4.0,1.0,-1.0,1.0,-1.0,-1.0,1.0,-1.0,-1.0,2.0,-2.0,-3.0,2.0,-2.0,-1.0,1.0,-1.0,-1.0,-2.0,1.0,-2.0,-1.0,2.0,-1.0,-1.0,-1.0,-1.0,-2.0,2.0,-2.0,-2.0,0.0,-1.0,-1.0,-1.0,-1.0,-1.0,1.0,1.0,1.0,7.0,1.0,1.0,1.0,1.0,1.0,2.0,1.0,1.0,12.0,1.0,1.0,1.0,1.0,1.0,1.0,2.0,1.0,1.0,1.0,1.0,2.0,4.0,3.0,1.0,1.0,3.0,1.0,1.0,1.0,1.0,2.0,1.0,1.0,1.0,1.0,1.0,2.0,1.0,1.0,3.0,7.0,2.0,1.0,1.0,1.0,1.0,1.0,1.0,1.0,1.0,1.0,1.0,1.0,1.0,6.0,1.0,1.0,1.0,1.0,1.0,1.0,1.0,1.0,1.0,1.0,1.0,1.0,1.0,1.0,1.0,1.0,4.0,1.0,1.0,1.0,1.0,1.0,1.0,1.0,1.0,1.0,1.0,1.0,1.0,1.0,1.0,1.0,1.0,1.0,1.0,1.0,-1.0,-1.0,1.0,1.0,2.0,-2.0,-2.0,-2.0,-2.0,-2.0,1.0,1.0,-3.56110793196185,-3.0,-3.0,-3.0,1.0,-5.0,-5.0,-5.0,1.0,1.0,1.0,1.0,2.0,1.0,1.0,-1.0,-1.0,-1.0,-1.0,-1.0,-1.0,4.0,4.0,1.0,1.0,3.0,1.0,1.0,1.0,1.0,1.0,3.0,3.0,2.0,1.0,1.0,1.0,1.0,1.0,2.0,1.0,1.0,2.0,2.0,1.0,1.0,1.0,1.0,1.0,3.0,3.0,3.0,1.0,1.0,2.0,1.0,1.0,2.0,2.0,2.0,1.0,1.0,1.0,2.0,1.0,1.0,1.0,1.0,3.0,1.0,1.0,1.0,1.0,4.0,2.0,5.0,1.0,2.0,1.0,1.0,1.0,1.0,3.0,1.0,2.0,3.0,2.0,1.0,1.0,1.0,2.0,2.0,2.0,2.0,1.0,6.0,3.0,6.0,1.0,1.0,1.0,3.0,1.0,4.0,5.0,1.0,1.0,1.0,1.0,1.0,17.0,1.0,2.0,12.0,1.0,2.0,3.0,8.0,13.0,5.0,2.0,1.0,2.0,6.0,4.0,4.0,2.0,1.0,3.0,2.0,1.0,1.0,1.0,3.0,1.0,1.0,1.0,3.0,1.0,1.0,1.0,3.0,1.0,1.0,1.0,2.0,3.0,7.0,4.0,3.0,-0.31044766992144,2.0,2.0,2.0,1.0,1.0,1.0,1.0,1.0,1.0,1.0,1.0,1.0,1.0,1.0,1.0,1.0,1.0,1.0,1.0,1.0,1.0,1.0,1.0,1.0,1.0,1.0,1.0,1.0,3.0,1.0,1.0,2.0,2.0,2.0,2.0,3.0,1.0,1.0,1.0,2.0,1.0,4.0,3.0,1.0,1.0,1.0,2.0,1.0,7.39298284432326,1.0,5.0,3.0,2.0,1.0,1.0,1.0,1.0,1.0,1.0,1.0,1.0,1.0,3.0,4.0,3.0,1.0,1.0,1.0,1.0,1.0,1.0,1.0,1.0,1.0,1.0,1.0,1.0,2.0,1.0,1.0,1.0,1.0,1.0,1.0,1.0,1.0,1.0,1.0,1.0,2.0,1.0,1.0,1.0,1.0,1.0,1.0,1.0,1.0,1.0,1.0,1.0,1.0,1.0,3.0,8.0,2.0,1.0,2.0,1.0,1.0,4.0,1.0,1.0,1.0,1.0,1.0,1.0,1.0,7.0,5.0,2.0,3.0,1.0,1.0,2.0,1.0,1.0,1.0,1.0,1.0,1.0,2.0,3.0,1.0,2.0,2.0,2.0,-16.38832593496558,3.0,1.0,1.0,1.0,1.0,3.0,2.0,3.0,3.0,1.0,1.0,2.0,2.0,2.0,3.0,2.0,1.0,3.0,1.0,2.0,2.0,2.0,2.0,2.0,2.0,1.0,1.0,1.0,1.0,1.0,1.0,1.0,1.0,1.0,2.0,1.0,1.0,1.0,3.0,1.0,1.0,1.0,1.0,1.0,1.0,1.0,2.0,1.0,6.0,1.0,5.0,1.0,4.0,1.0,8.0,1.0,3.0,3.0,4.0,1.0,2.0,2.0,1.0,1.0,3.0,2.0,3.0,1.0,2.0,1.0,1.0,2.0,1.0,1.0,4.0,6.0,1.0,1.0,1.0,2.0,2.0,1.0,1.0,3.0,5.0,5.38785976813884,1.0,1.0,5.0,1.0,1.0,2.0,1.0,1.0,1.0,4.0,2.0,1.0,4.0,2.0,6.0,1.0,1.0,1.0,1.0,6.0,5.96397995782018,1.0,1.0,3.0,3.0,-1.3686525685699,9.0,2.0,3.0,3.0,3.0,3.0,1.0,1.0,5.0,5.0,5.0,5.0,1.0,7.0,10.0,2.0,1.0,4.0,5.0,5.0,5.0,5.0,2.0,1.0,3.0,5.0,4.0,2.0,2.0,1.0,1.0,2.0,3.0,1.0,1.0,3.0,11.0,5.0,5.0,5.0,5.0,5.0,5.0,5.0,5.0,13.0,3.0,2.0,2.0,3.0,11.0,5.0,5.0,5.0,5.0,1.0,1.0,2.0,18.0,11.0,2.0,1.0,3.0,3.0,5.0,5.0,5.0,5.0,5.0,5.0,2.0,1.0,3.0,1.0,1.0,21.0,1.0,2.0,3.0,6.0,6.0,6.0,6.0,2.0,5.0,3.0,2.0,5.0,13.0,2.0,5.0,5.0,5.0,5.0,6.0,2.0,24.0,2.0,1.0,2.0,5.0,5.0,5.0,5.0,1.0,2.0,4.0,3.0,12.0,1.0,9.0,4.0,4.0,4.0,4.0,4.0,4.0,4.0,1.0,10.0,4.0,1.0,21.0,1.0,2.0,1.0,1.0,1.0,4.0,3.0,5.0,6.0,6.0,6.0,6.0,6.0,1.0,1.0,3.0,15.0,1.0,1.0,1.0,1.0,7.0,4.0,1.0,10.0,5.0,5.0,5.0,5.0,1.0,1.0,4.0,2.0,-19.72431348956135,1.0,2.0,2.0,9.0,2.0,1.0,1.0,3.0,1.0,4.0,3.0,1.0,1.0,1.0,1.0,1.0,2.0,1.0,1.0,9.0,1.0,1.0,1.0,2.0,5.0,5.0,5.0,5.0,2.0,1.0,7.0,1.0,2.0,5.0,5.0,5.0,5.0,5.0,5.0,5.0,3.0,1.0,1.0,20.0,1.0,1.0,1.0,4.0,1.0,1.0,2.0,1.0,9.0,3.0,4.0,4.0,4.0,4.0,4.0,4.0,4.0,4.0,1.0,1.0,37.0,1.0,1.0,1.0,6.0,6.0,6.0,6.0,6.0,6.0,1.0,1.0,1.0,1.0,6.0,16.0,1.0,5.0,5.0,5.0,5.0,1.0,27.0,1.0,1.0,1.0,7.0,6.0,6.0,6.0,6.0,1.0,2.0,1.0,30.0,1.0,1.0,1.0,1.0,8.0,6.0,6.0,6.0,6.0,13.32796194626393,2.0,2.0,2.0,2.0,5.0,5.0,7.0,3.0,30.0,3.0,10.0,6.0,1.0,10.0,5.0,5.0,5.0,5.0,5.0,5.0,5.0,4.0,1.0,6.0,8.0,1.0,2.0,3.0,4.0,4.0,5.0,6.0,6.0,6.0,6.0,-5.0,-5.0,-5.0,-5.0,-5.0,-5.0,-5.0,-5.0,-5.0,-5.0,1.0
1.0,1.0,1.0,2.0,1.0,2.0,4.0,7.0,1.0,2.0,1.0,5.0,1.0,1.0,1.0,1.0,3.0,1.0,2.0,1.0,1.0,1.0,1.0,1.0,1.0,1.0,5.0,2.0,1.0,3.0,1.0,1.0,5.0,1.0,1.0,2.0,1.0,1.0,1.0,2.0,3.0,1.0,1.0,1.0,1.0,1.0,1.0,1.0,1.0,1.0,1.0,1.0,5.0,3.0,2.0,1.0,1.0,2.0,1.0,1.0,1.0,1.0,1.0,1.0,1.0,1.0,2.0,1.0,5.0,1.0,2.0,1.0,1.0,2.0,1.0,1.0,1.0,1.0,2.0,1.0,7.0,4.0,1.0,2.0,1.0,2.0,12.0,5.0,1.0,15.0,1.0,2.0,2.0,2.0,1.0,1.0,8.0,1.0,4.0,1.0,1.0,16.0,3.0,3.0,1.0,2.0,1.0,1.0,6.0,7.0,1.0,2.0,3.0,2.0,2.0,3.0,2.0,1.0,5.0,1.0,3.0,2.0,2.0,1.0,1.0,1.0,10.0,10.0,1.0,3.0,2.0,1.0,2.0,5.0,2.0,1.0,3.0,1.0,1.0,1.0,1.0,1.0,1.0,1.0,7.0,1.0,1.0,13.0,1.0,1.0,1.0,10.0,2.0,1.0,3.0,1.0,1.0,2.0,3.0,1.0,1.0,1.0,1.0,1.0,1.0,1.0,2.0,1.0,14.0,1.0,1.0,1.0,2.0,2.0,1.0,3.0,2.0,1.0,1.0,1.0,2.0,5.0,1.0,1.0,1.0,4.0,1.0,4.0,2.0,14.0,1.0,2.0,2.0,4.0,1.0,1.0,3.0,1.0,1.0,2.0,1.0,1.0,4.0,3.0,17.0,1.0,1.0,1.0,1.0,3.0,1.0,3.0,5.0,1.0,2.0,2.0,2.0,1.0,1.0,1.0,4.0,1.0,2.0,1.0,1.0,1.0,1.0,1.0,1.0,5.0,2.0,2.0,3.0,1.0,1.0,1.0,1.0,2.0,1.0,1.0,1.0,1.0,1.0,5.0,2.0,3.0,2.0,2.0,3.0,1.0,2.0,4.0,1.0,2.0,2.0,2.0,1.0,1.0,1.0,1.0,1.0,3.0,2.0,1.0,1.0,13.0,3.0,1.0,1.0,1.0,7.0,4.0,1.0,1.0,1.0,8.0,1.0,1.0,6.0,2.0,1.0,3.0,2.0,8.0,2.0,1.0,1.0,1.0,5.0,1.0,8.0,1.0,4.0,9.0,7.0,1.0,1.0,8.0,1.0,2.0,1.0,1.0,4.0,1.0,1.0,1.0,7.0,4.0,5.0,3.0,1.0,1.0,1.0,2.0,1.0,1.0,1.0,1.0,1.0,1.0,6.0,3.0,2.0,2.0,1.0,1.0,1.0,1.0,1.0,1.0,5.0,1.0,1.0,3.0,1.0,1.0,3.0,3.0,1.0,1.0,1.0,2.0,2.0,1.0,1.0,1.0,3.0,4.0,4.0,1.0,1.0,1.0,2.0,1.0,2.0,2.0,2.0,8.0,9.0,3.0,1.0,2.0,1.0,1.0,3.0,2.0,2.0,1.0,5.0,1.0,3.0,3.0,3.0,4.0,1.0,1.0,2.0,2.0,3.0,3.0,1.0,3.0,2.0,1.0,1.0,1.0,1.0,1.0,1.0,1.0,1.0,1.0,1.0,1.0,2.0,10.0,2.0,3.0,3.0,3.0,2.0,1.0,1.0,1.0,1.0,2.0,1.0,15.0,3.0,3.0,3.0,3.0,1.0,1.0,11.0,2.0,2.0,2.0,3.0,1.0,1.0,1.0,1.0,9.0,2.0,2.0,3.0,3.0,1.0,1.0,1.0,2.0,1.0,13.0,2.0,2.0,3.0,3.0,6.0,5.0,2.0,2.0,2.0,2.0,3.0,3.0,4.0,3.0,2.0,2.0,3.0,3.0,4.0,2.0,7.0,3.0,3.0,2.0,2.0,1.0,3.0,7.0,2.0,13.0,6.0,4.0,1.0,1.0,1.0,2.0,1.0,3.0,2.0,10.0,2.0,14.0,1.0,1.0,1.0,9.0,3.0,2.0,1.0,1.0,10.0,2.0,1.0,1.0,1.0,2.0,3.0,7.0,5.0,1.0,1.0,1.0,2.0,6.0,2.0,2.0,4.0,2.0,1.0,1.0,1.0,3.0,2.0,10.0,3.0,1.0,1.0,1.0,5.0,3.0,5.0,1.0,3.0,1.0,1.0,2.0,2.0,3.0,2.0,1.0,2.0,1.0,1.0,1.0,2.0,1.0,1.0,1.0,1.0,5.0,1.0,2.0,1.0,1.0,1.0,1.0,1.0,4.0,1.0,1.0,14.0,1.0,4.0,1.0,13.0,11.0,2.0,2.0,1.0,5.0,1.0,11.0,1.0,1.0,1.0,1.0,1.0,4.0,1.0,1.0,1.0,1.0,3.0,1.0,3.0,1.0,5.0,9.0,1.0,1.0,1.0,1.0,4.0,1.0,6.0,13.0,1.0,3.0,3.0,4.0,1.0,3.0,1.0,4.0,1.0,14.0,9.0,12.0,7.0,1.0,1.0,1.0,2.0,4.0,4.0,6.0,10.0,8.0,21.0,4.0,4.0,3.0,2.0,4.0,1.0,2.0,12.0,11.0,1.0,3.0,4.0,1.0,1.0,1.0,1.0,3.0,6.0,7.0,2.0,5.0,3.0,3.0,8.0,10.0,2.0,19.0,8.0,5.0,1.0,3.0,2.0,6.0,-2.04564786099211,2.0,1.0,2.0,3.0,8.0,9.0,6.0,6.0,1.0,1.0,2.0,2.0,2.0,8.0,4.0,5.0,8.0,7.0,13.0,3.0,9.0,2.0,1.0,3.0,5.0,1.0,3.0,1.0,1.0,5.47566330468136,8.0,1.0,2.0,1.0,1.0,6.0,1.0,1.0,1.0,5.0,15.0,1.0,2.0,7.0,5.0,4.0,5.0,4.0,16.0,6.0,4.0,2.0,1.0,1.0,1.0,1.0,1.0,1.0,2.0,1.0,7.0,7.0,4.0,1.0,2.0,1.0,2.0,1.0,1.0,1.0,1.0,2.0,2.0,1.0,1.0,1.0,1.0,1.0,1.0,1.0,1.0,1.0,1.0,1.0,2.0,2.0,4.0,1.0,1.0,1.0,2.0,7.0,1.0,1.0,1.0,1.0,1.0,1.0,1.0,2.0,3.0,6.0,7.0,4.0,1.0,3.0,1.0,1.0,1.0,1.0,1.0,1.0,1.0,1.0,1.0,2.0,1.0,1.0,2.0,1.0,1.0,1.0,2.0,1.0,1.0,1.0,1.0,1.0,2.0,2.0,3.0,6.0,1.0,1.0,2.0,1.0,1.0,2.0,1.0,1.0,13.0,19.0,2.0,1.0,1.0,4.0,1.0,1.0,1.0,1.0,1.0,1.0,1.0,1.0,1.0,1.0,1.0,2.0,1.0,1.0,1.0,16.0,15.0,1.0,2.0,2.0,2.0,1.0,1.0,1.0,2.0,1.0,1.0,1.0,1.0,1.0,2.0,1.0,1.0,3.0,1.0,1.0,1.0,2.0,1.0,1.0,12.0,7.0,1.0,5.0,1.0,3.0,1.0,1.0,1.0,2.0,3.0,1.0,1.0,6.0,7.0,3.0,5.0,3.0,1.0,1.0,3.0,2.0,1.0,7.0,16.0,1.0,1.0,5.0,3.0,1.0,1.0,3.0,2.0,1.0,3.96952489648403,1.0,2.0,3.0,3.0,1.0,1.0,2.0,1.0,1.0,1.0,2.0,30.0,1.0,4.0,7.0,1.0,1.0,1.0,1.0,1.0,2.0,1.0,2.0,1.0,1.0,1.0,1.0,1.0,1.0,5.0,24.0,4.0,2.0,1.0,1.0,1.0,1.0,1.0,1.0,2.0,2.0,3.0,1.0,2.0,1.0,1.0,1.0,1.0,1.0,1.0,1.0,2.0,1.0,1.0,1.0,1.0,1.0,1.0,1.0,1.0,3.0,1.0,1.0,1.0,3.0,5.0,2.0,3.0,1.0,1.0,2.0,1.0,2.0,1.0,3.0,1.0,2.0,1.0,1.0,2.0,2.0,2.0,1.0,1.0,5.0,2.0,2.0,4.0,1.0,3.0,1.0,4.0,1.0,1.0,2.0,1.0,1.0,4.0,1.0,2.0,1.0,1.0,2.0,4.0,1.0,2.0,2.0,5.0,1.0,1.0,2.0,1.0,1.0,3.0,1.0,1.0,3.0,3.0,5.0,3.0,4.0,1.0,1.0,1.0,2.0,1.0,2.0,1.0,2.0,1.0,1.0,3.0,1.0,1.0,1.0,1.0,2.0,1.0,1.0,1.0,2.0,1.0,1.0,1.0,1.0,1.0,1.0,1.0,1.0,4.0,1.0,1.0,1.0,2.0,1.0,6.0,1.0,1.0,1.0,2.0,2.0,1.0,1.0,1.0,-1.2523449689335,2.0,1.0,1.0,2.0,1.0,-1.0,-1.0,-1.0,-1.0,-2.0,1.0,9.0,-1.0,1.0,-1.0,-1.0,-5.0,-4.0,-3.0,-4.0,-5.0,-5.0,1.0,1.0,1.0,6.0,6.0,2.0,1.0,3.0,2.0,1.0,4.0,5.0,1.0,3.0,1.0,1.0,2.0,1.0,5.0,1.0,1.0,10.0,4.0,1.0,1.0,1.0,3.0,7.0,1.0,2.0,8.0,1.0,2.0,1.0,1.0,1.0,2.0,1.0,2.0,9.0,1.0,9.0,1.0,1.0,1.0,3.0,1.0,1.0,4.0,4.0,1.0,2.0,1.0,2.0,1.0,1.0,1.0,2.0,1.0,1.0,2.0,4.0,1.0,1.0,10.0,1.0,1.0,1.0,3.0,1.0,4.0,4.0,9.0,1.0,1.0,5.0,1.0,1.0,4.957128867032768,4.0,2.0,5.0,1.0,7.0,1.0,5.0,1.0,1.0,1.0,18.20845275419301,1.0,5.0,4.0,6.0,1.0,-3.0,-1.0,-1.0,-13.71931735451625,-2.0,-2.0,-1.0,-1.0,-1.0,-1.0,-3.0,-1.0,-2.0,-4.0,-1.0,-2.0,-1.0,-1.0,-1.0,5.0,4.0,2.0,7.0,2.0,1.0,2.0,1.0,2.0,1.0,3.0,4.0,4.0,1.0,1.0,2.0,4.0,2.0,6.0,1.0,5.0,11.27775448851298,8.0,7.0,1.0,4.0,3.0,1.0,1.0,1.0,2.0,1.0,4.0,1.0,1.0,1.0,1.0,2.0,1.0,1.0,3.0,2.0,4.0,7.0,7.0,4.0,1.0,1.0,4.0,1.0,1.0,2.0,1.0,1.0,5.0,1.0,2.0,7.0,4.0,2.0,2.0,1.0,1.0,1.0,2.0,2.0,2.0,1.0,1.0,2.0,6.0,1.0,4.0,2.0,3.0,-9.81276160699843,1.0,8.0,8.0,1.0,1.0,2.0,2.0,1.0,1.0,2.0,2.0,11.0,5.0,2.0,1.0,2.0,2.0,2.0,2.0,2.0,2.0,2.0,2.0,2.0,1.0,1.0,25.0,6.0,5.0,5.0,5.0,5.0,5.0,5.0,3.0,2.0,1.0,1.0,2.0,1.0,1.0,12.0,15.0,4.0,4.0,5.0,4.0,4.0,5.0,2.0,1.0,5.0,1.0,1.0,2.0,1.0,16.0,5.0,4.0,5.0,4.0,10.0,2.0,4.0,3.0,3.0,6.0,4.0,4.0,4.0,4.0,4.0,4.0,4.0,4.0,4.0,2.0,4.0,4.0,4.0,4.0,4.0,4.0,1.0,1.0,4.0,4.0,4.0,4.0,4.0,4.0,1.0,1.0,1.0,1.0,1.0,1.0,4.0,4.0,4.0,4.0,4.0,4.0,4.0,4.0,4.0,4.0,1.0,1.0,1.0,1.0,3.0,1.0,1.0,10.0,1.0,1.0,1.0,1.0,1.0,21.0,15.0,1.0,1.0,1.0,1.0,1.0,1.0,5.0,1.0,6.0,2.0,2.0,23.0,14.0,1.0,3.0,3.0,3.0,3.0,3.0,3.0,3.0,3.0,1.0,1.0,1.0,1.0,1.0,6.0,1.0,4.0,10.0,9.0,26.0,7.0,3.0,3.0,4.0,3.0,3.0,3.0,4.0,3.0,1.0,1.0,1.0,1.0,3.0,1.0,1.0,13.0,2.0,2.0,2.0,2.0,2.0,2.0,2.0,1.0,1.0,2.0,2.0,2.0,2.0,2.0,2.0,3.0,2.0,1.0,2.0,2.0,2.0,2.0,2.0,2.0,2.0,1.0,2.0,2.0,2.0,2.0,2.0,2.0,2.0,2.0,2.0,2.0,2.0,1.0,-2.0,1.0,4.0,1.0,-4.0,-4.0,-5.0,-4.0,-4.0,-4.0,-5.0,-4.0,-1.0,1.0,2.0,-1.0,1.0,-4.0,-5.0,-4.0,-4.0,-5.0,-4.0,2.0,1.0,-5.0,-6.0,-5.0,-5.0,-6.0,-5.0,1.0,1.0,1.0,-5.0,-5.0,-5.0,-5.0,-5.0,-5.0,-1.0,1.0,-1.0,-5.0,-5.0,-5.0,-5.0,-5.0,-5.0,-3.0,-4.0,-1.0,-1.0,-3.0,-1.0,0.0,1.0,-9.0,-5.0,1.0,-1.0,-2.0,-1.0,-1.0,-2.0,-1.0,-3.0,-2.0,-1.0,-1.0,-1.0,-1.0,-1.0,-3.0,-1.0,-1.0,-1.0,-1.0,-3.0,-2.0,19.45784305872714,-2.0,-1.0,-1.0,-1.0,-2.0,7.0,-4.0,-2.0,-3.0,-3.0,-1.0,-1.0,-1.0,1.0,1.0,0.0,-1.0,-5.0,-7.0,-1.0,-2.0,-1.0,9.0,2.0,13.0,-1.0,-1.0,-1.0,-5.0,-5.0,-2.0,-4.0,1.0,5.0,4.0,2.0,2.0,1.0,2.0,15.0,17.0,4.0,5.0,7.0,13.0,1.0,3.0,1.0,1.0,1.0,12.0,5.0,5.0,1.0,11.0,2.0,4.0,2.0,1.0,15.57346510062307,4.0,2.0,1.0,1.0,2.0,1.0,1.0,2.0,1.0,1.0,2.0,6.0,1.0,1.0,2.0,4.0,3.0,2.0,2.0,3.0,7.0,1.0,1.0,1.0,1.0,1.0,2.0,1.0,1.0,1.0,1.0,1.0,1.0,1.0,1.0,2.0,2.0,1.0,4.0,1.0,1.0,1.0,1.0,3.0,1.0,2.0,6.0,1.0,1.0,1.0,1.0,1.0,1.0,-2.5485758184053537,1.0,1.0,1.0,1.0,1.0,3.0,1.0,1.0,3.0,2.0,2.0,2.0,5.0,-20.80157324031526,2.0,2.0,4.0,3.0,1.0,2.0,2.0,2.0,2.0,-15.704502461243464,1.0,2.0,2.0,2.0,1.0,1.0,1.0,1.0,1.0,2.0,1.0,4.0,1.0,1.0,1.0,1.0,2.0,1.0,1.0,1.0,5.0,5.0,1.0,4.0,3.0,2.0,2.0,1.0,5.0,1.0,3.0,4.0,2.0,1.0,3.0,3.0,4.0,3.0,3.0,1.0,1.0,2.0,1.0,3.0,2.0,4.0,2.0,1.0,4.0,2.0,1.0,2.0,3.0,3.0,3.0,3.0,2.0,1.0,4.0,5.0,1.0,1.0,5.0,4.0,2.0,1.0,1.0,6.276158308138452,6.0,10.0,1.0,5.0,5.0,1.0,7.0,2.0,1.0,10.0,4.0,3.0,3.0,1.0,7.0,1.0,11.0,1.0,2.0,2.0,1.0,3.0,2.0,1.0,1.0,5.0,8.0,1.0,7.0,3.0,1.0,2.0,2.0,1.0,2.0,1.0,1.0,1.0,1.0,2.0,7.0,6.0,1.0,2.0,1.0,1.0,1.0,1.0,5.0,1.0,1.0,2.0,5.0,1.0,2.0,7.0,6.0,6.0,1.0,2.0,9.0,3.0,6.0,1.0,6.0,4.0,9.0,1.0,1.0,1.0,2.0,10.0,6.0,2.0,2.0,5.0,5.0,1.0,10.0,1.0,2.0,4.0,5.0,13.0,1.0,1.0,1.0,1.0,4.0,4.0,3.0,1.0,2.0,1.0,1.0,1.0,2.0,4.0,4.0,5.0,11.0,1.0,1.0,13.2640361646798,1.0,5.0,2.0,7.0,1.0,1.0,2.0,1.0,1.0,1.0,3.0,3.0,2.0,2.0,3.0,5.0,1.0,2.0,1.0,-2.0,1.0,1.0,7.0,-3.0,-3.0,-3.0,-3.0,1.0,0.0,4.0,-2.0,5.0,-6.0,-6.0,-6.0,-6.0,-2.0,-1.0,-1.0,-6.0,-6.0,-6.0,-6.0,-3.0,-2.0,-1.0,-1.0,-3.0,-3.0,-3.0,-3.0,-2.0,-1.0,-1.0,2.0,-1.0,-6.0,-6.0,-6.0,-7.103831779623127,-6.0,-6.0,-6.0,1.0,1.0,-3.0,-3.0,7.0,2.0,-5.0,-5.0,-5.0,-5.0,1.0,-2.0,-2.0,2.0,1.0,-5.0,-6.0,-5.0,-5.0,2.0,1.0,1.0,1.0,-6.0,-6.0,-6.0,-6.0,-1.0,1.0,-2.0,-2.0,1.0,2.0,-13.0,-13.0,-1.0,-1.0,-2.0,2.0,1.0,-5.0,-5.0,-5.0,-5.0,-5.0,-5.0,1.0,1.0,-5.0,-5.0,-5.0,-5.0,-5.0,0.0,-3.0,-12.0,-12.0,1.0,5.0,-7.0,-7.0,-7.0,-7.0,1.0,7.0,1.0,1.0,1.0,2.0,11.0,1.0,4.0,1.0,3.0,6.0,1.0,2.0,3.0,15.0,3.0,2.0,3.0,4.0,1.0,6.0,6.0,4.0,2.0,1.0,1.0,1.0,1.0,1.0,1.0,3.0,7.0,1.0,3.0,1.0,1.0,1.0,3.0,2.0,1.0,2.0,2.0,1.0,1.0,3.0,3.0,3.0,1.0,1.0,2.0,3.0,3.0,3.0,1.0,1.0,1.0,3.0,4.0,4.0,2.0,3.0,1.0,1.0,1.0,1.0,1.0,1.0,2.0,3.0,4.0,4.0,2.0,6.0,3.0,1.0,1.0,1.0,1.0,1.0,1.0,2.0,3.0,1.0,13.0,3.0,1.0,1.0,6.0,1.0,1.0,1.0,4.0,1.0,1.0,2.0,2.0,4.0,3.0,3.0,1.0,1.0,1.0,1.0,2.0,2.0,3.0,3.0,1.0,1.0,2.0,2.0,1.0,2.0,6.0,6.0,2.0,3.0,2.0,2.0,1.0,1.0,2.0,2.0,6.0,6.0,2.0,3.0,2.0,2.0,1.0,1.0,21.0,3.0,4.0,1.0,2.0,2.0,8.0,1.0,7.0,2.0,1.0,2.0,3.0,4.0,4.0,1.0,16.0,1.0,6.0,3.0,1.0,1.0,2.0,10.0,1.0,10.0,3.0,3.0,2.0,1.0,4.0,3.0,1.0,2.0,1.0,1.0,4.0,1.0,3.0,1.0,2.0,2.0,1.0,1.0,1.0,1.0,3.0,1.0,1.0,2.0,1.0,1.0,1.0,1.0,1.0,1.29786125122586,1.0,1.0,1.0,1.0,1.0,4.0,3.0,1.0,1.0,1.0,1.0,1.0,1.0,2.0,2.0,1.0,4.0,1.0,4.0,1.0,1.0,2.0,1.0,1.0,3.0,2.0,2.0,2.0,2.0,1.0,1.0,6.0,24.0,4.0,1.0,3.0,2.0,1.0,1.0,16.0,35.0,3.0,1.0,1.0,1.0,1.0,1.0,1.0,3.0,5.0,1.0,1.0,2.0,7.0,5.0,5.0,2.0,3.0,1.0,1.0,1.0,8.0,1.0,5.0,3.0,2.0,9.0,6.0,1.0,4.0,13.0,1.0,7.0,7.0,1.0,1.0,1.0,1.0,1.0,4.0,6.0,3.0,2.0,1.0,8.0,6.0,1.0,1.0,1.0,2.0,3.0,1.0,2.0,8.0,1.0,2.0,9.0,2.0,1.0,1.0,1.0,1.0,1.0,4.0,1.0,1.0,4.0,5.0,1.0,1.0,2.0,3.0,2.0,1.0,2.0,5.0,6.0,4.0,6.0,8.0,11.0,7.0,6.0,1.0,1.0,1.0,4.0,1.0,3.0,4.0,5.0,12.0,5.0,2.0,2.0,1.0,4.0,2.0,1.0,1.0,1.0,3.0,4.0,3.0,2.0,17.29671484676516,3.0,5.0,1.0,7.0,5.0,2.0,2.0,3.0,1.0,1.0,1.0,1.0,2.0,1.0,2.0,1.0,1.0,12.0,10.0,8.0,6.0,5.0,1.0,1.0,1.0,3.0,1.0,1.0,1.0,3.0,4.0,1.0,2.0,1.0,1.0,1.0,2.0,1.0,1.0,8.0,1.0,1.0,2.0,2.0,5.0,2.0,2.0,1.0,1.0,3.0,2.0,3.0,1.0,6.0,6.0,1.0,1.0,6.0,1.0,6.0,9.0,3.0,13.0,10.0,1.0,1.0,11.0,1.0,1.0,3.0,8.0,9.0,2.0,1.0,2.0,3.0,3.0,3.0,1.0,1.0,1.0,5.0,5.0,2.0,1.0,2.0,2.0,1.0,1.0,5.0,1.0,1.0,1.0,1.0,3.0,2.0,1.0,2.0,1.0,3.0,4.0,1.0,2.0,1.0,2.0,1.0,2.0,2.0,1.0,1.0,2.0,2.0,1.0,1.0,1.0,1.0,1.0,1.0,2.0,1.0,8.0,2.0,1.0,5.0,6.0,2.0,1.0,1.0,1.0,6.0,2.0,3.0,4.0,3.0,1.0,1.0,2.0,2.0,1.0,1.0,11.0,1.0,1.0,2.0,4.0,5.0,3.0,1.0,4.0,1.0,14.0,4.0,7.0,1.0,1.0,2.0,1.0,1.0,2.92572291035908,1.0,1.0,1.0,3.0,1.0,9.0,2.0,2.0,1.0,1.0,7.0,1.0,8.0,1.0,1.0,1.0,1.0,2.0,1.0,1.0,1.0,1.0,2.0,1.0,1.0,1.0,1.0,1.0,1.0,4.0,4.0,3.0,2.0,1.0,1.0,1.0,1.0,3.0,1.0,1.0,1.0,1.0,1.0,1.0,1.0,1.0,2.0,1.0,3.0,0.24337417607789,1.0,1.0,3.0,5.0,9.0,7.0,2.0,2.0,1.0,1.0,1.0,2.0,3.0,1.0,1.0,2.0,3.0,1.0,1.0,2.0,2.0,1.0,1.0,1.0,1.0,2.0,1.0,1.0,-1.0,-1.0,-2.0,-4.0,-12.0,-7.0,-6.0,-6.0,-9.0,-11.0,-2.0,-8.0,-10.0,-6.0,-11.0,-6.50984180533249,-1.0,-4.0,-1.0,-10.0,-11.0,-3.0,-8.0,-12.0,-10.0,-1.0,-1.0,-1.0,-1.0,-7.0,-7.0,-13.0,-7.0,2.0,1.0,1.0,1.0,2.0,1.0,1.0,5.0,1.0,2.0,1.0,1.0,3.0,1.0,3.0,1.0,1.0,1.0,1.0,1.0,1.0,1.0,1.0,4.0,1.0,1.0,2.0,1.0,1.0,3.0,1.0,1.0,2.0,1.0,1.0,2.0,3.0,1.0,2.0,1.0,1.0,1.0,1.0,1.0,1.0,2.0,1.0,2.0,1.0,2.0,5.0,6.0,1.0,2.0,1.0,1.0,3.0,1.0,1.0,2.0,3.0,3.0,1.0,1.0,2.0,5.0,5.0,1.0,1.0,4.0,3.0,2.0,1.0,1.0,-1.0,1.0,2.0,-3.0,1.0,1.0,-4.0,-4.0,-3.0,2.0,-1.0,-1.0,-1.0,-2.0,2.0,10.0,1.0,1.0,1.0,2.0,3.0,4.0,1.0,2.0,1.0,17.0,1.0,1.0,1.0,1.0,2.0,1.0,1.0,1.0,4.0,4.0,1.0,3.0,1.0,1.0,2.0,1.0,1.0,1.0,2.0,2.0,1.0,1.0,1.0,1.0,2.0,3.0,18.94840458248437,1.0,1.0,3.0,1.0,1.0,1.0,2.0,3.0,1.0,1.0,2.0,4.0,2.0,1.0,1.0,1.0,1.0,2.0,3.0,1.0,4.0,1.0,1.0,1.0,4.0,4.0,1.0,1.0,2.0,2.0,2.0,2.0,1.0,2.0,1.0,2.0,3.0,1.0,6.0,11.0,8.0,5.0,4.0,5.0,3.0,2.0,1.0,1.0,1.0,1.0,1.0,2.0,2.0,3.0,2.0,3.0,1.0,1.0,1.0,1.0,1.0,1.0,3.0,2.0,5.0,1.0,2.0,2.0,1.0,5.0,1.0,5.0,1.0,2.0,5.0,3.0,2.0,1.0,15.11250881122309,1.0,2.0,3.0,1.0,1.0,1.0,3.0,3.0,2.0,4.0,1.0,1.0,1.0,1.0,1.0,1.0,1.0,1.0,1.0,1.0,1.0,3.0,5.0,1.0,1.0,1.0,2.0,2.0,1.0,1.0,5.0,1.0,1.0,5.0,1.0,1.0,-7.0,-7.0,1.0,-1.0,-4.0,-2.0,-1.0,-2.0,-1.0,1.0,-1.0,-3.0,-5.0,0.0,-3.0,-1.0,-2.0,-4.0,1.0,-1.0,1.0,-1.0,-1.0,1.0,-1.0,-1.0,2.0,-2.0,-3.0,2.0,-2.0,-1.0,1.0,-1.0,-1.0,-2.0,1.0,-2.0,-1.0,2.0,-1.0,-1.0,-1.0,-1.0,-2.0,2.0,-2.0,-2.0,0.0,-1.0,-1.0,-1.0,-1.0,-1.0,1.0,1.0,1.0,7.0,1.0,1.0,1.0,1.0,1.0,2.0,1.0,1.0,12.0,1.0,1.0,1.0,1.0,1.0,1.0,2.0,1.0,1.0,1.0,1.0,2.0,4.0,3.0,1.0,1.0,3.0,1.0,1.0,1.0,1.0,2.0,1.0,1.0,1.0,1.0,1.0,2.0,1.0,1.0,3.0,7.0,2.0,1.0,1.0,1.0,1.0,1.0,1.0,1.0,1.0,1.0,1.0,1.0,1.0,6.0,1.0,1.0,1.0,1.0,1.0,1.0,1.0,1.0,1.0,1.0,1.0,1.0,1.0,1.0,1.0,1.0,4.0,1.0,1.0,1.0,1.0,1.0,1.0,1.0,1.0,1.0,1.0,1.0,1.0,1.0,1.0,1.0,1.0,1.0,1.0,1.0,-1.0,-1.0,1.0,1.0,2.0,-2.0,-2.0,-2.0,-2.0,-2.0,1.0,1.0,-3.56110793196185,-3.0,-3.0,-3.0,1.0,-5.0,-5.0,-5.0,1.0,1.0,1.0,1.0,2.0,1.0,1.0,-1.0,-1.0,-1.0,-1.0,-1.0,-1.0,4.0,4.0,1.0,1.0,3.0,1.0,1.0,1.0,1.0,1.0,3.0,3.0,2.0,1.0,1.0,1.0,1.0,1.0,2.0,1.0,1.0,2.0,2.0,1.0,1.0,1.0,1.0,1.0,3.0,3.0,3.0,1.0,1.0,2.0,1.0,1.0,2.0,2.0,2.0,1.0,1.0,1.0,2.0,1.0,1.0,1.0,1.0,3.0,1.0,1.0,1.0,1.0,4.0,2.0,5.0,1.0,2.0,1.0,1.0,1.0,1.0,3.0,1.0,2.0,3.0,2.0,1.0,1.0,1.0,2.0,2.0,2.0,2.0,1.0,6.0,3.0,6.0,1.0,1.0,1.0,3.0,1.0,4.0,5.0,1.0,1.0,1.0,1.0,1.0,17.0,1.0,2.0,12.0,1.0,2.0,3.0,8.0,13.0,5.0,2.0,1.0,2.0,6.0,4.0,4.0,2.0,1.0,3.0,2.0,1.0,1.0,1.0,3.0,1.0,1.0,1.0,3.0,1.0,1.0,1.0,3.0,1.0,1.0,1.0,2.0,3.0,7.0,4.0,3.0,-0.31044766992144,2.0,2.0,2.0,1.0,1.0,1.0,1.0,1.0,1.0,1.0,1.0,1.0,1.0,1.0,1.0,1.0,1.0,1.0,1.0,1.0,1.0,1.0,1.0,1.0,1.0,1.0,1.0,1.0,3.0,1.0,1.0,2.0,2.0,2.0,2.0,3.0,1.0,1.0,1.0,2.0,1.0,4.0,3.0,1.0,1.0,1.0,2.0,1.0,7.39298284432326,1.0,5.0,3.0,2.0,1.0,1.0,1.0,1.0,1.0,1.0,1.0,1.0,1.0,3.0,4.0,3.0,1.0,1.0,1.0,1.0,1.0,1.0,1.0,1.0,1.0,1.0,1.0,1.0,2.0,1.0,1.0,1.0,1.0,1.0,1.0,1.0,1.0,1.0,1.0,1.0,2.0,1.0,1.0,1.0,1.0,1.0,1.0,1.0,1.0,1.0,1.0,1.0,1.0,1.0,3.0,8.0,2.0,1.0,2.0,1.0,1.0,4.0,1.0,1.0,1.0,1.0,1.0,1.0,1.0,7.0,5.0,2.0,3.0,1.0,1.0,2.0,1.0,1.0,1.0,1.0,1.0,1.0,2.0,3.0,1.0,2.0,2.0,2.0,-16.38832593496558,3.0,1.0,1.0,1.0,1.0,3.0,2.0,3.0,3.0,1.0,1.0,2.0,2.0,2.0,3.0,2.0,1.0,3.0,1.0,2.0,2.0,2.0,2.0,2.0,2.0,1.0,1.0,1.0,1.0,1.0,1.0,1.0,1.0,1.0,2.0,1.0,1.0,1.0,3.0,1.0,1.0,1.0,1.0,1.0,1.0,1.0,2.0,1.0,6.0,1.0,5.0,1.0,4.0,1.0,8.0,1.0,3.0,3.0,4.0,1.0,2.0,2.0,1.0,1.0,3.0,2.0,3.0,1.0,2.0,1.0,1.0,2.0,1.0,1.0,4.0,6.0,1.0,1.0,1.0,2.0,2.0,1.0,1.0,3.0,5.0,5.38785976813884,1.0,1.0,5.0,1.0,1.0,2.0,1.0,1.0,1.0,4.0,2.0,1.0,4.0,2.0,6.0,1.0,1.0,1.0,1.0,6.0,5.96397995782018,1.0,1.0,3.0,3.0,-1.3686525685699,9.0,2.0,3.0,3.0,3.0,3.0,1.0,1.0,5.0,5.0,5.0,5.0,1.0,7.0,10.0,2.0,1.0,4.0,5.0,5.0,5.0,5.0,2.0,1.0,3.0,5.0,4.0,2.0,2.0,1.0,1.0,2.0,3.0,1.0,1.0,3.0,11.0,5.0,5.0,5.0,5.0,5.0,5.0,5.0,5.0,13.0,3.0,2.0,2.0,3.0,11.0,5.0,5.0,5.0,5.0,1.0,1.0,2.0,18.0,11.0,2.0,1.0,3.0,3.0,5.0,5.0,5.0,5.0,5.0,5.0,2.0,1.0,3.0,1.0,1.0,21.0,1.0,2.0,3.0,6.0,6.0,6.0,6.0,2.0,5.0,3.0,2.0,5.0,13.0,2.0,5.0,5.0,5.0,5.0,6.0,2.0,24.0,2.0,1.0,2.0,5.0,5.0,5.0,5.0,1.0,2.0,4.0,3.0,12.0,1.0,9.0,4.0,4.0,4.0,4.0,4.0,4.0,4.0,1.0,10.0,4.0,1.0,21.0,1.0,2.0,1.0,1.0,1.0,4.0,3.0,5.0,6.0,6.0,6.0,6.0,6.0,1.0,1.0,3.0,15.0,1.0,1.0,1.0,1.0,7.0,4.0,1.0,10.0,5.0,5.0,5.0,5.0,1.0,1.0,4.0,2.0,-19.72431348956135,1.0,2.0,2.0,9.0,2.0,1.0,1.0,3.0,1.0,4.0,3.0,1.0,1.0,1.0,1.0,1.0,2.0,1.0,1.0,9.0,1.0,1.0,1.0,2.0,5.0,5.0,5.0,5.0,2.0,1.0,7.0,1.0,2.0,5.0,5.0,5.0,5.0,5.0,5.0,5.0,3.0,1.0,1.0,20.0,1.0,1.0,1.0,4.0,1.0,1.0,2.0,1.0,9.0,3.0,4.0,4.0,4.0,4.0,4.0,4.0,4.0,4.0,1.0,1.0,37.0,1.0,1.0,1.0,6.0,6.0,6.0,6.0,6.0,6.0,1.0,1.0,1.0,1.0,6.0,16.0,1.0,5.0,5.0,5.0,5.0,1.0,27.0,1.0,1.0,1.0,7.0,6.0,6.0,6.0,6.0,1.0,2.0,1.0,30.0,1.0,1.0,1.0,1.0,8.0,6.0,6.0,6.0,6.0,13.32796194626393,2.0,2.0,2.0,2.0,5.0,5.0,7.0,3.0,30.0,3.0,10.0,6.0,1.0,10.0,5.0,5.0,5.0,5.0,5.0,5.0,5.0,4.0,1.0,6.0,8.0,1.0,2.0,3.0,4.0,4.0,5.0,6.0,6.0,6.0,6.0,-5.0,-5.0,-5.0,-5.0,-5.0,-5.0,-5.0,-5.0,-5.0,-5.0,1.0
1.0,1.0,1.0,2.0,1.0,2.0,4.0,7.0,1.0,2.0,1.0,5.0,1.0,1.0,1.0,1.0,3.0,1.0,2.0,1.0,1.0,1.0,1.0,1.0,1.0,1.0,5.0,2.0,1.0,3.0,1.0,1.0,5.0,1.0,1.0,2.0,1.0,1.0,1.0,2.0,3.0,1.0,1.0,1.0,1.0,1.0,1.0,1.0,1.0,1.0,1.0,1.0,5.0,3.0,2.0,1.0,1.0,2.0,1.0,1.0,1.0,1.0,1.0,1.0,1.0,1.0,2.0,1.0,5.0,1.0,2.0,1.0,1.0,2.0,1.0,1.0,1.0,1.0,2.0,1.0,7.0,4.0,1.0,2.0,1.0,2.0,12.0,5.0,1.0,15.0,1.0,2.0,2.0,2.0,1.0,1.0,8.0,1.0,4.0,1.0,1.0,16.0,3.0,3.0,1.0,2.0,1.0,1.0,6.0,7.0,1.0,2.0,3.0,2.0,2.0,3.0,2.0,1.0,5.0,1.0,3.0,2.0,2.0,1.0,1.0,1.0,10.0,10.0,1.0,3.0,2.0,1.0,2.0,5.0,2.0,1.0,3.0,1.0,1.0,1.0,1.0,1.0,1.0,1.0,7.0,1.0,1.0,13.0,1.0,1.0,1.0,10.0,2.0,1.0,3.0,1.0,1.0,2.0,3.0,1.0,1.0,1.0,1.0,1.0,1.0,1.0,2.0,1.0,14.0,1.0,1.0,1.0,2.0,2.0,1.0,3.0,2.0,1.0,1.0,1.0,2.0,5.0,1.0,1.0,1.0,4.0,1.0,4.0,2.0,14.0,1.0,2.0,2.0,4.0,1.0,1.0,3.0,1.0,1.0,2.0,1.0,1.0,4.0,3.0,17.0,1.0,1.0,1.0,1.0,3.0,1.0,3.0,5.0,1.0,2.0,2.0,2.0,1.0,1.0,1.0,4.0,1.0,2.0,1.0,1.0,1.0,1.0,1.0,1.0,5.0,2.0,2.0,3.0,1.0,1.0,1.0,1.0,2.0,1.0,1.0,1.0,1.0,1.0,5.0,2.0,3.0,2.0,2.0,3.0,1.0,2.0,4.0,1.0,2.0,2.0,2.0,1.0,1.0,1.0,1.0,1.0,3.0,2.0,1.0,1.0,13.0,3.0,1.0,1.0,1.0,7.0,4.0,1.0,1.0,1.0,8.0,1.0,1.0,6.0,2.0,1.0,3.0,2.0,8.0,2.0,1.0,1.0,1.0,5.0,1.0,8.0,1.0,4.0,9.0,7.0,1.0,1.0,8.0,1.0,2.0,1.0,1.0,4.0,1.0,1.0,1.0,7.0,4.0,5.0,3.0,1.0,1.0,1.0,2.0,1.0,1.0,1.0,1.0,1.0,1.0,6.0,3.0,2.0,2.0,1.0,1.0,1.0,1.0,1.0,1.0,5.0,1.0,1.0,3.0,1.0,1.0,3.0,3.0,1.0,1.0,1.0,2.0,2.0,1.0,1.0,1.0,3.0,4.0,4.0,1.0,1.0,1.0,2.0,1.0,2.0,2.0,2.0,8.0,9.0,3.0,1.0,2.0,1.0,1.0,3.0,2.0,2.0,1.0,5.0,1.0,3.0,3.0,3.0,4.0,1.0,1.0,2.0,2.0,3.0,3.0,1.0,3.0,2.0,1.0,1.0,1.0,1.0,1.0,1.0,1.0,1.0,1.0,1.0,1.0,2.0,10.0,2.0,3.0,3.0,3.0,2.0,1.0,1.0,1.0,1.0,2.0,1.0,15.0,3.0,3.0,3.0,3.0,1.0,1.0,11.0,2.0,2.0,2.0,3.0,1.0,1.0,1.0,1.0,9.0,2.0,2.0,3.0,3.0,1.0,1.0,1.0,2.0,1.0,13.0,2.0,2.0,3.0,3.0,6.0,5.0,2.0,2.0,2.0,2.0,3.0,3.0,4.0,3.0,2.0,2.0,3.0,3.0,4.0,2.0,7.0,3.0,3.0,2.0,2.0,1.0,3.0,7.0,2.0,13.0,6.0,4.0,1.0,1.0,1.0,2.0,1.0,3.0,2.0,10.0,2.0,14.0,1.0,1.0,1.0,9.0,3.0,2.0,1.0,1.0,10.0,2.0,1.0,1.0,1.0,2.0,3.0,7.0,5.0,1.0,1.0,1.0,2.0,6.0,2.0,2.0,4.0,2.0,1.0,1.0,1.0,3.0,2.0,10.0,3.0,1.0,1.0,1.0,5.0,3.0,5.0,1.0,3.0,1.0,1.0,2.0,2.0,3.0,2.0,1.0,2.0,1.0,1.0,1.0,2.0,1.0,1.0,1.0,1.0,5.0,1.0,2.0,1.0,1.0,1.0,1.0,1.0,4.0,1.0,1.0,14.0,1.0,4.0,1.0,13.0,11.0,2.0,2.0,1.0,5.0,1.0,11.0,1.0,1.0,1.0,1.0,1.0,4.0,1.0,1.0,1.0,1.0,3.0,1.0,3.0,1.0,5.0,9.0,1.0,1.0,1.0,1.0,4.0,1.0,6.0,13.0,1.0,3.0,3.0,4.0,1.0,3.0,1.0,4.0,1.0,14.0,9.0,12.0,7.0,1.0,1.0,1.0,2.0,4.0,4.0,6.0,10.0,8.0,21.0,4.0,4.0,3.0,2.0,4.0,1.0,2.0,12.0,11.0,1.0,3.0,4.0,1.0,1.0,1.0,1.0,3.0,6.0,7.0,2.0,5.0,3.0,3.0,8.0,10.0,2.0,19.0,8.0,5.0,1.0,3.0,2.0,6.0,-2.04564786099211,2.0,1.0,2.0,3.0,8.0,9.0,6.0,6.0,1.0,1.0,2.0,2.0,2.0,8.0,4.0,5.0,8.0,7.0,13.0,3.0,9.0,2.0,1.0,3.0,5.0,1.0,3.0,1.0,1.0,5.47566330468136,8.0,1.0,2.0,1.0,1.0,6.0,1.0,1.0,1.0,5.0,15.0,1.0,2.0,7.0,5.0,4.0,5.0,4.0,16.0,6.0,4.0,2.0,1.0,1.0,1.0,1.0,1.0,1.0,2.0,1.0,7.0,7.0,4.0,1.0,2.0,1.0,2.0,1.0,1.0,1.0,1.0,2.0,2.0,1.0,1.0,1.0,1.0,1.0,1.0,1.0,1.0,1.0,1.0,1.0,2.0,2.0,4.0,1.0,1.0,1.0,2.0,7.0,1.0,1.0,1.0,1.0,1.0,1.0,1.0,2.0,3.0,6.0,7.0,4.0,1.0,3.0,1.0,1.0,1.0,1.0,1.0,1.0,1.0,1.0,1.0,2.0,1.0,1.0,2.0,1.0,1.0,1.0,2.0,1.0,1.0,1.0,1.0,1.0,2.0,2.0,3.0,6.0,1.0,1.0,2.0,1.0,1.0,2.0,1.0,1.0,13.0,19.0,2.0,1.0,1.0,4.0,1.0,1.0,1.0,1.0,1.0,1.0,1.0,1.0,1.0,1.0,1.0,2.0,1.0,1.0,1.0,16.0,15.0,1.0,2.0,2.0,2.0,1.0,1.0,1.0,2.0,1.0,1.0,1.0,1.0,1.0,2.0,1.0,1.0,3.0,1.0,1.0,1.0,2.0,1.0,1.0,12.0,7.0,1.0,5.0,1.0,3.0,1.0,1.0,1.0,2.0,3.0,1.0,1.0,6.0,7.0,3.0,5.0,3.0,1.0,1.0,3.0,2.0,1.0,7.0,16.0,1.0,1.0,5.0,3.0,1.0,1.0,3.0,2.0,1.0,3.96952489648403,1.0,2.0,3.0,3.0,1.0,1.0,2.0,1.0,1.0,1.0,2.0,30.0,1.0,4.0,7.0,1.0,1.0,1.0,1.0,1.0,2.0,1.0,2.0,1.0,1.0,1.0,1.0,1.0,1.0,5.0,24.0,4.0,2.0,1.0,1.0,1.0,1.0,1.0,1.0,2.0,2.0,3.0,1.0,2.0,1.0,1.0,1.0,1.0,1.0,1.0,1.0,2.0,1.0,1.0,1.0,1.0,1.0,1.0,1.0,1.0,3.0,1.0,1.0,1.0,3.0,5.0,2.0,3.0,1.0,1.0,2.0,1.0,2.0,1.0,3.0,1.0,2.0,1.0,1.0,2.0,2.0,2.0,1.0,1.0,5.0,2.0,2.0,4.0,1.0,3.0,1.0,4.0,1.0,1.0,2.0,1.0,1.0,4.0,1.0,2.0,1.0,1.0,2.0,4.0,1.0,2.0,2.0,5.0,1.0,1.0,2.0,1.0,1.0,3.0,1.0,1.0,3.0,3.0,5.0,3.0,4.0,1.0,1.0,1.0,2.0,1.0,2.0,1.0,2.0,1.0,1.0,3.0,1.0,1.0,1.0,1.0,2.0,1.0,1.0,1.0,2.0,1.0,1.0,1.0,1.0,1.0,1.0,1.0,1.0,4.0,1.0,1.0,1.0,2.0,1.0,6.0,1.0,1.0,1.0,2.0,2.0,1.0,1.0,1.0,-1.2523449689335,2.0,1.0,1.0,2.0,1.0,-1.0,-1.0,-1.0,-1.0,-2.0,1.0,9.0,-1.0,1.0,-1.0,-1.0,-5.0,-4.0,-3.0,-4.0,-5.0,-5.0,1.0,1.0,1.0,6.0,6.0,2.0,1.0,3.0,2.0,1.0,4.0,5.0,1.0,3.0,1.0,1.0,2.0,1.0,5.0,1.0,1.0,10.0,4.0,1.0,1.0,1.0,3.0,7.0,1.0,2.0,8.0,1.0,2.0,1.0,1.0,1.0,2.0,1.0,2.0,9.0,1.0,9.0,1.0,1.0,1.0,3.0,1.0,1.0,4.0,4.0,1.0,2.0,1.0,2.0,1.0,1.0,1.0,2.0,1.0,1.0,2.0,4.0,1.0,1.0,10.0,1.0,1.0,1.0,3.0,1.0,4.0,4.0,9.0,1.0,1.0,5.0,1.0,1.0,4.957128867032768,4.0,2.0,5.0,1.0,7.0,1.0,5.0,1.0,1.0,1.0,18.20845275419301,1.0,5.0,4.0,6.0,1.0,-3.0,-1.0,-1.0,-13.71931735451625,-2.0,-2.0,-1.0,-1.0,-1.0,-1.0,-3.0,-1.0,-2.0,-4.0,-1.0,-2.0,-1.0,-1.0,-1.0,5.0,4.0,2.0,7.0,2.0,1.0,2.0,1.0,2.0,1.0,3.0,4.0,4.0,1.0,1.0,2.0,4.0,2.0,6.0,1.0,5.0,11.27775448851298,8.0,7.0,1.0,4.0,3.0,1.0,1.0,1.0,2.0,1.0,4.0,1.0,1.0,1.0,1.0,2.0,1.0,1.0,3.0,2.0,4.0,7.0,7.0,4.0,1.0,1.0,4.0,1.0,1.0,2.0,1.0,1.0,5.0,1.0,2.0,7.0,4.0,2.0,2.0,1.0,1.0,1.0,2.0,2.0,2.0,1.0,1.0,2.0,6.0,1.0,4.0,2.0,3.0,-9.81276160699843,1.0,8.0,8.0,1.0,1.0,2.0,2.0,1.0,1.0,2.0,2.0,11.0,5.0,2.0,1.0,2.0,2.0,2.0,2.0,2.0,2.0,2.0,2.0,2.0,1.0,1.0,25.0,6.0,5.0,5.0,5.0,5.0,5.0,5.0,3.0,2.0,1.0,1.0,2.0,1.0,1.0,12.0,15.0,4.0,4.0,5.0,4.0,4.0,5.0,2.0,1.0,5.0,1.0,1.0,2.0,1.0,16.0,5.0,4.0,5.0,4.0,10.0,2.0,4.0,3.0,3.0,6.0,4.0,4.0,4.0,4.0,4.0,4.0,4.0,4.0,4.0,2.0,4.0,4.0,4.0,4.0,4.0,4.0,1.0,1.0,4.0,4.0,4.0,4.0,4.0,4.0,1.0,1.0,1.0,1.0,1.0,1.0,4.0,4.0,4.0,4.0,4.0,4.0,4.0,4.0,4.0,4.0,1.0,1.0,1.0,1.0,3.0,1.0,1.0,10.0,1.0,1.0,1.0,1.0,1.0,21.0,15.0,1.0,1.0,1.0,1.0,1.0,1.0,5.0,1.0,6.0,2.0,2.0,23.0,14.0,1.0,3.0,3.0,3.0,3.0,3.0,3.0,3.0,3.0,1.0,1.0,1.0,1.0,1.0,6.0,1.0,4.0,10.0,9.0,26.0,7.0,3.0,3.0,4.0,3.0,3.0,3.0,4.0,3.0,1.0,1.0,1.0,1.0,3.0,1.0,1.0,13.0,2.0,2.0,2.0,2.0,2.0,2.0,2.0,1.0,1.0,2.0,2.0,2.0,2.0,2.0,2.0,3.0,2.0,1.0,2.0,2.0,2.0,2.0,2.0,2.0,2.0,1.0,2.0,2.0,2.0,2.0,2.0,2.0,2.0,2.0,2.0,2.0,2.0,1.0,-2.0,1.0,4.0,1.0,-4.0,-4.0,-5.0,-4.0,-4.0,-4.0,-5.0,-4.0,-1.0,1.0,2.0,-1.0,1.0,-4.0,-5.0,-4.0,-4.0,-5.0,-4.0,2.0,1.0,-5.0,-6.0,-5.0,-5.0,-6.0,-5.0,1.0,1.0,1.0,-5.0,-5.0,-5.0,-5.0,-5.0,-5.0,-1.0,1.0,-1.0,-5.0,-5.0,-5.0,-5.0,-5.0,-5.0,-3.0,-4.0,-1.0,-1.0,-3.0,-1.0,0.0,1.0,-9.0,-5.0,1.0,-1.0,-2.0,-1.0,-1.0,-2.0,-1.0,-3.0,-2.0,-1.0,-1.0,-1.0,-1.0,-1.0,-3.0,-1.0,-1.0,-1.0,-1.0,-3.0,-2.0,19.45784305872714,-2.0,-1.0,-1.0,-1.0,-2.0,7.0,-4.0,-2.0,-3.0,-3.0,-1.0,-1.0,-1.0,1.0,1.0,0.0,-1.0,-5.0,-7.0,-1.0,-2.0,-1.0,9.0,2.0,13.0,-1.0,-1.0,-1.0,-5.0,-5.0,-2.0,-4.0,1.0,5.0,4.0,2.0,2.0,1.0,2.0,15.0,17.0,4.0,5.0,7.0,13.0,1.0,3.0,1.0,1.0,1.0,12.0,5.0,5.0,1.0,11.0,2.0,4.0,2.0,1.0,15.57346510062307,4.0,2.0,1.0,1.0,2.0,1.0,1.0,2.0,1.0,1.0,2.0,6.0,1.0,1.0,2.0,4.0,3.0,2.0,2.0,3.0,7.0,1.0,1.0,1.0,1.0,1.0,2.0,1.0,1.0,1.0,1.0,1.0,1.0,1.0,1.0,2.0,2.0,1.0,4.0,1.0,1.0,1.0,1.0,3.0,1.0,2.0,6.0,1.0,1.0,1.0,1.0,1.0,1.0,-2.5485758184053537,1.0,1.0,1.0,1.0,1.0,3.0,1.0,1.0,3.0,2.0,2.0,2.0,5.0,-20.80157324031526,2.0,2.0,4.0,3.0,1.0,2.0,2.0,2.0,2.0,-15.704502461243464,1.0,2.0,2.0,2.0,1.0,1.0,1.0,1.0,1.0,2.0,1.0,4.0,1.0,1.0,1.0,1.0,2.0,1.0,1.0,1.0,5.0,5.0,1.0,4.0,3.0,2.0,2.0,1.0,5.0,1.0,3.0,4.0,2.0,1.0,3.0,3.0,4.0,3.0,3.0,1.0,1.0,2.0,1.0,3.0,2.0,4.0,2.0,1.0,4.0,2.0,1.0,2.0,3.0,3.0,3.0,3.0,2.0,1.0,4.0,5.0,1.0,1.0,5.0,4.0,2.0,1.0,1.0,6.276158308138452,6.0,10.0,1.0,5.0,5.0,1.0,7.0,2.0,1.0,10.0,4.0,3.0,3.0,1.0,7.0,1.0,11.0,1.0,2.0,2.0,1.0,3.0,2.0,1.0,1.0,5.0,8.0,1.0,7.0,3.0,1.0,2.0,2.0,1.0,2.0,1.0,1.0,1.0,1.0,2.0,7.0,6.0,1.0,2.0,1.0,1.0,1.0,1.0,5.0,1.0,1.0,2.0,5.0,1.0,2.0,7.0,6.0,6.0,1.0,2.0,9.0,3.0,6.0,1.0,6.0,4.0,9.0,1.0,1.0,1.0,2.0,10.0,6.0,2.0,2.0,5.0,5.0,1.0,10.0,1.0,2.0,4.0,5.0,13.0,1.0,1.0,1.0,1.0,4.0,4.0,3.0,1.0,2.0,1.0,1.0,1.0,2.0,4.0,4.0,5.0,11.0,1.0,1.0,13.2640361646798,1.0,5.0,2.0,7.0,1.0,1.0,2.0,1.0,1.0,1.0,3.0,3.0,2.0,2.0,3.0,5.0,1.0,2.0,1.0,-2.0,1.0,1.0,7.0,-3.0,-3.0,-3.0,-3.0,1.0,0.0,4.0,-2.0,5.0,-6.0,-6.0,-6.0,-6.0,-2.0,-1.0,-1.0,-6.0,-6.0,-6.0,-6.0,-3.0,-2.0,-1.0,-1.0,-3.0,-3.0,-3.0,-3.0,-2.0,-1.0,-1.0,2.0,-1.0,-6.0,-6.0,-6.0,-7.103831779623127,-6.0,-6.0,-6.0,1.0,1.0,-3.0,-3.0,7.0,2.0,-5.0,-5.0,-5.0,-5.0,1.0,-2.0,-2.0,2.0,1.0,-5.0,-6.0,-5.0,-5.0,2.0,1.0,1.0,1.0,-6.0,-6.0,-6.0,-6.0,-1.0,1.0,-2.0,-2.0,1.0,2.0,-13.0,-13.0,-1.0,-1.0,-2.0,2.0,1.0,-5.0,-5.0,-5.0,-5.0,-5.0,-5.0,1.0,1.0,-5.0,-5.0,-5.0,-5.0,-5.0,0.0,-3.0,-12.0,-12.0,1.0,5.0,-7.0,-7.0,-7.0,-7.0,1.0,7.0,1.0,1.0,1.0,2.0,11.0,1.0,4.0,1.0,3.0,6.0,1.0,2.0,3.0,15.0,3.0,2.0,3.0,4.0,1.0,6.0,6.0,4.0,2.0,1.0,1.0,1.0,1.0,1.0,1.0,3.0,7.0,1.0,3.0,1.0,1.0,1.0,3.0,2.0,1.0,2.0,2.0,1.0,1.0,3.0,3.0,3.0,1.0,1.0,2.0,3.0,3.0,3.0,1.0,1.0,1.0,3.0,4.0,4.0,2.0,3.0,1.0,1.0,1.0,1.0,1.0,1.0,2.0,3.0,4.0,4.0,2.0,6.0,3.0,1.0,1.0,1.0,1.0,1.0,1.0,2.0,3.0,1.0,13.0,3.0,1.0,1.0,6.0,1.0,1.0,1.0,4.0,1.0,1.0,2.0,2.0,4.0,3.0,3.0,1.0,1.0,1.0,1.0,2.0,2.0,3.0,3.0,1.0,1.0,2.0,2.0,1.0,2.0,6.0,6.0,2.0,3.0,2.0,2.0,1.0,1.0,2.0,2.0,6.0,6.0,2.0,3.0,2.0,2.0,1.0,1.0,21.0,3.0,4.0,1.0,2.0,2.0,8.0,1.0,7.0,2.0,1.0,2.0,3.0,4.0,4.0,1.0,16.0,1.0,6.0,3.0,1.0,1.0,2.0,10.0,1.0,10.0,3.0,3.0,2.0,1.0,4.0,3.0,1.0,2.0,1.0,1.0,4.0,1.0,3.0,1.0,2.0,2.0,1.0,1.0,1.0,1.0,3.0,1.0,1.0,2.0,1.0,1.0,1.0,1.0,1.0,1.29786125122586,1.0,1.0,1.0,1.0,1.0,4.0,3.0,1.0,1.0,1.0,1.0,1.0,1.0,2.0,2.0,1.0,4.0,1.0,4.0,1.0,1.0,2.0,1.0,1.0,3.0,2.0,2.0,2.0,2.0,1.0,1.0,6.0,24.0,4.0,1.0,3.0,2.0,1.0,1.0,16.0,35.0,3.0,1.0,1.0,1.0,1.0,1.0,1.0,3.0,5.0,1.0,1.0,2.0,7.0,5.0,5.0,2.0,3.0,1.0,1.0,1.0,8.0,1.0,5.0,3.0,2.0,9.0,6.0,1.0,4.0,13.0,1.0,7.0,7.0,1.0,1.0,1.0,1.0,1.0,4.0,6.0,3.0,2.0,1.0,8.0,6.0,1.0,1.0,1.0,2.0,3.0,1.0,2.0,8.0,1.0,2.0,9.0,2.0,1.0,1.0,1.0,1.0,1.0,4.0,1.0,1.0,4.0,5.0,1.0,1.0,2.0,3.0,2.0,1.0,2.0,5.0,6.0,4.0,6.0,8.0,11.0,7.0,6.0,1.0,1.0,1.0,4.0,1.0,3.0,4.0,5.0,12.0,5.0,2.0,2.0,1.0,4.0,2.0,1.0,1.0,1.0,3.0,4.0,3.0,2.0,17.29671484676516,3.0,5.0,1.0,7.0,5.0,2.0,2.0,3.0,1.0,1.0,1.0,1.0,2.0,1.0,2.0,1.0,1.0,12.0,10.0,8.0,6.0,5.0,1.0,1.0,1.0,3.0,1.0,1.0,1.0,3.0,4.0,1.0,2.0,1.0,1.0,1.0,2.0,1.0,1.0,8.0,1.0,1.0,2.0,2.0,5.0,2.0,2.0,1.0,1.0,3.0,2.0,3.0,1.0,6.0,6.0,1.0,1.0,6.0,1.0,6.0,9.0,3.0,13.0,10.0,1.0,1.0,11.0,1.0,1.0,3.0,8.0,9.0,2.0,1.0,2.0,3.0,3.0,3.0,1.0,1.0,1.0,5.0,5.0,2.0,1.0,2.0,2.0,1.0,1.0,5.0,1.0,1.0,1.0,1.0,3.0,2.0,1.0,2.0,1.0,3.0,4.0,1.0,2.0,1.0,2.0,1.0,2.0,2.0,1.0,1.0,2.0,2.0,1.0,1.0,1.0,1.0,1.0,1.0,2.0,1.0,8.0,2.0,1.0,5.0,6.0,2.0,1.0,1.0,1.0,6.0,2.0,3.0,4.0,3.0,1.0,1.0,2.0,2.0,1.0,1.0,11.0,1.0,1.0,2.0,4.0,5.0,3.0,1.0,4.0,1.0,14.0,4.0,7.0,1.0,1.0,2.0,1.0,1.0,2.92572291035908,1.0,1.0,1.0,3.0,1.0,9.0,2.0,2.0,1.0,1.0,7.0,1.0,8.0,1.0,1.0,1.0,1.0,2.0,1.0,1.0,1.0,1.0,2.0,1.0,1.0,1.0,1.0,1.0,1.0,4.0,4.0,3.0,2.0,1.0,1.0,1.0,1.0,3.0,1.0,1.0,1.0,1.0,1.0,1.0,1.0,1.0,2.0,1.0,3.0,0.24337417607789,1.0,1.0,3.0,5.0,9.0,7.0,2.0,2.0,1.0,1.0,1.0,2.0,3.0,1.0,1.0,2.0,3.0,1.0,1.0,2.0,2.0,1.0,1.0,1.0,1.0,2.0,1.0,1.0,-1.0,-1.0,-2.0,-4.0,-12.0,-7.0,-6.0,-6.0,-9.0,-11.0,-2.0,-8.0,-10.0,-6.0,-11.0,-6.50984180533249,-1.0,-4.0,-1.0,-10.0,-11.0,-3.0,-8.0,-12.0,-10.0,-1.0,-1.0,-1.0,-1.0,-7.0,-7.0,-13.0,-7.0,2.0,1.0,1.0,1.0,2.0,1.0,1.0,5.0,1.0,2.0,1.0,1.0,3.0,1.0,3.0,1.0,1.0,1.0,1.0,1.0,1.0,1.0,1.0,4.0,1.0,1.0,2.0,1.0,1.0,3.0,1.0,1.0,2.0,1.0,1.0,2.0,3.0,1.0,2.0,1.0,1.0,1.0,1.0,1.0,1.0,2.0,1.0,2.0,1.0,2.0,5.0,6.0,1.0,2.0,1.0,1.0,3.0,1.0,1.0,2.0,3.0,3.0,1.0,1.0,2.0,5.0,5.0,1.0,1.0,4.0,3.0,2.0,1.0,1.0,-1.0,1.0,2.0,-3.0,1.0,1.0,-4.0,-4.0,-3.0,2.0,-1.0,-1.0,-1.0,-2.0,2.0,10.0,1.0,1.0,1.0,2.0,3.0,4.0,1.0,2.0,1.0,17.0,1.0,1.0,1.0,1.0,2.0,1.0,1.0,1.0,4.0,4.0,1.0,3.0,1.0,1.0,2.0,1.0,1.0,1.0,2.0,2.0,1.0,1.0,1.0,1.0,2.0,3.0,18.94840458248437,1.0,1.0,3.0,1.0,1.0,1.0,2.0,3.0,1.0,1.0,2.0,4.0,2.0,1.0,1.0,1.0,1.0,2.0,3.0,1.0,4.0,1.0,1.0,1.0,4.0,4.0,1.0,1.0,2.0,2.0,2.0,2.0,1.0,2.0,1.0,2.0,3.0,1.0,6.0,11.0,8.0,5.0,4.0,5.0,3.0,2.0,1.0,1.0,1.0,1.0,1.0,2.0,2.0,3.0,2.0,3.0,1.0,1.0,1.0,1.0,1.0,1.0,3.0,2.0,5.0,1.0,2.0,2.0,1.0,5.0,1.0,5.0,1.0,2.0,5.0,3.0,2.0,1.0,15.11250881122309,1.0,2.0,3.0,1.0,1.0,1.0,3.0,3.0,2.0,4.0,1.0,1.0,1.0,1.0,1.0,1.0,1.0,1.0,1.0,1.0,1.0,3.0,5.0,1.0,1.0,1.0,2.0,2.0,1.0,1.0,5.0,1.0,1.0,5.0,1.0,1.0,-7.0,-7.0,1.0,-1.0,-4.0,-2.0,-1.0,-2.0,-1.0,1.0,-1.0,-3.0,-5.0,0.0,-3.0,-1.0,-2.0,-4.0,1.0,-1.0,1.0,-1.0,-1.0,1.0,-1.0,-1.0,2.0,-2.0,-3.0,2.0,-2.0,-1.0,1.0,-1.0,-1.0,-2.0,1.0,-2.0,-1.0,2.0,-1.0,-1.0,-1.0,-1.0,-2.0,2.0,-2.0,-2.0,0.0,-1.0,-1.0,-1.0,-1.0,-1.0,1.0,1.0,1.0,7.0,1.0,1.0,1.0,1.0,1.0,2.0,1.0,1.0,12.0,1.0,1.0,1.0,1.0,1.0,1.0,2.0,1.0,1.0,1.0,1.0,2.0,4.0,3.0,1.0,1.0,3.0,1.0,1.0,1.0,1.0,2.0,1.0,1.0,1.0,1.0,1.0,2.0,1.0,1.0,3.0,7.0,2.0,1.0,1.0,1.0,1.0,1.0,1.0,1.0,1.0,1.0,1.0,1.0,1.0,6.0,1.0,1.0,1.0,1.0,1.0,1.0,1.0,1.0,1.0,1.0,1.0,1.0,1.0,1.0,1.0,1.0,4.0,1.0,1.0,1.0,1.0,1.0,1.0,1.0,1.0,1.0,1.0,1.0,1.0,1.0,1.0,1.0,1.0,1.0,1.0,1.0,-1.0,-1.0,1.0,1.0,2.0,-2.0,-2.0,-2.0,-2.0,-2.0,1.0,1.0,-3.56110793196185,-3.0,-3.0,-3.0,1.0,-5.0,-5.0,-5.0,1.0,1.0,1.0,1.0,2.0,1.0,1.0,-1.0,-1.0,-1.0,-1.0,-1.0,-1.0,4.0,4.0,1.0,1.0,3.0,1.0,1.0,1.0,1.0,1.0,3.0,3.0,2.0,1.0,1.0,1.0,1.0,1.0,2.0,1.0,1.0,2.0,2.0,1.0,1.0,1.0,1.0,1.0,3.0,3.0,3.0,1.0,1.0,2.0,1.0,1.0,2.0,2.0,2.0,1.0,1.0,1.0,2.0,1.0,1.0,1.0,1.0,3.0,1.0,1.0,1.0,1.0,4.0,2.0,5.0,1.0,2.0,1.0,1.0,1.0,1.0,3.0,1.0,2.0,3.0,2.0,1.0,1.0,1.0,2.0,2.0,2.0,2.0,1.0,6.0,3.0,6.0,1.0,1.0,1.0,3.0,1.0,4.0,5.0,1.0,1.0,1.0,1.0,1.0,17.0,1.0,2.0,12.0,1.0,2.0,3.0,8.0,13.0,5.0,2.0,1.0,2.0,6.0,4.0,4.0,2.0,1.0,3.0,2.0,1.0,1.0,1.0,3.0,1.0,1.0,1.0,3.0,1.0,1.0,1.0,3.0,1.0,1.0,1.0,2.0,3.0,7.0,4.0,3.0,-0.31044766992144,2.0,2.0,2.0,1.0,1.0,1.0,1.0,1.0,1.0,1.0,1.0,1.0,1.0,1.0,1.0,1.0,1.0,1.0,1.0,1.0,1.0,1.0,1.0,1.0,1.0,1.0,1.0,1.0,3.0,1.0,1.0,2.0,2.0,2.0,2.0,3.0,1.0,1.0,1.0,2.0,1.0,4.0,3.0,1.0,1.0,1.0,2.0,1.0,7.39298284432326,1.0,5.0,3.0,2.0,1.0,1.0,1.0,1.0,1.0,1.0,1.0,1.0,1.0,3.0,4.0,3.0,1.0,1.0,1.0,1.0,1.0,1.0,1.0,1.0,1.0,1.0,1.0,1.0,2.0,1.0,1.0,1.0,1.0,1.0,1.0,1.0,1.0,1.0,1.0,1.0,2.0,1.0,1.0,1.0,1.0,1.0,1.0,1.0,1.0,1.0,1.0,1.0,1.0,1.0,3.0,8.0,2.0,1.0,2.0,1.0,1.0,4.0,1.0,1.0,1.0,1.0,1.0,1.0,1.0,7.0,5.0,2.0,3.0,1.0,1.0,2.0,1.0,1.0,1.0,1.0,1.0,1.0,2.0,3.0,1.0,2.0,2.0,2.0,-16.38832593496558,3.0,1.0,1.0,1.0,1.0,3.0,2.0,3.0,3.0,1.0,1.0,2.0,2.0,2.0,3.0,2.0,1.0,3.0,1.0,2.0,2.0,2.0,2.0,2.0,2.0,1.0,1.0,1.0,1.0,1.0,1.0,1.0,1.0,1.0,2.0,1.0,1.0,1.0,3.0,1.0,1.0,1.0,1.0,1.0,1.0,1.0,2.0,1.0,6.0,1.0,5.0,1.0,4.0,1.0,8.0,1.0,3.0,3.0,4.0,1.0,2.0,2.0,1.0,1.0,3.0,2.0,3.0,1.0,2.0,1.0,1.0,2.0,1.0,1.0,4.0,6.0,1.0,1.0,1.0,2.0,2.0,1.0,1.0,3.0,5.0,5.38785976813884,1.0,1.0,5.0,1.0,1.0,2.0,1.0,1.0,1.0,4.0,2.0,1.0,4.0,2.0,6.0,1.0,1.0,1.0,1.0,6.0,5.96397995782018,1.0,1.0,3.0,3.0,-1.3686525685699,9.0,2.0,3.0,3.0,3.0,3.0,1.0,1.0,5.0,5.0,5.0,5.0,1.0,7.0,10.0,2.0,1.0,4.0,5.0,5.0,5.0,5.0,2.0,1.0,3.0,5.0,4.0,2.0,2.0,1.0,1.0,2.0,3.0,1.0,1.0,3.0,11.0,5.0,5.0,5.0,5.0,5.0,5.0,5.0,5.0,13.0,3.0,2.0,2.0,3.0,11.0,5.0,5.0,5.0,5.0,1.0,1.0,2.0,18.0,11.0,2.0,1.0,3.0,3.0,5.0,5.0,5.0,5.0,5.0,5.0,2.0,1.0,3.0,1.0,1.0,21.0,1.0,2.0,3.0,6.0,6.0,6.0,6.0,2.0,5.0,3.0,2.0,5.0,13.0,2.0,5.0,5.0,5.0,5.0,6.0,2.0,24.0,2.0,1.0,2.0,5.0,5.0,5.0,5.0,1.0,2.0,4.0,3.0,12.0,1.0,9.0,4.0,4.0,4.0,4.0,4.0,4.0,4.0,1.0,10.0,4.0,1.0,21.0,1.0,2.0,1.0,1.0,1.0,4.0,3.0,5.0,6.0,6.0,6.0,6.0,6.0,1.0,1.0,3.0,15.0,1.0,1.0,1.0,1.0,7.0,4.0,1.0,10.0,5.0,5.0,5.0,5.0,1.0,1.0,4.0,2.0,-19.72431348956135,1.0,2.0,2.0,9.0,2.0,1.0,1.0,3.0,1.0,4.0,3.0,1.0,1.0,1.0,1.0,1.0,2.0,1.0,1.0,9.0,1.0,1.0,1.0,2.0,5.0,5.0,5.0,5.0,2.0,1.0,7.0,1.0,2.0,5.0,5.0,5.0,5.0,5.0,5.0,5.0,3.0,1.0,1.0,20.0,1.0,1.0,1.0,4.0,1.0,1.0,2.0,1.0,9.0,3.0,4.0,4.0,4.0,4.0,4.0,4.0,4.0,4.0,1.0,1.0,37.0,1.0,1.0,1.0,6.0,6.0,6.0,6.0,6.0,6.0,1.0,1.0,1.0,1.0,6.0,16.0,1.0,5.0,5.0,5.0,5.0,1.0,27.0,1.0,1.0,1.0,7.0,6.0,6.0,6.0,6.0,1.0,2.0,1.0,30.0,1.0,1.0,1.0,1.0,8.0,6.0,6.0,6.0,6.0,13.32796194626393,2.0,2.0,2.0,2.0,5.0,5.0,7.0,3.0,30.0,3.0,10.0,6.0,1.0,10.0,5.0,5.0,5.0,5.0,5.0,5.0,5.0,4.0,1.0,6.0,8.0,1.0,2.0,3.0,4.0,4.0,5.0,6.0,6.0,6.0,6.0,-5.0,-5.0,-5.0,-5.0,-5.0,-5.0,-5.0,-5.0,-5.0,-5.0,1.0
1.0,1.0,1.0,2.0,1.0,2.0,4.0,7.0,1.0,2.0,1.0,5.0,1.0,1.0,1.0,1.0,3.0,1.0,2.0,1.0,1.0,1.0,1.0,1.0,1.0,1.0,5.0,2.0,1.0,3.0,1.0,1.0,5.0,1.0,1.0,2.0,1.0,1.0,1.0,2.0,3.0,1.0,1.0,1.0,1.0,1.0,1.0,1.0,1.0,1.0,1.0,1.0,5.0,3.0,2.0,1.0,1.0,2.0,1.0,1.0,1.0,1.0,1.0,1.0,1.0,1.0,2.0,1.0,5.0,1.0,2.0,1.0,1.0,2.0,1.0,1.0,1.0,1.0,2.0,1.0,7.0,4.0,1.0,2.0,1.0,2.0,12.0,5.0,1.0,15.0,1.0,2.0,2.0,2.0,1.0,1.0,8.0,1.0,4.0,1.0,1.0,16.0,3.0,3.0,1.0,2.0,1.0,1.0,6.0,7.0,1.0,2.0,3.0,2.0,2.0,3.0,2.0,1.0,5.0,1.0,3.0,2.0,2.0,1.0,1.0,1.0,10.0,10.0,1.0,3.0,2.0,1.0,2.0,5.0,2.0,1.0,3.0,1.0,1.0,1.0,1.0,1.0,1.0,1.0,7.0,1.0,1.0,13.0,1.0,1.0,1.0,10.0,2.0,1.0,3.0,1.0,1.0,2.0,3.0,1.0,1.0,1.0,1.0,1.0,1.0,1.0,2.0,1.0,14.0,1.0,1.0,1.0,2.0,2.0,1.0,3.0,2.0,1.0,1.0,1.0,2.0,5.0,1.0,1.0,1.0,4.0,1.0,4.0,2.0,14.0,1.0,2.0,2.0,4.0,1.0,1.0,3.0,1.0,1.0,2.0,1.0,1.0,4.0,3.0,17.0,1.0,1.0,1.0,1.0,3.0,1.0,3.0,5.0,1.0,2.0,2.0,2.0,1.0,1.0,1.0,4.0,1.0,2.0,1.0,1.0,1.0,1.0,1.0,1.0,5.0,2.0,2.0,3.0,1.0,1.0,1.0,1.0,2.0,1.0,1.0,1.0,1.0,1.0,5.0,2.0,3.0,2.0,2.0,3.0,1.0,2.0,4.0,1.0,2.0,2.0,2.0,1.0,1.0,1.0,1.0,1.0,3.0,2.0,1.0,1.0,13.0,3.0,1.0,1.0,1.0,7.0,4.0,1.0,1.0,1.0,8.0,1.0,1.0,6.0,2.0,1.0,3.0,2.0,8.0,2.0,1.0,1.0,1.0,5.0,1.0,8.0,1.0,4.0,9.0,7.0,1.0,1.0,8.0,1.0,2.0,1.0,1.0,4.0,1.0,1.0,1.0,7.0,4.0,5.0,3.0,1.0,1.0,1.0,2.0,1.0,1.0,1.0,1.0,1.0,1.0,6.0,3.0,2.0,2.0,1.0,1.0,1.0,1.0,1.0,1.0,5.0,1.0,1.0,3.0,1.0,1.0,3.0,3.0,1.0,1.0,1.0,2.0,2.0,1.0,1.0,1.0,3.0,4.0,4.0,1.0,1.0,1.0,2.0,1.0,2.0,2.0,2.0,8.0,9.0,3.0,1.0,2.0,1.0,1.0,3.0,2.0,2.0,1.0,5.0,1.0,3.0,3.0,3.0,4.0,1.0,1.0,2.0,2.0,3.0,3.0,1.0,3.0,2.0,1.0,1.0,1.0,1.0,1.0,1.0,1.0,1.0,1.0,1.0,1.0,2.0,10.0,2.0,3.0,3.0,3.0,2.0,1.0,1.0,1.0,1.0,2.0,1.0,15.0,3.0,3.0,3.0,3.0,1.0,1.0,11.0,2.0,2.0,2.0,3.0,1.0,1.0,1.0,1.0,9.0,2.0,2.0,3.0,3.0,1.0,1.0,1.0,2.0,1.0,13.0,2.0,2.0,3.0,3.0,6.0,5.0,2.0,2.0,2.0,2.0,3.0,3.0,4.0,3.0,2.0,2.0,3.0,3.0,4.0,2.0,7.0,3.0,3.0,2.0,2.0,1.0,3.0,7.0,2.0,13.0,6.0,4.0,1.0,1.0,1.0,2.0,1.0,3.0,2.0,10.0,2.0,14.0,1.0,1.0,1.0,9.0,3.0,2.0,1.0,1.0,10.0,2.0,1.0,1.0,1.0,2.0,3.0,7.0,5.0,1.0,1.0,1.0,2.0,6.0,2.0,2.0,4.0,2.0,1.0,1.0,1.0,3.0,2.0,10.0,3.0,1.0,1.0,1.0,5.0,3.0,5.0,1.0,3.0,1.0,1.0,2.0,2.0,3.0,2.0,1.0,2.0,1.0,1.0,1.0,2.0,1.0,1.0,1.0,1.0,5.0,1.0,2.0,1.0,1.0,1.0,1.0,1.0,4.0,1.0,1.0,14.0,1.0,4.0,1.0,13.0,11.0,2.0,2.0,1.0,5.0,1.0,11.0,1.0,1.0,1.0,1.0,1.0,4.0,1.0,1.0,1.0,1.0,3.0,1.0,3.0,1.0,5.0,9.0,1.0,1.0,1.0,1.0,4.0,1.0,6.0,13.0,1.0,3.0,3.0,4.0,1.0,3.0,1.0,4.0,1.0,14.0,9.0,12.0,7.0,1.0,1.0,1.0,2.0,4.0,4.0,6.0,10.0,8.0,21.0,4.0,4.0,3.0,2.0,4.0,1.0,2.0,12.0,11.0,1.0,3.0,4.0,1.0,1.0,1.0,1.0,3.0,6.0,7.0,2.0,5.0,3.0,3.0,8.0,10.0,2.0,19.0,8.0,5.0,1.0,3.0,2.0,6.0,-2.04564786099211,2.0,1.0,2.0,3.0,8.0,9.0,6.0,6.0,1.0,1.0,2.0,2.0,2.0,8.0,4.0,5.0,8.0,7.0,13.0,3.0,9.0,2.0,1.0,3.0,5.0,1.0,3.0,1.0,1.0,5.47566330468136,8.0,1.0,2.0,1.0,1.0,6.0,1.0,1.0,1.0,5.0,15.0,1.0,2.0,7.0,5.0,4.0,5.0,4.0,16.0,6.0,4.0,2.0,1.0,1.0,1.0,1.0,1.0,1.0,2.0,1.0,7.0,7.0,4.0,1.0,2.0,1.0,2.0,1.0,1.0,1.0,1.0,2.0,2.0,1.0,1.0,1.0,1.0,1.0,1.0,1.0,1.0,1.0,1.0,1.0,2.0,2.0,4.0,1.0,1.0,1.0,2.0,7.0,1.0,1.0,1.0,1.0,1.0,1.0,1.0,2.0,3.0,6.0,7.0,4.0,1.0,3.0,1.0,1.0,1.0,1.0,1.0,1.0,1.0,1.0,1.0,2.0,1.0,1.0,2.0,1.0,1.0,1.0,2.0,1.0,1.0,1.0,1.0,1.0,2.0,2.0,3.0,6.0,1.0,1.0,2.0,1.0,1.0,2.0,1.0,1.0,13.0,19.0,2.0,1.0,1.0,4.0,1.0,1.0,1.0,1.0,1.0,1.0,1.0,1.0,1.0,1.0,1.0,2.0,1.0,1.0,1.0,16.0,15.0,1.0,2.0,2.0,2.0,1.0,1.0,1.0,2.0,1.0,1.0,1.0,1.0,1.0,2.0,1.0,1.0,3.0,1.0,1.0,1.0,2.0,1.0,1.0,12.0,7.0,1.0,5.0,1.0,3.0,1.0,1.0,1.0,2.0,3.0,1.0,1.0,6.0,7.0,3.0,5.0,3.0,1.0,1.0,3.0,2.0,1.0,7.0,16.0,1.0,1.0,5.0,3.0,1.0,1.0,3.0,2.0,1.0,3.96952489648403,1.0,2.0,3.0,3.0,1.0,1.0,2.0,1.0,1.0,1.0,2.0,30.0,1.0,4.0,7.0,1.0,1.0,1.0,1.0,1.0,2.0,1.0,2.0,1.0,1.0,1.0,1.0,1.0,1.0,5.0,24.0,4.0,2.0,1.0,1.0,1.0,1.0,1.0,1.0,2.0,2.0,3.0,1.0,2.0,1.0,1.0,1.0,1.0,1.0,1.0,1.0,2.0,1.0,1.0,1.0,1.0,1.0,1.0,1.0,1.0,3.0,1.0,1.0,1.0,3.0,5.0,2.0,3.0,1.0,1.0,2.0,1.0,2.0,1.0,3.0,1.0,2.0,1.0,1.0,2.0,2.0,2.0,1.0,1.0,5.0,2.0,2.0,4.0,1.0,3.0,1.0,4.0,1.0,1.0,2.0,1.0,1.0,4.0,1.0,2.0,1.0,1.0,2.0,4.0,1.0,2.0,2.0,5.0,1.0,1.0,2.0,1.0,1.0,3.0,1.0,1.0,3.0,3.0,5.0,3.0,4.0,1.0,1.0,1.0,2.0,1.0,2.0,1.0,2.0,1.0,1.0,3.0,1.0,1.0,1.0,1.0,2.0,1.0,1.0,1.0,2.0,1.0,1.0,1.0,1.0,1.0,1.0,1.0,1.0,4.0,1.0,1.0,1.0,2.0,1.0,6.0,1.0,1.0,1.0,2.0,2.0,1.0,1.0,1.0,-1.2523449689335,2.0,1.0,1.0,2.0,1.0,-1.0,-1.0,-1.0,-1.0,-2.0,1.0,9.0,-1.0,1.0,-1.0,-1.0,-5.0,-4.0,-3.0,-4.0,-5.0,-5.0,1.0,1.0,1.0,6.0,6.0,2.0,1.0,3.0,2.0,1.0,4.0,5.0,1.0,3.0,1.0,1.0,2.0,1.0,5.0,1.0,1.0,10.0,4.0,1.0,1.0,1.0,3.0,7.0,1.0,2.0,8.0,1.0,2.0,1.0,1.0,1.0,2.0,1.0,2.0,9.0,1.0,9.0,1.0,1.0,1.0,3.0,1.0,1.0,4.0,4.0,1.0,2.0,1.0,2.0,1.0,1.0,1.0,2.0,1.0,1.0,2.0,4.0,1.0,1.0,10.0,1.0,1.0,1.0,3.0,1.0,4.0,4.0,9.0,1.0,1.0,5.0,1.0,1.0,4.957128867032768,4.0,2.0,5.0,1.0,7.0,1.0,5.0,1.0,1.0,1.0,18.20845275419301,1.0,5.0,4.0,6.0,1.0,-3.0,-1.0,-1.0,-13.71931735451625,-2.0,-2.0,-1.0,-1.0,-1.0,-1.0,-3.0,-1.0,-2.0,-4.0,-1.0,-2.0,-1.0,-1.0,-1.0,5.0,4.0,2.0,7.0,2.0,1.0,2.0,1.0,2.0,1.0,3.0,4.0,4.0,1.0,1.0,2.0,4.0,2.0,6.0,1.0,5.0,11.27775448851298,8.0,7.0,1.0,4.0,3.0,1.0,1.0,1.0,2.0,1.0,4.0,1.0,1.0,1.0,1.0,2.0,1.0,1.0,3.0,2.0,4.0,7.0,7.0,4.0,1.0,1.0,4.0,1.0,1.0,2.0,1.0,1.0,5.0,1.0,2.0,7.0,4.0,2.0,2.0,1.0,1.0,1.0,2.0,2.0,2.0,1.0,1.0,2.0,6.0,1.0,4.0,2.0,3.0,-9.81276160699843,1.0,8.0,8.0,1.0,1.0,2.0,2.0,1.0,1.0,2.0,2.0,11.0,5.0,2.0,1.0,2.0,2.0,2.0,2.0,2.0,2.0,2.0,2.0,2.0,1.0,1.0,25.0,6.0,5.0,5.0,5.0,5.0,5.0,5.0,3.0,2.0,1.0,1.0,2.0,1.0,1.0,12.0,15.0,4.0,4.0,5.0,4.0,4.0,5.0,2.0,1.0,5.0,1.0,1.0,2.0,1.0,16.0,5.0,4.0,5.0,4.0,10.0,2.0,4.0,3.0,3.0,6.0,4.0,4.0,4.0,4.0,4.0,4.0,4.0,4.0,4.0,2.0,4.0,4.0,4.0,4.0,4.0,4.0,1.0,1.0,4.0,4.0,4.0,4.0,4.0,4.0,1.0,1.0,1.0,1.0,1.0,1.0,4.0,4.0,4.0,4.0,4.0,4.0,4.0,4.0,4.0,4.0,1.0,1.0,1.0,1.0,3.0,1.0,1.0,10.0,1.0,1.0,1.0,1.0,1.0,21.0,15.0,1.0,1.0,1.0,1.0,1.0,1.0,5.0,1.0,6.0,2.0,2.0,23.0,14.0,1.0,3.0,3.0,3.0,3.0,3.0,3.0,3.0,3.0,1.0,1.0,1.0,1.0,1.0,6.0,1.0,4.0,10.0,9.0,26.0,7.0,3.0,3.0,4.0,3.0,3.0,3.0,4.0,3.0,1.0,1.0,1.0,1.0,3.0,1.0,1.0,13.0,2.0,2.0,2.0,2.0,2.0,2.0,2.0,1.0,1.0,2.0,2.0,2.0,2.0,2.0,2.0,3.0,2.0,1.0,2.0,2.0,2.0,2.0,2.0,2.0,2.0,1.0,2.0,2.0,2.0,2.0,2.0,2.0,2.0,2.0,2.0,2.0,2.0,1.0,-2.0,1.0,4.0,1.0,-4.0,-4.0,-5.0,-4.0,-4.0,-4.0,-5.0,-4.0,-1.0,1.0,2.0,-1.0,1.0,-4.0,-5.0,-4.0,-4.0,-5.0,-4.0,2.0,1.0,-5.0,-6.0,-5.0,-5.0,-6.0,-5.0,1.0,1.0,1.0,-5.0,-5.0,-5.0,-5.0,-5.0,-5.0,-1.0,1.0,-1.0,-5.0,-5.0,-5.0,-5.0,-5.0,-5.0,-3.0,-4.0,-1.0,-1.0,-3.0,-1.0,0.0,1.0,-9.0,-5.0,1.0,-1.0,-2.0,-1.0,-1.0,-2.0,-1.0,-3.0,-2.0,-1.0,-1.0,-1.0,-1.0,-1.0,-3.0,-1.0,-1.0,-1.0,-1.0,-3.0,-2.0,19.45784305872714,-2.0,-1.0,-1.0,-1.0,-2.0,7.0,-4.0,-2.0,-3.0,-3.0,-1.0,-1.0,-1.0,1.0,1.0,0.0,-1.0,-5.0,-7.0,-1.0,-2.0,-1.0,9.0,2.0,13.0,-1.0,-1.0,-1.0,-5.0,-5.0,-2.0,-4.0,1.0,5.0,4.0,2.0,2.0,1.0,2.0,15.0,17.0,4.0,5.0,7.0,13.0,1.0,3.0,1.0,1.0,1.0,12.0,5.0,5.0,1.0,11.0,2.0,4.0,2.0,1.0,15.57346510062307,4.0,2.0,1.0,1.0,2.0,1.0,1.0,2.0,1.0,1.0,2.0,6.0,1.0,1.0,2.0,4.0,3.0,2.0,2.0,3.0,7.0,1.0,1.0,1.0,1.0,1.0,2.0,1.0,1.0,1.0,1.0,1.0,1.0,1.0,1.0,2.0,2.0,1.0,4.0,1.0,1.0,1.0,1.0,3.0,1.0,2.0,6.0,1.0,1.0,1.0,1.0,1.0,1.0,-2.5485758184053537,1.0,1.0,1.0,1.0,1.0,3.0,1.0,1.0,3.0,2.0,2.0,2.0,5.0,-20.80157324031526,2.0,2.0,4.0,3.0,1.0,2.0,2.0,2.0,2.0,-15.704502461243464,1.0,2.0,2.0,2.0,1.0,1.0,1.0,1.0,1.0,2.0,1.0,4.0,1.0,1.0,1.0,1.0,2.0,1.0,1.0,1.0,5.0,5.0,1.0,4.0,3.0,2.0,2.0,1.0,5.0,1.0,3.0,4.0,2.0,1.0,3.0,3.0,4.0,3.0,3.0,1.0,1.0,2.0,1.0,3.0,2.0,4.0,2.0,1.0,4.0,2.0,1.0,2.0,3.0,3.0,3.0,3.0,2.0,1.0,4.0,5.0,1.0,1.0,5.0,4.0,2.0,1.0,1.0,6.276158308138452,6.0,10.0,1.0,5.0,5.0,1.0,7.0,2.0,1.0,10.0,4.0,3.0,3.0,1.0,7.0,1.0,11.0,1.0,2.0,2.0,1.0,3.0,2.0,1.0,1.0,5.0,8.0,1.0,7.0,3.0,1.0,2.0,2.0,1.0,2.0,1.0,1.0,1.0,1.0,2.0,7.0,6.0,1.0,2.0,1.0,1.0,1.0,1.0,5.0,1.0,1.0,2.0,5.0,1.0,2.0,7.0,6.0,6.0,1.0,2.0,9.0,3.0,6.0,1.0,6.0,4.0,9.0,1.0,1.0,1.0,2.0,10.0,6.0,2.0,2.0,5.0,5.0,1.0,10.0,1.0,2.0,4.0,5.0,13.0,1.0,1.0,1.0,1.0,4.0,4.0,3.0,1.0,2.0,1.0,1.0,1.0,2.0,4.0,4.0,5.0,11.0,1.0,1.0,13.2640361646798,1.0,5.0,2.0,7.0,1.0,1.0,2.0,1.0,1.0,1.0,3.0,3.0,2.0,2.0,3.0,5.0,1.0,2.0,1.0,-2.0,1.0,1.0,7.0,-3.0,-3.0,-3.0,-3.0,1.0,0.0,4.0,-2.0,5.0,-6.0,-6.0,-6.0,-6.0,-2.0,-1.0,-1.0,-6.0,-6.0,-6.0,-6.0,-3.0,-2.0,-1.0,-1.0,-3.0,-3.0,-3.0,-3.0,-2.0,-1.0,-1.0,2.0,-1.0,-6.0,-6.0,-6.0,-7.103831779623127,-6.0,-6.0,-6.0,1.0,1.0,-3.0,-3.0,7.0,2.0,-5.0,-5.0,-5.0,-5.0,1.0,-2.0,-2.0,2.0,1.0,-5.0,-6.0,-5.0,-5.0,2.0,1.0,1.0,1.0,-6.0,-6.0,-6.0,-6.0,-1.0,1.0,-2.0,-2.0,1.0,2.0,-13.0,-13.0,-1.0,-1.0,-2.0,2.0,1.0,-5.0,-5.0,-5.0,-5.0,-5.0,-5.0,1.0,1.0,-5.0,-5.0,-5.0,-5.0,-5.0,0.0,-3.0,-12.0,-12.0,1.0,5.0,-7.0,-7.0,-7.0,-7.0,1.0,7.0,1.0,1.0,1.0,2.0,11.0,1.0,4.0,1.0,3.0,6.0,1.0,2.0,3.0,15.0,3.0,2.0,3.0,4.0,1.0,6.0,6.0,4.0,2.0,1.0,1.0,1.0,1.0,1.0,1.0,3.0,7.0,1.0,3.0,1.0,1.0,1.0,3.0,2.0,1.0,2.0,2.0,1.0,1.0,3.0,3.0,3.0,1.0,1.0,2.0,3.0,3.0,3.0,1.0,1.0,1.0,3.0,4.0,4.0,2.0,3.0,1.0,1.0,1.0,1.0,1.0,1.0,2.0,3.0,4.0,4.0,2.0,6.0,3.0,1.0,1.0,1.0,1.0,1.0,1.0,2.0,3.0,1.0,13.0,3.0,1.0,1.0,6.0,1.0,1.0,1.0,4.0,1.0,1.0,2.0,2.0,4.0,3.0,3.0,1.0,1.0,1.0,1.0,2.0,2.0,3.0,3.0,1.0,1.0,2.0,2.0,1.0,2.0,6.0,6.0,2.0,3.0,2.0,2.0,1.0,1.0,2.0,2.0,6.0,6.0,2.0,3.0,2.0,2.0,1.0,1.0,21.0,3.0,4.0,1.0,2.0,2.0,8.0,1.0,7.0,2.0,1.0,2.0,3.0,4.0,4.0,1.0,16.0,1.0,6.0,3.0,1.0,1.0,2.0,10.0,1.0,10.0,3.0,3.0,2.0,1.0,4.0,3.0,1.0,2.0,1.0,1.0,4.0,1.0,3.0,1.0,2.0,2.0,1.0,1.0,1.0,1.0,3.0,1.0,1.0,2.0,1.0,1.0,1.0,1.0,1.0,1.29786125122586,1.0,1.0,1.0,1.0,1.0,4.0,3.0,1.0,1.0,1.0,1.0,1.0,1.0,2.0,2.0,1.0,4.0,1.0,4.0,1.0,1.0,2.0,1.0,1.0,3.0,2.0,2.0,2.0,2.0,1.0,1.0,6.0,24.0,4.0,1.0,3.0,2.0,1.0,1.0,16.0,35.0,3.0,1.0,1.0,1.0,1.0,1.0,1.0,3.0,5.0,1.0,1.0,2.0,7.0,5.0,5.0,2.0,3.0,1.0,1.0,1.0,8.0,1.0,5.0,3.0,2.0,9.0,6.0,1.0,4.0,13.0,1.0,7.0,7.0,1.0,1.0,1.0,1.0,1.0,4.0,6.0,3.0,2.0,1.0,8.0,6.0,1.0,1.0,1.0,2.0,3.0,1.0,2.0,8.0,1.0,2.0,9.0,2.0,1.0,1.0,1.0,1.0,1.0,4.0,1.0,1.0,4.0,5.0,1.0,1.0,2.0,3.0,2.0,1.0,2.0,5.0,6.0,4.0,6.0,8.0,11.0,7.0,6.0,1.0,1.0,1.0,4.0,1.0,3.0,4.0,5.0,12.0,5.0,2.0,2.0,1.0,4.0,2.0,1.0,1.0,1.0,3.0,4.0,3.0,2.0,17.29671484676516,3.0,5.0,1.0,7.0,5.0,2.0,2.0,3.0,1.0,1.0,1.0,1.0,2.0,1.0,2.0,1.0,1.0,12.0,10.0,8.0,6.0,5.0,1.0,1.0,1.0,3.0,1.0,1.0,1.0,3.0,4.0,1.0,2.0,1.0,1.0,1.0,2.0,1.0,1.0,8.0,1.0,1.0,2.0,2.0,5.0,2.0,2.0,1.0,1.0,3.0,2.0,3.0,1.0,6.0,6.0,1.0,1.0,6.0,1.0,6.0,9.0,3.0,13.0,10.0,1.0,1.0,11.0,1.0,1.0,3.0,8.0,9.0,2.0,1.0,2.0,3.0,3.0,3.0,1.0,1.0,1.0,5.0,5.0,2.0,1.0,2.0,2.0,1.0,1.0,5.0,1.0,1.0,1.0,1.0,3.0,2.0,1.0,2.0,1.0,3.0,4.0,1.0,2.0,1.0,2.0,1.0,2.0,2.0,1.0,1.0,2.0,2.0,1.0,1.0,1.0,1.0,1.0,1.0,2.0,1.0,8.0,2.0,1.0,5.0,6.0,2.0,1.0,1.0,1.0,6.0,2.0,3.0,4.0,3.0,1.0,1.0,2.0,2.0,1.0,1.0,11.0,1.0,1.0,2.0,4.0,5.0,3.0,1.0,4.0,1.0,14.0,4.0,7.0,1.0,1.0,2.0,1.0,1.0,2.92572291035908,1.0,1.0,1.0,3.0,1.0,9.0,2.0,2.0,1.0,1.0,7.0,1.0,8.0,1.0,1.0,1.0,1.0,2.0,1.0,1.0,1.0,1.0,2.0,1.0,1.0,1.0,1.0,1.0,1.0,4.0,4.0,3.0,2.0,1.0,1.0,1.0,1.0,3.0,1.0,1.0,1.0,1.0,1.0,1.0,1.0,1.0,2.0,1.0,3.0,0.24337417607789,1.0,1.0,3.0,5.0,9.0,7.0,2.0,2.0,1.0,1.0,1.0,2.0,3.0,1.0,1.0,2.0,3.0,1.0,1.0,2.0,2.0,1.0,1.0,1.0,1.0,2.0,1.0,1.0,-1.0,-1.0,-2.0,-4.0,-12.0,-7.0,-6.0,-6.0,-9.0,-11.0,-2.0,-8.0,-10.0,-6.0,-11.0,-6.50984180533249,-1.0,-4.0,-1.0,-10.0,-11.0,-3.0,-8.0,-12.0,-10.0,-1.0,-1.0,-1.0,-1.0,-7.0,-7.0,-13.0,-7.0,2.0,1.0,1.0,1.0,2.0,1.0,1.0,5.0,1.0,2.0,1.0,1.0,3.0,1.0,3.0,1.0,1.0,1.0,1.0,1.0,1.0,1.0,1.0,4.0,1.0,1.0,2.0,1.0,1.0,3.0,1.0,1.0,2.0,1.0,1.0,2.0,3.0,1.0,2.0,1.0,1.0,1.0,1.0,1.0,1.0,2.0,1.0,2.0,1.0,2.0,5.0,6.0,1.0,2.0,1.0,1.0,3.0,1.0,1.0,2.0,3.0,3.0,1.0,1.0,2.0,5.0,5.0,1.0,1.0,4.0,3.0,2.0,1.0,1.0,-1.0,1.0,2.0,-3.0,1.0,1.0,-4.0,-4.0,-3.0,2.0,-1.0,-1.0,-1.0,-2.0,2.0,10.0,1.0,1.0,1.0,2.0,3.0,4.0,1.0,2.0,1.0,17.0,1.0,1.0,1.0,1.0,2.0,1.0,1.0,1.0,4.0,4.0,1.0,3.0,1.0,1.0,2.0,1.0,1.0,1.0,2.0,2.0,1.0,1.0,1.0,1.0,2.0,3.0,18.94840458248437,1.0,1.0,3.0,1.0,1.0,1.0,2.0,3.0,1.0,1.0,2.0,4.0,2.0,1.0,1.0,1.0,1.0,2.0,3.0,1.0,4.0,1.0,1.0,1.0,4.0,4.0,1.0,1.0,2.0,2.0,2.0,2.0,1.0,2.0,1.0,2.0,3.0,1.0,6.0,11.0,8.0,5.0,4.0,5.0,3.0,2.0,1.0,1.0,1.0,1.0,1.0,2.0,2.0,3.0,2.0,3.0,1.0,1.0,1.0,1.0,1.0,1.0,3.0,2.0,5.0,1.0,2.0,2.0,1.0,5.0,1.0,5.0,1.0,2.0,5.0,3.0,2.0,1.0,15.11250881122309,1.0,2.0,3.0,1.0,1.0,1.0,3.0,3.0,2.0,4.0,1.0,1.0,1.0,1.0,1.0,1.0,1.0,1.0,1.0,1.0,1.0,3.0,5.0,1.0,1.0,1.0,2.0,2.0,1.0,1.0,5.0,1.0,1.0,5.0,1.0,1.0,-7.0,-7.0,1.0,-1.0,-4.0,-2.0,-1.0,-2.0,-1.0,1.0,-1.0,-3.0,-5.0,0.0,-3.0,-1.0,-2.0,-4.0,1.0,-1.0,1.0,-1.0,-1.0,1.0,-1.0,-1.0,2.0,-2.0,-3.0,2.0,-2.0,-1.0,1.0,-1.0,-1.0,-2.0,1.0,-2.0,-1.0,2.0,-1.0,-1.0,-1.0,-1.0,-2.0,2.0,-2.0,-2.0,0.0,-1.0,-1.0,-1.0,-1.0,-1.0,1.0,1.0,1.0,7.0,1.0,1.0,1.0,1.0,1.0,2.0,1.0,1.0,12.0,1.0,1.0,1.0,1.0,1.0,1.0,2.0,1.0,1.0,1.0,1.0,2.0,4.0,3.0,1.0,1.0,3.0,1.0,1.0,1.0,1.0,2.0,1.0,1.0,1.0,1.0,1.0,2.0,1.0,1.0,3.0,7.0,2.0,1.0,1.0,1.0,1.0,1.0,1.0,1.0,1.0,1.0,1.0,1.0,1.0,6.0,1.0,1.0,1.0,1.0,1.0,1.0,1.0,1.0,1.0,1.0,1.0,1.0,1.0,1.0,1.0,1.0,4.0,1.0,1.0,1.0,1.0,1.0,1.0,1.0,1.0,1.0,1.0,1.0,1.0,1.0,1.0,1.0,1.0,1.0,1.0,1.0,-1.0,-1.0,1.0,1.0,2.0,-2.0,-2.0,-2.0,-2.0,-2.0,1.0,1.0,-3.56110793196185,-3.0,-3.0,-3.0,1.0,-5.0,-5.0,-5.0,1.0,1.0,1.0,1.0,2.0,1.0,1.0,-1.0,-1.0,-1.0,-1.0,-1.0,-1.0,4.0,4.0,1.0,1.0,3.0,1.0,1.0,1.0,1.0,1.0,3.0,3.0,2.0,1.0,1.0,1.0,1.0,1.0,2.0,1.0,1.0,2.0,2.0,1.0,1.0,1.0,1.0,1.0,3.0,3.0,3.0,1.0,1.0,2.0,1.0,1.0,2.0,2.0,2.0,1.0,1.0,1.0,2.0,1.0,1.0,1.0,1.0,3.0,1.0,1.0,1.0,1.0,4.0,2.0,5.0,1.0,2.0,1.0,1.0,1.0,1.0,3.0,1.0,2.0,3.0,2.0,1.0,1.0,1.0,2.0,2.0,2.0,2.0,1.0,6.0,3.0,6.0,1.0,1.0,1.0,3.0,1.0,4.0,5.0,1.0,1.0,1.0,1.0,1.0,17.0,1.0,2.0,12.0,1.0,2.0,3.0,8.0,13.0,5.0,2.0,1.0,2.0,6.0,4.0,4.0,2.0,1.0,3.0,2.0,1.0,1.0,1.0,3.0,1.0,1.0,1.0,3.0,1.0,1.0,1.0,3.0,1.0,1.0,1.0,2.0,3.0,7.0,4.0,3.0,-0.31044766992144,2.0,2.0,2.0,1.0,1.0,1.0,1.0,1.0,1.0,1.0,1.0,1.0,1.0,1.0,1.0,1.0,1.0,1.0,1.0,1.0,1.0,1.0,1.0,1.0,1.0,1.0,1.0,1.0,3.0,1.0,1.0,2.0,2.0,2.0,2.0,3.0,1.0,1.0,1.0,2.0,1.0,4.0,3.0,1.0,1.0,1.0,2.0,1.0,7.39298284432326,1.0,5.0,3.0,2.0,1.0,1.0,1.0,1.0,1.0,1.0,1.0,1.0,1.0,3.0,4.0,3.0,1.0,1.0,1.0,1.0,1.0,1.0,1.0,1.0,1.0,1.0,1.0,1.0,2.0,1.0,1.0,1.0,1.0,1.0,1.0,1.0,1.0,1.0,1.0,1.0,2.0,1.0,1.0,1.0,1.0,1.0,1.0,1.0,1.0,1.0,1.0,1.0,1.0,1.0,3.0,8.0,2.0,1.0,2.0,1.0,1.0,4.0,1.0,1.0,1.0,1.0,1.0,1.0,1.0,7.0,5.0,2.0,3.0,1.0,1.0,2.0,1.0,1.0,1.0,1.0,1.0,1.0,2.0,3.0,1.0,2.0,2.0,2.0,-16.38832593496558,3.0,1.0,1.0,1.0,1.0,3.0,2.0,3.0,3.0,1.0,1.0,2.0,2.0,2.0,3.0,2.0,1.0,3.0,1.0,2.0,2.0,2.0,2.0,2.0,2.0,1.0,1.0,1.0,1.0,1.0,1.0,1.0,1.0,1.0,2.0,1.0,1.0,1.0,3.0,1.0,1.0,1.0,1.0,1.0,1.0,1.0,2.0,1.0,6.0,1.0,5.0,1.0,4.0,1.0,8.0,1.0,3.0,3.0,4.0,1.0,2.0,2.0,1.0,1.0,3.0,2.0,3.0,1.0,2.0,1.0,1.0,2.0,1.0,1.0,4.0,6.0,1.0,1.0,1.0,2.0,2.0,1.0,1.0,3.0,5.0,5.38785976813884,1.0,1.0,5.0,1.0,1.0,2.0,1.0,1.0,1.0,4.0,2.0,1.0,4.0,2.0,6.0,1.0,1.0,1.0,1.0,6.0,5.96397995782018,1.0,1.0,3.0,3.0,-1.3686525685699,9.0,2.0,3.0,3.0,3.0,3.0,1.0,1.0,5.0,5.0,5.0,5.0,1.0,7.0,10.0,2.0,1.0,4.0,5.0,5.0,5.0,5.0,2.0,1.0,3.0,5.0,4.0,2.0,2.0,1.0,1.0,2.0,3.0,1.0,1.0,3.0,11.0,5.0,5.0,5.0,5.0,5.0,5.0,5.0,5.0,13.0,3.0,2.0,2.0,3.0,11.0,5.0,5.0,5.0,5.0,1.0,1.0,2.0,18.0,11.0,2.0,1.0,3.0,3.0,5.0,5.0,5.0,5.0,5.0,5.0,2.0,1.0,3.0,1.0,1.0,21.0,1.0,2.0,3.0,6.0,6.0,6.0,6.0,2.0,5.0,3.0,2.0,5.0,13.0,2.0,5.0,5.0,5.0,5.0,6.0,2.0,24.0,2.0,1.0,2.0,5.0,5.0,5.0,5.0,1.0,2.0,4.0,3.0,12.0,1.0,9.0,4.0,4.0,4.0,4.0,4.0,4.0,4.0,1.0,10.0,4.0,1.0,21.0,1.0,2.0,1.0,1.0,1.0,4.0,3.0,5.0,6.0,6.0,6.0,6.0,6.0,1.0,1.0,3.0,15.0,1.0,1.0,1.0,1.0,7.0,4.0,1.0,10.0,5.0,5.0,5.0,5.0,1.0,1.0,4.0,2.0,-19.72431348956135,1.0,2.0,2.0,9.0,2.0,1.0,1.0,3.0,1.0,4.0,3.0,1.0,1.0,1.0,1.0,1.0,2.0,1.0,1.0,9.0,1.0,1.0,1.0,2.0,5.0,5.0,5.0,5.0,2.0,1.0,7.0,1.0,2.0,5.0,5.0,5.0,5.0,5.0,5.0,5.0,3.0,1.0,1.0,20.0,1.0,1.0,1.0,4.0,1.0,1.0,2.0,1.0,9.0,3.0,4.0,4.0,4.0,4.0,4.0,4.0,4.0,4.0,1.0,1.0,37.0,1.0,1.0,1.0,6.0,6.0,6.0,6.0,6.0,6.0,1.0,1.0,1.0,1.0,6.0,16.0,1.0,5.0,5.0,5.0,5.0,1.0,27.0,1.0,1.0,1.0,7.0,6.0,6.0,6.0,6.0,1.0,2.0,1.0,30.0,1.0,1.0,1.0,1.0,8.0,6.0,6.0,6.0,6.0,13.32796194626393,2.0,2.0,2.0,2.0,5.0,5.0,7.0,3.0,30.0,3.0,10.0,6.0,1.0,10.0,5.0,5.0,5.0,5.0,5.0,5.0,5.0,4.0,1.0,6.0,8.0,1.0,2.0,3.0,4.0,4.0,5.0,6.0,6.0,6.0,6.0,-5.0,-5.0,-5.0,-5.0,-5.0,-5.0,-5.0,-5.0,-5.0,-5.0,1.0
1.0,1.0,1.0,2.0,1.0,2.0,4.0,7.0,1.0,2.0,1.0,5.0,1.0,1.0,1.0,1.0,3.0,1.0,2.0,1.0,1.0,1.0,1.0,1.0,1.0,1.0,5.0,2.0,1.0,3.0,1.0,1.0,5.0,1.0,1.0,2.0,1.0,1.0,1.0,2.0,3.0,1.0,1.0,1.0,1.0,1.0,1.0,1.0,1.0,1.0,1.0,1.0,5.0,3.0,2.0,1.0,1.0,2.0,1.0,1.0,1.0,1.0,1.0,1.0,1.0,1.0,2.0,1.0,5.0,1.0,2.0,1.0,1.0,2.0,1.0,1.0,1.0,1.0,2.0,1.0,7.0,4.0,1.0,2.0,1.0,2.0,12.0,5.0,1.0,15.0,1.0,2.0,2.0,2.0,1.0,1.0,8.0,1.0,4.0,1.0,1.0,16.0,3.0,3.0,1.0,2.0,1.0,1.0,6.0,7.0,1.0,2.0,3.0,2.0,2.0,3.0,2.0,1.0,5.0,1.0,3.0,2.0,2.0,1.0,1.0,1.0,10.0,10.0,1.0,3.0,2.0,1.0,2.0,5.0,2.0,1.0,3.0,1.0,1.0,1.0,1.0,1.0,1.0,1.0,7.0,1.0,1.0,13.0,1.0,1.0,1.0,10.0,2.0,1.0,3.0,1.0,1.0,2.0,3.0,1.0,1.0,1.0,1.0,1.0,1.0,1.0,2.0,1.0,14.0,1.0,1.0,1.0,2.0,2.0,1.0,3.0,2.0,1.0,1.0,1.0,2.0,5.0,1.0,1.0,1.0,4.0,1.0,4.0,2.0,14.0,1.0,2.0,2.0,4.0,1.0,1.0,3.0,1.0,1.0,2.0,1.0,1.0,4.0,3.0,17.0,1.0,1.0,1.0,1.0,3.0,1.0,3.0,5.0,1.0,2.0,2.0,2.0,1.0,1.0,1.0,4.0,1.0,2.0,1.0,1.0,1.0,1.0,1.0,1.0,5.0,2.0,2.0,3.0,1.0,1.0,1.0,1.0,2.0,1.0,1.0,1.0,1.0,1.0,5.0,2.0,3.0,2.0,2.0,3.0,1.0,2.0,4.0,1.0,2.0,2.0,2.0,1.0,1.0,1.0,1.0,1.0,3.0,2.0,1.0,1.0,13.0,3.0,1.0,1.0,1.0,7.0,4.0,1.0,1.0,1.0,8.0,1.0,1.0,6.0,2.0,1.0,3.0,2.0,8.0,2.0,1.0,1.0,1.0,5.0,1.0,8.0,1.0,4.0,9.0,7.0,1.0,1.0,8.0,1.0,2.0,1.0,1.0,4.0,1.0,1.0,1.0,7.0,4.0,5.0,3.0,1.0,1.0,1.0,2.0,1.0,1.0,1.0,1.0,1.0,1.0,6.0,3.0,2.0,2.0,1.0,1.0,1.0,1.0,1.0,1.0,5.0,1.0,1.0,3.0,1.0,1.0,3.0,3.0,1.0,1.0,1.0,2.0,2.0,1.0,1.0,1.0,3.0,4.0,4.0,1.0,1.0,1.0,2.0,1.0,2.0,2.0,2.0,8.0,9.0,3.0,1.0,2.0,1.0,1.0,3.0,2.0,2.0,1.0,5.0,1.0,3.0,3.0,3.0,4.0,1.0,1.0,2.0,2.0,3.0,3.0,1.0,3.0,2.0,1.0,1.0,1.0,1.0,1.0,1.0,1.0,1.0,1.0,1.0,1.0,2.0,10.0,2.0,3.0,3.0,3.0,2.0,1.0,1.0,1.0,1.0,2.0,1.0,15.0,3.0,3.0,3.0,3.0,1.0,1.0,11.0,2.0,2.0,2.0,3.0,1.0,1.0,1.0,1.0,9.0,2.0,2.0,3.0,3.0,1.0,1.0,1.0,2.0,1.0,13.0,2.0,2.0,3.0,3.0,6.0,5.0,2.0,2.0,2.0,2.0,3.0,3.0,4.0,3.0,2.0,2.0,3.0,3.0,4.0,2.0,7.0,3.0,3.0,2.0,2.0,1.0,3.0,7.0,2.0,13.0,6.0,4.0,1.0,1.0,1.0,2.0,1.0,3.0,2.0,10.0,2.0,14.0,1.0,1.0,1.0,9.0,3.0,2.0,1.0,1.0,10.0,2.0,1.0,1.0,1.0,2.0,3.0,7.0,5.0,1.0,1.0,1.0,2.0,6.0,2.0,2.0,4.0,2.0,1.0,1.0,1.0,3.0,2.0,10.0,3.0,1.0,1.0,1.0,5.0,3.0,5.0,1.0,3.0,1.0,1.0,2.0,2.0,3.0,2.0,1.0,2.0,1.0,1.0,1.0,2.0,1.0,1.0,1.0,1.0,5.0,1.0,2.0,1.0,1.0,1.0,1.0,1.0,4.0,1.0,1.0,14.0,1.0,4.0,1.0,13.0,11.0,2.0,2.0,1.0,5.0,1.0,11.0,1.0,1.0,1.0,1.0,1.0,4.0,1.0,1.0,1.0,1.0,3.0,1.0,3.0,1.0,5.0,9.0,1.0,1.0,1.0,1.0,4.0,1.0,6.0,13.0,1.0,3.0,3.0,4.0,1.0,3.0,1.0,4.0,1.0,14.0,9.0,12.0,7.0,1.0,1.0,1.0,2.0,4.0,4.0,6.0,10.0,8.0,21.0,4.0,4.0,3.0,2.0,4.0,1.0,2.0,12.0,11.0,1.0,3.0,4.0,1.0,1.0,1.0,1.0,3.0,6.0,7.0,2.0,5.0,3.0,3.0,8.0,10.0,2.0,19.0,8.0,5.0,1.0,3.0,2.0,6.0,-2.04564786099211,2.0,1.0,2.0,3.0,8.0,9.0,6.0,6.0,1.0,1.0,2.0,2.0,2.0,8.0,4.0,5.0,8.0,7.0,13.0,3.0,9.0,2.0,1.0,3.0,5.0,1.0,3.0,1.0,1.0,5.47566330468136,8.0,1.0,2.0,1.0,1.0,6.0,1.0,1.0,1.0,5.0,15.0,1.0,2.0,7.0,5.0,4.0,5.0,4.0,16.0,6.0,4.0,2.0,1.0,1.0,1.0,1.0,1.0,1.0,2.0,1.0,7.0,7.0,4.0,1.0,2.0,1.0,2.0,1.0,1.0,1.0,1.0,2.0,2.0,1.0,1.0,1.0,1.0,1.0,1.0,1.0,1.0,1.0,1.0,1.0,2.0,2.0,4.0,1.0,1.0,1.0,2.0,7.0,1.0,1.0,1.0,1.0,1.0,1.0,1.0,2.0,3.0,6.0,7.0,4.0,1.0,3.0,1.0,1.0,1.0,1.0,1.0,1.0,1.0,1.0,1.0,2.0,1.0,1.0,2.0,1.0,1.0,1.0,2.0,1.0,1.0,1.0,1.0,1.0,2.0,2.0,3.0,6.0,1.0,1.0,2.0,1.0,1.0,2.0,1.0,1.0,13.0,19.0,2.0,1.0,1.0,4.0,1.0,1.0,1.0,1.0,1.0,1.0,1.0,1.0,1.0,1.0,1.0,2.0,1.0,1.0,1.0,16.0,15.0,1.0,2.0,2.0,2.0,1.0,1.0,1.0,2.0,1.0,1.0,1.0,1.0,1.0,2.0,1.0,1.0,3.0,1.0,1.0,1.0,2.0,1.0,1.0,12.0,7.0,1.0,5.0,1.0,3.0,1.0,1.0,1.0,2.0,3.0,1.0,1.0,6.0,7.0,3.0,5.0,3.0,1.0,1.0,3.0,2.0,1.0,7.0,16.0,1.0,1.0,5.0,3.0,1.0,1.0,3.0,2.0,1.0,3.96952489648403,1.0,2.0,3.0,3.0,1.0,1.0,2.0,1.0,1.0,1.0,2.0,30.0,1.0,4.0,7.0,1.0,1.0,1.0,1.0,1.0,2.0,1.0,2.0,1.0,1.0,1.0,1.0,1.0,1.0,5.0,24.0,4.0,2.0,1.0,1.0,1.0,1.0,1.0,1.0,2.0,2.0,3.0,1.0,2.0,1.0,1.0,1.0,1.0,1.0,1.0,1.0,2.0,1.0,1.0,1.0,1.0,1.0,1.0,1.0,1.0,3.0,1.0,1.0,1.0,3.0,5.0,2.0,3.0,1.0,1.0,2.0,1.0,2.0,1.0,3.0,1.0,2.0,1.0,1.0,2.0,2.0,2.0,1.0,1.0,5.0,2.0,2.0,4.0,1.0,3.0,1.0,4.0,1.0,1.0,2.0,1.0,1.0,4.0,1.0,2.0,1.0,1.0,2.0,4.0,1.0,2.0,2.0,5.0,1.0,1.0,2.0,1.0,1.0,3.0,1.0,1.0,3.0,3.0,5.0,3.0,4.0,1.0,1.0,1.0,2.0,1.0,2.0,1.0,2.0,1.0,1.0,3.0,1.0,1.0,1.0,1.0,2.0,1.0,1.0,1.0,2.0,1.0,1.0,1.0,1.0,1.0,1.0,1.0,1.0,4.0,1.0,1.0,1.0,2.0,1.0,6.0,1.0,1.0,1.0,2.0,2.0,1.0,1.0,1.0,-1.2523449689335,2.0,1.0,1.0,2.0,1.0,-1.0,-1.0,-1.0,-1.0,-2.0,1.0,9.0,-1.0,1.0,-1.0,-1.0,-5.0,-4.0,-3.0,-4.0,-5.0,-5.0,1.0,1.0,1.0,6.0,6.0,2.0,1.0,3.0,2.0,1.0,4.0,5.0,1.0,3.0,1.0,1.0,2.0,1.0,5.0,1.0,1.0,10.0,4.0,1.0,1.0,1.0,3.0,7.0,1.0,2.0,8.0,1.0,2.0,1.0,1.0,1.0,2.0,1.0,2.0,9.0,1.0,9.0,1.0,1.0,1.0,3.0,1.0,1.0,4.0,4.0,1.0,2.0,1.0,2.0,1.0,1.0,1.0,2.0,1.0,1.0,2.0,4.0,1.0,1.0,10.0,1.0,1.0,1.0,3.0,1.0,4.0,4.0,9.0,1.0,1.0,5.0,1.0,1.0,4.957128867032768,4.0,2.0,5.0,1.0,7.0,1.0,5.0,1.0,1.0,1.0,18.20845275419301,1.0,5.0,4.0,6.0,1.0,-3.0,-1.0,-1.0,-13.71931735451625,-2.0,-2.0,-1.0,-1.0,-1.0,-1.0,-3.0,-1.0,-2.0,-4.0,-1.0,-2.0,-1.0,-1.0,-1.0,5.0,4.0,2.0,7.0,2.0,1.0,2.0,1.0,2.0,1.0,3.0,4.0,4.0,1.0,1.0,2.0,4.0,2.0,6.0,1.0,5.0,11.27775448851298,8.0,7.0,1.0,4.0,3.0,1.0,1.0,1.0,2.0,1.0,4.0,1.0,1.0,1.0,1.0,2.0,1.0,1.0,3.0,2.0,4.0,7.0,7.0,4.0,1.0,1.0,4.0,1.0,1.0,2.0,1.0,1.0,5.0,1.0,2.0,7.0,4.0,2.0,2.0,1.0,1.0,1.0,2.0,2.0,2.0,1.0,1.0,2.0,6.0,1.0,4.0,2.0,3.0,-9.81276160699843,1.0,8.0,8.0,1.0,1.0,2.0,2.0,1.0,1.0,2.0,2.0,11.0,5.0,2.0,1.0,2.0,2.0,2.0,2.0,2.0,2.0,2.0,2.0,2.0,1.0,1.0,25.0,6.0,5.0,5.0,5.0,5.0,5.0,5.0,3.0,2.0,1.0,1.0,2.0,1.0,1.0,12.0,15.0,4.0,4.0,5.0,4.0,4.0,5.0,2.0,1.0,5.0,1.0,1.0,2.0,1.0,16.0,5.0,4.0,5.0,4.0,10.0,2.0,4.0,3.0,3.0,6.0,4.0,4.0,4.0,4.0,4.0,4.0,4.0,4.0,4.0,2.0,4.0,4.0,4.0,4.0,4.0,4.0,1.0,1.0,4.0,4.0,4.0,4.0,4.0,4.0,1.0,1.0,1.0,1.0,1.0,1.0,4.0,4.0,4.0,4.0,4.0,4.0,4.0,4.0,4.0,4.0,1.0,1.0,1.0,1.0,3.0,1.0,1.0,10.0,1.0,1.0,1.0,1.0,1.0,21.0,15.0,1.0,1.0,1.0,1.0,1.0,1.0,5.0,1.0,6.0,2.0,2.0,23.0,14.0,1.0,3.0,3.0,3.0,3.0,3.0,3.0,3.0,3.0,1.0,1.0,1.0,1.0,1.0,6.0,1.0,4.0,10.0,9.0,26.0,7.0,3.0,3.0,4.0,3.0,3.0,3.0,4.0,3.0,1.0,1.0,1.0,1.0,3.0,1.0,1.0,13.0,2.0,2.0,2.0,2.0,2.0,2.0,2.0,1.0,1.0,2.0,2.0,2.0,2.0,2.0,2.0,3.0,2.0,1.0,2.0,2.0,2.0,2.0,2.0,2.0,2.0,1.0,2.0,2.0,2.0,2.0,2.0,2.0,2.0,2.0,2.0,2.0,2.0,1.0,-2.0,1.0,4.0,1.0,-4.0,-4.0,-5.0,-4.0,-4.0,-4.0,-5.0,-4.0,-1.0,1.0,2.0,-1.0,1.0,-4.0,-5.0,-4.0,-4.0,-5.0,-4.0,2.0,1.0,-5.0,-6.0,-5.0,-5.0,-6.0,-5.0,1.0,1.0,1.0,-5.0,-5.0,-5.0,-5.0,-5.0,-5.0,-1.0,1.0,-1.0,-5.0,-5.0,-5.0,-5.0,-5.0,-5.0,-3.0,-4.0,-1.0,-1.0,-3.0,-1.0,0.0,1.0,-9.0,-5.0,1.0,-1.0,-2.0,-1.0,-1.0,-2.0,-1.0,-3.0,-2.0,-1.0,-1.0,-1.0,-1.0,-1.0,-3.0,-1.0,-1.0,-1.0,-1.0,-3.0,-2.0,19.45784305872714,-2.0,-1.0,-1.0,-1.0,-2.0,7.0,-4.0,-2.0,-3.0,-3.0,-1.0,-1.0,-1.0,1.0,1.0,0.0,-1.0,-5.0,-7.0,-1.0,-2.0,-1.0,9.0,2.0,13.0,-1.0,-1.0,-1.0,-5.0,-5.0,-2.0,-4.0,1.0,5.0,4.0,2.0,2.0,1.0,2.0,15.0,17.0,4.0,5.0,7.0,13.0,1.0,3.0,1.0,1.0,1.0,12.0,5.0,5.0,1.0,11.0,2.0,4.0,2.0,1.0,15.57346510062307,4.0,2.0,1.0,1.0,2.0,1.0,1.0,2.0,1.0,1.0,2.0,6.0,1.0,1.0,2.0,4.0,3.0,2.0,2.0,3.0,7.0,1.0,1.0,1.0,1.0,1.0,2.0,1.0,1.0,1.0,1.0,1.0,1.0,1.0,1.0,2.0,2.0,1.0,4.0,1.0,1.0,1.0,1.0,3.0,1.0,2.0,6.0,1.0,1.0,1.0,1.0,1.0,1.0,-2.5485758184053537,1.0,1.0,1.0,1.0,1.0,3.0,1.0,1.0,3.0,2.0,2.0,2.0,5.0,-20.80157324031526,2.0,2.0,4.0,3.0,1.0,2.0,2.0,2.0,2.0,-15.704502461243464,1.0,2.0,2.0,2.0,1.0,1.0,1.0,1.0,1.0,2.0,1.0,4.0,1.0,1.0,1.0,1.0,2.0,1.0,1.0,1.0,5.0,5.0,1.0,4.0,3.0,2.0,2.0,1.0,5.0,1.0,3.0,4.0,2.0,1.0,3.0,3.0,4.0,3.0,3.0,1.0,1.0,2.0,1.0,3.0,2.0,4.0,2.0,1.0,4.0,2.0,1.0,2.0,3.0,3.0,3.0,3.0,2.0,1.0,4.0,5.0,1.0,1.0,5.0,4.0,2.0,1.0,1.0,6.276158308138452,6.0,10.0,1.0,5.0,5.0,1.0,7.0,2.0,1.0,10.0,4.0,3.0,3.0,1.0,7.0,1.0,11.0,1.0,2.0,2.0,1.0,3.0,2.0,1.0,1.0,5.0,8.0,1.0,7.0,3.0,1.0,2.0,2.0,1.0,2.0,1.0,1.0,1.0,1.0,2.0,7.0,6.0,1.0,2.0,1.0,1.0,1.0,1.0,5.0,1.0,1.0,2.0,5.0,1.0,2.0,7.0,6.0,6.0,1.0,2.0,9.0,3.0,6.0,1.0,6.0,4.0,9.0,1.0,1.0,1.0,2.0,10.0,6.0,2.0,2.0,5.0,5.0,1.0,10.0,1.0,2.0,4.0,5.0,13.0,1.0,1.0,1.0,1.0,4.0,4.0,3.0,1.0,2.0,1.0,1.0,1.0,2.0,4.0,4.0,5.0,11.0,1.0,1.0,13.2640361646798,1.0,5.0,2.0,7.0,1.0,1.0,2.0,1.0,1.0,1.0,3.0,3.0,2.0,2.0,3.0,5.0,1.0,2.0,1.0,-2.0,1.0,1.0,7.0,-3.0,-3.0,-3.0,-3.0,1.0,0.0,4.0,-2.0,5.0,-6.0,-6.0,-6.0,-6.0,-2.0,-1.0,-1.0,-6.0,-6.0,-6.0,-6.0,-3.0,-2.0,-1.0,-1.0,-3.0,-3.0,-3.0,-3.0,-2.0,-1.0,-1.0,2.0,-1.0,-6.0,-6.0,-6.0,-7.103831779623127,-6.0,-6.0,-6.0,1.0,1.0,-3.0,-3.0,7.0,2.0,-5.0,-5.0,-5.0,-5.0,1.0,-2.0,-2.0,2.0,1.0,-5.0,-6.0,-5.0,-5.0,2.0,1.0,1.0,1.0,-6.0,-6.0,-6.0,-6.0,-1.0,1.0,-2.0,-2.0,1.0,2.0,-13.0,-13.0,-1.0,-1.0,-2.0,2.0,1.0,-5.0,-5.0,-5.0,-5.0,-5.0,-5.0,1.0,1.0,-5.0,-5.0,-5.0,-5.0,-5.0,0.0,-3.0,-12.0,-12.0,1.0,5.0,-7.0,-7.0,-7.0,-7.0,1.0,7.0,1.0,1.0,1.0,2.0,11.0,1.0,4.0,1.0,3.0,6.0,1.0,2.0,3.0,15.0,3.0,2.0,3.0,4.0,1.0,6.0,6.0,4.0,2.0,1.0,1.0,1.0,1.0,1.0,1.0,3.0,7.0,1.0,3.0,1.0,1.0,1.0,3.0,2.0,1.0,2.0,2.0,1.0,1.0,3.0,3.0,3.0,1.0,1.0,2.0,3.0,3.0,3.0,1.0,1.0,1.0,3.0,4.0,4.0,2.0,3.0,1.0,1.0,1.0,1.0,1.0,1.0,2.0,3.0,4.0,4.0,2.0,6.0,3.0,1.0,1.0,1.0,1.0,1.0,1.0,2.0,3.0,1.0,13.0,3.0,1.0,1.0,6.0,1.0,1.0,1.0,4.0,1.0,1.0,2.0,2.0,4.0,3.0,3.0,1.0,1.0,1.0,1.0,2.0,2.0,3.0,3.0,1.0,1.0,2.0,2.0,1.0,2.0,6.0,6.0,2.0,3.0,2.0,2.0,1.0,1.0,2.0,2.0,6.0,6.0,2.0,3.0,2.0,2.0,1.0,1.0,21.0,3.0,4.0,1.0,2.0,2.0,8.0,1.0,7.0,2.0,1.0,2.0,3.0,4.0,4.0,1.0,16.0,1.0,6.0,3.0,1.0,1.0,2.0,10.0,1.0,10.0,3.0,3.0,2.0,1.0,4.0,3.0,1.0,2.0,1.0,1.0,4.0,1.0,3.0,1.0,2.0,2.0,1.0,1.0,1.0,1.0,3.0,1.0,1.0,2.0,1.0,1.0,1.0,1.0,1.0,1.29786125122586,1.0,1.0,1.0,1.0,1.0,4.0,3.0,1.0,1.0,1.0,1.0,1.0,1.0,2.0,2.0,1.0,4.0,1.0,4.0,1.0,1.0,2.0,1.0,1.0,3.0,2.0,2.0,2.0,2.0,1.0,1.0,6.0,24.0,4.0,1.0,3.0,2.0,1.0,1.0,16.0,35.0,3.0,1.0,1.0,1.0,1.0,1.0,1.0,3.0,5.0,1.0,1.0,2.0,7.0,5.0,5.0,2.0,3.0,1.0,1.0,1.0,8.0,1.0,5.0,3.0,2.0,9.0,6.0,1.0,4.0,13.0,1.0,7.0,7.0,1.0,1.0,1.0,1.0,1.0,4.0,6.0,3.0,2.0,1.0,8.0,6.0,1.0,1.0,1.0,2.0,3.0,1.0,2.0,8.0,1.0,2.0,9.0,2.0,1.0,1.0,1.0,1.0,1.0,4.0,1.0,1.0,4.0,5.0,1.0,1.0,2.0,3.0,2.0,1.0,2.0,5.0,6.0,4.0,6.0,8.0,11.0,7.0,6.0,1.0,1.0,1.0,4.0,1.0,3.0,4.0,5.0,12.0,5.0,2.0,2.0,1.0,4.0,2.0,1.0,1.0,1.0,3.0,4.0,3.0,2.0,17.29671484676516,3.0,5.0,1.0,7.0,5.0,2.0,2.0,3.0,1.0,1.0,1.0,1.0,2.0,1.0,2.0,1.0,1.0,12.0,10.0,8.0,6.0,5.0,1.0,1.0,1.0,3.0,1.0,1.0,1.0,3.0,4.0,1.0,2.0,1.0,1.0,1.0,2.0,1.0,1.0,8.0,1.0,1.0,2.0,2.0,5.0,2.0,2.0,1.0,1.0,3.0,2.0,3.0,1.0,6.0,6.0,1.0,1.0,6.0,1.0,6.0,9.0,3.0,13.0,10.0,1.0,1.0,11.0,1.0,1.0,3.0,8.0,9.0,2.0,1.0,2.0,3.0,3.0,3.0,1.0,1.0,1.0,5.0,5.0,2.0,1.0,2.0,2.0,1.0,1.0,5.0,1.0,1.0,1.0,1.0,3.0,2.0,1.0,2.0,1.0,3.0,4.0,1.0,2.0,1.0,2.0,1.0,2.0,2.0,1.0,1.0,2.0,2.0,1.0,1.0,1.0,1.0,1.0,1.0,2.0,1.0,8.0,2.0,1.0,5.0,6.0,2.0,1.0,1.0,1.0,6.0,2.0,3.0,4.0,3.0,1.0,1.0,2.0,2.0,1.0,1.0,11.0,1.0,1.0,2.0,4.0,5.0,3.0,1.0,4.0,1.0,14.0,4.0,7.0,1.0,1.0,2.0,1.0,1.0,2.92572291035908,1.0,1.0,1.0,3.0,1.0,9.0,2.0,2.0,1.0,1.0,7.0,1.0,8.0,1.0,1.0,1.0,1.0,2.0,1.0,1.0,1.0,1.0,2.0,1.0,1.0,1.0,1.0,1.0,1.0,4.0,4.0,3.0,2.0,1.0,1.0,1.0,1.0,3.0,1.0,1.0,1.0,1.0,1.0,1.0,1.0,1.0,2.0,1.0,3.0,0.24337417607789,1.0,1.0,3.0,5.0,9.0,7.0,2.0,2.0,1.0,1.0,1.0,2.0,3.0,1.0,1.0,2.0,3.0,1.0,1.0,2.0,2.0,1.0,1.0,1.0,1.0,2.0,1.0,1.0,-1.0,-1.0,-2.0,-4.0,-12.0,-7.0,-6.0,-6.0,-9.0,-11.0,-2.0,-8.0,-10.0,-6.0,-11.0,-6.50984180533249,-1.0,-4.0,-1.0,-10.0,-11.0,-3.0,-8.0,-12.0,-10.0,-1.0,-1.0,-1.0,-1.0,-7.0,-7.0,-13.0,-7.0,2.0,1.0,1.0,1.0,2.0,1.0,1.0,5.0,1.0,2.0,1.0,1.0,3.0,1.0,3.0,1.0,1.0,1.0,1.0,1.0,1.0,1.0,1.0,4.0,1.0,1.0,2.0,1.0,1.0,3.0,1.0,1.0,2.0,1.0,1.0,2.0,3.0,1.0,2.0,1.0,1.0,1.0,1.0,1.0,1.0,2.0,1.0,2.0,1.0,2.0,5.0,6.0,1.0,2.0,1.0,1.0,3.0,1.0,1.0,2.0,3.0,3.0,1.0,1.0,2.0,5.0,5.0,1.0,1.0,4.0,3.0,2.0,1.0,1.0,-1.0,1.0,2.0,-3.0,1.0,1.0,-4.0,-4.0,-3.0,2.0,-1.0,-1.0,-1.0,-2.0,2.0,10.0,1.0,1.0,1.0,2.0,3.0,4.0,1.0,2.0,1.0,17.0,1.0,1.0,1.0,1.0,2.0,1.0,1.0,1.0,4.0,4.0,1.0,3.0,1.0,1.0,2.0,1.0,1.0,1.0,2.0,2.0,1.0,1.0,1.0,1.0,2.0,3.0,18.94840458248437,1.0,1.0,3.0,1.0,1.0,1.0,2.0,3.0,1.0,1.0,2.0,4.0,2.0,1.0,1.0,1.0,1.0,2.0,3.0,1.0,4.0,1.0,1.0,1.0,4.0,4.0,1.0,1.0,2.0,2.0,2.0,2.0,1.0,2.0,1.0,2.0,3.0,1.0,6.0,11.0,8.0,5.0,4.0,5.0,3.0,2.0,1.0,1.0,1.0,1.0,1.0,2.0,2.0,3.0,2.0,3.0,1.0,1.0,1.0,1.0,1.0,1.0,3.0,2.0,5.0,1.0,2.0,2.0,1.0,5.0,1.0,5.0,1.0,2.0,5.0,3.0,2.0,1.0,15.11250881122309,1.0,2.0,3.0,1.0,1.0,1.0,3.0,3.0,2.0,4.0,1.0,1.0,1.0,1.0,1.0,1.0,1.0,1.0,1.0,1.0,1.0,3.0,5.0,1.0,1.0,1.0,2.0,2.0,1.0,1.0,5.0,1.0,1.0,5.0,1.0,1.0,-7.0,-7.0,1.0,-1.0,-4.0,-2.0,-1.0,-2.0,-1.0,1.0,-1.0,-3.0,-5.0,0.0,-3.0,-1.0,-2.0,-4.0,1.0,-1.0,1.0,-1.0,-1.0,1.0,-1.0,-1.0,2.0,-2.0,-3.0,2.0,-2.0,-1.0,1.0,-1.0,-1.0,-2.0,1.0,-2.0,-1.0,2.0,-1.0,-1.0,-1.0,-1.0,-2.0,2.0,-2.0,-2.0,0.0,-1.0,-1.0,-1.0,-1.0,-1.0,1.0,1.0,1.0,7.0,1.0,1.0,1.0,1.0,1.0,2.0,1.0,1.0,12.0,1.0,1.0,1.0,1.0,1.0,1.0,2.0,1.0,1.0,1.0,1.0,2.0,4.0,3.0,1.0,1.0,3.0,1.0,1.0,1.0,1.0,2.0,1.0,1.0,1.0,1.0,1.0,2.0,1.0,1.0,3.0,7.0,2.0,1.0,1.0,1.0,1.0,1.0,1.0,1.0,1.0,1.0,1.0,1.0,1.0,6.0,1.0,1.0,1.0,1.0,1.0,1.0,1.0,1.0,1.0,1.0,1.0,1.0,1.0,1.0,1.0,1.0,4.0,1.0,1.0,1.0,1.0,1.0,1.0,1.0,1.0,1.0,1.0,1.0,1.0,1.0,1.0,1.0,1.0,1.0,1.0,1.0,-1.0,-1.0,1.0,1.0,2.0,-2.0,-2.0,-2.0,-2.0,-2.0,1.0,1.0,-3.56110793196185,-3.0,-3.0,-3.0,1.0,-5.0,-5.0,-5.0,1.0,1.0,1.0,1.0,2.0,1.0,1.0,-1.0,-1.0,-1.0,-1.0,-1.0,-1.0,4.0,4.0,1.0,1.0,3.0,1.0,1.0,1.0,1.0,1.0,3.0,3.0,2.0,1.0,1.0,1.0,1.0,1.0,2.0,1.0,1.0,2.0,2.0,1.0,1.0,1.0,1.0,1.0,3.0,3.0,3.0,1.0,1.0,2.0,1.0,1.0,2.0,2.0,2.0,1.0,1.0,1.0,2.0,1.0,1.0,1.0,1.0,3.0,1.0,1.0,1.0,1.0,4.0,2.0,5.0,1.0,2.0,1.0,1.0,1.0,1.0,3.0,1.0,2.0,3.0,2.0,1.0,1.0,1.0,2.0,2.0,2.0,2.0,1.0,6.0,3.0,6.0,1.0,1.0,1.0,3.0,1.0,4.0,5.0,1.0,1.0,1.0,1.0,1.0,17.0,1.0,2.0,12.0,1.0,2.0,3.0,8.0,13.0,5.0,2.0,1.0,2.0,6.0,4.0,4.0,2.0,1.0,3.0,2.0,1.0,1.0,1.0,3.0,1.0,1.0,1.0,3.0,1.0,1.0,1.0,3.0,1.0,1.0,1.0,2.0,3.0,7.0,4.0,3.0,-0.31044766992144,2.0,2.0,2.0,1.0,1.0,1.0,1.0,1.0,1.0,1.0,1.0,1.0,1.0,1.0,1.0,1.0,1.0,1.0,1.0,1.0,1.0,1.0,1.0,1.0,1.0,1.0,1.0,1.0,3.0,1.0,1.0,2.0,2.0,2.0,2.0,3.0,1.0,1.0,1.0,2.0,1.0,4.0,3.0,1.0,1.0,1.0,2.0,1.0,7.39298284432326,1.0,5.0,3.0,2.0,1.0,1.0,1.0,1.0,1.0,1.0,1.0,1.0,1.0,3.0,4.0,3.0,1.0,1.0,1.0,1.0,1.0,1.0,1.0,1.0,1.0,1.0,1.0,1.0,2.0,1.0,1.0,1.0,1.0,1.0,1.0,1.0,1.0,1.0,1.0,1.0,2.0,1.0,1.0,1.0,1.0,1.0,1.0,1.0,1.0,1.0,1.0,1.0,1.0,1.0,3.0,8.0,2.0,1.0,2.0,1.0,1.0,4.0,1.0,1.0,1.0,1.0,1.0,1.0,1.0,7.0,5.0,2.0,3.0,1.0,1.0,2.0,1.0,1.0,1.0,1.0,1.0,1.0,2.0,3.0,1.0,2.0,2.0,2.0,-16.38832593496558,3.0,1.0,1.0,1.0,1.0,3.0,2.0,3.0,3.0,1.0,1.0,2.0,2.0,2.0,3.0,2.0,1.0,3.0,1.0,2.0,2.0,2.0,2.0,2.0,2.0,1.0,1.0,1.0,1.0,1.0,1.0,1.0,1.0,1.0,2.0,1.0,1.0,1.0,3.0,1.0,1.0,1.0,1.0,1.0,1.0,1.0,2.0,1.0,6.0,1.0,5.0,1.0,4.0,1.0,8.0,1.0,3.0,3.0,4.0,1.0,2.0,2.0,1.0,1.0,3.0,2.0,3.0,1.0,2.0,1.0,1.0,2.0,1.0,1.0,4.0,6.0,1.0,1.0,1.0,2.0,2.0,1.0,1.0,3.0,5.0,5.38785976813884,1.0,1.0,5.0,1.0,1.0,2.0,1.0,1.0,1.0,4.0,2.0,1.0,4.0,2.0,6.0,1.0,1.0,1.0,1.0,6.0,5.96397995782018,1.0,1.0,3.0,3.0,-1.3686525685699,9.0,2.0,3.0,3.0,3.0,3.0,1.0,1.0,5.0,5.0,5.0,5.0,1.0,7.0,10.0,2.0,1.0,4.0,5.0,5.0,5.0,5.0,2.0,1.0,3.0,5.0,4.0,2.0,2.0,1.0,1.0,2.0,3.0,1.0,1.0,3.0,11.0,5.0,5.0,5.0,5.0,5.0,5.0,5.0,5.0,13.0,3.0,2.0,2.0,3.0,11.0,5.0,5.0,5.0,5.0,1.0,1.0,2.0,18.0,11.0,2.0,1.0,3.0,3.0,5.0,5.0,5.0,5.0,5.0,5.0,2.0,1.0,3.0,1.0,1.0,21.0,1.0,2.0,3.0,6.0,6.0,6.0,6.0,2.0,5.0,3.0,2.0,5.0,13.0,2.0,5.0,5.0,5.0,5.0,6.0,2.0,24.0,2.0,1.0,2.0,5.0,5.0,5.0,5.0,1.0,2.0,4.0,3.0,12.0,1.0,9.0,4.0,4.0,4.0,4.0,4.0,4.0,4.0,1.0,10.0,4.0,1.0,21.0,1.0,2.0,1.0,1.0,1.0,4.0,3.0,5.0,6.0,6.0,6.0,6.0,6.0,1.0,1.0,3.0,15.0,1.0,1.0,1.0,1.0,7.0,4.0,1.0,10.0,5.0,5.0,5.0,5.0,1.0,1.0,4.0,2.0,-19.72431348956135,1.0,2.0,2.0,9.0,2.0,1.0,1.0,3.0,1.0,4.0,3.0,1.0,1.0,1.0,1.0,1.0,2.0,1.0,1.0,9.0,1.0,1.0,1.0,2.0,5.0,5.0,5.0,5.0,2.0,1.0,7.0,1.0,2.0,5.0,5.0,5.0,5.0,5.0,5.0,5.0,3.0,1.0,1.0,20.0,1.0,1.0,1.0,4.0,1.0,1.0,2.0,1.0,9.0,3.0,4.0,4.0,4.0,4.0,4.0,4.0,4.0,4.0,1.0,1.0,37.0,1.0,1.0,1.0,6.0,6.0,6.0,6.0,6.0,6.0,1.0,1.0,1.0,1.0,6.0,16.0,1.0,5.0,5.0,5.0,5.0,1.0,27.0,1.0,1.0,1.0,7.0,6.0,6.0,6.0,6.0,1.0,2.0,1.0,30.0,1.0,1.0,1.0,1.0,8.0,6.0,6.0,6.0,6.0,13.32796194626393,2.0,2.0,2.0,2.0,5.0,5.0,7.0,3.0,30.0,3.0,10.0,6.0,1.0,10.0,5.0,5.0,5.0,5.0,5.0,5.0,5.0,4.0,1.0,6.0,8.0,1.0,2.0,3.0,4.0,4.0,5.0,6.0,6.0,6.0,6.0,-5.0,-5.0,-5.0,-5.0,-5.0,-5.0,-5.0,-5.0,-5.0,-5.0,1.0
1.0,1.0,1.0,2.0,1.0,2.0,4.0,7.0,1.0,2.0,1.0,5.0,1.0,1.0,1.0,1.0,3.0,1.0,2.0,1.0,1.0,1.0,1.0,1.0,1.0,1.0,5.0,2.0,1.0,3.0,1.0,1.0,5.0,1.0,1.0,2.0,1.0,1.0,1.0,2.0,3.0,1.0,1.0,1.0,1.0,1.0,1.0,1.0,1.0,1.0,1.0,1.0,5.0,3.0,2.0,1.0,1.0,2.0,1.0,1.0,1.0,1.0,1.0,1.0,1.0,1.0,2.0,1.0,5.0,1.0,2.0,1.0,1.0,2.0,1.0,1.0,1.0,1.0,2.0,1.0,7.0,4.0,1.0,2.0,1.0,2.0,12.0,5.0,1.0,15.0,1.0,2.0,2.0,2.0,1.0,1.0,8.0,1.0,4.0,1.0,1.0,16.0,3.0,3.0,1.0,2.0,1.0,1.0,6.0,7.0,1.0,2.0,3.0,2.0,2.0,3.0,2.0,1.0,5.0,1.0,3.0,2.0,2.0,1.0,1.0,1.0,10.0,10.0,1.0,3.0,2.0,1.0,2.0,5.0,2.0,1.0,3.0,1.0,1.0,1.0,1.0,1.0,1.0,1.0,7.0,1.0,1.0,13.0,1.0,1.0,1.0,10.0,2.0,1.0,3.0,1.0,1.0,2.0,3.0,1.0,1.0,1.0,1.0,1.0,1.0,1.0,2.0,1.0,14.0,1.0,1.0,1.0,2.0,2.0,1.0,3.0,2.0,1.0,1.0,1.0,2.0,5.0,1.0,1.0,1.0,4.0,1.0,4.0,2.0,14.0,1.0,2.0,2.0,4.0,1.0,1.0,3.0,1.0,1.0,2.0,1.0,1.0,4.0,3.0,17.0,1.0,1.0,1.0,1.0,3.0,1.0,3.0,5.0,1.0,2.0,2.0,2.0,1.0,1.0,1.0,4.0,1.0,2.0,1.0,1.0,1.0,1.0,1.0,1.0,5.0,2.0,2.0,3.0,1.0,1.0,1.0,1.0,2.0,1.0,1.0,1.0,1.0,1.0,5.0,2.0,3.0,2.0,2.0,3.0,1.0,2.0,4.0,1.0,2.0,2.0,2.0,1.0,1.0,1.0,1.0,1.0,3.0,2.0,1.0,1.0,13.0,3.0,1.0,1.0,1.0,7.0,4.0,1.0,1.0,1.0,8.0,1.0,1.0,6.0,2.0,1.0,3.0,2.0,8.0,2.0,1.0,1.0,1.0,5.0,1.0,8.0,1.0,4.0,9.0,7.0,1.0,1.0,8.0,1.0,2.0,1.0,1.0,4.0,1.0,1.0,1.0,7.0,4.0,5.0,3.0,1.0,1.0,1.0,2.0,1.0,1.0,1.0,1.0,1.0,1.0,6.0,3.0,2.0,2.0,1.0,1.0,1.0,1.0,1.0,1.0,5.0,1.0,1.0,3.0,1.0,1.0,3.0,3.0,1.0,1.0,1.0,2.0,2.0,1.0,1.0,1.0,3.0,4.0,4.0,1.0,1.0,1.0,2.0,1.0,2.0,2.0,2.0,8.0,9.0,3.0,1.0,2.0,1.0,1.0,3.0,2.0,2.0,1.0,5.0,1.0,3.0,3.0,3.0,4.0,1.0,1.0,2.0,2.0,3.0,3.0,1.0,3.0,2.0,1.0,1.0,1.0,1.0,1.0,1.0,1.0,1.0,1.0,1.0,1.0,2.0,10.0,2.0,3.0,3.0,3.0,2.0,1.0,1.0,1.0,1.0,2.0,1.0,15.0,3.0,3.0,3.0,3.0,1.0,1.0,11.0,2.0,2.0,2.0,3.0,1.0,1.0,1.0,1.0,9.0,2.0,2.0,3.0,3.0,1.0,1.0,1.0,2.0,1.0,13.0,2.0,2.0,3.0,3.0,6.0,5.0,2.0,2.0,2.0,2.0,3.0,3.0,4.0,3.0,2.0,2.0,3.0,3.0,4.0,2.0,7.0,3.0,3.0,2.0,2.0,1.0,3.0,7.0,2.0,13.0,6.0,4.0,1.0,1.0,1.0,2.0,1.0,3.0,2.0,10.0,2.0,14.0,1.0,1.0,1.0,9.0,3.0,2.0,1.0,1.0,10.0,2.0,1.0,1.0,1.0,2.0,3.0,7.0,5.0,1.0,1.0,1.0,2.0,6.0,2.0,2.0,4.0,2.0,1.0,1.0,1.0,3.0,2.0,10.0,3.0,1.0,1.0,1.0,5.0,3.0,5.0,1.0,3.0,1.0,1.0,2.0,2.0,3.0,2.0,1.0,2.0,1.0,1.0,1.0,2.0,1.0,1.0,1.0,1.0,5.0,1.0,2.0,1.0,1.0,1.0,1.0,1.0,4.0,1.0,1.0,14.0,1.0,4.0,1.0,13.0,11.0,2.0,2.0,1.0,5.0,1.0,11.0,1.0,1.0,1.0,1.0,1.0,4.0,1.0,1.0,1.0,1.0,3.0,1.0,3.0,1.0,5.0,9.0,1.0,1.0,1.0,1.0,4.0,1.0,6.0,13.0,1.0,3.0,3.0,4.0,1.0,3.0,1.0,4.0,1.0,14.0,9.0,12.0,7.0,1.0,1.0,1.0,2.0,4.0,4.0,6.0,10.0,8.0,21.0,4.0,4.0,3.0,2.0,4.0,1.0,2.0,12.0,11.0,1.0,3.0,4.0,1.0,1.0,1.0,1.0,3.0,6.0,7.0,2.0,5.0,3.0,3.0,8.0,10.0,2.0,19.0,8.0,5.0,1.0,3.0,2.0,6.0,-2.04564786099211,2.0,1.0,2.0,3.0,8.0,9.0,6.0,6.0,1.0,1.0,2.0,2.0,2.0,8.0,4.0,5.0,8.0,7.0,13.0,3.0,9.0,2.0,1.0,3.0,5.0,1.0,3.0,1.0,1.0,5.47566330468136,8.0,1.0,2.0,1.0,1.0,6.0,1.0,1.0,1.0,5.0,15.0,1.0,2.0,7.0,5.0,4.0,5.0,4.0,16.0,6.0,4.0,2.0,1.0,1.0,1.0,1.0,1.0,1.0,2.0,1.0,7.0,7.0,4.0,1.0,2.0,1.0,2.0,1.0,1.0,1.0,1.0,2.0,2.0,1.0,1.0,1.0,1.0,1.0,1.0,1.0,1.0,1.0,1.0,1.0,2.0,2.0,4.0,1.0,1.0,1.0,2.0,7.0,1.0,1.0,1.0,1.0,1.0,1.0,1.0,2.0,3.0,6.0,7.0,4.0,1.0,3.0,1.0,1.0,1.0,1.0,1.0,1.0,1.0,1.0,1.0,2.0,1.0,1.0,2.0,1.0,1.0,1.0,2.0,1.0,1.0,1.0,1.0,1.0,2.0,2.0,3.0,6.0,1.0,1.0,2.0,1.0,1.0,2.0,1.0,1.0,13.0,19.0,2.0,1.0,1.0,4.0,1.0,1.0,1.0,1.0,1.0,1.0,1.0,1.0,1.0,1.0,1.0,2.0,1.0,1.0,1.0,16.0,15.0,1.0,2.0,2.0,2.0,1.0,1.0,1.0,2.0,1.0,1.0,1.0,1.0,1.0,2.0,1.0,1.0,3.0,1.0,1.0,1.0,2.0,1.0,1.0,12.0,7.0,1.0,5.0,1.0,3.0,1.0,1.0,1.0,2.0,3.0,1.0,1.0,6.0,7.0,3.0,5.0,3.0,1.0,1.0,3.0,2.0,1.0,7.0,16.0,1.0,1.0,5.0,3.0,1.0,1.0,3.0,2.0,1.0,3.96952489648403,1.0,2.0,3.0,3.0,1.0,1.0,2.0,1.0,1.0,1.0,2.0,30.0,1.0,4.0,7.0,1.0,1.0,1.0,1.0,1.0,2.0,1.0,2.0,1.0,1.0,1.0,1.0,1.0,1.0,5.0,24.0,4.0,2.0,1.0,1.0,1.0,1.0,1.0,1.0,2.0,2.0,3.0,1.0,2.0,1.0,1.0,1.0,1.0,1.0,1.0,1.0,2.0,1.0,1.0,1.0,1.0,1.0,1.0,1.0,1.0,3.0,1.0,1.0,1.0,3.0,5.0,2.0,3.0,1.0,1.0,2.0,1.0,2.0,1.0,3.0,1.0,2.0,1.0,1.0,2.0,2.0,2.0,1.0,1.0,5.0,2.0,2.0,4.0,1.0,3.0,1.0,4.0,1.0,1.0,2.0,1.0,1.0,4.0,1.0,2.0,1.0,1.0,2.0,4.0,1.0,2.0,2.0,5.0,1.0,1.0,2.0,1.0,1.0,3.0,1.0,1.0,3.0,3.0,5.0,3.0,4.0,1.0,1.0,1.0,2.0,1.0,2.0,1.0,2.0,1.0,1.0,3.0,1.0,1.0,1.0,1.0,2.0,1.0,1.0,1.0,2.0,1.0,1.0,1.0,1.0,1.0,1.0,1.0,1.0,4.0,1.0,1.0,1.0,2.0,1.0,6.0,1.0,1.0,1.0,2.0,2.0,1.0,1.0,1.0,-1.2523449689335,2.0,1.0,1.0,2.0,1.0,-1.0,-1.0,-1.0,-1.0,-2.0,1.0,9.0,-1.0,1.0,-1.0,-1.0,-5.0,-4.0,-3.0,-4.0,-5.0,-5.0,1.0,1.0,1.0,6.0,6.0,2.0,1.0,3.0,2.0,1.0,4.0,5.0,1.0,3.0,1.0,1.0,2.0,1.0,5.0,1.0,1.0,10.0,4.0,1.0,1.0,1.0,3.0,7.0,1.0,2.0,8.0,1.0,2.0,1.0,1.0,1.0,2.0,1.0,2.0,9.0,1.0,9.0,1.0,1.0,1.0,3.0,1.0,1.0,4.0,4.0,1.0,2.0,1.0,2.0,1.0,1.0,1.0,2.0,1.0,1.0,2.0,4.0,1.0,1.0,10.0,1.0,1.0,1.0,3.0,1.0,4.0,4.0,9.0,1.0,1.0,5.0,1.0,1.0,4.957128867032768,4.0,2.0,5.0,1.0,7.0,1.0,5.0,1.0,1.0,1.0,18.20845275419301,1.0,5.0,4.0,6.0,1.0,-3.0,-1.0,-1.0,-13.71931735451625,-2.0,-2.0,-1.0,-1.0,-1.0,-1.0,-3.0,-1.0,-2.0,-4.0,-1.0,-2.0,-1.0,-1.0,-1.0,5.0,4.0,2.0,7.0,2.0,1.0,2.0,1.0,2.0,1.0,3.0,4.0,4.0,1.0,1.0,2.0,4.0,2.0,6.0,1.0,5.0,11.27775448851298,8.0,7.0,1.0,4.0,3.0,1.0,1.0,1.0,2.0,1.0,4.0,1.0,1.0,1.0,1.0,2.0,1.0,1.0,3.0,2.0,4.0,7.0,7.0,4.0,1.0,1.0,4.0,1.0,1.0,2.0,1.0,1.0,5.0,1.0,2.0,7.0,4.0,2.0,2.0,1.0,1.0,1.0,2.0,2.0,2.0,1.0,1.0,2.0,6.0,1.0,4.0,2.0,3.0,-9.81276160699843,1.0,8.0,8.0,1.0,1.0,2.0,2.0,1.0,1.0,2.0,2.0,11.0,5.0,2.0,1.0,2.0,2.0,2.0,2.0,2.0,2.0,2.0,2.0,2.0,1.0,1.0,25.0,6.0,5.0,5.0,5.0,5.0,5.0,5.0,3.0,2.0,1.0,1.0,2.0,1.0,1.0,12.0,15.0,4.0,4.0,5.0,4.0,4.0,5.0,2.0,1.0,5.0,1.0,1.0,2.0,1.0,16.0,5.0,4.0,5.0,4.0,10.0,2.0,4.0,3.0,3.0,6.0,4.0,4.0,4.0,4.0,4.0,4.0,4.0,4.0,4.0,2.0,4.0,4.0,4.0,4.0,4.0,4.0,1.0,1.0,4.0,4.0,4.0,4.0,4.0,4.0,1.0,1.0,1.0,1.0,1.0,1.0,4.0,4.0,4.0,4.0,4.0,4.0,4.0,4.0,4.0,4.0,1.0,1.0,1.0,1.0,3.0,1.0,1.0,10.0,1.0,1.0,1.0,1.0,1.0,21.0,15.0,1.0,1.0,1.0,1.0,1.0,1.0,5.0,1.0,6.0,2.0,2.0,23.0,14.0,1.0,3.0,3.0,3.0,3.0,3.0,3.0,3.0,3.0,1.0,1.0,1.0,1.0,1.0,6.0,1.0,4.0,10.0,9.0,26.0,7.0,3.0,3.0,4.0,3.0,3.0,3.0,4.0,3.0,1.0,1.0,1.0,1.0,3.0,1.0,1.0,13.0,2.0,2.0,2.0,2.0,2.0,2.0,2.0,1.0,1.0,2.0,2.0,2.0,2.0,2.0,2.0,3.0,2.0,1.0,2.0,2.0,2.0,2.0,2.0,2.0,2.0,1.0,2.0,2.0,2.0,2.0,2.0,2.0,2.0,2.0,2.0,2.0,2.0,1.0,-2.0,1.0,4.0,1.0,-4.0,-4.0,-5.0,-4.0,-4.0,-4.0,-5.0,-4.0,-1.0,1.0,2.0,-1.0,1.0,-4.0,-5.0,-4.0,-4.0,-5.0,-4.0,2.0,1.0,-5.0,-6.0,-5.0,-5.0,-6.0,-5.0,1.0,1.0,1.0,-5.0,-5.0,-5.0,-5.0,-5.0,-5.0,-1.0,1.0,-1.0,-5.0,-5.0,-5.0,-5.0,-5.0,-5.0,-3.0,-4.0,-1.0,-1.0,-3.0,-1.0,0.0,1.0,-9.0,-5.0,1.0,-1.0,-2.0,-1.0,-1.0,-2.0,-1.0,-3.0,-2.0,-1.0,-1.0,-1.0,-1.0,-1.0,-3.0,-1.0,-1.0,-1.0,-1.0,-3.0,-2.0,19.45784305872714,-2.0,-1.0,-1.0,-1.0,-2.0,7.0,-4.0,-2.0,-3.0,-3.0,-1.0,-1.0,-1.0,1.0,1.0,0.0,-1.0,-5.0,-7.0,-1.0,-2.0,-1.0,9.0,2.0,13.0,-1.0,-1.0,-1.0,-5.0,-5.0,-2.0,-4.0,1.0,5.0,4.0,2.0,2.0,1.0,2.0,15.0,17.0,4.0,5.0,7.0,13.0,1.0,3.0,1.0,1.0,1.0,12.0,5.0,5.0,1.0,11.0,2.0,4.0,2.0,1.0,15.57346510062307,4.0,2.0,1.0,1.0,2.0,1.0,1.0,2.0,1.0,1.0,2.0,6.0,1.0,1.0,2.0,4.0,3.0,2.0,2.0,3.0,7.0,1.0,1.0,1.0,1.0,1.0,2.0,1.0,1.0,1.0,1.0,1.0,1.0,1.0,1.0,2.0,2.0,1.0,4.0,1.0,1.0,1.0,1.0,3.0,1.0,2.0,6.0,1.0,1.0,1.0,1.0,1.0,1.0,-2.5485758184053537,1.0,1.0,1.0,1.0,1.0,3.0,1.0,1.0,3.0,2.0,2.0,2.0,5.0,-20.80157324031526,2.0,2.0,4.0,3.0,1.0,2.0,2.0,2.0,2.0,-15.704502461243464,1.0,2.0,2.0,2.0,1.0,1.0,1.0,1.0,1.0,2.0,1.0,4.0,1.0,1.0,1.0,1.0,2.0,1.0,1.0,1.0,5.0,5.0,1.0,4.0,3.0,2.0,2.0,1.0,5.0,1.0,3.0,4.0,2.0,1.0,3.0,3.0,4.0,3.0,3.0,1.0,1.0,2.0,1.0,3.0,2.0,4.0,2.0,1.0,4.0,2.0,1.0,2.0,3.0,3.0,3.0,3.0,2.0,1.0,4.0,5.0,1.0,1.0,5.0,4.0,2.0,1.0,1.0,6.276158308138452,6.0,10.0,1.0,5.0,5.0,1.0,7.0,2.0,1.0,10.0,4.0,3.0,3.0,1.0,7.0,1.0,11.0,1.0,2.0,2.0,1.0,3.0,2.0,1.0,1.0,5.0,8.0,1.0,7.0,3.0,1.0,2.0,2.0,1.0,2.0,1.0,1.0,1.0,1.0,2.0,7.0,6.0,1.0,2.0,1.0,1.0,1.0,1.0,5.0,1.0,1.0,2.0,5.0,1.0,2.0,7.0,6.0,6.0,1.0,2.0,9.0,3.0,6.0,1.0,6.0,4.0,9.0,1.0,1.0,1.0,2.0,10.0,6.0,2.0,2.0,5.0,5.0,1.0,10.0,1.0,2.0,4.0,5.0,13.0,1.0,1.0,1.0,1.0,4.0,4.0,3.0,1.0,2.0,1.0,1.0,1.0,2.0,4.0,4.0,5.0,11.0,1.0,1.0,13.2640361646798,1.0,5.0,2.0,7.0,1.0,1.0,2.0,1.0,1.0,1.0,3.0,3.0,2.0,2.0,3.0,5.0,1.0,2.0,1.0,-2.0,1.0,1.0,7.0,-3.0,-3.0,-3.0,-3.0,1.0,0.0,4.0,-2.0,5.0,-6.0,-6.0,-6.0,-6.0,-2.0,-1.0,-1.0,-6.0,-6.0,-6.0,-6.0,-3.0,-2.0,-1.0,-1.0,-3.0,-3.0,-3.0,-3.0,-2.0,-1.0,-1.0,2.0,-1.0,-6.0,-6.0,-6.0,-7.103831779623127,-6.0,-6.0,-6.0,1.0,1.0,-3.0,-3.0,7.0,2.0,-5.0,-5.0,-5.0,-5.0,1.0,-2.0,-2.0,2.0,1.0,-5.0,-6.0,-5.0,-5.0,2.0,1.0,1.0,1.0,-6.0,-6.0,-6.0,-6.0,-1.0,1.0,-2.0,-2.0,1.0,2.0,-13.0,-13.0,-1.0,-1.0,-2.0,2.0,1.0,-5.0,-5.0,-5.0,-5.0,-5.0,-5.0,1.0,1.0,-5.0,-5.0,-5.0,-5.0,-5.0,0.0,-3.0,-12.0,-12.0,1.0,5.0,-7.0,-7.0,-7.0,-7.0,1.0,7.0,1.0,1.0,1.0,2.0,11.0,1.0,4.0,1.0,3.0,6.0,1.0,2.0,3.0,15.0,3.0,2.0,3.0,4.0,1.0,6.0,6.0,4.0,2.0,1.0,1.0,1.0,1.0,1.0,1.0,3.0,7.0,1.0,3.0,1.0,1.0,1.0,3.0,2.0,1.0,2.0,2.0,1.0,1.0,3.0,3.0,3.0,1.0,1.0,2.0,3.0,3.0,3.0,1.0,1.0,1.0,3.0,4.0,4.0,2.0,3.0,1.0,1.0,1.0,1.0,1.0,1.0,2.0,3.0,4.0,4.0,2.0,6.0,3.0,1.0,1.0,1.0,1.0,1.0,1.0,2.0,3.0,1.0,13.0,3.0,1.0,1.0,6.0,1.0,1.0,1.0,4.0,1.0,1.0,2.0,2.0,4.0,3.0,3.0,1.0,1.0,1.0,1.0,2.0,2.0,3.0,3.0,1.0,1.0,2.0,2.0,1.0,2.0,6.0,6.0,2.0,3.0,2.0,2.0,1.0,1.0,2.0,2.0,6.0,6.0,2.0,3.0,2.0,2.0,1.0,1.0,21.0,3.0,4.0,1.0,2.0,2.0,8.0,1.0,7.0,2.0,1.0,2.0,3.0,4.0,4.0,1.0,16.0,1.0,6.0,3.0,1.0,1.0,2.0,10.0,1.0,10.0,3.0,3.0,2.0,1.0,4.0,3.0,1.0,2.0,1.0,1.0,4.0,1.0,3.0,1.0,2.0,2.0,1.0,1.0,1.0,1.0,3.0,1.0,1.0,2.0,1.0,1.0,1.0,1.0,1.0,1.29786125122586,1.0,1.0,1.0,1.0,1.0,4.0,3.0,1.0,1.0,1.0,1.0,1.0,1.0,2.0,2.0,1.0,4.0,1.0,4.0,1.0,1.0,2.0,1.0,1.0,3.0,2.0,2.0,2.0,2.0,1.0,1.0,6.0,24.0,4.0,1.0,3.0,2.0,1.0,1.0,16.0,35.0,3.0,1.0,1.0,1.0,1.0,1.0,1.0,3.0,5.0,1.0,1.0,2.0,7.0,5.0,5.0,2.0,3.0,1.0,1.0,1.0,8.0,1.0,5.0,3.0,2.0,9.0,6.0,1.0,4.0,13.0,1.0,7.0,7.0,1.0,1.0,1.0,1.0,1.0,4.0,6.0,3.0,2.0,1.0,8.0,6.0,1.0,1.0,1.0,2.0,3.0,1.0,2.0,8.0,1.0,2.0,9.0,2.0,1.0,1.0,1.0,1.0,1.0,4.0,1.0,1.0,4.0,5.0,1.0,1.0,2.0,3.0,2.0,1.0,2.0,5.0,6.0,4.0,6.0,8.0,11.0,7.0,6.0,1.0,1.0,1.0,4.0,1.0,3.0,4.0,5.0,12.0,5.0,2.0,2.0,1.0,4.0,2.0,1.0,1.0,1.0,3.0,4.0,3.0,2.0,17.29671484676516,3.0,5.0,1.0,7.0,5.0,2.0,2.0,3.0,1.0,1.0,1.0,1.0,2.0,1.0,2.0,1.0,1.0,12.0,10.0,8.0,6.0,5.0,1.0,1.0,1.0,3.0,1.0,1.0,1.0,3.0,4.0,1.0,2.0,1.0,1.0,1.0,2.0,1.0,1.0,8.0,1.0,1.0,2.0,2.0,5.0,2.0,2.0,1.0,1.0,3.0,2.0,3.0,1.0,6.0,6.0,1.0,1.0,6.0,1.0,6.0,9.0,3.0,13.0,10.0,1.0,1.0,11.0,1.0,1.0,3.0,8.0,9.0,2.0,1.0,2.0,3.0,3.0,3.0,1.0,1.0,1.0,5.0,5.0,2.0,1.0,2.0,2.0,1.0,1.0,5.0,1.0,1.0,1.0,1.0,3.0,2.0,1.0,2.0,1.0,3.0,4.0,1.0,2.0,1.0,2.0,1.0,2.0,2.0,1.0,1.0,2.0,2.0,1.0,1.0,1.0,1.0,1.0,1.0,2.0,1.0,8.0,2.0,1.0,5.0,6.0,2.0,1.0,1.0,1.0,6.0,2.0,3.0,4.0,3.0,1.0,1.0,2.0,2.0,1.0,1.0,11.0,1.0,1.0,2.0,4.0,5.0,3.0,1.0,4.0,1.0,14.0,4.0,7.0,1.0,1.0,2.0,1.0,1.0,2.92572291035908,1.0,1.0,1.0,3.0,1.0,9.0,2.0,2.0,1.0,1.0,7.0,1.0,8.0,1.0,1.0,1.0,1.0,2.0,1.0,1.0,1.0,1.0,2.0,1.0,1.0,1.0,1.0,1.0,1.0,4.0,4.0,3.0,2.0,1.0,1.0,1.0,1.0,3.0,1.0,1.0,1.0,1.0,1.0,1.0,1.0,1.0,2.0,1.0,3.0,0.24337417607789,1.0,1.0,3.0,5.0,9.0,7.0,2.0,2.0,1.0,1.0,1.0,2.0,3.0,1.0,1.0,2.0,3.0,1.0,1.0,2.0,2.0,1.0,1.0,1.0,1.0,2.0,1.0,1.0,-1.0,-1.0,-2.0,-4.0,-12.0,-7.0,-6.0,-6.0,-9.0,-11.0,-2.0,-8.0,-10.0,-6.0,-11.0,-6.50984180533249,-1.0,-4.0,-1.0,-10.0,-11.0,-3.0,-8.0,-12.0,-10.0,-1.0,-1.0,-1.0,-1.0,-7.0,-7.0,-13.0,-7.0,2.0,1.0,1.0,1.0,2.0,1.0,1.0,5.0,1.0,2.0,1.0,1.0,3.0,1.0,3.0,1.0,1.0,1.0,1.0,1.0,1.0,1.0,1.0,4.0,1.0,1.0,2.0,1.0,1.0,3.0,1.0,1.0,2.0,1.0,1.0,2.0,3.0,1.0,2.0,1.0,1.0,1.0,1.0,1.0,1.0,2.0,1.0,2.0,1.0,2.0,5.0,6.0,1.0,2.0,1.0,1.0,3.0,1.0,1.0,2.0,3.0,3.0,1.0,1.0,2.0,5.0,5.0,1.0,1.0,4.0,3.0,2.0,1.0,1.0,-1.0,1.0,2.0,-3.0,1.0,1.0,-4.0,-4.0,-3.0,2.0,-1.0,-1.0,-1.0,-2.0,2.0,10.0,1.0,1.0,1.0,2.0,3.0,4.0,1.0,2.0,1.0,17.0,1.0,1.0,1.0,1.0,2.0,1.0,1.0,1.0,4.0,4.0,1.0,3.0,1.0,1.0,2.0,1.0,1.0,1.0,2.0,2.0,1.0,1.0,1.0,1.0,2.0,3.0,18.94840458248437,1.0,1.0,3.0,1.0,1.0,1.0,2.0,3.0,1.0,1.0,2.0,4.0,2.0,1.0,1.0,1.0,1.0,2.0,3.0,1.0,4.0,1.0,1.0,1.0,4.0,4.0,1.0,1.0,2.0,2.0,2.0,2.0,1.0,2.0,1.0,2.0,3.0,1.0,6.0,11.0,8.0,5.0,4.0,5.0,3.0,2.0,1.0,1.0,1.0,1.0,1.0,2.0,2.0,3.0,2.0,3.0,1.0,1.0,1.0,1.0,1.0,1.0,3.0,2.0,5.0,1.0,2.0,2.0,1.0,5.0,1.0,5.0,1.0,2.0,5.0,3.0,2.0,1.0,15.11250881122309,1.0,2.0,3.0,1.0,1.0,1.0,3.0,3.0,2.0,4.0,1.0,1.0,1.0,1.0,1.0,1.0,1.0,1.0,1.0,1.0,1.0,3.0,5.0,1.0,1.0,1.0,2.0,2.0,1.0,1.0,5.0,1.0,1.0,5.0,1.0,1.0,-7.0,-7.0,1.0,-1.0,-4.0,-2.0,-1.0,-2.0,-1.0,1.0,-1.0,-3.0,-5.0,0.0,-3.0,-1.0,-2.0,-4.0,1.0,-1.0,1.0,-1.0,-1.0,1.0,-1.0,-1.0,2.0,-2.0,-3.0,2.0,-2.0,-1.0,1.0,-1.0,-1.0,-2.0,1.0,-2.0,-1.0,2.0,-1.0,-1.0,-1.0,-1.0,-2.0,2.0,-2.0,-2.0,0.0,-1.0,-1.0,-1.0,-1.0,-1.0,1.0,1.0,1.0,7.0,1.0,1.0,1.0,1.0,1.0,2.0,1.0,1.0,12.0,1.0,1.0,1.0,1.0,1.0,1.0,2.0,1.0,1.0,1.0,1.0,2.0,4.0,3.0,1.0,1.0,3.0,1.0,1.0,1.0,1.0,2.0,1.0,1.0,1.0,1.0,1.0,2.0,1.0,1.0,3.0,7.0,2.0,1.0,1.0,1.0,1.0,1.0,1.0,1.0,1.0,1.0,1.0,1.0,1.0,6.0,1.0,1.0,1.0,1.0,1.0,1.0,1.0,1.0,1.0,1.0,1.0,1.0,1.0,1.0,1.0,1.0,4.0,1.0,1.0,1.0,1.0,1.0,1.0,1.0,1.0,1.0,1.0,1.0,1.0,1.0,1.0,1.0,1.0,1.0,1.0,1.0,-1.0,-1.0,1.0,1.0,2.0,-2.0,-2.0,-2.0,-2.0,-2.0,1.0,1.0,-3.56110793196185,-3.0,-3.0,-3.0,1.0,-5.0,-5.0,-5.0,1.0,1.0,1.0,1.0,2.0,1.0,1.0,-1.0,-1.0,-1.0,-1.0,-1.0,-1.0,4.0,4.0,1.0,1.0,3.0,1.0,1.0,1.0,1.0,1.0,3.0,3.0,2.0,1.0,1.0,1.0,1.0,1.0,2.0,1.0,1.0,2.0,2.0,1.0,1.0,1.0,1.0,1.0,3.0,3.0,3.0,1.0,1.0,2.0,1.0,1.0,2.0,2.0,2.0,1.0,1.0,1.0,2.0,1.0,1.0,1.0,1.0,3.0,1.0,1.0,1.0,1.0,4.0,2.0,5.0,1.0,2.0,1.0,1.0,1.0,1.0,3.0,1.0,2.0,3.0,2.0,1.0,1.0,1.0,2.0,2.0,2.0,2.0,1.0,6.0,3.0,6.0,1.0,1.0,1.0,3.0,1.0,4.0,5.0,1.0,1.0,1.0,1.0,1.0,17.0,1.0,2.0,12.0,1.0,2.0,3.0,8.0,13.0,5.0,2.0,1.0,2.0,6.0,4.0,4.0,2.0,1.0,3.0,2.0,1.0,1.0,1.0,3.0,1.0,1.0,1.0,3.0,1.0,1.0,1.0,3.0,1.0,1.0,1.0,2.0,3.0,7.0,4.0,3.0,-0.31044766992144,2.0,2.0,2.0,1.0,1.0,1.0,1.0,1.0,1.0,1.0,1.0,1.0,1.0,1.0,1.0,1.0,1.0,1.0,1.0,1.0,1.0,1.0,1.0,1.0,1.0,1.0,1.0,1.0,3.0,1.0,1.0,2.0,2.0,2.0,2.0,3.0,1.0,1.0,1.0,2.0,1.0,4.0,3.0,1.0,1.0,1.0,2.0,1.0,7.39298284432326,1.0,5.0,3.0,2.0,1.0,1.0,1.0,1.0,1.0,1.0,1.0,1.0,1.0,3.0,4.0,3.0,1.0,1.0,1.0,1.0,1.0,1.0,1.0,1.0,1.0,1.0,1.0,1.0,2.0,1.0,1.0,1.0,1.0,1.0,1.0,1.0,1.0,1.0,1.0,1.0,2.0,1.0,1.0,1.0,1.0,1.0,1.0,1.0,1.0,1.0,1.0,1.0,1.0,1.0,3.0,8.0,2.0,1.0,2.0,1.0,1.0,4.0,1.0,1.0,1.0,1.0,1.0,1.0,1.0,7.0,5.0,2.0,3.0,1.0,1.0,2.0,1.0,1.0,1.0,1.0,1.0,1.0,2.0,3.0,1.0,2.0,2.0,2.0,-16.38832593496558,3.0,1.0,1.0,1.0,1.0,3.0,2.0,3.0,3.0,1.0,1.0,2.0,2.0,2.0,3.0,2.0,1.0,3.0,1.0,2.0,2.0,2.0,2.0,2.0,2.0,1.0,1.0,1.0,1.0,1.0,1.0,1.0,1.0,1.0,2.0,1.0,1.0,1.0,3.0,1.0,1.0,1.0,1.0,1.0,1.0,1.0,2.0,1.0,6.0,1.0,5.0,1.0,4.0,1.0,8.0,1.0,3.0,3.0,4.0,1.0,2.0,2.0,1.0,1.0,3.0,2.0,3.0,1.0,2.0,1.0,1.0,2.0,1.0,1.0,4.0,6.0,1.0,1.0,1.0,2.0,2.0,1.0,1.0,3.0,5.0,5.38785976813884,1.0,1.0,5.0,1.0,1.0,2.0,1.0,1.0,1.0,4.0,2.0,1.0,4.0,2.0,6.0,1.0,1.0,1.0,1.0,6.0,5.96397995782018,1.0,1.0,3.0,3.0,-1.3686525685699,9.0,2.0,3.0,3.0,3.0,3.0,1.0,1.0,5.0,5.0,5.0,5.0,1.0,7.0,10.0,2.0,1.0,4.0,5.0,5.0,5.0,5.0,2.0,1.0,3.0,5.0,4.0,2.0,2.0,1.0,1.0,2.0,3.0,1.0,1.0,3.0,11.0,5.0,5.0,5.0,5.0,5.0,5.0,5.0,5.0,13.0,3.0,2.0,2.0,3.0,11.0,5.0,5.0,5.0,5.0,1.0,1.0,2.0,18.0,11.0,2.0,1.0,3.0,3.0,5.0,5.0,5.0,5.0,5.0,5.0,2.0,1.0,3.0,1.0,1.0,21.0,1.0,2.0,3.0,6.0,6.0,6.0,6.0,2.0,5.0,3.0,2.0,5.0,13.0,2.0,5.0,5.0,5.0,5.0,6.0,2.0,24.0,2.0,1.0,2.0,5.0,5.0,5.0,5.0,1.0,2.0,4.0,3.0,12.0,1.0,9.0,4.0,4.0,4.0,4.0,4.0,4.0,4.0,1.0,10.0,4.0,1.0,21.0,1.0,2.0,1.0,1.0,1.0,4.0,3.0,5.0,6.0,6.0,6.0,6.0,6.0,1.0,1.0,3.0,15.0,1.0,1.0,1.0,1.0,7.0,4.0,1.0,10.0,5.0,5.0,5.0,5.0,1.0,1.0,4.0,2.0,-19.72431348956135,1.0,2.0,2.0,9.0,2.0,1.0,1.0,3.0,1.0,4.0,3.0,1.0,1.0,1.0,1.0,1.0,2.0,1.0,1.0,9.0,1.0,1.0,1.0,2.0,5.0,5.0,5.0,5.0,2.0,1.0,7.0,1.0,2.0,5.0,5.0,5.0,5.0,5.0,5.0,5.0,3.0,1.0,1.0,20.0,1.0,1.0,1.0,4.0,1.0,1.0,2.0,1.0,9.0,3.0,4.0,4.0,4.0,4.0,4.0,4.0,4.0,4.0,1.0,1.0,37.0,1.0,1.0,1.0,6.0,6.0,6.0,6.0,6.0,6.0,1.0,1.0,1.0,1.0,6.0,16.0,1.0,5.0,5.0,5.0,5.0,1.0,27.0,1.0,1.0,1.0,7.0,6.0,6.0,6.0,6.0,1.0,2.0,1.0,30.0,1.0,1.0,1.0,1.0,8.0,6.0,6.0,6.0,6.0,13.32796194626393,2.0,2.0,2.0,2.0,5.0,5.0,7.0,3.0,30.0,3.0,10.0,6.0,1.0,10.0,5.0,5.0,5.0,5.0,5.0,5.0,5.0,4.0,1.0,6.0,8.0,1.0,2.0,3.0,4.0,4.0,5.0,6.0,6.0,6.0,6.0,-5.0,-5.0,-5.0,-5.0,-5.0,-5.0,-5.0,-5.0,-5.0,-5.0,1.0
1.0,1.0,1.0,2.0,1.0,2.0,4.0,7.0,1.0,2.0,1.0,5.0,1.0,1.0,1.0,1.0,3.0,1.0,2.0,1.0,1.0,1.0,1.0,1.0,1.0,1.0,5.0,2.0,1.0,3.0,1.0,1.0,5.0,1.0,1.0,2.0,1.0,1.0,1.0,2.0,3.0,1.0,1.0,1.0,1.0,1.0,1.0,1.0,1.0,1.0,1.0,1.0,5.0,3.0,2.0,1.0,1.0,2.0,1.0,1.0,1.0,1.0,1.0,1.0,1.0,1.0,2.0,1.0,5.0,1.0,2.0,1.0,1.0,2.0,1.0,1.0,1.0,1.0,2.0,1.0,7.0,4.0,1.0,2.0,1.0,2.0,12.0,5.0,1.0,15.0,1.0,2.0,2.0,2.0,1.0,1.0,8.0,1.0,4.0,1.0,1.0,16.0,3.0,3.0,1.0,2.0,1.0,1.0,6.0,7.0,1.0,2.0,3.0,2.0,2.0,3.0,2.0,1.0,5.0,1.0,3.0,2.0,2.0,1.0,1.0,1.0,10.0,10.0,1.0,3.0,2.0,1.0,2.0,5.0,2.0,1.0,3.0,1.0,1.0,1.0,1.0,1.0,1.0,1.0,7.0,1.0,1.0,13.0,1.0,1.0,1.0,10.0,2.0,1.0,3.0,1.0,1.0,2.0,3.0,1.0,1.0,1.0,1.0,1.0,1.0,1.0,2.0,1.0,14.0,1.0,1.0,1.0,2.0,2.0,1.0,3.0,2.0,1.0,1.0,1.0,2.0,5.0,1.0,1.0,1.0,4.0,1.0,4.0,2.0,14.0,1.0,2.0,2.0,4.0,1.0,1.0,3.0,1.0,1.0,2.0,1.0,1.0,4.0,3.0,17.0,1.0,1.0,1.0,1.0,3.0,1.0,3.0,5.0,1.0,2.0,2.0,2.0,1.0,1.0,1.0,4.0,1.0,2.0,1.0,1.0,1.0,1.0,1.0,1.0,5.0,2.0,2.0,3.0,1.0,1.0,1.0,1.0,2.0,1.0,1.0,1.0,1.0,1.0,5.0,2.0,3.0,2.0,2.0,3.0,1.0,2.0,4.0,1.0,2.0,2.0,2.0,1.0,1.0,1.0,1.0,1.0,3.0,2.0,1.0,1.0,13.0,3.0,1.0,1.0,1.0,7.0,4.0,1.0,1.0,1.0,8.0,1.0,1.0,6.0,2.0,1.0,3.0,2.0,8.0,2.0,1.0,1.0,1.0,5.0,1.0,8.0,1.0,4.0,9.0,7.0,1.0,1.0,8.0,1.0,2.0,1.0,1.0,4.0,1.0,1.0,1.0,7.0,4.0,5.0,3.0,1.0,1.0,1.0,2.0,1.0,1.0,1.0,1.0,1.0,1.0,6.0,3.0,2.0,2.0,1.0,1.0,1.0,1.0,1.0,1.0,5.0,1.0,1.0,3.0,1.0,1.0,3.0,3.0,1.0,1.0,1.0,2.0,2.0,1.0,1.0,1.0,3.0,4.0,4.0,1.0,1.0,1.0,2.0,1.0,2.0,2.0,2.0,8.0,9.0,3.0,1.0,2.0,1.0,1.0,3.0,2.0,2.0,1.0,5.0,1.0,3.0,3.0,3.0,4.0,1.0,1.0,2.0,2.0,3.0,3.0,1.0,3.0,2.0,1.0,1.0,1.0,1.0,1.0,1.0,1.0,1.0,1.0,1.0,1.0,2.0,10.0,2.0,3.0,3.0,3.0,2.0,1.0,1.0,1.0,1.0,2.0,1.0,15.0,3.0,3.0,3.0,3.0,1.0,1.0,11.0,2.0,2.0,2.0,3.0,1.0,1.0,1.0,1.0,9.0,2.0,2.0,3.0,3.0,1.0,1.0,1.0,2.0,1.0,13.0,2.0,2.0,3.0,3.0,6.0,5.0,2.0,2.0,2.0,2.0,3.0,3.0,4.0,3.0,2.0,2.0,3.0,3.0,4.0,2.0,7.0,3.0,3.0,2.0,2.0,1.0,3.0,7.0,2.0,13.0,6.0,4.0,1.0,1.0,1.0,2.0,1.0,3.0,2.0,10.0,2.0,14.0,1.0,1.0,1.0,9.0,3.0,2.0,1.0,1.0,10.0,2.0,1.0,1.0,1.0,2.0,3.0,7.0,5.0,1.0,1.0,1.0,2.0,6.0,2.0,2.0,4.0,2.0,1.0,1.0,1.0,3.0,2.0,10.0,3.0,1.0,1.0,1.0,5.0,3.0,5.0,1.0,3.0,1.0,1.0,2.0,2.0,3.0,2.0,1.0,2.0,1.0,1.0,1.0,2.0,1.0,1.0,1.0,1.0,5.0,1.0,2.0,1.0,1.0,1.0,1.0,1.0,4.0,1.0,1.0,14.0,1.0,4.0,1.0,13.0,11.0,2.0,2.0,1.0,5.0,1.0,11.0,1.0,1.0,1.0,1.0,1.0,4.0,1.0,1.0,1.0,1.0,3.0,1.0,3.0,1.0,5.0,9.0,1.0,1.0,1.0,1.0,4.0,1.0,6.0,13.0,1.0,3.0,3.0,4.0,1.0,3.0,1.0,4.0,1.0,14.0,9.0,12.0,7.0,1.0,1.0,1.0,2.0,4.0,4.0,6.0,10.0,8.0,21.0,4.0,4.0,3.0,2.0,4.0,1.0,2.0,12.0,11.0,1.0,3.0,4.0,1.0,1.0,1.0,1.0,3.0,6.0,7.0,2.0,5.0,3.0,3.0,8.0,10.0,2.0,19.0,8.0,5.0,1.0,3.0,2.0,6.0,-2.04564786099211,2.0,1.0,2.0,3.0,8.0,9.0,6.0,6.0,1.0,1.0,2.0,2.0,2.0,8.0,4.0,5.0,8.0,7.0,13.0,3.0,9.0,2.0,1.0,3.0,5.0,1.0,3.0,1.0,1.0,5.47566330468136,8.0,1.0,2.0,1.0,1.0,6.0,1.0,1.0,1.0,5.0,15.0,1.0,2.0,7.0,5.0,4.0,5.0,4.0,16.0,6.0,4.0,2.0,1.0,1.0,1.0,1.0,1.0,1.0,2.0,1.0,7.0,7.0,4.0,1.0,2.0,1.0,2.0,1.0,1.0,1.0,1.0,2.0,2.0,1.0,1.0,1.0,1.0,1.0,1.0,1.0,1.0,1.0,1.0,1.0,2.0,2.0,4.0,1.0,1.0,1.0,2.0,7.0,1.0,1.0,1.0,1.0,1.0,1.0,1.0,2.0,3.0,6.0,7.0,4.0,1.0,3.0,1.0,1.0,1.0,1.0,1.0,1.0,1.0,1.0,1.0,2.0,1.0,1.0,2.0,1.0,1.0,1.0,2.0,1.0,1.0,1.0,1.0,1.0,2.0,2.0,3.0,6.0,1.0,1.0,2.0,1.0,1.0,2.0,1.0,1.0,13.0,19.0,2.0,1.0,1.0,4.0,1.0,1.0,1.0,1.0,1.0,1.0,1.0,1.0,1.0,1.0,1.0,2.0,1.0,1.0,1.0,16.0,15.0,1.0,2.0,2.0,2.0,1.0,1.0,1.0,2.0,1.0,1.0,1.0,1.0,1.0,2.0,1.0,1.0,3.0,1.0,1.0,1.0,2.0,1.0,1.0,12.0,7.0,1.0,5.0,1.0,3.0,1.0,1.0,1.0,2.0,3.0,1.0,1.0,6.0,7.0,3.0,5.0,3.0,1.0,1.0,3.0,2.0,1.0,7.0,16.0,1.0,1.0,5.0,3.0,1.0,1.0,3.0,2.0,1.0,3.96952489648403,1.0,2.0,3.0,3.0,1.0,1.0,2.0,1.0,1.0,1.0,2.0,30.0,1.0,4.0,7.0,1.0,1.0,1.0,1.0,1.0,2.0,1.0,2.0,1.0,1.0,1.0,1.0,1.0,1.0,5.0,24.0,4.0,2.0,1.0,1.0,1.0,1.0,1.0,1.0,2.0,2.0,3.0,1.0,2.0,1.0,1.0,1.0,1.0,1.0,1.0,1.0,2.0,1.0,1.0,1.0,1.0,1.0,1.0,1.0,1.0,3.0,1.0,1.0,1.0,3.0,5.0,2.0,3.0,1.0,1.0,2.0,1.0,2.0,1.0,3.0,1.0,2.0,1.0,1.0,2.0,2.0,2.0,1.0,1.0,5.0,2.0,2.0,4.0,1.0,3.0,1.0,4.0,1.0,1.0,2.0,1.0,1.0,4.0,1.0,2.0,1.0,1.0,2.0,4.0,1.0,2.0,2.0,5.0,1.0,1.0,2.0,1.0,1.0,3.0,1.0,1.0,3.0,3.0,5.0,3.0,4.0,1.0,1.0,1.0,2.0,1.0,2.0,1.0,2.0,1.0,1.0,3.0,1.0,1.0,1.0,1.0,2.0,1.0,1.0,1.0,2.0,1.0,1.0,1.0,1.0,1.0,1.0,1.0,1.0,4.0,1.0,1.0,1.0,2.0,1.0,6.0,1.0,1.0,1.0,2.0,2.0,1.0,1.0,1.0,-1.2523449689335,2.0,1.0,1.0,2.0,1.0,-1.0,-1.0,-1.0,-1.0,-2.0,1.0,9.0,-1.0,1.0,-1.0,-1.0,-5.0,-4.0,-3.0,-4.0,-5.0,-5.0,1.0,1.0,1.0,6.0,6.0,2.0,1.0,3.0,2.0,1.0,4.0,5.0,1.0,3.0,1.0,1.0,2.0,1.0,5.0,1.0,1.0,10.0,4.0,1.0,1.0,1.0,3.0,7.0,1.0,2.0,8.0,1.0,2.0,1.0,1.0,1.0,2.0,1.0,2.0,9.0,1.0,9.0,1.0,1.0,1.0,3.0,1.0,1.0,4.0,4.0,1.0,2.0,1.0,2.0,1.0,1.0,1.0,2.0,1.0,1.0,2.0,4.0,1.0,1.0,10.0,1.0,1.0,1.0,3.0,1.0,4.0,4.0,9.0,1.0,1.0,5.0,1.0,1.0,4.957128867032768,4.0,2.0,5.0,1.0,7.0,1.0,5.0,1.0,1.0,1.0,18.20845275419301,1.0,5.0,4.0,6.0,1.0,-3.0,-1.0,-1.0,-13.71931735451625,-2.0,-2.0,-1.0,-1.0,-1.0,-1.0,-3.0,-1.0,-2.0,-4.0,-1.0,-2.0,-1.0,-1.0,-1.0,5.0,4.0,2.0,7.0,2.0,1.0,2.0,1.0,2.0,1.0,3.0,4.0,4.0,1.0,1.0,2.0,4.0,2.0,6.0,1.0,5.0,11.27775448851298,8.0,7.0,1.0,4.0,3.0,1.0,1.0,1.0,2.0,1.0,4.0,1.0,1.0,1.0,1.0,2.0,1.0,1.0,3.0,2.0,4.0,7.0,7.0,4.0,1.0,1.0,4.0,1.0,1.0,2.0,1.0,1.0,5.0,1.0,2.0,7.0,4.0,2.0,2.0,1.0,1.0,1.0,2.0,2.0,2.0,1.0,1.0,2.0,6.0,1.0,4.0,2.0,3.0,-9.81276160699843,1.0,8.0,8.0,1.0,1.0,2.0,2.0,1.0,1.0,2.0,2.0,11.0,5.0,2.0,1.0,2.0,2.0,2.0,2.0,2.0,2.0,2.0,2.0,2.0,1.0,1.0,25.0,6.0,5.0,5.0,5.0,5.0,5.0,5.0,3.0,2.0,1.0,1.0,2.0,1.0,1.0,12.0,15.0,4.0,4.0,5.0,4.0,4.0,5.0,2.0,1.0,5.0,1.0,1.0,2.0,1.0,16.0,5.0,4.0,5.0,4.0,10.0,2.0,4.0,3.0,3.0,6.0,4.0,4.0,4.0,4.0,4.0,4.0,4.0,4.0,4.0,2.0,4.0,4.0,4.0,4.0,4.0,4.0,1.0,1.0,4.0,4.0,4.0,4.0,4.0,4.0,1.0,1.0,1.0,1.0,1.0,1.0,4.0,4.0,4.0,4.0,4.0,4.0,4.0,4.0,4.0,4.0,1.0,1.0,1.0,1.0,3.0,1.0,1.0,10.0,1.0,1.0,1.0,1.0,1.0,21.0,15.0,1.0,1.0,1.0,1.0,1.0,1.0,5.0,1.0,6.0,2.0,2.0,23.0,14.0,1.0,3.0,3.0,3.0,3.0,3.0,3.0,3.0,3.0,1.0,1.0,1.0,1.0,1.0,6.0,1.0,4.0,10.0,9.0,26.0,7.0,3.0,3.0,4.0,3.0,3.0,3.0,4.0,3.0,1.0,1.0,1.0,1.0,3.0,1.0,1.0,13.0,2.0,2.0,2.0,2.0,2.0,2.0,2.0,1.0,1.0,2.0,2.0,2.0,2.0,2.0,2.0,3.0,2.0,1.0,2.0,2.0,2.0,2.0,2.0,2.0,2.0,1.0,2.0,2.0,2.0,2.0,2.0,2.0,2.0,2.0,2.0,2.0,2.0,1.0,-2.0,1.0,4.0,1.0,-4.0,-4.0,-5.0,-4.0,-4.0,-4.0,-5.0,-4.0,-1.0,1.0,2.0,-1.0,1.0,-4.0,-5.0,-4.0,-4.0,-5.0,-4.0,2.0,1.0,-5.0,-6.0,-5.0,-5.0,-6.0,-5.0,1.0,1.0,1.0,-5.0,-5.0,-5.0,-5.0,-5.0,-5.0,-1.0,1.0,-1.0,-5.0,-5.0,-5.0,-5.0,-5.0,-5.0,-3.0,-4.0,-1.0,-1.0,-3.0,-1.0,0.0,1.0,-9.0,-5.0,1.0,-1.0,-2.0,-1.0,-1.0,-2.0,-1.0,-3.0,-2.0,-1.0,-1.0,-1.0,-1.0,-1.0,-3.0,-1.0,-1.0,-1.0,-1.0,-3.0,-2.0,19.45784305872714,-2.0,-1.0,-1.0,-1.0,-2.0,7.0,-4.0,-2.0,-3.0,-3.0,-1.0,-1.0,-1.0,1.0,1.0,0.0,-1.0,-5.0,-7.0,-1.0,-2.0,-1.0,9.0,2.0,13.0,-1.0,-1.0,-1.0,-5.0,-5.0,-2.0,-4.0,1.0,5.0,4.0,2.0,2.0,1.0,2.0,15.0,17.0,4.0,5.0,7.0,13.0,1.0,3.0,1.0,1.0,1.0,12.0,5.0,5.0,1.0,11.0,2.0,4.0,2.0,1.0,15.57346510062307,4.0,2.0,1.0,1.0,2.0,1.0,1.0,2.0,1.0,1.0,2.0,6.0,1.0,1.0,2.0,4.0,3.0,2.0,2.0,3.0,7.0,1.0,1.0,1.0,1.0,1.0,2.0,1.0,1.0,1.0,1.0,1.0,1.0,1.0,1.0,2.0,2.0,1.0,4.0,1.0,1.0,1.0,1.0,3.0,1.0,2.0,6.0,1.0,1.0,1.0,1.0,1.0,1.0,-2.5485758184053537,1.0,1.0,1.0,1.0,1.0,3.0,1.0,1.0,3.0,2.0,2.0,2.0,5.0,-20.80157324031526,2.0,2.0,4.0,3.0,1.0,2.0,2.0,2.0,2.0,-15.704502461243464,1.0,2.0,2.0,2.0,1.0,1.0,1.0,1.0,1.0,2.0,1.0,4.0,1.0,1.0,1.0,1.0,2.0,1.0,1.0,1.0,5.0,5.0,1.0,4.0,3.0,2.0,2.0,1.0,5.0,1.0,3.0,4.0,2.0,1.0,3.0,3.0,4.0,3.0,3.0,1.0,1.0,2.0,1.0,3.0,2.0,4.0,2.0,1.0,4.0,2.0,1.0,2.0,3.0,3.0,3.0,3.0,2.0,1.0,4.0,5.0,1.0,1.0,5.0,4.0,2.0,1.0,1.0,6.276158308138452,6.0,10.0,1.0,5.0,5.0,1.0,7.0,2.0,1.0,10.0,4.0,3.0,3.0,1.0,7.0,1.0,11.0,1.0,2.0,2.0,1.0,3.0,2.0,1.0,1.0,5.0,8.0,1.0,7.0,3.0,1.0,2.0,2.0,1.0,2.0,1.0,1.0,1.0,1.0,2.0,7.0,6.0,1.0,2.0,1.0,1.0,1.0,1.0,5.0,1.0,1.0,2.0,5.0,1.0,2.0,7.0,6.0,6.0,1.0,2.0,9.0,3.0,6.0,1.0,6.0,4.0,9.0,1.0,1.0,1.0,2.0,10.0,6.0,2.0,2.0,5.0,5.0,1.0,10.0,1.0,2.0,4.0,5.0,13.0,1.0,1.0,1.0,1.0,4.0,4.0,3.0,1.0,2.0,1.0,1.0,1.0,2.0,4.0,4.0,5.0,11.0,1.0,1.0,13.2640361646798,1.0,5.0,2.0,7.0,1.0,1.0,2.0,1.0,1.0,1.0,3.0,3.0,2.0,2.0,3.0,5.0,1.0,2.0,1.0,-2.0,1.0,1.0,7.0,-3.0,-3.0,-3.0,-3.0,1.0,0.0,4.0,-2.0,5.0,-6.0,-6.0,-6.0,-6.0,-2.0,-1.0,-1.0,-6.0,-6.0,-6.0,-6.0,-3.0,-2.0,-1.0,-1.0,-3.0,-3.0,-3.0,-3.0,-2.0,-1.0,-1.0,2.0,-1.0,-6.0,-6.0,-6.0,-7.103831779623127,-6.0,-6.0,-6.0,1.0,1.0,-3.0,-3.0,7.0,2.0,-5.0,-5.0,-5.0,-5.0,1.0,-2.0,-2.0,2.0,1.0,-5.0,-6.0,-5.0,-5.0,2.0,1.0,1.0,1.0,-6.0,-6.0,-6.0,-6.0,-1.0,1.0,-2.0,-2.0,1.0,2.0,-13.0,-13.0,-1.0,-1.0,-2.0,2.0,1.0,-5.0,-5.0,-5.0,-5.0,-5.0,-5.0,1.0,1.0,-5.0,-5.0,-5.0,-5.0,-5.0,0.0,-3.0,-12.0,-12.0,1.0,5.0,-7.0,-7.0,-7.0,-7.0,1.0,7.0,1.0,1.0,1.0,2.0,11.0,1.0,4.0,1.0,3.0,6.0,1.0,2.0,3.0,15.0,3.0,2.0,3.0,4.0,1.0,6.0,6.0,4.0,2.0,1.0,1.0,1.0,1.0,1.0,1.0,3.0,7.0,1.0,3.0,1.0,1.0,1.0,3.0,2.0,1.0,2.0,2.0,1.0,1.0,3.0,3.0,3.0,1.0,1.0,2.0,3.0,3.0,3.0,1.0,1.0,1.0,3.0,4.0,4.0,2.0,3.0,1.0,1.0,1.0,1.0,1.0,1.0,2.0,3.0,4.0,4.0,2.0,6.0,3.0,1.0,1.0,1.0,1.0,1.0,1.0,2.0,3.0,1.0,13.0,3.0,1.0,1.0,6.0,1.0,1.0,1.0,4.0,1.0,1.0,2.0,2.0,4.0,3.0,3.0,1.0,1.0,1.0,1.0,2.0,2.0,3.0,3.0,1.0,1.0,2.0,2.0,1.0,2.0,6.0,6.0,2.0,3.0,2.0,2.0,1.0,1.0,2.0,2.0,6.0,6.0,2.0,3.0,2.0,2.0,1.0,1.0,21.0,3.0,4.0,1.0,2.0,2.0,8.0,1.0,7.0,2.0,1.0,2.0,3.0,4.0,4.0,1.0,16.0,1.0,6.0,3.0,1.0,1.0,2.0,10.0,1.0,10.0,3.0,3.0,2.0,1.0,4.0,3.0,1.0,2.0,1.0,1.0,4.0,1.0,3.0,1.0,2.0,2.0,1.0,1.0,1.0,1.0,3.0,1.0,1.0,2.0,1.0,1.0,1.0,1.0,1.0,1.29786125122586,1.0,1.0,1.0,1.0,1.0,4.0,3.0,1.0,1.0,1.0,1.0,1.0,1.0,2.0,2.0,1.0,4.0,1.0,4.0,1.0,1.0,2.0,1.0,1.0,3.0,2.0,2.0,2.0,2.0,1.0,1.0,6.0,24.0,4.0,1.0,3.0,2.0,1.0,1.0,16.0,35.0,3.0,1.0,1.0,1.0,1.0,1.0,1.0,3.0,5.0,1.0,1.0,2.0,7.0,5.0,5.0,2.0,3.0,1.0,1.0,1.0,8.0,1.0,5.0,3.0,2.0,9.0,6.0,1.0,4.0,13.0,1.0,7.0,7.0,1.0,1.0,1.0,1.0,1.0,4.0,6.0,3.0,2.0,1.0,8.0,6.0,1.0,1.0,1.0,2.0,3.0,1.0,2.0,8.0,1.0,2.0,9.0,2.0,1.0,1.0,1.0,1.0,1.0,4.0,1.0,1.0,4.0,5.0,1.0,1.0,2.0,3.0,2.0,1.0,2.0,5.0,6.0,4.0,6.0,8.0,11.0,7.0,6.0,1.0,1.0,1.0,4.0,1.0,3.0,4.0,5.0,12.0,5.0,2.0,2.0,1.0,4.0,2.0,1.0,1.0,1.0,3.0,4.0,3.0,2.0,17.29671484676516,3.0,5.0,1.0,7.0,5.0,2.0,2.0,3.0,1.0,1.0,1.0,1.0,2.0,1.0,2.0,1.0,1.0,12.0,10.0,8.0,6.0,5.0,1.0,1.0,1.0,3.0,1.0,1.0,1.0,3.0,4.0,1.0,2.0,1.0,1.0,1.0,2.0,1.0,1.0,8.0,1.0,1.0,2.0,2.0,5.0,2.0,2.0,1.0,1.0,3.0,2.0,3.0,1.0,6.0,6.0,1.0,1.0,6.0,1.0,6.0,9.0,3.0,13.0,10.0,1.0,1.0,11.0,1.0,1.0,3.0,8.0,9.0,2.0,1.0,2.0,3.0,3.0,3.0,1.0,1.0,1.0,5.0,5.0,2.0,1.0,2.0,2.0,1.0,1.0,5.0,1.0,1.0,1.0,1.0,3.0,2.0,1.0,2.0,1.0,3.0,4.0,1.0,2.0,1.0,2.0,1.0,2.0,2.0,1.0,1.0,2.0,2.0,1.0,1.0,1.0,1.0,1.0,1.0,2.0,1.0,8.0,2.0,1.0,5.0,6.0,2.0,1.0,1.0,1.0,6.0,2.0,3.0,4.0,3.0,1.0,1.0,2.0,2.0,1.0,1.0,11.0,1.0,1.0,2.0,4.0,5.0,3.0,1.0,4.0,1.0,14.0,4.0,7.0,1.0,1.0,2.0,1.0,1.0,2.92572291035908,1.0,1.0,1.0,3.0,1.0,9.0,2.0,2.0,1.0,1.0,7.0,1.0,8.0,1.0,1.0,1.0,1.0,2.0,1.0,1.0,1.0,1.0,2.0,1.0,1.0,1.0,1.0,1.0,1.0,4.0,4.0,3.0,2.0,1.0,1.0,1.0,1.0,3.0,1.0,1.0,1.0,1.0,1.0,1.0,1.0,1.0,2.0,1.0,3.0,0.24337417607789,1.0,1.0,3.0,5.0,9.0,7.0,2.0,2.0,1.0,1.0,1.0,2.0,3.0,1.0,1.0,2.0,3.0,1.0,1.0,2.0,2.0,1.0,1.0,1.0,1.0,2.0,1.0,1.0,-1.0,-1.0,-2.0,-4.0,-12.0,-7.0,-6.0,-6.0,-9.0,-11.0,-2.0,-8.0,-10.0,-6.0,-11.0,-6.50984180533249,-1.0,-4.0,-1.0,-10.0,-11.0,-3.0,-8.0,-12.0,-10.0,-1.0,-1.0,-1.0,-1.0,-7.0,-7.0,-13.0,-7.0,2.0,1.0,1.0,1.0,2.0,1.0,1.0,5.0,1.0,2.0,1.0,1.0,3.0,1.0,3.0,1.0,1.0,1.0,1.0,1.0,1.0,1.0,1.0,4.0,1.0,1.0,2.0,1.0,1.0,3.0,1.0,1.0,2.0,1.0,1.0,2.0,3.0,1.0,2.0,1.0,1.0,1.0,1.0,1.0,1.0,2.0,1.0,2.0,1.0,2.0,5.0,6.0,1.0,2.0,1.0,1.0,3.0,1.0,1.0,2.0,3.0,3.0,1.0,1.0,2.0,5.0,5.0,1.0,1.0,4.0,3.0,2.0,1.0,1.0,-1.0,1.0,2.0,-3.0,1.0,1.0,-4.0,-4.0,-3.0,2.0,-1.0,-1.0,-1.0,-2.0,2.0,10.0,1.0,1.0,1.0,2.0,3.0,4.0,1.0,2.0,1.0,17.0,1.0,1.0,1.0,1.0,2.0,1.0,1.0,1.0,4.0,4.0,1.0,3.0,1.0,1.0,2.0,1.0,1.0,1.0,2.0,2.0,1.0,1.0,1.0,1.0,2.0,3.0,18.94840458248437,1.0,1.0,3.0,1.0,1.0,1.0,2.0,3.0,1.0,1.0,2.0,4.0,2.0,1.0,1.0,1.0,1.0,2.0,3.0,1.0,4.0,1.0,1.0,1.0,4.0,4.0,1.0,1.0,2.0,2.0,2.0,2.0,1.0,2.0,1.0,2.0,3.0,1.0,6.0,11.0,8.0,5.0,4.0,5.0,3.0,2.0,1.0,1.0,1.0,1.0,1.0,2.0,2.0,3.0,2.0,3.0,1.0,1.0,1.0,1.0,1.0,1.0,3.0,2.0,5.0,1.0,2.0,2.0,1.0,5.0,1.0,5.0,1.0,2.0,5.0,3.0,2.0,1.0,15.11250881122309,1.0,2.0,3.0,1.0,1.0,1.0,3.0,3.0,2.0,4.0,1.0,1.0,1.0,1.0,1.0,1.0,1.0,1.0,1.0,1.0,1.0,3.0,5.0,1.0,1.0,1.0,2.0,2.0,1.0,1.0,5.0,1.0,1.0,5.0,1.0,1.0,-7.0,-7.0,1.0,-1.0,-4.0,-2.0,-1.0,-2.0,-1.0,1.0,-1.0,-3.0,-5.0,0.0,-3.0,-1.0,-2.0,-4.0,1.0,-1.0,1.0,-1.0,-1.0,1.0,-1.0,-1.0,2.0,-2.0,-3.0,2.0,-2.0,-1.0,1.0,-1.0,-1.0,-2.0,1.0,-2.0,-1.0,2.0,-1.0,-1.0,-1.0,-1.0,-2.0,2.0,-2.0,-2.0,0.0,-1.0,-1.0,-1.0,-1.0,-1.0,1.0,1.0,1.0,7.0,1.0,1.0,1.0,1.0,1.0,2.0,1.0,1.0,12.0,1.0,1.0,1.0,1.0,1.0,1.0,2.0,1.0,1.0,1.0,1.0,2.0,4.0,3.0,1.0,1.0,3.0,1.0,1.0,1.0,1.0,2.0,1.0,1.0,1.0,1.0,1.0,2.0,1.0,1.0,3.0,7.0,2.0,1.0,1.0,1.0,1.0,1.0,1.0,1.0,1.0,1.0,1.0,1.0,1.0,6.0,1.0,1.0,1.0,1.0,1.0,1.0,1.0,1.0,1.0,1.0,1.0,1.0,1.0,1.0,1.0,1.0,4.0,1.0,1.0,1.0,1.0,1.0,1.0,1.0,1.0,1.0,1.0,1.0,1.0,1.0,1.0,1.0,1.0,1.0,1.0,1.0,-1.0,-1.0,1.0,1.0,2.0,-2.0,-2.0,-2.0,-2.0,-2.0,1.0,1.0,-3.56110793196185,-3.0,-3.0,-3.0,1.0,-5.0,-5.0,-5.0,1.0,1.0,1.0,1.0,2.0,1.0,1.0,-1.0,-1.0,-1.0,-1.0,-1.0,-1.0,4.0,4.0,1.0,1.0,3.0,1.0,1.0,1.0,1.0,1.0,3.0,3.0,2.0,1.0,1.0,1.0,1.0,1.0,2.0,1.0,1.0,2.0,2.0,1.0,1.0,1.0,1.0,1.0,3.0,3.0,3.0,1.0,1.0,2.0,1.0,1.0,2.0,2.0,2.0,1.0,1.0,1.0,2.0,1.0,1.0,1.0,1.0,3.0,1.0,1.0,1.0,1.0,4.0,2.0,5.0,1.0,2.0,1.0,1.0,1.0,1.0,3.0,1.0,2.0,3.0,2.0,1.0,1.0,1.0,2.0,2.0,2.0,2.0,1.0,6.0,3.0,6.0,1.0,1.0,1.0,3.0,1.0,4.0,5.0,1.0,1.0,1.0,1.0,1.0,17.0,1.0,2.0,12.0,1.0,2.0,3.0,8.0,13.0,5.0,2.0,1.0,2.0,6.0,4.0,4.0,2.0,1.0,3.0,2.0,1.0,1.0,1.0,3.0,1.0,1.0,1.0,3.0,1.0,1.0,1.0,3.0,1.0,1.0,1.0,2.0,3.0,7.0,4.0,3.0,-0.31044766992144,2.0,2.0,2.0,1.0,1.0,1.0,1.0,1.0,1.0,1.0,1.0,1.0,1.0,1.0,1.0,1.0,1.0,1.0,1.0,1.0,1.0,1.0,1.0,1.0,1.0,1.0,1.0,1.0,3.0,1.0,1.0,2.0,2.0,2.0,2.0,3.0,1.0,1.0,1.0,2.0,1.0,4.0,3.0,1.0,1.0,1.0,2.0,1.0,7.39298284432326,1.0,5.0,3.0,2.0,1.0,1.0,1.0,1.0,1.0,1.0,1.0,1.0,1.0,3.0,4.0,3.0,1.0,1.0,1.0,1.0,1.0,1.0,1.0,1.0,1.0,1.0,1.0,1.0,2.0,1.0,1.0,1.0,1.0,1.0,1.0,1.0,1.0,1.0,1.0,1.0,2.0,1.0,1.0,1.0,1.0,1.0,1.0,1.0,1.0,1.0,1.0,1.0,1.0,1.0,3.0,8.0,2.0,1.0,2.0,1.0,1.0,4.0,1.0,1.0,1.0,1.0,1.0,1.0,1.0,7.0,5.0,2.0,3.0,1.0,1.0,2.0,1.0,1.0,1.0,1.0,1.0,1.0,2.0,3.0,1.0,2.0,2.0,2.0,-16.38832593496558,3.0,1.0,1.0,1.0,1.0,3.0,2.0,3.0,3.0,1.0,1.0,2.0,2.0,2.0,3.0,2.0,1.0,3.0,1.0,2.0,2.0,2.0,2.0,2.0,2.0,1.0,1.0,1.0,1.0,1.0,1.0,1.0,1.0,1.0,2.0,1.0,1.0,1.0,3.0,1.0,1.0,1.0,1.0,1.0,1.0,1.0,2.0,1.0,6.0,1.0,5.0,1.0,4.0,1.0,8.0,1.0,3.0,3.0,4.0,1.0,2.0,2.0,1.0,1.0,3.0,2.0,3.0,1.0,2.0,1.0,1.0,2.0,1.0,1.0,4.0,6.0,1.0,1.0,1.0,2.0,2.0,1.0,1.0,3.0,5.0,5.38785976813884,1.0,1.0,5.0,1.0,1.0,2.0,1.0,1.0,1.0,4.0,2.0,1.0,4.0,2.0,6.0,1.0,1.0,1.0,1.0,6.0,5.96397995782018,1.0,1.0,3.0,3.0,-1.3686525685699,9.0,2.0,3.0,3.0,3.0,3.0,1.0,1.0,5.0,5.0,5.0,5.0,1.0,7.0,10.0,2.0,1.0,4.0,5.0,5.0,5.0,5.0,2.0,1.0,3.0,5.0,4.0,2.0,2.0,1.0,1.0,2.0,3.0,1.0,1.0,3.0,11.0,5.0,5.0,5.0,5.0,5.0,5.0,5.0,5.0,13.0,3.0,2.0,2.0,3.0,11.0,5.0,5.0,5.0,5.0,1.0,1.0,2.0,18.0,11.0,2.0,1.0,3.0,3.0,5.0,5.0,5.0,5.0,5.0,5.0,2.0,1.0,3.0,1.0,1.0,21.0,1.0,2.0,3.0,6.0,6.0,6.0,6.0,2.0,5.0,3.0,2.0,5.0,13.0,2.0,5.0,5.0,5.0,5.0,6.0,2.0,24.0,2.0,1.0,2.0,5.0,5.0,5.0,5.0,1.0,2.0,4.0,3.0,12.0,1.0,9.0,4.0,4.0,4.0,4.0,4.0,4.0,4.0,1.0,10.0,4.0,1.0,21.0,1.0,2.0,1.0,1.0,1.0,4.0,3.0,5.0,6.0,6.0,6.0,6.0,6.0,1.0,1.0,3.0,15.0,1.0,1.0,1.0,1.0,7.0,4.0,1.0,10.0,5.0,5.0,5.0,5.0,1.0,1.0,4.0,2.0,-19.72431348956135,1.0,2.0,2.0,9.0,2.0,1.0,1.0,3.0,1.0,4.0,3.0,1.0,1.0,1.0,1.0,1.0,2.0,1.0,1.0,9.0,1.0,1.0,1.0,2.0,5.0,5.0,5.0,5.0,2.0,1.0,7.0,1.0,2.0,5.0,5.0,5.0,5.0,5.0,5.0,5.0,3.0,1.0,1.0,20.0,1.0,1.0,1.0,4.0,1.0,1.0,2.0,1.0,9.0,3.0,4.0,4.0,4.0,4.0,4.0,4.0,4.0,4.0,1.0,1.0,37.0,1.0,1.0,1.0,6.0,6.0,6.0,6.0,6.0,6.0,1.0,1.0,1.0,1.0,6.0,16.0,1.0,5.0,5.0,5.0,5.0,1.0,27.0,1.0,1.0,1.0,7.0,6.0,6.0,6.0,6.0,1.0,2.0,1.0,30.0,1.0,1.0,1.0,1.0,8.0,6.0,6.0,6.0,6.0,13.32796194626393,2.0,2.0,2.0,2.0,5.0,5.0,7.0,3.0,30.0,3.0,10.0,6.0,1.0,10.0,5.0,5.0,5.0,5.0,5.0,5.0,5.0,4.0,1.0,6.0,8.0,1.0,2.0,3.0,4.0,4.0,5.0,6.0,6.0,6.0,6.0,-5.0,-5.0,-5.0,-5.0,-5.0,-5.0,-5.0,-5.0,-5.0,-5.0,1.0
1.0,1.0,1.0,2.0,1.0,2.0,4.0,7.0,1.0,2.0,1.0,5.0,1.0,1.0,1.0,1.0,3.0,1.0,2.0,1.0,1.0,1.0,1.0,1.0,1.0,1.0,5.0,2.0,1.0,3.0,1.0,1.0,5.0,1.0,1.0,2.0,1.0,1.0,1.0,2.0,3.0,1.0,1.0,1.0,1.0,1.0,1.0,1.0,1.0,1.0,1.0,1.0,5.0,3.0,2.0,1.0,1.0,2.0,1.0,1.0,1.0,1.0,1.0,1.0,1.0,1.0,2.0,1.0,5.0,1.0,2.0,1.0,1.0,2.0,1.0,1.0,1.0,1.0,2.0,1.0,7.0,4.0,1.0,2.0,1.0,2.0,12.0,5.0,1.0,15.0,1.0,2.0,2.0,2.0,1.0,1.0,8.0,1.0,4.0,1.0,1.0,16.0,3.0,3.0,1.0,2.0,1.0,1.0,6.0,7.0,1.0,2.0,3.0,2.0,2.0,3.0,2.0,1.0,5.0,1.0,3.0,2.0,2.0,1.0,1.0,1.0,10.0,10.0,1.0,3.0,2.0,1.0,2.0,5.0,2.0,1.0,3.0,1.0,1.0,1.0,1.0,1.0,1.0,1.0,7.0,1.0,1.0,13.0,1.0,1.0,1.0,10.0,2.0,1.0,3.0,1.0,1.0,2.0,3.0,1.0,1.0,1.0,1.0,1.0,1.0,1.0,2.0,1.0,14.0,1.0,1.0,1.0,2.0,2.0,1.0,3.0,2.0,1.0,1.0,1.0,2.0,5.0,1.0,1.0,1.0,4.0,1.0,4.0,2.0,14.0,1.0,2.0,2.0,4.0,1.0,1.0,3.0,1.0,1.0,2.0,1.0,1.0,4.0,3.0,17.0,1.0,1.0,1.0,1.0,3.0,1.0,3.0,5.0,1.0,2.0,2.0,2.0,1.0,1.0,1.0,4.0,1.0,2.0,1.0,1.0,1.0,1.0,1.0,1.0,5.0,2.0,2.0,3.0,1.0,1.0,1.0,1.0,2.0,1.0,1.0,1.0,1.0,1.0,5.0,2.0,3.0,2.0,2.0,3.0,1.0,2.0,4.0,1.0,2.0,2.0,2.0,1.0,1.0,1.0,1.0,1.0,3.0,2.0,1.0,1.0,13.0,3.0,1.0,1.0,1.0,7.0,4.0,1.0,1.0,1.0,8.0,1.0,1.0,6.0,2.0,1.0,3.0,2.0,8.0,2.0,1.0,1.0,1.0,5.0,1.0,8.0,1.0,4.0,9.0,7.0,1.0,1.0,8.0,1.0,2.0,1.0,1.0,4.0,1.0,1.0,1.0,7.0,4.0,5.0,3.0,1.0,1.0,1.0,2.0,1.0,1.0,1.0,1.0,1.0,1.0,6.0,3.0,2.0,2.0,1.0,1.0,1.0,1.0,1.0,1.0,5.0,1.0,1.0,3.0,1.0,1.0,3.0,3.0,1.0,1.0,1.0,2.0,2.0,1.0,1.0,1.0,3.0,4.0,4.0,1.0,1.0,1.0,2.0,1.0,2.0,2.0,2.0,8.0,9.0,3.0,1.0,2.0,1.0,1.0,3.0,2.0,2.0,1.0,5.0,1.0,3.0,3.0,3.0,4.0,1.0,1.0,2.0,2.0,3.0,3.0,1.0,3.0,2.0,1.0,1.0,1.0,1.0,1.0,1.0,1.0,1.0,1.0,1.0,1.0,2.0,10.0,2.0,3.0,3.0,3.0,2.0,1.0,1.0,1.0,1.0,2.0,1.0,15.0,3.0,3.0,3.0,3.0,1.0,1.0,11.0,2.0,2.0,2.0,3.0,1.0,1.0,1.0,1.0,9.0,2.0,2.0,3.0,3.0,1.0,1.0,1.0,2.0,1.0,13.0,2.0,2.0,3.0,3.0,6.0,5.0,2.0,2.0,2.0,2.0,3.0,3.0,4.0,3.0,2.0,2.0,3.0,3.0,4.0,2.0,7.0,3.0,3.0,2.0,2.0,1.0,3.0,7.0,2.0,13.0,6.0,4.0,1.0,1.0,1.0,2.0,1.0,3.0,2.0,10.0,2.0,14.0,1.0,1.0,1.0,9.0,3.0,2.0,1.0,1.0,10.0,2.0,1.0,1.0,1.0,2.0,3.0,7.0,5.0,1.0,1.0,1.0,2.0,6.0,2.0,2.0,4.0,2.0,1.0,1.0,1.0,3.0,2.0,10.0,3.0,1.0,1.0,1.0,5.0,3.0,5.0,1.0,3.0,1.0,1.0,2.0,2.0,3.0,2.0,1.0,2.0,1.0,1.0,1.0,2.0,1.0,1.0,1.0,1.0,5.0,1.0,2.0,1.0,1.0,1.0,1.0,1.0,4.0,1.0,1.0,14.0,1.0,4.0,1.0,13.0,11.0,2.0,2.0,1.0,5.0,1.0,11.0,1.0,1.0,1.0,1.0,1.0,4.0,1.0,1.0,1.0,1.0,3.0,1.0,3.0,1.0,5.0,9.0,1.0,1.0,1.0,1.0,4.0,1.0,6.0,13.0,1.0,3.0,3.0,4.0,1.0,3.0,1.0,4.0,1.0,14.0,9.0,12.0,7.0,1.0,1.0,1.0,2.0,4.0,4.0,6.0,10.0,8.0,21.0,4.0,4.0,3.0,2.0,4.0,1.0,2.0,12.0,11.0,1.0,3.0,4.0,1.0,1.0,1.0,1.0,3.0,6.0,7.0,2.0,5.0,3.0,3.0,8.0,10.0,2.0,19.0,8.0,5.0,1.0,3.0,2.0,6.0,-2.04564786099211,2.0,1.0,2.0,3.0,8.0,9.0,6.0,6.0,1.0,1.0,2.0,2.0,2.0,8.0,4.0,5.0,8.0,7.0,13.0,3.0,9.0,2.0,1.0,3.0,5.0,1.0,3.0,1.0,1.0,5.47566330468136,8.0,1.0,2.0,1.0,1.0,6.0,1.0,1.0,1.0,5.0,15.0,1.0,2.0,7.0,5.0,4.0,5.0,4.0,16.0,6.0,4.0,2.0,1.0,1.0,1.0,1.0,1.0,1.0,2.0,1.0,7.0,7.0,4.0,1.0,2.0,1.0,2.0,1.0,1.0,1.0,1.0,2.0,2.0,1.0,1.0,1.0,1.0,1.0,1.0,1.0,1.0,1.0,1.0,1.0,2.0,2.0,4.0,1.0,1.0,1.0,2.0,7.0,1.0,1.0,1.0,1.0,1.0,1.0,1.0,2.0,3.0,6.0,7.0,4.0,1.0,3.0,1.0,1.0,1.0,1.0,1.0,1.0,1.0,1.0,1.0,2.0,1.0,1.0,2.0,1.0,1.0,1.0,2.0,1.0,1.0,1.0,1.0,1.0,2.0,2.0,3.0,6.0,1.0,1.0,2.0,1.0,1.0,2.0,1.0,1.0,13.0,19.0,2.0,1.0,1.0,4.0,1.0,1.0,1.0,1.0,1.0,1.0,1.0,1.0,1.0,1.0,1.0,2.0,1.0,1.0,1.0,16.0,15.0,1.0,2.0,2.0,2.0,1.0,1.0,1.0,2.0,1.0,1.0,1.0,1.0,1.0,2.0,1.0,1.0,3.0,1.0,1.0,1.0,2.0,1.0,1.0,12.0,7.0,1.0,5.0,1.0,3.0,1.0,1.0,1.0,2.0,3.0,1.0,1.0,6.0,7.0,3.0,5.0,3.0,1.0,1.0,3.0,2.0,1.0,7.0,16.0,1.0,1.0,5.0,3.0,1.0,1.0,3.0,2.0,1.0,3.96952489648403,1.0,2.0,3.0,3.0,1.0,1.0,2.0,1.0,1.0,1.0,2.0,30.0,1.0,4.0,7.0,1.0,1.0,1.0,1.0,1.0,2.0,1.0,2.0,1.0,1.0,1.0,1.0,1.0,1.0,5.0,24.0,4.0,2.0,1.0,1.0,1.0,1.0,1.0,1.0,2.0,2.0,3.0,1.0,2.0,1.0,1.0,1.0,1.0,1.0,1.0,1.0,2.0,1.0,1.0,1.0,1.0,1.0,1.0,1.0,1.0,3.0,1.0,1.0,1.0,3.0,5.0,2.0,3.0,1.0,1.0,2.0,1.0,2.0,1.0,3.0,1.0,2.0,1.0,1.0,2.0,2.0,2.0,1.0,1.0,5.0,2.0,2.0,4.0,1.0,3.0,1.0,4.0,1.0,1.0,2.0,1.0,1.0,4.0,1.0,2.0,1.0,1.0,2.0,4.0,1.0,2.0,2.0,5.0,1.0,1.0,2.0,1.0,1.0,3.0,1.0,1.0,3.0,3.0,5.0,3.0,4.0,1.0,1.0,1.0,2.0,1.0,2.0,1.0,2.0,1.0,1.0,3.0,1.0,1.0,1.0,1.0,2.0,1.0,1.0,1.0,2.0,1.0,1.0,1.0,1.0,1.0,1.0,1.0,1.0,4.0,1.0,1.0,1.0,2.0,1.0,6.0,1.0,1.0,1.0,2.0,2.0,1.0,1.0,1.0,-1.2523449689335,2.0,1.0,1.0,2.0,1.0,-1.0,-1.0,-1.0,-1.0,-2.0,1.0,9.0,-1.0,1.0,-1.0,-1.0,-5.0,-4.0,-3.0,-4.0,-5.0,-5.0,1.0,1.0,1.0,6.0,6.0,2.0,1.0,3.0,2.0,1.0,4.0,5.0,1.0,3.0,1.0,1.0,2.0,1.0,5.0,1.0,1.0,10.0,4.0,1.0,1.0,1.0,3.0,7.0,1.0,2.0,8.0,1.0,2.0,1.0,1.0,1.0,2.0,1.0,2.0,9.0,1.0,9.0,1.0,1.0,1.0,3.0,1.0,1.0,4.0,4.0,1.0,2.0,1.0,2.0,1.0,1.0,1.0,2.0,1.0,1.0,2.0,4.0,1.0,1.0,10.0,1.0,1.0,1.0,3.0,1.0,4.0,4.0,9.0,1.0,1.0,5.0,1.0,1.0,4.957128867032768,4.0,2.0,5.0,1.0,7.0,1.0,5.0,1.0,1.0,1.0,18.20845275419301,1.0,5.0,4.0,6.0,1.0,-3.0,-1.0,-1.0,-13.71931735451625,-2.0,-2.0,-1.0,-1.0,-1.0,-1.0,-3.0,-1.0,-2.0,-4.0,-1.0,-2.0,-1.0,-1.0,-1.0,5.0,4.0,2.0,7.0,2.0,1.0,2.0,1.0,2.0,1.0,3.0,4.0,4.0,1.0,1.0,2.0,4.0,2.0,6.0,1.0,5.0,11.27775448851298,8.0,7.0,1.0,4.0,3.0,1.0,1.0,1.0,2.0,1.0,4.0,1.0,1.0,1.0,1.0,2.0,1.0,1.0,3.0,2.0,4.0,7.0,7.0,4.0,1.0,1.0,4.0,1.0,1.0,2.0,1.0,1.0,5.0,1.0,2.0,7.0,4.0,2.0,2.0,1.0,1.0,1.0,2.0,2.0,2.0,1.0,1.0,2.0,6.0,1.0,4.0,2.0,3.0,-9.81276160699843,1.0,8.0,8.0,1.0,1.0,2.0,2.0,1.0,1.0,2.0,2.0,11.0,5.0,2.0,1.0,2.0,2.0,2.0,2.0,2.0,2.0,2.0,2.0,2.0,1.0,1.0,25.0,6.0,5.0,5.0,5.0,5.0,5.0,5.0,3.0,2.0,1.0,1.0,2.0,1.0,1.0,12.0,15.0,4.0,4.0,5.0,4.0,4.0,5.0,2.0,1.0,5.0,1.0,1.0,2.0,1.0,16.0,5.0,4.0,5.0,4.0,10.0,2.0,4.0,3.0,3.0,6.0,4.0,4.0,4.0,4.0,4.0,4.0,4.0,4.0,4.0,2.0,4.0,4.0,4.0,4.0,4.0,4.0,1.0,1.0,4.0,4.0,4.0,4.0,4.0,4.0,1.0,1.0,1.0,1.0,1.0,1.0,4.0,4.0,4.0,4.0,4.0,4.0,4.0,4.0,4.0,4.0,1.0,1.0,1.0,1.0,3.0,1.0,1.0,10.0,1.0,1.0,1.0,1.0,1.0,21.0,15.0,1.0,1.0,1.0,1.0,1.0,1.0,5.0,1.0,6.0,2.0,2.0,23.0,14.0,1.0,3.0,3.0,3.0,3.0,3.0,3.0,3.0,3.0,1.0,1.0,1.0,1.0,1.0,6.0,1.0,4.0,10.0,9.0,26.0,7.0,3.0,3.0,4.0,3.0,3.0,3.0,4.0,3.0,1.0,1.0,1.0,1.0,3.0,1.0,1.0,13.0,2.0,2.0,2.0,2.0,2.0,2.0,2.0,1.0,1.0,2.0,2.0,2.0,2.0,2.0,2.0,3.0,2.0,1.0,2.0,2.0,2.0,2.0,2.0,2.0,2.0,1.0,2.0,2.0,2.0,2.0,2.0,2.0,2.0,2.0,2.0,2.0,2.0,1.0,-2.0,1.0,4.0,1.0,-4.0,-4.0,-5.0,-4.0,-4.0,-4.0,-5.0,-4.0,-1.0,1.0,2.0,-1.0,1.0,-4.0,-5.0,-4.0,-4.0,-5.0,-4.0,2.0,1.0,-5.0,-6.0,-5.0,-5.0,-6.0,-5.0,1.0,1.0,1.0,-5.0,-5.0,-5.0,-5.0,-5.0,-5.0,-1.0,1.0,-1.0,-5.0,-5.0,-5.0,-5.0,-5.0,-5.0,-3.0,-4.0,-1.0,-1.0,-3.0,-1.0,0.0,1.0,-9.0,-5.0,1.0,-1.0,-2.0,-1.0,-1.0,-2.0,-1.0,-3.0,-2.0,-1.0,-1.0,-1.0,-1.0,-1.0,-3.0,-1.0,-1.0,-1.0,-1.0,-3.0,-2.0,19.45784305872714,-2.0,-1.0,-1.0,-1.0,-2.0,7.0,-4.0,-2.0,-3.0,-3.0,-1.0,-1.0,-1.0,1.0,1.0,0.0,-1.0,-5.0,-7.0,-1.0,-2.0,-1.0,9.0,2.0,13.0,-1.0,-1.0,-1.0,-5.0,-5.0,-2.0,-4.0,1.0,5.0,4.0,2.0,2.0,1.0,2.0,15.0,17.0,4.0,5.0,7.0,13.0,1.0,3.0,1.0,1.0,1.0,12.0,5.0,5.0,1.0,11.0,2.0,4.0,2.0,1.0,15.57346510062307,4.0,2.0,1.0,1.0,2.0,1.0,1.0,2.0,1.0,1.0,2.0,6.0,1.0,1.0,2.0,4.0,3.0,2.0,2.0,3.0,7.0,1.0,1.0,1.0,1.0,1.0,2.0,1.0,1.0,1.0,1.0,1.0,1.0,1.0,1.0,2.0,2.0,1.0,4.0,1.0,1.0,1.0,1.0,3.0,1.0,2.0,6.0,1.0,1.0,1.0,1.0,1.0,1.0,-2.5485758184053537,1.0,1.0,1.0,1.0,1.0,3.0,1.0,1.0,3.0,2.0,2.0,2.0,5.0,-20.80157324031526,2.0,2.0,4.0,3.0,1.0,2.0,2.0,2.0,2.0,-15.704502461243464,1.0,2.0,2.0,2.0,1.0,1.0,1.0,1.0,1.0,2.0,1.0,4.0,1.0,1.0,1.0,1.0,2.0,1.0,1.0,1.0,5.0,5.0,1.0,4.0,3.0,2.0,2.0,1.0,5.0,1.0,3.0,4.0,2.0,1.0,3.0,3.0,4.0,3.0,3.0,1.0,1.0,2.0,1.0,3.0,2.0,4.0,2.0,1.0,4.0,2.0,1.0,2.0,3.0,3.0,3.0,3.0,2.0,1.0,4.0,5.0,1.0,1.0,5.0,4.0,2.0,1.0,1.0,6.276158308138452,6.0,10.0,1.0,5.0,5.0,1.0,7.0,2.0,1.0,10.0,4.0,3.0,3.0,1.0,7.0,1.0,11.0,1.0,2.0,2.0,1.0,3.0,2.0,1.0,1.0,5.0,8.0,1.0,7.0,3.0,1.0,2.0,2.0,1.0,2.0,1.0,1.0,1.0,1.0,2.0,7.0,6.0,1.0,2.0,1.0,1.0,1.0,1.0,5.0,1.0,1.0,2.0,5.0,1.0,2.0,7.0,6.0,6.0,1.0,2.0,9.0,3.0,6.0,1.0,6.0,4.0,9.0,1.0,1.0,1.0,2.0,10.0,6.0,2.0,2.0,5.0,5.0,1.0,10.0,1.0,2.0,4.0,5.0,13.0,1.0,1.0,1.0,1.0,4.0,4.0,3.0,1.0,2.0,1.0,1.0,1.0,2.0,4.0,4.0,5.0,11.0,1.0,1.0,13.2640361646798,1.0,5.0,2.0,7.0,1.0,1.0,2.0,1.0,1.0,1.0,3.0,3.0,2.0,2.0,3.0,5.0,1.0,2.0,1.0,-2.0,1.0,1.0,7.0,-3.0,-3.0,-3.0,-3.0,1.0,0.0,4.0,-2.0,5.0,-6.0,-6.0,-6.0,-6.0,-2.0,-1.0,-1.0,-6.0,-6.0,-6.0,-6.0,-3.0,-2.0,-1.0,-1.0,-3.0,-3.0,-3.0,-3.0,-2.0,-1.0,-1.0,2.0,-1.0,-6.0,-6.0,-6.0,-7.103831779623127,-6.0,-6.0,-6.0,1.0,1.0,-3.0,-3.0,7.0,2.0,-5.0,-5.0,-5.0,-5.0,1.0,-2.0,-2.0,2.0,1.0,-5.0,-6.0,-5.0,-5.0,2.0,1.0,1.0,1.0,-6.0,-6.0,-6.0,-6.0,-1.0,1.0,-2.0,-2.0,1.0,2.0,-13.0,-13.0,-1.0,-1.0,-2.0,2.0,1.0,-5.0,-5.0,-5.0,-5.0,-5.0,-5.0,1.0,1.0,-5.0,-5.0,-5.0,-5.0,-5.0,0.0,-3.0,-12.0,-12.0,1.0,5.0,-7.0,-7.0,-7.0,-7.0,1.0,7.0,1.0,1.0,1.0,2.0,11.0,1.0,4.0,1.0,3.0,6.0,1.0,2.0,3.0,15.0,3.0,2.0,3.0,4.0,1.0,6.0,6.0,4.0,2.0,1.0,1.0,1.0,1.0,1.0,1.0,3.0,7.0,1.0,3.0,1.0,1.0,1.0,3.0,2.0,1.0,2.0,2.0,1.0,1.0,3.0,3.0,3.0,1.0,1.0,2.0,3.0,3.0,3.0,1.0,1.0,1.0,3.0,4.0,4.0,2.0,3.0,1.0,1.0,1.0,1.0,1.0,1.0,2.0,3.0,4.0,4.0,2.0,6.0,3.0,1.0,1.0,1.0,1.0,1.0,1.0,2.0,3.0,1.0,13.0,3.0,1.0,1.0,6.0,1.0,1.0,1.0,4.0,1.0,1.0,2.0,2.0,4.0,3.0,3.0,1.0,1.0,1.0,1.0,2.0,2.0,3.0,3.0,1.0,1.0,2.0,2.0,1.0,2.0,6.0,6.0,2.0,3.0,2.0,2.0,1.0,1.0,2.0,2.0,6.0,6.0,2.0,3.0,2.0,2.0,1.0,1.0,21.0,3.0,4.0,1.0,2.0,2.0,8.0,1.0,7.0,2.0,1.0,2.0,3.0,4.0,4.0,1.0,16.0,1.0,6.0,3.0,1.0,1.0,2.0,10.0,1.0,10.0,3.0,3.0,2.0,1.0,4.0,3.0,1.0,2.0,1.0,1.0,4.0,1.0,3.0,1.0,2.0,2.0,1.0,1.0,1.0,1.0,3.0,1.0,1.0,2.0,1.0,1.0,1.0,1.0,1.0,1.29786125122586,1.0,1.0,1.0,1.0,1.0,4.0,3.0,1.0,1.0,1.0,1.0,1.0,1.0,2.0,2.0,1.0,4.0,1.0,4.0,1.0,1.0,2.0,1.0,1.0,3.0,2.0,2.0,2.0,2.0,1.0,1.0,6.0,24.0,4.0,1.0,3.0,2.0,1.0,1.0,16.0,35.0,3.0,1.0,1.0,1.0,1.0,1.0,1.0,3.0,5.0,1.0,1.0,2.0,7.0,5.0,5.0,2.0,3.0,1.0,1.0,1.0,8.0,1.0,5.0,3.0,2.0,9.0,6.0,1.0,4.0,13.0,1.0,7.0,7.0,1.0,1.0,1.0,1.0,1.0,4.0,6.0,3.0,2.0,1.0,8.0,6.0,1.0,1.0,1.0,2.0,3.0,1.0,2.0,8.0,1.0,2.0,9.0,2.0,1.0,1.0,1.0,1.0,1.0,4.0,1.0,1.0,4.0,5.0,1.0,1.0,2.0,3.0,2.0,1.0,2.0,5.0,6.0,4.0,6.0,8.0,11.0,7.0,6.0,1.0,1.0,1.0,4.0,1.0,3.0,4.0,5.0,12.0,5.0,2.0,2.0,1.0,4.0,2.0,1.0,1.0,1.0,3.0,4.0,3.0,2.0,17.29671484676516,3.0,5.0,1.0,7.0,5.0,2.0,2.0,3.0,1.0,1.0,1.0,1.0,2.0,1.0,2.0,1.0,1.0,12.0,10.0,8.0,6.0,5.0,1.0,1.0,1.0,3.0,1.0,1.0,1.0,3.0,4.0,1.0,2.0,1.0,1.0,1.0,2.0,1.0,1.0,8.0,1.0,1.0,2.0,2.0,5.0,2.0,2.0,1.0,1.0,3.0,2.0,3.0,1.0,6.0,6.0,1.0,1.0,6.0,1.0,6.0,9.0,3.0,13.0,10.0,1.0,1.0,11.0,1.0,1.0,3.0,8.0,9.0,2.0,1.0,2.0,3.0,3.0,3.0,1.0,1.0,1.0,5.0,5.0,2.0,1.0,2.0,2.0,1.0,1.0,5.0,1.0,1.0,1.0,1.0,3.0,2.0,1.0,2.0,1.0,3.0,4.0,1.0,2.0,1.0,2.0,1.0,2.0,2.0,1.0,1.0,2.0,2.0,1.0,1.0,1.0,1.0,1.0,1.0,2.0,1.0,8.0,2.0,1.0,5.0,6.0,2.0,1.0,1.0,1.0,6.0,2.0,3.0,4.0,3.0,1.0,1.0,2.0,2.0,1.0,1.0,11.0,1.0,1.0,2.0,4.0,5.0,3.0,1.0,4.0,1.0,14.0,4.0,7.0,1.0,1.0,2.0,1.0,1.0,2.92572291035908,1.0,1.0,1.0,3.0,1.0,9.0,2.0,2.0,1.0,1.0,7.0,1.0,8.0,1.0,1.0,1.0,1.0,2.0,1.0,1.0,1.0,1.0,2.0,1.0,1.0,1.0,1.0,1.0,1.0,4.0,4.0,3.0,2.0,1.0,1.0,1.0,1.0,3.0,1.0,1.0,1.0,1.0,1.0,1.0,1.0,1.0,2.0,1.0,3.0,0.24337417607789,1.0,1.0,3.0,5.0,9.0,7.0,2.0,2.0,1.0,1.0,1.0,2.0,3.0,1.0,1.0,2.0,3.0,1.0,1.0,2.0,2.0,1.0,1.0,1.0,1.0,2.0,1.0,1.0,-1.0,-1.0,-2.0,-4.0,-12.0,-7.0,-6.0,-6.0,-9.0,-11.0,-2.0,-8.0,-10.0,-6.0,-11.0,-6.50984180533249,-1.0,-4.0,-1.0,-10.0,-11.0,-3.0,-8.0,-12.0,-10.0,-1.0,-1.0,-1.0,-1.0,-7.0,-7.0,-13.0,-7.0,2.0,1.0,1.0,1.0,2.0,1.0,1.0,5.0,1.0,2.0,1.0,1.0,3.0,1.0,3.0,1.0,1.0,1.0,1.0,1.0,1.0,1.0,1.0,4.0,1.0,1.0,2.0,1.0,1.0,3.0,1.0,1.0,2.0,1.0,1.0,2.0,3.0,1.0,2.0,1.0,1.0,1.0,1.0,1.0,1.0,2.0,1.0,2.0,1.0,2.0,5.0,6.0,1.0,2.0,1.0,1.0,3.0,1.0,1.0,2.0,3.0,3.0,1.0,1.0,2.0,5.0,5.0,1.0,1.0,4.0,3.0,2.0,1.0,1.0,-1.0,1.0,2.0,-3.0,1.0,1.0,-4.0,-4.0,-3.0,2.0,-1.0,-1.0,-1.0,-2.0,2.0,10.0,1.0,1.0,1.0,2.0,3.0,4.0,1.0,2.0,1.0,17.0,1.0,1.0,1.0,1.0,2.0,1.0,1.0,1.0,4.0,4.0,1.0,3.0,1.0,1.0,2.0,1.0,1.0,1.0,2.0,2.0,1.0,1.0,1.0,1.0,2.0,3.0,18.94840458248437,1.0,1.0,3.0,1.0,1.0,1.0,2.0,3.0,1.0,1.0,2.0,4.0,2.0,1.0,1.0,1.0,1.0,2.0,3.0,1.0,4.0,1.0,1.0,1.0,4.0,4.0,1.0,1.0,2.0,2.0,2.0,2.0,1.0,2.0,1.0,2.0,3.0,1.0,6.0,11.0,8.0,5.0,4.0,5.0,3.0,2.0,1.0,1.0,1.0,1.0,1.0,2.0,2.0,3.0,2.0,3.0,1.0,1.0,1.0,1.0,1.0,1.0,3.0,2.0,5.0,1.0,2.0,2.0,1.0,5.0,1.0,5.0,1.0,2.0,5.0,3.0,2.0,1.0,15.11250881122309,1.0,2.0,3.0,1.0,1.0,1.0,3.0,3.0,2.0,4.0,1.0,1.0,1.0,1.0,1.0,1.0,1.0,1.0,1.0,1.0,1.0,3.0,5.0,1.0,1.0,1.0,2.0,2.0,1.0,1.0,5.0,1.0,1.0,5.0,1.0,1.0,-7.0,-7.0,1.0,-1.0,-4.0,-2.0,-1.0,-2.0,-1.0,1.0,-1.0,-3.0,-5.0,0.0,-3.0,-1.0,-2.0,-4.0,1.0,-1.0,1.0,-1.0,-1.0,1.0,-1.0,-1.0,2.0,-2.0,-3.0,2.0,-2.0,-1.0,1.0,-1.0,-1.0,-2.0,1.0,-2.0,-1.0,2.0,-1.0,-1.0,-1.0,-1.0,-2.0,2.0,-2.0,-2.0,0.0,-1.0,-1.0,-1.0,-1.0,-1.0,1.0,1.0,1.0,7.0,1.0,1.0,1.0,1.0,1.0,2.0,1.0,1.0,12.0,1.0,1.0,1.0,1.0,1.0,1.0,2.0,1.0,1.0,1.0,1.0,2.0,4.0,3.0,1.0,1.0,3.0,1.0,1.0,1.0,1.0,2.0,1.0,1.0,1.0,1.0,1.0,2.0,1.0,1.0,3.0,7.0,2.0,1.0,1.0,1.0,1.0,1.0,1.0,1.0,1.0,1.0,1.0,1.0,1.0,6.0,1.0,1.0,1.0,1.0,1.0,1.0,1.0,1.0,1.0,1.0,1.0,1.0,1.0,1.0,1.0,1.0,4.0,1.0,1.0,1.0,1.0,1.0,1.0,1.0,1.0,1.0,1.0,1.0,1.0,1.0,1.0,1.0,1.0,1.0,1.0,1.0,-1.0,-1.0,1.0,1.0,2.0,-2.0,-2.0,-2.0,-2.0,-2.0,1.0,1.0,-3.56110793196185,-3.0,-3.0,-3.0,1.0,-5.0,-5.0,-5.0,1.0,1.0,1.0,1.0,2.0,1.0,1.0,-1.0,-1.0,-1.0,-1.0,-1.0,-1.0,4.0,4.0,1.0,1.0,3.0,1.0,1.0,1.0,1.0,1.0,3.0,3.0,2.0,1.0,1.0,1.0,1.0,1.0,2.0,1.0,1.0,2.0,2.0,1.0,1.0,1.0,1.0,1.0,3.0,3.0,3.0,1.0,1.0,2.0,1.0,1.0,2.0,2.0,2.0,1.0,1.0,1.0,2.0,1.0,1.0,1.0,1.0,3.0,1.0,1.0,1.0,1.0,4.0,2.0,5.0,1.0,2.0,1.0,1.0,1.0,1.0,3.0,1.0,2.0,3.0,2.0,1.0,1.0,1.0,2.0,2.0,2.0,2.0,1.0,6.0,3.0,6.0,1.0,1.0,1.0,3.0,1.0,4.0,5.0,1.0,1.0,1.0,1.0,1.0,17.0,1.0,2.0,12.0,1.0,2.0,3.0,8.0,13.0,5.0,2.0,1.0,2.0,6.0,4.0,4.0,2.0,1.0,3.0,2.0,1.0,1.0,1.0,3.0,1.0,1.0,1.0,3.0,1.0,1.0,1.0,3.0,1.0,1.0,1.0,2.0,3.0,7.0,4.0,3.0,-0.31044766992144,2.0,2.0,2.0,1.0,1.0,1.0,1.0,1.0,1.0,1.0,1.0,1.0,1.0,1.0,1.0,1.0,1.0,1.0,1.0,1.0,1.0,1.0,1.0,1.0,1.0,1.0,1.0,1.0,3.0,1.0,1.0,2.0,2.0,2.0,2.0,3.0,1.0,1.0,1.0,2.0,1.0,4.0,3.0,1.0,1.0,1.0,2.0,1.0,7.39298284432326,1.0,5.0,3.0,2.0,1.0,1.0,1.0,1.0,1.0,1.0,1.0,1.0,1.0,3.0,4.0,3.0,1.0,1.0,1.0,1.0,1.0,1.0,1.0,1.0,1.0,1.0,1.0,1.0,2.0,1.0,1.0,1.0,1.0,1.0,1.0,1.0,1.0,1.0,1.0,1.0,2.0,1.0,1.0,1.0,1.0,1.0,1.0,1.0,1.0,1.0,1.0,1.0,1.0,1.0,3.0,8.0,2.0,1.0,2.0,1.0,1.0,4.0,1.0,1.0,1.0,1.0,1.0,1.0,1.0,7.0,5.0,2.0,3.0,1.0,1.0,2.0,1.0,1.0,1.0,1.0,1.0,1.0,2.0,3.0,1.0,2.0,2.0,2.0,-16.38832593496558,3.0,1.0,1.0,1.0,1.0,3.0,2.0,3.0,3.0,1.0,1.0,2.0,2.0,2.0,3.0,2.0,1.0,3.0,1.0,2.0,2.0,2.0,2.0,2.0,2.0,1.0,1.0,1.0,1.0,1.0,1.0,1.0,1.0,1.0,2.0,1.0,1.0,1.0,3.0,1.0,1.0,1.0,1.0,1.0,1.0,1.0,2.0,1.0,6.0,1.0,5.0,1.0,4.0,1.0,8.0,1.0,3.0,3.0,4.0,1.0,2.0,2.0,1.0,1.0,3.0,2.0,3.0,1.0,2.0,1.0,1.0,2.0,1.0,1.0,4.0,6.0,1.0,1.0,1.0,2.0,2.0,1.0,1.0,3.0,5.0,5.38785976813884,1.0,1.0,5.0,1.0,1.0,2.0,1.0,1.0,1.0,4.0,2.0,1.0,4.0,2.0,6.0,1.0,1.0,1.0,1.0,6.0,5.96397995782018,1.0,1.0,3.0,3.0,-1.3686525685699,9.0,2.0,3.0,3.0,3.0,3.0,1.0,1.0,5.0,5.0,5.0,5.0,1.0,7.0,10.0,2.0,1.0,4.0,5.0,5.0,5.0,5.0,2.0,1.0,3.0,5.0,4.0,2.0,2.0,1.0,1.0,2.0,3.0,1.0,1.0,3.0,11.0,5.0,5.0,5.0,5.0,5.0,5.0,5.0,5.0,13.0,3.0,2.0,2.0,3.0,11.0,5.0,5.0,5.0,5.0,1.0,1.0,2.0,18.0,11.0,2.0,1.0,3.0,3.0,5.0,5.0,5.0,5.0,5.0,5.0,2.0,1.0,3.0,1.0,1.0,21.0,1.0,2.0,3.0,6.0,6.0,6.0,6.0,2.0,5.0,3.0,2.0,5.0,13.0,2.0,5.0,5.0,5.0,5.0,6.0,2.0,24.0,2.0,1.0,2.0,5.0,5.0,5.0,5.0,1.0,2.0,4.0,3.0,12.0,1.0,9.0,4.0,4.0,4.0,4.0,4.0,4.0,4.0,1.0,10.0,4.0,1.0,21.0,1.0,2.0,1.0,1.0,1.0,4.0,3.0,5.0,6.0,6.0,6.0,6.0,6.0,1.0,1.0,3.0,15.0,1.0,1.0,1.0,1.0,7.0,4.0,1.0,10.0,5.0,5.0,5.0,5.0,1.0,1.0,4.0,2.0,-19.72431348956135,1.0,2.0,2.0,9.0,2.0,1.0,1.0,3.0,1.0,4.0,3.0,1.0,1.0,1.0,1.0,1.0,2.0,1.0,1.0,9.0,1.0,1.0,1.0,2.0,5.0,5.0,5.0,5.0,2.0,1.0,7.0,1.0,2.0,5.0,5.0,5.0,5.0,5.0,5.0,5.0,3.0,1.0,1.0,20.0,1.0,1.0,1.0,4.0,1.0,1.0,2.0,1.0,9.0,3.0,4.0,4.0,4.0,4.0,4.0,4.0,4.0,4.0,1.0,1.0,37.0,1.0,1.0,1.0,6.0,6.0,6.0,6.0,6.0,6.0,1.0,1.0,1.0,1.0,6.0,16.0,1.0,5.0,5.0,5.0,5.0,1.0,27.0,1.0,1.0,1.0,7.0,6.0,6.0,6.0,6.0,1.0,2.0,1.0,30.0,1.0,1.0,1.0,1.0,8.0,6.0,6.0,6.0,6.0,13.32796194626393,2.0,2.0,2.0,2.0,5.0,5.0,7.0,3.0,30.0,3.0,10.0,6.0,1.0,10.0,5.0,5.0,5.0,5.0,5.0,5.0,5.0,4.0,1.0,6.0,8.0,1.0,2.0,3.0,4.0,4.0,5.0,6.0,6.0,6.0,6.0,-5.0,-5.0,-5.0,-5.0,-5.0,-5.0,-5.0,-5.0,-5.0,-5.0,1.0
1.0,1.0,1.0,2.0,1.0,2.0,4.0,7.0,1.0,2.0,1.0,5.0,1.0,1.0,1.0,1.0,3.0,1.0,2.0,1.0,1.0,1.0,1.0,1.0,1.0,1.0,5.0,2.0,1.0,3.0,1.0,1.0,5.0,1.0,1.0,2.0,1.0,1.0,1.0,2.0,3.0,1.0,1.0,1.0,1.0,1.0,1.0,1.0,1.0,1.0,1.0,1.0,5.0,3.0,2.0,1.0,1.0,2.0,1.0,1.0,1.0,1.0,1.0,1.0,1.0,1.0,2.0,1.0,5.0,1.0,2.0,1.0,1.0,2.0,1.0,1.0,1.0,1.0,2.0,1.0,7.0,4.0,1.0,2.0,1.0,2.0,12.0,5.0,1.0,15.0,1.0,2.0,2.0,2.0,1.0,1.0,8.0,1.0,4.0,1.0,1.0,16.0,3.0,3.0,1.0,2.0,1.0,1.0,6.0,7.0,1.0,2.0,3.0,2.0,2.0,3.0,2.0,1.0,5.0,1.0,3.0,2.0,2.0,1.0,1.0,1.0,10.0,10.0,1.0,3.0,2.0,1.0,2.0,5.0,2.0,1.0,3.0,1.0,1.0,1.0,1.0,1.0,1.0,1.0,7.0,1.0,1.0,13.0,1.0,1.0,1.0,10.0,2.0,1.0,3.0,1.0,1.0,2.0,3.0,1.0,1.0,1.0,1.0,1.0,1.0,1.0,2.0,1.0,14.0,1.0,1.0,1.0,2.0,2.0,1.0,3.0,2.0,1.0,1.0,1.0,2.0,5.0,1.0,1.0,1.0,4.0,1.0,4.0,2.0,14.0,1.0,2.0,2.0,4.0,1.0,1.0,3.0,1.0,1.0,2.0,1.0,1.0,4.0,3.0,17.0,1.0,1.0,1.0,1.0,3.0,1.0,3.0,5.0,1.0,2.0,2.0,2.0,1.0,1.0,1.0,4.0,1.0,2.0,1.0,1.0,1.0,1.0,1.0,1.0,5.0,2.0,2.0,3.0,1.0,1.0,1.0,1.0,2.0,1.0,1.0,1.0,1.0,1.0,5.0,2.0,3.0,2.0,2.0,3.0,1.0,2.0,4.0,1.0,2.0,2.0,2.0,1.0,1.0,1.0,1.0,1.0,3.0,2.0,1.0,1.0,13.0,3.0,1.0,1.0,1.0,7.0,4.0,1.0,1.0,1.0,8.0,1.0,1.0,6.0,2.0,1.0,3.0,2.0,8.0,2.0,1.0,1.0,1.0,5.0,1.0,8.0,1.0,4.0,9.0,7.0,1.0,1.0,8.0,1.0,2.0,1.0,1.0,4.0,1.0,1.0,1.0,7.0,4.0,5.0,3.0,1.0,1.0,1.0,2.0,1.0,1.0,1.0,1.0,1.0,1.0,6.0,3.0,2.0,2.0,1.0,1.0,1.0,1.0,1.0,1.0,5.0,1.0,1.0,3.0,1.0,1.0,3.0,3.0,1.0,1.0,1.0,2.0,2.0,1.0,1.0,1.0,3.0,4.0,4.0,1.0,1.0,1.0,2.0,1.0,2.0,2.0,2.0,8.0,9.0,3.0,1.0,2.0,1.0,1.0,3.0,2.0,2.0,1.0,5.0,1.0,3.0,3.0,3.0,4.0,1.0,1.0,2.0,2.0,3.0,3.0,1.0,3.0,2.0,1.0,1.0,1.0,1.0,1.0,1.0,1.0,1.0,1.0,1.0,1.0,2.0,10.0,2.0,3.0,3.0,3.0,2.0,1.0,1.0,1.0,1.0,2.0,1.0,15.0,3.0,3.0,3.0,3.0,1.0,1.0,11.0,2.0,2.0,2.0,3.0,1.0,1.0,1.0,1.0,9.0,2.0,2.0,3.0,3.0,1.0,1.0,1.0,2.0,1.0,13.0,2.0,2.0,3.0,3.0,6.0,5.0,2.0,2.0,2.0,2.0,3.0,3.0,4.0,3.0,2.0,2.0,3.0,3.0,4.0,2.0,7.0,3.0,3.0,2.0,2.0,1.0,3.0,7.0,2.0,13.0,6.0,4.0,1.0,1.0,1.0,2.0,1.0,3.0,2.0,10.0,2.0,14.0,1.0,1.0,1.0,9.0,3.0,2.0,1.0,1.0,10.0,2.0,1.0,1.0,1.0,2.0,3.0,7.0,5.0,1.0,1.0,1.0,2.0,6.0,2.0,2.0,4.0,2.0,1.0,1.0,1.0,3.0,2.0,10.0,3.0,1.0,1.0,1.0,5.0,3.0,5.0,1.0,3.0,1.0,1.0,2.0,2.0,3.0,2.0,1.0,2.0,1.0,1.0,1.0,2.0,1.0,1.0,1.0,1.0,5.0,1.0,2.0,1.0,1.0,1.0,1.0,1.0,4.0,1.0,1.0,14.0,1.0,4.0,1.0,13.0,11.0,2.0,2.0,1.0,5.0,1.0,11.0,1.0,1.0,1.0,1.0,1.0,4.0,1.0,1.0,1.0,1.0,3.0,1.0,3.0,1.0,5.0,9.0,1.0,1.0,1.0,1.0,4.0,1.0,6.0,13.0,1.0,3.0,3.0,4.0,1.0,3.0,1.0,4.0,1.0,14.0,9.0,12.0,7.0,1.0,1.0,1.0,2.0,4.0,4.0,6.0,10.0,8.0,21.0,4.0,4.0,3.0,2.0,4.0,1.0,2.0,12.0,11.0,1.0,3.0,4.0,1.0,1.0,1.0,1.0,3.0,6.0,7.0,2.0,5.0,3.0,3.0,8.0,10.0,2.0,19.0,8.0,5.0,1.0,3.0,2.0,6.0,-2.04564786099211,2.0,1.0,2.0,3.0,8.0,9.0,6.0,6.0,1.0,1.0,2.0,2.0,2.0,8.0,4.0,5.0,8.0,7.0,13.0,3.0,9.0,2.0,1.0,3.0,5.0,1.0,3.0,1.0,1.0,5.47566330468136,8.0,1.0,2.0,1.0,1.0,6.0,1.0,1.0,1.0,5.0,15.0,1.0,2.0,7.0,5.0,4.0,5.0,4.0,16.0,6.0,4.0,2.0,1.0,1.0,1.0,1.0,1.0,1.0,2.0,1.0,7.0,7.0,4.0,1.0,2.0,1.0,2.0,1.0,1.0,1.0,1.0,2.0,2.0,1.0,1.0,1.0,1.0,1.0,1.0,1.0,1.0,1.0,1.0,1.0,2.0,2.0,4.0,1.0,1.0,1.0,2.0,7.0,1.0,1.0,1.0,1.0,1.0,1.0,1.0,2.0,3.0,6.0,7.0,4.0,1.0,3.0,1.0,1.0,1.0,1.0,1.0,1.0,1.0,1.0,1.0,2.0,1.0,1.0,2.0,1.0,1.0,1.0,2.0,1.0,1.0,1.0,1.0,1.0,2.0,2.0,3.0,6.0,1.0,1.0,2.0,1.0,1.0,2.0,1.0,1.0,13.0,19.0,2.0,1.0,1.0,4.0,1.0,1.0,1.0,1.0,1.0,1.0,1.0,1.0,1.0,1.0,1.0,2.0,1.0,1.0,1.0,16.0,15.0,1.0,2.0,2.0,2.0,1.0,1.0,1.0,2.0,1.0,1.0,1.0,1.0,1.0,2.0,1.0,1.0,3.0,1.0,1.0,1.0,2.0,1.0,1.0,12.0,7.0,1.0,5.0,1.0,3.0,1.0,1.0,1.0,2.0,3.0,1.0,1.0,6.0,7.0,3.0,5.0,3.0,1.0,1.0,3.0,2.0,1.0,7.0,16.0,1.0,1.0,5.0,3.0,1.0,1.0,3.0,2.0,1.0,3.96952489648403,1.0,2.0,3.0,3.0,1.0,1.0,2.0,1.0,1.0,1.0,2.0,30.0,1.0,4.0,7.0,1.0,1.0,1.0,1.0,1.0,2.0,1.0,2.0,1.0,1.0,1.0,1.0,1.0,1.0,5.0,24.0,4.0,2.0,1.0,1.0,1.0,1.0,1.0,1.0,2.0,2.0,3.0,1.0,2.0,1.0,1.0,1.0,1.0,1.0,1.0,1.0,2.0,1.0,1.0,1.0,1.0,1.0,1.0,1.0,1.0,3.0,1.0,1.0,1.0,3.0,5.0,2.0,3.0,1.0,1.0,2.0,1.0,2.0,1.0,3.0,1.0,2.0,1.0,1.0,2.0,2.0,2.0,1.0,1.0,5.0,2.0,2.0,4.0,1.0,3.0,1.0,4.0,1.0,1.0,2.0,1.0,1.0,4.0,1.0,2.0,1.0,1.0,2.0,4.0,1.0,2.0,2.0,5.0,1.0,1.0,2.0,1.0,1.0,3.0,1.0,1.0,3.0,3.0,5.0,3.0,4.0,1.0,1.0,1.0,2.0,1.0,2.0,1.0,2.0,1.0,1.0,3.0,1.0,1.0,1.0,1.0,2.0,1.0,1.0,1.0,2.0,1.0,1.0,1.0,1.0,1.0,1.0,1.0,1.0,4.0,1.0,1.0,1.0,2.0,1.0,6.0,1.0,1.0,1.0,2.0,2.0,1.0,1.0,1.0,-1.2523449689335,2.0,1.0,1.0,2.0,1.0,-1.0,-1.0,-1.0,-1.0,-2.0,1.0,9.0,-1.0,1.0,-1.0,-1.0,-5.0,-4.0,-3.0,-4.0,-5.0,-5.0,1.0,1.0,1.0,6.0,6.0,2.0,1.0,3.0,2.0,1.0,4.0,5.0,1.0,3.0,1.0,1.0,2.0,1.0,5.0,1.0,1.0,10.0,4.0,1.0,1.0,1.0,3.0,7.0,1.0,2.0,8.0,1.0,2.0,1.0,1.0,1.0,2.0,1.0,2.0,9.0,1.0,9.0,1.0,1.0,1.0,3.0,1.0,1.0,4.0,4.0,1.0,2.0,1.0,2.0,1.0,1.0,1.0,2.0,1.0,1.0,2.0,4.0,1.0,1.0,10.0,1.0,1.0,1.0,3.0,1.0,4.0,4.0,9.0,1.0,1.0,5.0,1.0,1.0,4.957128867032768,4.0,2.0,5.0,1.0,7.0,1.0,5.0,1.0,1.0,1.0,18.20845275419301,1.0,5.0,4.0,6.0,1.0,-3.0,-1.0,-1.0,-13.71931735451625,-2.0,-2.0,-1.0,-1.0,-1.0,-1.0,-3.0,-1.0,-2.0,-4.0,-1.0,-2.0,-1.0,-1.0,-1.0,5.0,4.0,2.0,7.0,2.0,1.0,2.0,1.0,2.0,1.0,3.0,4.0,4.0,1.0,1.0,2.0,4.0,2.0,6.0,1.0,5.0,11.27775448851298,8.0,7.0,1.0,4.0,3.0,1.0,1.0,1.0,2.0,1.0,4.0,1.0,1.0,1.0,1.0,2.0,1.0,1.0,3.0,2.0,4.0,7.0,7.0,4.0,1.0,1.0,4.0,1.0,1.0,2.0,1.0,1.0,5.0,1.0,2.0,7.0,4.0,2.0,2.0,1.0,1.0,1.0,2.0,2.0,2.0,1.0,1.0,2.0,6.0,1.0,4.0,2.0,3.0,-9.81276160699843,1.0,8.0,8.0,1.0,1.0,2.0,2.0,1.0,1.0,2.0,2.0,11.0,5.0,2.0,1.0,2.0,2.0,2.0,2.0,2.0,2.0,2.0,2.0,2.0,1.0,1.0,25.0,6.0,5.0,5.0,5.0,5.0,5.0,5.0,3.0,2.0,1.0,1.0,2.0,1.0,1.0,12.0,15.0,4.0,4.0,5.0,4.0,4.0,5.0,2.0,1.0,5.0,1.0,1.0,2.0,1.0,16.0,5.0,4.0,5.0,4.0,10.0,2.0,4.0,3.0,3.0,6.0,4.0,4.0,4.0,4.0,4.0,4.0,4.0,4.0,4.0,2.0,4.0,4.0,4.0,4.0,4.0,4.0,1.0,1.0,4.0,4.0,4.0,4.0,4.0,4.0,1.0,1.0,1.0,1.0,1.0,1.0,4.0,4.0,4.0,4.0,4.0,4.0,4.0,4.0,4.0,4.0,1.0,1.0,1.0,1.0,3.0,1.0,1.0,10.0,1.0,1.0,1.0,1.0,1.0,21.0,15.0,1.0,1.0,1.0,1.0,1.0,1.0,5.0,1.0,6.0,2.0,2.0,23.0,14.0,1.0,3.0,3.0,3.0,3.0,3.0,3.0,3.0,3.0,1.0,1.0,1.0,1.0,1.0,6.0,1.0,4.0,10.0,9.0,26.0,7.0,3.0,3.0,4.0,3.0,3.0,3.0,4.0,3.0,1.0,1.0,1.0,1.0,3.0,1.0,1.0,13.0,2.0,2.0,2.0,2.0,2.0,2.0,2.0,1.0,1.0,2.0,2.0,2.0,2.0,2.0,2.0,3.0,2.0,1.0,2.0,2.0,2.0,2.0,2.0,2.0,2.0,1.0,2.0,2.0,2.0,2.0,2.0,2.0,2.0,2.0,2.0,2.0,2.0,1.0,-2.0,1.0,4.0,1.0,-4.0,-4.0,-5.0,-4.0,-4.0,-4.0,-5.0,-4.0,-1.0,1.0,2.0,-1.0,1.0,-4.0,-5.0,-4.0,-4.0,-5.0,-4.0,2.0,1.0,-5.0,-6.0,-5.0,-5.0,-6.0,-5.0,1.0,1.0,1.0,-5.0,-5.0,-5.0,-5.0,-5.0,-5.0,-1.0,1.0,-1.0,-5.0,-5.0,-5.0,-5.0,-5.0,-5.0,-3.0,-4.0,-1.0,-1.0,-3.0,-1.0,0.0,1.0,-9.0,-5.0,1.0,-1.0,-2.0,-1.0,-1.0,-2.0,-1.0,-3.0,-2.0,-1.0,-1.0,-1.0,-1.0,-1.0,-3.0,-1.0,-1.0,-1.0,-1.0,-3.0,-2.0,19.45784305872714,-2.0,-1.0,-1.0,-1.0,-2.0,7.0,-4.0,-2.0,-3.0,-3.0,-1.0,-1.0,-1.0,1.0,1.0,0.0,-1.0,-5.0,-7.0,-1.0,-2.0,-1.0,9.0,2.0,13.0,-1.0,-1.0,-1.0,-5.0,-5.0,-2.0,-4.0,1.0,5.0,4.0,2.0,2.0,1.0,2.0,15.0,17.0,4.0,5.0,7.0,13.0,1.0,3.0,1.0,1.0,1.0,12.0,5.0,5.0,1.0,11.0,2.0,4.0,2.0,1.0,15.57346510062307,4.0,2.0,1.0,1.0,2.0,1.0,1.0,2.0,1.0,1.0,2.0,6.0,1.0,1.0,2.0,4.0,3.0,2.0,2.0,3.0,7.0,1.0,1.0,1.0,1.0,1.0,2.0,1.0,1.0,1.0,1.0,1.0,1.0,1.0,1.0,2.0,2.0,1.0,4.0,1.0,1.0,1.0,1.0,3.0,1.0,2.0,6.0,1.0,1.0,1.0,1.0,1.0,1.0,-2.5485758184053537,1.0,1.0,1.0,1.0,1.0,3.0,1.0,1.0,3.0,2.0,2.0,2.0,5.0,-20.80157324031526,2.0,2.0,4.0,3.0,1.0,2.0,2.0,2.0,2.0,-15.704502461243464,1.0,2.0,2.0,2.0,1.0,1.0,1.0,1.0,1.0,2.0,1.0,4.0,1.0,1.0,1.0,1.0,2.0,1.0,1.0,1.0,5.0,5.0,1.0,4.0,3.0,2.0,2.0,1.0,5.0,1.0,3.0,4.0,2.0,1.0,3.0,3.0,4.0,3.0,3.0,1.0,1.0,2.0,1.0,3.0,2.0,4.0,2.0,1.0,4.0,2.0,1.0,2.0,3.0,3.0,3.0,3.0,2.0,1.0,4.0,5.0,1.0,1.0,5.0,4.0,2.0,1.0,1.0,6.276158308138452,6.0,10.0,1.0,5.0,5.0,1.0,7.0,2.0,1.0,10.0,4.0,3.0,3.0,1.0,7.0,1.0,11.0,1.0,2.0,2.0,1.0,3.0,2.0,1.0,1.0,5.0,8.0,1.0,7.0,3.0,1.0,2.0,2.0,1.0,2.0,1.0,1.0,1.0,1.0,2.0,7.0,6.0,1.0,2.0,1.0,1.0,1.0,1.0,5.0,1.0,1.0,2.0,5.0,1.0,2.0,7.0,6.0,6.0,1.0,2.0,9.0,3.0,6.0,1.0,6.0,4.0,9.0,1.0,1.0,1.0,2.0,10.0,6.0,2.0,2.0,5.0,5.0,1.0,10.0,1.0,2.0,4.0,5.0,13.0,1.0,1.0,1.0,1.0,4.0,4.0,3.0,1.0,2.0,1.0,1.0,1.0,2.0,4.0,4.0,5.0,11.0,1.0,1.0,13.2640361646798,1.0,5.0,2.0,7.0,1.0,1.0,2.0,1.0,1.0,1.0,3.0,3.0,2.0,2.0,3.0,5.0,1.0,2.0,1.0,-2.0,1.0,1.0,7.0,-3.0,-3.0,-3.0,-3.0,1.0,0.0,4.0,-2.0,5.0,-6.0,-6.0,-6.0,-6.0,-2.0,-1.0,-1.0,-6.0,-6.0,-6.0,-6.0,-3.0,-2.0,-1.0,-1.0,-3.0,-3.0,-3.0,-3.0,-2.0,-1.0,-1.0,2.0,-1.0,-6.0,-6.0,-6.0,-7.103831779623127,-6.0,-6.0,-6.0,1.0,1.0,-3.0,-3.0,7.0,2.0,-5.0,-5.0,-5.0,-5.0,1.0,-2.0,-2.0,2.0,1.0,-5.0,-6.0,-5.0,-5.0,2.0,1.0,1.0,1.0,-6.0,-6.0,-6.0,-6.0,-1.0,1.0,-2.0,-2.0,1.0,2.0,-13.0,-13.0,-1.0,-1.0,-2.0,2.0,1.0,-5.0,-5.0,-5.0,-5.0,-5.0,-5.0,1.0,1.0,-5.0,-5.0,-5.0,-5.0,-5.0,0.0,-3.0,-12.0,-12.0,1.0,5.0,-7.0,-7.0,-7.0,-7.0,1.0,7.0,1.0,1.0,1.0,2.0,11.0,1.0,4.0,1.0,3.0,6.0,1.0,2.0,3.0,15.0,3.0,2.0,3.0,4.0,1.0,6.0,6.0,4.0,2.0,1.0,1.0,1.0,1.0,1.0,1.0,3.0,7.0,1.0,3.0,1.0,1.0,1.0,3.0,2.0,1.0,2.0,2.0,1.0,1.0,3.0,3.0,3.0,1.0,1.0,2.0,3.0,3.0,3.0,1.0,1.0,1.0,3.0,4.0,4.0,2.0,3.0,1.0,1.0,1.0,1.0,1.0,1.0,2.0,3.0,4.0,4.0,2.0,6.0,3.0,1.0,1.0,1.0,1.0,1.0,1.0,2.0,3.0,1.0,13.0,3.0,1.0,1.0,6.0,1.0,1.0,1.0,4.0,1.0,1.0,2.0,2.0,4.0,3.0,3.0,1.0,1.0,1.0,1.0,2.0,2.0,3.0,3.0,1.0,1.0,2.0,2.0,1.0,2.0,6.0,6.0,2.0,3.0,2.0,2.0,1.0,1.0,2.0,2.0,6.0,6.0,2.0,3.0,2.0,2.0,1.0,1.0,21.0,3.0,4.0,1.0,2.0,2.0,8.0,1.0,7.0,2.0,1.0,2.0,3.0,4.0,4.0,1.0,16.0,1.0,6.0,3.0,1.0,1.0,2.0,10.0,1.0,10.0,3.0,3.0,2.0,1.0,4.0,3.0,1.0,2.0,1.0,1.0,4.0,1.0,3.0,1.0,2.0,2.0,1.0,1.0,1.0,1.0,3.0,1.0,1.0,2.0,1.0,1.0,1.0,1.0,1.0,1.29786125122586,1.0,1.0,1.0,1.0,1.0,4.0,3.0,1.0,1.0,1.0,1.0,1.0,1.0,2.0,2.0,1.0,4.0,1.0,4.0,1.0,1.0,2.0,1.0,1.0,3.0,2.0,2.0,2.0,2.0,1.0,1.0,6.0,24.0,4.0,1.0,3.0,2.0,1.0,1.0,16.0,35.0,3.0,1.0,1.0,1.0,1.0,1.0,1.0,3.0,5.0,1.0,1.0,2.0,7.0,5.0,5.0,2.0,3.0,1.0,1.0,1.0,8.0,1.0,5.0,3.0,2.0,9.0,6.0,1.0,4.0,13.0,1.0,7.0,7.0,1.0,1.0,1.0,1.0,1.0,4.0,6.0,3.0,2.0,1.0,8.0,6.0,1.0,1.0,1.0,2.0,3.0,1.0,2.0,8.0,1.0,2.0,9.0,2.0,1.0,1.0,1.0,1.0,1.0,4.0,1.0,1.0,4.0,5.0,1.0,1.0,2.0,3.0,2.0,1.0,2.0,5.0,6.0,4.0,6.0,8.0,11.0,7.0,6.0,1.0,1.0,1.0,4.0,1.0,3.0,4.0,5.0,12.0,5.0,2.0,2.0,1.0,4.0,2.0,1.0,1.0,1.0,3.0,4.0,3.0,2.0,17.29671484676516,3.0,5.0,1.0,7.0,5.0,2.0,2.0,3.0,1.0,1.0,1.0,1.0,2.0,1.0,2.0,1.0,1.0,12.0,10.0,8.0,6.0,5.0,1.0,1.0,1.0,3.0,1.0,1.0,1.0,3.0,4.0,1.0,2.0,1.0,1.0,1.0,2.0,1.0,1.0,8.0,1.0,1.0,2.0,2.0,5.0,2.0,2.0,1.0,1.0,3.0,2.0,3.0,1.0,6.0,6.0,1.0,1.0,6.0,1.0,6.0,9.0,3.0,13.0,10.0,1.0,1.0,11.0,1.0,1.0,3.0,8.0,9.0,2.0,1.0,2.0,3.0,3.0,3.0,1.0,1.0,1.0,5.0,5.0,2.0,1.0,2.0,2.0,1.0,1.0,5.0,1.0,1.0,1.0,1.0,3.0,2.0,1.0,2.0,1.0,3.0,4.0,1.0,2.0,1.0,2.0,1.0,2.0,2.0,1.0,1.0,2.0,2.0,1.0,1.0,1.0,1.0,1.0,1.0,2.0,1.0,8.0,2.0,1.0,5.0,6.0,2.0,1.0,1.0,1.0,6.0,2.0,3.0,4.0,3.0,1.0,1.0,2.0,2.0,1.0,1.0,11.0,1.0,1.0,2.0,4.0,5.0,3.0,1.0,4.0,1.0,14.0,4.0,7.0,1.0,1.0,2.0,1.0,1.0,2.92572291035908,1.0,1.0,1.0,3.0,1.0,9.0,2.0,2.0,1.0,1.0,7.0,1.0,8.0,1.0,1.0,1.0,1.0,2.0,1.0,1.0,1.0,1.0,2.0,1.0,1.0,1.0,1.0,1.0,1.0,4.0,4.0,3.0,2.0,1.0,1.0,1.0,1.0,3.0,1.0,1.0,1.0,1.0,1.0,1.0,1.0,1.0,2.0,1.0,3.0,0.24337417607789,1.0,1.0,3.0,5.0,9.0,7.0,2.0,2.0,1.0,1.0,1.0,2.0,3.0,1.0,1.0,2.0,3.0,1.0,1.0,2.0,2.0,1.0,1.0,1.0,1.0,2.0,1.0,1.0,-1.0,-1.0,-2.0,-4.0,-12.0,-7.0,-6.0,-6.0,-9.0,-11.0,-2.0,-8.0,-10.0,-6.0,-11.0,-6.50984180533249,-1.0,-4.0,-1.0,-10.0,-11.0,-3.0,-8.0,-12.0,-10.0,-1.0,-1.0,-1.0,-1.0,-7.0,-7.0,-13.0,-7.0,2.0,1.0,1.0,1.0,2.0,1.0,1.0,5.0,1.0,2.0,1.0,1.0,3.0,1.0,3.0,1.0,1.0,1.0,1.0,1.0,1.0,1.0,1.0,4.0,1.0,1.0,2.0,1.0,1.0,3.0,1.0,1.0,2.0,1.0,1.0,2.0,3.0,1.0,2.0,1.0,1.0,1.0,1.0,1.0,1.0,2.0,1.0,2.0,1.0,2.0,5.0,6.0,1.0,2.0,1.0,1.0,3.0,1.0,1.0,2.0,3.0,3.0,1.0,1.0,2.0,5.0,5.0,1.0,1.0,4.0,3.0,2.0,1.0,1.0,-1.0,1.0,2.0,-3.0,1.0,1.0,-4.0,-4.0,-3.0,2.0,-1.0,-1.0,-1.0,-2.0,2.0,10.0,1.0,1.0,1.0,2.0,3.0,4.0,1.0,2.0,1.0,17.0,1.0,1.0,1.0,1.0,2.0,1.0,1.0,1.0,4.0,4.0,1.0,3.0,1.0,1.0,2.0,1.0,1.0,1.0,2.0,2.0,1.0,1.0,1.0,1.0,2.0,3.0,18.94840458248437,1.0,1.0,3.0,1.0,1.0,1.0,2.0,3.0,1.0,1.0,2.0,4.0,2.0,1.0,1.0,1.0,1.0,2.0,3.0,1.0,4.0,1.0,1.0,1.0,4.0,4.0,1.0,1.0,2.0,2.0,2.0,2.0,1.0,2.0,1.0,2.0,3.0,1.0,6.0,11.0,8.0,5.0,4.0,5.0,3.0,2.0,1.0,1.0,1.0,1.0,1.0,2.0,2.0,3.0,2.0,3.0,1.0,1.0,1.0,1.0,1.0,1.0,3.0,2.0,5.0,1.0,2.0,2.0,1.0,5.0,1.0,5.0,1.0,2.0,5.0,3.0,2.0,1.0,15.11250881122309,1.0,2.0,3.0,1.0,1.0,1.0,3.0,3.0,2.0,4.0,1.0,1.0,1.0,1.0,1.0,1.0,1.0,1.0,1.0,1.0,1.0,3.0,5.0,1.0,1.0,1.0,2.0,2.0,1.0,1.0,5.0,1.0,1.0,5.0,1.0,1.0,-7.0,-7.0,1.0,-1.0,-4.0,-2.0,-1.0,-2.0,-1.0,1.0,-1.0,-3.0,-5.0,0.0,-3.0,-1.0,-2.0,-4.0,1.0,-1.0,1.0,-1.0,-1.0,1.0,-1.0,-1.0,2.0,-2.0,-3.0,2.0,-2.0,-1.0,1.0,-1.0,-1.0,-2.0,1.0,-2.0,-1.0,2.0,-1.0,-1.0,-1.0,-1.0,-2.0,2.0,-2.0,-2.0,0.0,-1.0,-1.0,-1.0,-1.0,-1.0,1.0,1.0,1.0,7.0,1.0,1.0,1.0,1.0,1.0,2.0,1.0,1.0,12.0,1.0,1.0,1.0,1.0,1.0,1.0,2.0,1.0,1.0,1.0,1.0,2.0,4.0,3.0,1.0,1.0,3.0,1.0,1.0,1.0,1.0,2.0,1.0,1.0,1.0,1.0,1.0,2.0,1.0,1.0,3.0,7.0,2.0,1.0,1.0,1.0,1.0,1.0,1.0,1.0,1.0,1.0,1.0,1.0,1.0,6.0,1.0,1.0,1.0,1.0,1.0,1.0,1.0,1.0,1.0,1.0,1.0,1.0,1.0,1.0,1.0,1.0,4.0,1.0,1.0,1.0,1.0,1.0,1.0,1.0,1.0,1.0,1.0,1.0,1.0,1.0,1.0,1.0,1.0,1.0,1.0,1.0,-1.0,-1.0,1.0,1.0,2.0,-2.0,-2.0,-2.0,-2.0,-2.0,1.0,1.0,-3.56110793196185,-3.0,-3.0,-3.0,1.0,-5.0,-5.0,-5.0,1.0,1.0,1.0,1.0,2.0,1.0,1.0,-1.0,-1.0,-1.0,-1.0,-1.0,-1.0,4.0,4.0,1.0,1.0,3.0,1.0,1.0,1.0,1.0,1.0,3.0,3.0,2.0,1.0,1.0,1.0,1.0,1.0,2.0,1.0,1.0,2.0,2.0,1.0,1.0,1.0,1.0,1.0,3.0,3.0,3.0,1.0,1.0,2.0,1.0,1.0,2.0,2.0,2.0,1.0,1.0,1.0,2.0,1.0,1.0,1.0,1.0,3.0,1.0,1.0,1.0,1.0,4.0,2.0,5.0,1.0,2.0,1.0,1.0,1.0,1.0,3.0,1.0,2.0,3.0,2.0,1.0,1.0,1.0,2.0,2.0,2.0,2.0,1.0,6.0,3.0,6.0,1.0,1.0,1.0,3.0,1.0,4.0,5.0,1.0,1.0,1.0,1.0,1.0,17.0,1.0,2.0,12.0,1.0,2.0,3.0,8.0,13.0,5.0,2.0,1.0,2.0,6.0,4.0,4.0,2.0,1.0,3.0,2.0,1.0,1.0,1.0,3.0,1.0,1.0,1.0,3.0,1.0,1.0,1.0,3.0,1.0,1.0,1.0,2.0,3.0,7.0,4.0,3.0,-0.31044766992144,2.0,2.0,2.0,1.0,1.0,1.0,1.0,1.0,1.0,1.0,1.0,1.0,1.0,1.0,1.0,1.0,1.0,1.0,1.0,1.0,1.0,1.0,1.0,1.0,1.0,1.0,1.0,1.0,3.0,1.0,1.0,2.0,2.0,2.0,2.0,3.0,1.0,1.0,1.0,2.0,1.0,4.0,3.0,1.0,1.0,1.0,2.0,1.0,7.39298284432326,1.0,5.0,3.0,2.0,1.0,1.0,1.0,1.0,1.0,1.0,1.0,1.0,1.0,3.0,4.0,3.0,1.0,1.0,1.0,1.0,1.0,1.0,1.0,1.0,1.0,1.0,1.0,1.0,2.0,1.0,1.0,1.0,1.0,1.0,1.0,1.0,1.0,1.0,1.0,1.0,2.0,1.0,1.0,1.0,1.0,1.0,1.0,1.0,1.0,1.0,1.0,1.0,1.0,1.0,3.0,8.0,2.0,1.0,2.0,1.0,1.0,4.0,1.0,1.0,1.0,1.0,1.0,1.0,1.0,7.0,5.0,2.0,3.0,1.0,1.0,2.0,1.0,1.0,1.0,1.0,1.0,1.0,2.0,3.0,1.0,2.0,2.0,2.0,-16.38832593496558,3.0,1.0,1.0,1.0,1.0,3.0,2.0,3.0,3.0,1.0,1.0,2.0,2.0,2.0,3.0,2.0,1.0,3.0,1.0,2.0,2.0,2.0,2.0,2.0,2.0,1.0,1.0,1.0,1.0,1.0,1.0,1.0,1.0,1.0,2.0,1.0,1.0,1.0,3.0,1.0,1.0,1.0,1.0,1.0,1.0,1.0,2.0,1.0,6.0,1.0,5.0,1.0,4.0,1.0,8.0,1.0,3.0,3.0,4.0,1.0,2.0,2.0,1.0,1.0,3.0,2.0,3.0,1.0,2.0,1.0,1.0,2.0,1.0,1.0,4.0,6.0,1.0,1.0,1.0,2.0,2.0,1.0,1.0,3.0,5.0,5.38785976813884,1.0,1.0,5.0,1.0,1.0,2.0,1.0,1.0,1.0,4.0,2.0,1.0,4.0,2.0,6.0,1.0,1.0,1.0,1.0,6.0,5.96397995782018,1.0,1.0,3.0,3.0,-1.3686525685699,9.0,2.0,3.0,3.0,3.0,3.0,1.0,1.0,5.0,5.0,5.0,5.0,1.0,7.0,10.0,2.0,1.0,4.0,5.0,5.0,5.0,5.0,2.0,1.0,3.0,5.0,4.0,2.0,2.0,1.0,1.0,2.0,3.0,1.0,1.0,3.0,11.0,5.0,5.0,5.0,5.0,5.0,5.0,5.0,5.0,13.0,3.0,2.0,2.0,3.0,11.0,5.0,5.0,5.0,5.0,1.0,1.0,2.0,18.0,11.0,2.0,1.0,3.0,3.0,5.0,5.0,5.0,5.0,5.0,5.0,2.0,1.0,3.0,1.0,1.0,21.0,1.0,2.0,3.0,6.0,6.0,6.0,6.0,2.0,5.0,3.0,2.0,5.0,13.0,2.0,5.0,5.0,5.0,5.0,6.0,2.0,24.0,2.0,1.0,2.0,5.0,5.0,5.0,5.0,1.0,2.0,4.0,3.0,12.0,1.0,9.0,4.0,4.0,4.0,4.0,4.0,4.0,4.0,1.0,10.0,4.0,1.0,21.0,1.0,2.0,1.0,1.0,1.0,4.0,3.0,5.0,6.0,6.0,6.0,6.0,6.0,1.0,1.0,3.0,15.0,1.0,1.0,1.0,1.0,7.0,4.0,1.0,10.0,5.0,5.0,5.0,5.0,1.0,1.0,4.0,2.0,-19.72431348956135,1.0,2.0,2.0,9.0,2.0,1.0,1.0,3.0,1.0,4.0,3.0,1.0,1.0,1.0,1.0,1.0,2.0,1.0,1.0,9.0,1.0,1.0,1.0,2.0,5.0,5.0,5.0,5.0,2.0,1.0,7.0,1.0,2.0,5.0,5.0,5.0,5.0,5.0,5.0,5.0,3.0,1.0,1.0,20.0,1.0,1.0,1.0,4.0,1.0,1.0,2.0,1.0,9.0,3.0,4.0,4.0,4.0,4.0,4.0,4.0,4.0,4.0,1.0,1.0,37.0,1.0,1.0,1.0,6.0,6.0,6.0,6.0,6.0,6.0,1.0,1.0,1.0,1.0,6.0,16.0,1.0,5.0,5.0,5.0,5.0,1.0,27.0,1.0,1.0,1.0,7.0,6.0,6.0,6.0,6.0,1.0,2.0,1.0,30.0,1.0,1.0,1.0,1.0,8.0,6.0,6.0,6.0,6.0,13.32796194626393,2.0,2.0,2.0,2.0,5.0,5.0,7.0,3.0,30.0,3.0,10.0,6.0,1.0,10.0,5.0,5.0,5.0,5.0,5.0,5.0,5.0,4.0,1.0,6.0,8.0,1.0,2.0,3.0,4.0,4.0,5.0,6.0,6.0,6.0,6.0,-5.0,-5.0,-5.0,-5.0,-5.0,-5.0,-5.0,-5.0,-5.0,-5.0,1.0
1.0,1.0,1.0,2.0,1.0,2.0,4.0,7.0,1.0,2.0,1.0,5.0,1.0,1.0,1.0,1.0,3.0,1.0,2.0,1.0,1.0,1.0,1.0,1.0,1.0,1.0,5.0,2.0,1.0,3.0,1.0,1.0,5.0,1.0,1.0,2.0,1.0,1.0,1.0,2.0,3.0,1.0,1.0,1.0,1.0,1.0,1.0,1.0,1.0,1.0,1.0,1.0,5.0,3.0,2.0,1.0,1.0,2.0,1.0,1.0,1.0,1.0,1.0,1.0,1.0,1.0,2.0,1.0,5.0,1.0,2.0,1.0,1.0,2.0,1.0,1.0,1.0,1.0,2.0,1.0,7.0,4.0,1.0,2.0,1.0,2.0,12.0,5.0,1.0,15.0,1.0,2.0,2.0,2.0,1.0,1.0,8.0,1.0,4.0,1.0,1.0,16.0,3.0,3.0,1.0,2.0,1.0,1.0,6.0,7.0,1.0,2.0,3.0,2.0,2.0,3.0,2.0,1.0,5.0,1.0,3.0,2.0,2.0,1.0,1.0,1.0,10.0,10.0,1.0,3.0,2.0,1.0,2.0,5.0,2.0,1.0,3.0,1.0,1.0,1.0,1.0,1.0,1.0,1.0,7.0,1.0,1.0,13.0,1.0,1.0,1.0,10.0,2.0,1.0,3.0,1.0,1.0,2.0,3.0,1.0,1.0,1.0,1.0,1.0,1.0,1.0,2.0,1.0,14.0,1.0,1.0,1.0,2.0,2.0,1.0,3.0,2.0,1.0,1.0,1.0,2.0,5.0,1.0,1.0,1.0,4.0,1.0,4.0,2.0,14.0,1.0,2.0,2.0,4.0,1.0,1.0,3.0,1.0,1.0,2.0,1.0,1.0,4.0,3.0,17.0,1.0,1.0,1.0,1.0,3.0,1.0,3.0,5.0,1.0,2.0,2.0,2.0,1.0,1.0,1.0,4.0,1.0,2.0,1.0,1.0,1.0,1.0,1.0,1.0,5.0,2.0,2.0,3.0,1.0,1.0,1.0,1.0,2.0,1.0,1.0,1.0,1.0,1.0,5.0,2.0,3.0,2.0,2.0,3.0,1.0,2.0,4.0,1.0,2.0,2.0,2.0,1.0,1.0,1.0,1.0,1.0,3.0,2.0,1.0,1.0,13.0,3.0,1.0,1.0,1.0,7.0,4.0,1.0,1.0,1.0,8.0,1.0,1.0,6.0,2.0,1.0,3.0,2.0,8.0,2.0,1.0,1.0,1.0,5.0,1.0,8.0,1.0,4.0,9.0,7.0,1.0,1.0,8.0,1.0,2.0,1.0,1.0,4.0,1.0,1.0,1.0,7.0,4.0,5.0,3.0,1.0,1.0,1.0,2.0,1.0,1.0,1.0,1.0,1.0,1.0,6.0,3.0,2.0,2.0,1.0,1.0,1.0,1.0,1.0,1.0,5.0,1.0,1.0,3.0,1.0,1.0,3.0,3.0,1.0,1.0,1.0,2.0,2.0,1.0,1.0,1.0,3.0,4.0,4.0,1.0,1.0,1.0,2.0,1.0,2.0,2.0,2.0,8.0,9.0,3.0,1.0,2.0,1.0,1.0,3.0,2.0,2.0,1.0,5.0,1.0,3.0,3.0,3.0,4.0,1.0,1.0,2.0,2.0,3.0,3.0,1.0,3.0,2.0,1.0,1.0,1.0,1.0,1.0,1.0,1.0,1.0,1.0,1.0,1.0,2.0,10.0,2.0,3.0,3.0,3.0,2.0,1.0,1.0,1.0,1.0,2.0,1.0,15.0,3.0,3.0,3.0,3.0,1.0,1.0,11.0,2.0,2.0,2.0,3.0,1.0,1.0,1.0,1.0,9.0,2.0,2.0,3.0,3.0,1.0,1.0,1.0,2.0,1.0,13.0,2.0,2.0,3.0,3.0,6.0,5.0,2.0,2.0,2.0,2.0,3.0,3.0,4.0,3.0,2.0,2.0,3.0,3.0,4.0,2.0,7.0,3.0,3.0,2.0,2.0,1.0,3.0,7.0,2.0,13.0,6.0,4.0,1.0,1.0,1.0,2.0,1.0,3.0,2.0,10.0,2.0,14.0,1.0,1.0,1.0,9.0,3.0,2.0,1.0,1.0,10.0,2.0,1.0,1.0,1.0,2.0,3.0,7.0,5.0,1.0,1.0,1.0,2.0,6.0,2.0,2.0,4.0,2.0,1.0,1.0,1.0,3.0,2.0,10.0,3.0,1.0,1.0,1.0,5.0,3.0,5.0,1.0,3.0,1.0,1.0,2.0,2.0,3.0,2.0,1.0,2.0,1.0,1.0,1.0,2.0,1.0,1.0,1.0,1.0,5.0,1.0,2.0,1.0,1.0,1.0,1.0,1.0,4.0,1.0,1.0,14.0,1.0,4.0,1.0,13.0,11.0,2.0,2.0,1.0,5.0,1.0,11.0,1.0,1.0,1.0,1.0,1.0,4.0,1.0,1.0,1.0,1.0,3.0,1.0,3.0,1.0,5.0,9.0,1.0,1.0,1.0,1.0,4.0,1.0,6.0,13.0,1.0,3.0,3.0,4.0,1.0,3.0,1.0,4.0,1.0,14.0,9.0,12.0,7.0,1.0,1.0,1.0,2.0,4.0,4.0,6.0,10.0,8.0,21.0,4.0,4.0,3.0,2.0,4.0,1.0,2.0,12.0,11.0,1.0,3.0,4.0,1.0,1.0,1.0,1.0,3.0,6.0,7.0,2.0,5.0,3.0,3.0,8.0,10.0,2.0,19.0,8.0,5.0,1.0,3.0,2.0,6.0,-2.04564786099211,2.0,1.0,2.0,3.0,8.0,9.0,6.0,6.0,1.0,1.0,2.0,2.0,2.0,8.0,4.0,5.0,8.0,7.0,13.0,3.0,9.0,2.0,1.0,3.0,5.0,1.0,3.0,1.0,1.0,5.47566330468136,8.0,1.0,2.0,1.0,1.0,6.0,1.0,1.0,1.0,5.0,15.0,1.0,2.0,7.0,5.0,4.0,5.0,4.0,16.0,6.0,4.0,2.0,1.0,1.0,1.0,1.0,1.0,1.0,2.0,1.0,7.0,7.0,4.0,1.0,2.0,1.0,2.0,1.0,1.0,1.0,1.0,2.0,2.0,1.0,1.0,1.0,1.0,1.0,1.0,1.0,1.0,1.0,1.0,1.0,2.0,2.0,4.0,1.0,1.0,1.0,2.0,7.0,1.0,1.0,1.0,1.0,1.0,1.0,1.0,2.0,3.0,6.0,7.0,4.0,1.0,3.0,1.0,1.0,1.0,1.0,1.0,1.0,1.0,1.0,1.0,2.0,1.0,1.0,2.0,1.0,1.0,1.0,2.0,1.0,1.0,1.0,1.0,1.0,2.0,2.0,3.0,6.0,1.0,1.0,2.0,1.0,1.0,2.0,1.0,1.0,13.0,19.0,2.0,1.0,1.0,4.0,1.0,1.0,1.0,1.0,1.0,1.0,1.0,1.0,1.0,1.0,1.0,2.0,1.0,1.0,1.0,16.0,15.0,1.0,2.0,2.0,2.0,1.0,1.0,1.0,2.0,1.0,1.0,1.0,1.0,1.0,2.0,1.0,1.0,3.0,1.0,1.0,1.0,2.0,1.0,1.0,12.0,7.0,1.0,5.0,1.0,3.0,1.0,1.0,1.0,2.0,3.0,1.0,1.0,6.0,7.0,3.0,5.0,3.0,1.0,1.0,3.0,2.0,1.0,7.0,16.0,1.0,1.0,5.0,3.0,1.0,1.0,3.0,2.0,1.0,3.96952489648403,1.0,2.0,3.0,3.0,1.0,1.0,2.0,1.0,1.0,1.0,2.0,30.0,1.0,4.0,7.0,1.0,1.0,1.0,1.0,1.0,2.0,1.0,2.0,1.0,1.0,1.0,1.0,1.0,1.0,5.0,24.0,4.0,2.0,1.0,1.0,1.0,1.0,1.0,1.0,2.0,2.0,3.0,1.0,2.0,1.0,1.0,1.0,1.0,1.0,1.0,1.0,2.0,1.0,1.0,1.0,1.0,1.0,1.0,1.0,1.0,3.0,1.0,1.0,1.0,3.0,5.0,2.0,3.0,1.0,1.0,2.0,1.0,2.0,1.0,3.0,1.0,2.0,1.0,1.0,2.0,2.0,2.0,1.0,1.0,5.0,2.0,2.0,4.0,1.0,3.0,1.0,4.0,1.0,1.0,2.0,1.0,1.0,4.0,1.0,2.0,1.0,1.0,2.0,4.0,1.0,2.0,2.0,5.0,1.0,1.0,2.0,1.0,1.0,3.0,1.0,1.0,3.0,3.0,5.0,3.0,4.0,1.0,1.0,1.0,2.0,1.0,2.0,1.0,2.0,1.0,1.0,3.0,1.0,1.0,1.0,1.0,2.0,1.0,1.0,1.0,2.0,1.0,1.0,1.0,1.0,1.0,1.0,1.0,1.0,4.0,1.0,1.0,1.0,2.0,1.0,6.0,1.0,1.0,1.0,2.0,2.0,1.0,1.0,1.0,-1.2523449689335,2.0,1.0,1.0,2.0,1.0,-1.0,-1.0,-1.0,-1.0,-2.0,1.0,9.0,-1.0,1.0,-1.0,-1.0,-5.0,-4.0,-3.0,-4.0,-5.0,-5.0,1.0,1.0,1.0,6.0,6.0,2.0,1.0,3.0,2.0,1.0,4.0,5.0,1.0,3.0,1.0,1.0,2.0,1.0,5.0,1.0,1.0,10.0,4.0,1.0,1.0,1.0,3.0,7.0,1.0,2.0,8.0,1.0,2.0,1.0,1.0,1.0,2.0,1.0,2.0,9.0,1.0,9.0,1.0,1.0,1.0,3.0,1.0,1.0,4.0,4.0,1.0,2.0,1.0,2.0,1.0,1.0,1.0,2.0,1.0,1.0,2.0,4.0,1.0,1.0,10.0,1.0,1.0,1.0,3.0,1.0,4.0,4.0,9.0,1.0,1.0,5.0,1.0,1.0,4.957128867032768,4.0,2.0,5.0,1.0,7.0,1.0,5.0,1.0,1.0,1.0,18.20845275419301,1.0,5.0,4.0,6.0,1.0,-3.0,-1.0,-1.0,-13.71931735451625,-2.0,-2.0,-1.0,-1.0,-1.0,-1.0,-3.0,-1.0,-2.0,-4.0,-1.0,-2.0,-1.0,-1.0,-1.0,5.0,4.0,2.0,7.0,2.0,1.0,2.0,1.0,2.0,1.0,3.0,4.0,4.0,1.0,1.0,2.0,4.0,2.0,6.0,1.0,5.0,11.27775448851298,8.0,7.0,1.0,4.0,3.0,1.0,1.0,1.0,2.0,1.0,4.0,1.0,1.0,1.0,1.0,2.0,1.0,1.0,3.0,2.0,4.0,7.0,7.0,4.0,1.0,1.0,4.0,1.0,1.0,2.0,1.0,1.0,5.0,1.0,2.0,7.0,4.0,2.0,2.0,1.0,1.0,1.0,2.0,2.0,2.0,1.0,1.0,2.0,6.0,1.0,4.0,2.0,3.0,-9.81276160699843,1.0,8.0,8.0,1.0,1.0,2.0,2.0,1.0,1.0,2.0,2.0,11.0,5.0,2.0,1.0,2.0,2.0,2.0,2.0,2.0,2.0,2.0,2.0,2.0,1.0,1.0,25.0,6.0,5.0,5.0,5.0,5.0,5.0,5.0,3.0,2.0,1.0,1.0,2.0,1.0,1.0,12.0,15.0,4.0,4.0,5.0,4.0,4.0,5.0,2.0,1.0,5.0,1.0,1.0,2.0,1.0,16.0,5.0,4.0,5.0,4.0,10.0,2.0,4.0,3.0,3.0,6.0,4.0,4.0,4.0,4.0,4.0,4.0,4.0,4.0,4.0,2.0,4.0,4.0,4.0,4.0,4.0,4.0,1.0,1.0,4.0,4.0,4.0,4.0,4.0,4.0,1.0,1.0,1.0,1.0,1.0,1.0,4.0,4.0,4.0,4.0,4.0,4.0,4.0,4.0,4.0,4.0,1.0,1.0,1.0,1.0,3.0,1.0,1.0,10.0,1.0,1.0,1.0,1.0,1.0,21.0,15.0,1.0,1.0,1.0,1.0,1.0,1.0,5.0,1.0,6.0,2.0,2.0,23.0,14.0,1.0,3.0,3.0,3.0,3.0,3.0,3.0,3.0,3.0,1.0,1.0,1.0,1.0,1.0,6.0,1.0,4.0,10.0,9.0,26.0,7.0,3.0,3.0,4.0,3.0,3.0,3.0,4.0,3.0,1.0,1.0,1.0,1.0,3.0,1.0,1.0,13.0,2.0,2.0,2.0,2.0,2.0,2.0,2.0,1.0,1.0,2.0,2.0,2.0,2.0,2.0,2.0,3.0,2.0,1.0,2.0,2.0,2.0,2.0,2.0,2.0,2.0,1.0,2.0,2.0,2.0,2.0,2.0,2.0,2.0,2.0,2.0,2.0,2.0,1.0,-2.0,1.0,4.0,1.0,-4.0,-4.0,-5.0,-4.0,-4.0,-4.0,-5.0,-4.0,-1.0,1.0,2.0,-1.0,1.0,-4.0,-5.0,-4.0,-4.0,-5.0,-4.0,2.0,1.0,-5.0,-6.0,-5.0,-5.0,-6.0,-5.0,1.0,1.0,1.0,-5.0,-5.0,-5.0,-5.0,-5.0,-5.0,-1.0,1.0,-1.0,-5.0,-5.0,-5.0,-5.0,-5.0,-5.0,-3.0,-4.0,-1.0,-1.0,-3.0,-1.0,0.0,1.0,-9.0,-5.0,1.0,-1.0,-2.0,-1.0,-1.0,-2.0,-1.0,-3.0,-2.0,-1.0,-1.0,-1.0,-1.0,-1.0,-3.0,-1.0,-1.0,-1.0,-1.0,-3.0,-2.0,19.45784305872714,-2.0,-1.0,-1.0,-1.0,-2.0,7.0,-4.0,-2.0,-3.0,-3.0,-1.0,-1.0,-1.0,1.0,1.0,0.0,-1.0,-5.0,-7.0,-1.0,-2.0,-1.0,9.0,2.0,13.0,-1.0,-1.0,-1.0,-5.0,-5.0,-2.0,-4.0,1.0,5.0,4.0,2.0,2.0,1.0,2.0,15.0,17.0,4.0,5.0,7.0,13.0,1.0,3.0,1.0,1.0,1.0,12.0,5.0,5.0,1.0,11.0,2.0,4.0,2.0,1.0,15.57346510062307,4.0,2.0,1.0,1.0,2.0,1.0,1.0,2.0,1.0,1.0,2.0,6.0,1.0,1.0,2.0,4.0,3.0,2.0,2.0,3.0,7.0,1.0,1.0,1.0,1.0,1.0,2.0,1.0,1.0,1.0,1.0,1.0,1.0,1.0,1.0,2.0,2.0,1.0,4.0,1.0,1.0,1.0,1.0,3.0,1.0,2.0,6.0,1.0,1.0,1.0,1.0,1.0,1.0,-2.5485758184053537,1.0,1.0,1.0,1.0,1.0,3.0,1.0,1.0,3.0,2.0,2.0,2.0,5.0,-20.80157324031526,2.0,2.0,4.0,3.0,1.0,2.0,2.0,2.0,2.0,-15.704502461243464,1.0,2.0,2.0,2.0,1.0,1.0,1.0,1.0,1.0,2.0,1.0,4.0,1.0,1.0,1.0,1.0,2.0,1.0,1.0,1.0,5.0,5.0,1.0,4.0,3.0,2.0,2.0,1.0,5.0,1.0,3.0,4.0,2.0,1.0,3.0,3.0,4.0,3.0,3.0,1.0,1.0,2.0,1.0,3.0,2.0,4.0,2.0,1.0,4.0,2.0,1.0,2.0,3.0,3.0,3.0,3.0,2.0,1.0,4.0,5.0,1.0,1.0,5.0,4.0,2.0,1.0,1.0,6.276158308138452,6.0,10.0,1.0,5.0,5.0,1.0,7.0,2.0,1.0,10.0,4.0,3.0,3.0,1.0,7.0,1.0,11.0,1.0,2.0,2.0,1.0,3.0,2.0,1.0,1.0,5.0,8.0,1.0,7.0,3.0,1.0,2.0,2.0,1.0,2.0,1.0,1.0,1.0,1.0,2.0,7.0,6.0,1.0,2.0,1.0,1.0,1.0,1.0,5.0,1.0,1.0,2.0,5.0,1.0,2.0,7.0,6.0,6.0,1.0,2.0,9.0,3.0,6.0,1.0,6.0,4.0,9.0,1.0,1.0,1.0,2.0,10.0,6.0,2.0,2.0,5.0,5.0,1.0,10.0,1.0,2.0,4.0,5.0,13.0,1.0,1.0,1.0,1.0,4.0,4.0,3.0,1.0,2.0,1.0,1.0,1.0,2.0,4.0,4.0,5.0,11.0,1.0,1.0,13.2640361646798,1.0,5.0,2.0,7.0,1.0,1.0,2.0,1.0,1.0,1.0,3.0,3.0,2.0,2.0,3.0,5.0,1.0,2.0,1.0,-2.0,1.0,1.0,7.0,-3.0,-3.0,-3.0,-3.0,1.0,0.0,4.0,-2.0,5.0,-6.0,-6.0,-6.0,-6.0,-2.0,-1.0,-1.0,-6.0,-6.0,-6.0,-6.0,-3.0,-2.0,-1.0,-1.0,-3.0,-3.0,-3.0,-3.0,-2.0,-1.0,-1.0,2.0,-1.0,-6.0,-6.0,-6.0,-7.103831779623127,-6.0,-6.0,-6.0,1.0,1.0,-3.0,-3.0,7.0,2.0,-5.0,-5.0,-5.0,-5.0,1.0,-2.0,-2.0,2.0,1.0,-5.0,-6.0,-5.0,-5.0,2.0,1.0,1.0,1.0,-6.0,-6.0,-6.0,-6.0,-1.0,1.0,-2.0,-2.0,1.0,2.0,-13.0,-13.0,-1.0,-1.0,-2.0,2.0,1.0,-5.0,-5.0,-5.0,-5.0,-5.0,-5.0,1.0,1.0,-5.0,-5.0,-5.0,-5.0,-5.0,0.0,-3.0,-12.0,-12.0,1.0,5.0,-7.0,-7.0,-7.0,-7.0,1.0,7.0,1.0,1.0,1.0,2.0,11.0,1.0,4.0,1.0,3.0,6.0,1.0,2.0,3.0,15.0,3.0,2.0,3.0,4.0,1.0,6.0,6.0,4.0,2.0,1.0,1.0,1.0,1.0,1.0,1.0,3.0,7.0,1.0,3.0,1.0,1.0,1.0,3.0,2.0,1.0,2.0,2.0,1.0,1.0,3.0,3.0,3.0,1.0,1.0,2.0,3.0,3.0,3.0,1.0,1.0,1.0,3.0,4.0,4.0,2.0,3.0,1.0,1.0,1.0,1.0,1.0,1.0,2.0,3.0,4.0,4.0,2.0,6.0,3.0,1.0,1.0,1.0,1.0,1.0,1.0,2.0,3.0,1.0,13.0,3.0,1.0,1.0,6.0,1.0,1.0,1.0,4.0,1.0,1.0,2.0,2.0,4.0,3.0,3.0,1.0,1.0,1.0,1.0,2.0,2.0,3.0,3.0,1.0,1.0,2.0,2.0,1.0,2.0,6.0,6.0,2.0,3.0,2.0,2.0,1.0,1.0,2.0,2.0,6.0,6.0,2.0,3.0,2.0,2.0,1.0,1.0,21.0,3.0,4.0,1.0,2.0,2.0,8.0,1.0,7.0,2.0,1.0,2.0,3.0,4.0,4.0,1.0,16.0,1.0,6.0,3.0,1.0,1.0,2.0,10.0,1.0,10.0,3.0,3.0,2.0,1.0,4.0,3.0,1.0,2.0,1.0,1.0,4.0,1.0,3.0,1.0,2.0,2.0,1.0,1.0,1.0,1.0,3.0,1.0,1.0,2.0,1.0,1.0,1.0,1.0,1.0,1.29786125122586,1.0,1.0,1.0,1.0,1.0,4.0,3.0,1.0,1.0,1.0,1.0,1.0,1.0,2.0,2.0,1.0,4.0,1.0,4.0,1.0,1.0,2.0,1.0,1.0,3.0,2.0,2.0,2.0,2.0,1.0,1.0,6.0,24.0,4.0,1.0,3.0,2.0,1.0,1.0,16.0,35.0,3.0,1.0,1.0,1.0,1.0,1.0,1.0,3.0,5.0,1.0,1.0,2.0,7.0,5.0,5.0,2.0,3.0,1.0,1.0,1.0,8.0,1.0,5.0,3.0,2.0,9.0,6.0,1.0,4.0,13.0,1.0,7.0,7.0,1.0,1.0,1.0,1.0,1.0,4.0,6.0,3.0,2.0,1.0,8.0,6.0,1.0,1.0,1.0,2.0,3.0,1.0,2.0,8.0,1.0,2.0,9.0,2.0,1.0,1.0,1.0,1.0,1.0,4.0,1.0,1.0,4.0,5.0,1.0,1.0,2.0,3.0,2.0,1.0,2.0,5.0,6.0,4.0,6.0,8.0,11.0,7.0,6.0,1.0,1.0,1.0,4.0,1.0,3.0,4.0,5.0,12.0,5.0,2.0,2.0,1.0,4.0,2.0,1.0,1.0,1.0,3.0,4.0,3.0,2.0,17.29671484676516,3.0,5.0,1.0,7.0,5.0,2.0,2.0,3.0,1.0,1.0,1.0,1.0,2.0,1.0,2.0,1.0,1.0,12.0,10.0,8.0,6.0,5.0,1.0,1.0,1.0,3.0,1.0,1.0,1.0,3.0,4.0,1.0,2.0,1.0,1.0,1.0,2.0,1.0,1.0,8.0,1.0,1.0,2.0,2.0,5.0,2.0,2.0,1.0,1.0,3.0,2.0,3.0,1.0,6.0,6.0,1.0,1.0,6.0,1.0,6.0,9.0,3.0,13.0,10.0,1.0,1.0,11.0,1.0,1.0,3.0,8.0,9.0,2.0,1.0,2.0,3.0,3.0,3.0,1.0,1.0,1.0,5.0,5.0,2.0,1.0,2.0,2.0,1.0,1.0,5.0,1.0,1.0,1.0,1.0,3.0,2.0,1.0,2.0,1.0,3.0,4.0,1.0,2.0,1.0,2.0,1.0,2.0,2.0,1.0,1.0,2.0,2.0,1.0,1.0,1.0,1.0,1.0,1.0,2.0,1.0,8.0,2.0,1.0,5.0,6.0,2.0,1.0,1.0,1.0,6.0,2.0,3.0,4.0,3.0,1.0,1.0,2.0,2.0,1.0,1.0,11.0,1.0,1.0,2.0,4.0,5.0,3.0,1.0,4.0,1.0,14.0,4.0,7.0,1.0,1.0,2.0,1.0,1.0,2.92572291035908,1.0,1.0,1.0,3.0,1.0,9.0,2.0,2.0,1.0,1.0,7.0,1.0,8.0,1.0,1.0,1.0,1.0,2.0,1.0,1.0,1.0,1.0,2.0,1.0,1.0,1.0,1.0,1.0,1.0,4.0,4.0,3.0,2.0,1.0,1.0,1.0,1.0,3.0,1.0,1.0,1.0,1.0,1.0,1.0,1.0,1.0,2.0,1.0,3.0,0.24337417607789,1.0,1.0,3.0,5.0,9.0,7.0,2.0,2.0,1.0,1.0,1.0,2.0,3.0,1.0,1.0,2.0,3.0,1.0,1.0,2.0,2.0,1.0,1.0,1.0,1.0,2.0,1.0,1.0,-1.0,-1.0,-2.0,-4.0,-12.0,-7.0,-6.0,-6.0,-9.0,-11.0,-2.0,-8.0,-10.0,-6.0,-11.0,-6.50984180533249,-1.0,-4.0,-1.0,-10.0,-11.0,-3.0,-8.0,-12.0,-10.0,-1.0,-1.0,-1.0,-1.0,-7.0,-7.0,-13.0,-7.0,2.0,1.0,1.0,1.0,2.0,1.0,1.0,5.0,1.0,2.0,1.0,1.0,3.0,1.0,3.0,1.0,1.0,1.0,1.0,1.0,1.0,1.0,1.0,4.0,1.0,1.0,2.0,1.0,1.0,3.0,1.0,1.0,2.0,1.0,1.0,2.0,3.0,1.0,2.0,1.0,1.0,1.0,1.0,1.0,1.0,2.0,1.0,2.0,1.0,2.0,5.0,6.0,1.0,2.0,1.0,1.0,3.0,1.0,1.0,2.0,3.0,3.0,1.0,1.0,2.0,5.0,5.0,1.0,1.0,4.0,3.0,2.0,1.0,1.0,-1.0,1.0,2.0,-3.0,1.0,1.0,-4.0,-4.0,-3.0,2.0,-1.0,-1.0,-1.0,-2.0,2.0,10.0,1.0,1.0,1.0,2.0,3.0,4.0,1.0,2.0,1.0,17.0,1.0,1.0,1.0,1.0,2.0,1.0,1.0,1.0,4.0,4.0,1.0,3.0,1.0,1.0,2.0,1.0,1.0,1.0,2.0,2.0,1.0,1.0,1.0,1.0,2.0,3.0,18.94840458248437,1.0,1.0,3.0,1.0,1.0,1.0,2.0,3.0,1.0,1.0,2.0,4.0,2.0,1.0,1.0,1.0,1.0,2.0,3.0,1.0,4.0,1.0,1.0,1.0,4.0,4.0,1.0,1.0,2.0,2.0,2.0,2.0,1.0,2.0,1.0,2.0,3.0,1.0,6.0,11.0,8.0,5.0,4.0,5.0,3.0,2.0,1.0,1.0,1.0,1.0,1.0,2.0,2.0,3.0,2.0,3.0,1.0,1.0,1.0,1.0,1.0,1.0,3.0,2.0,5.0,1.0,2.0,2.0,1.0,5.0,1.0,5.0,1.0,2.0,5.0,3.0,2.0,1.0,15.11250881122309,1.0,2.0,3.0,1.0,1.0,1.0,3.0,3.0,2.0,4.0,1.0,1.0,1.0,1.0,1.0,1.0,1.0,1.0,1.0,1.0,1.0,3.0,5.0,1.0,1.0,1.0,2.0,2.0,1.0,1.0,5.0,1.0,1.0,5.0,1.0,1.0,-7.0,-7.0,1.0,-1.0,-4.0,-2.0,-1.0,-2.0,-1.0,1.0,-1.0,-3.0,-5.0,0.0,-3.0,-1.0,-2.0,-4.0,1.0,-1.0,1.0,-1.0,-1.0,1.0,-1.0,-1.0,2.0,-2.0,-3.0,2.0,-2.0,-1.0,1.0,-1.0,-1.0,-2.0,1.0,-2.0,-1.0,2.0,-1.0,-1.0,-1.0,-1.0,-2.0,2.0,-2.0,-2.0,0.0,-1.0,-1.0,-1.0,-1.0,-1.0,1.0,1.0,1.0,7.0,1.0,1.0,1.0,1.0,1.0,2.0,1.0,1.0,12.0,1.0,1.0,1.0,1.0,1.0,1.0,2.0,1.0,1.0,1.0,1.0,2.0,4.0,3.0,1.0,1.0,3.0,1.0,1.0,1.0,1.0,2.0,1.0,1.0,1.0,1.0,1.0,2.0,1.0,1.0,3.0,7.0,2.0,1.0,1.0,1.0,1.0,1.0,1.0,1.0,1.0,1.0,1.0,1.0,1.0,6.0,1.0,1.0,1.0,1.0,1.0,1.0,1.0,1.0,1.0,1.0,1.0,1.0,1.0,1.0,1.0,1.0,4.0,1.0,1.0,1.0,1.0,1.0,1.0,1.0,1.0,1.0,1.0,1.0,1.0,1.0,1.0,1.0,1.0,1.0,1.0,1.0,-1.0,-1.0,1.0,1.0,2.0,-2.0,-2.0,-2.0,-2.0,-2.0,1.0,1.0,-3.56110793196185,-3.0,-3.0,-3.0,1.0,-5.0,-5.0,-5.0,1.0,1.0,1.0,1.0,2.0,1.0,1.0,-1.0,-1.0,-1.0,-1.0,-1.0,-1.0,4.0,4.0,1.0,1.0,3.0,1.0,1.0,1.0,1.0,1.0,3.0,3.0,2.0,1.0,1.0,1.0,1.0,1.0,2.0,1.0,1.0,2.0,2.0,1.0,1.0,1.0,1.0,1.0,3.0,3.0,3.0,1.0,1.0,2.0,1.0,1.0,2.0,2.0,2.0,1.0,1.0,1.0,2.0,1.0,1.0,1.0,1.0,3.0,1.0,1.0,1.0,1.0,4.0,2.0,5.0,1.0,2.0,1.0,1.0,1.0,1.0,3.0,1.0,2.0,3.0,2.0,1.0,1.0,1.0,2.0,2.0,2.0,2.0,1.0,6.0,3.0,6.0,1.0,1.0,1.0,3.0,1.0,4.0,5.0,1.0,1.0,1.0,1.0,1.0,17.0,1.0,2.0,12.0,1.0,2.0,3.0,8.0,13.0,5.0,2.0,1.0,2.0,6.0,4.0,4.0,2.0,1.0,3.0,2.0,1.0,1.0,1.0,3.0,1.0,1.0,1.0,3.0,1.0,1.0,1.0,3.0,1.0,1.0,1.0,2.0,3.0,7.0,4.0,3.0,-0.31044766992144,2.0,2.0,2.0,1.0,1.0,1.0,1.0,1.0,1.0,1.0,1.0,1.0,1.0,1.0,1.0,1.0,1.0,1.0,1.0,1.0,1.0,1.0,1.0,1.0,1.0,1.0,1.0,1.0,3.0,1.0,1.0,2.0,2.0,2.0,2.0,3.0,1.0,1.0,1.0,2.0,1.0,4.0,3.0,1.0,1.0,1.0,2.0,1.0,7.39298284432326,1.0,5.0,3.0,2.0,1.0,1.0,1.0,1.0,1.0,1.0,1.0,1.0,1.0,3.0,4.0,3.0,1.0,1.0,1.0,1.0,1.0,1.0,1.0,1.0,1.0,1.0,1.0,1.0,2.0,1.0,1.0,1.0,1.0,1.0,1.0,1.0,1.0,1.0,1.0,1.0,2.0,1.0,1.0,1.0,1.0,1.0,1.0,1.0,1.0,1.0,1.0,1.0,1.0,1.0,3.0,8.0,2.0,1.0,2.0,1.0,1.0,4.0,1.0,1.0,1.0,1.0,1.0,1.0,1.0,7.0,5.0,2.0,3.0,1.0,1.0,2.0,1.0,1.0,1.0,1.0,1.0,1.0,2.0,3.0,1.0,2.0,2.0,2.0,-16.38832593496558,3.0,1.0,1.0,1.0,1.0,3.0,2.0,3.0,3.0,1.0,1.0,2.0,2.0,2.0,3.0,2.0,1.0,3.0,1.0,2.0,2.0,2.0,2.0,2.0,2.0,1.0,1.0,1.0,1.0,1.0,1.0,1.0,1.0,1.0,2.0,1.0,1.0,1.0,3.0,1.0,1.0,1.0,1.0,1.0,1.0,1.0,2.0,1.0,6.0,1.0,5.0,1.0,4.0,1.0,8.0,1.0,3.0,3.0,4.0,1.0,2.0,2.0,1.0,1.0,3.0,2.0,3.0,1.0,2.0,1.0,1.0,2.0,1.0,1.0,4.0,6.0,1.0,1.0,1.0,2.0,2.0,1.0,1.0,3.0,5.0,5.38785976813884,1.0,1.0,5.0,1.0,1.0,2.0,1.0,1.0,1.0,4.0,2.0,1.0,4.0,2.0,6.0,1.0,1.0,1.0,1.0,6.0,5.96397995782018,1.0,1.0,3.0,3.0,-1.3686525685699,9.0,2.0,3.0,3.0,3.0,3.0,1.0,1.0,5.0,5.0,5.0,5.0,1.0,7.0,10.0,2.0,1.0,4.0,5.0,5.0,5.0,5.0,2.0,1.0,3.0,5.0,4.0,2.0,2.0,1.0,1.0,2.0,3.0,1.0,1.0,3.0,11.0,5.0,5.0,5.0,5.0,5.0,5.0,5.0,5.0,13.0,3.0,2.0,2.0,3.0,11.0,5.0,5.0,5.0,5.0,1.0,1.0,2.0,18.0,11.0,2.0,1.0,3.0,3.0,5.0,5.0,5.0,5.0,5.0,5.0,2.0,1.0,3.0,1.0,1.0,21.0,1.0,2.0,3.0,6.0,6.0,6.0,6.0,2.0,5.0,3.0,2.0,5.0,13.0,2.0,5.0,5.0,5.0,5.0,6.0,2.0,24.0,2.0,1.0,2.0,5.0,5.0,5.0,5.0,1.0,2.0,4.0,3.0,12.0,1.0,9.0,4.0,4.0,4.0,4.0,4.0,4.0,4.0,1.0,10.0,4.0,1.0,21.0,1.0,2.0,1.0,1.0,1.0,4.0,3.0,5.0,6.0,6.0,6.0,6.0,6.0,1.0,1.0,3.0,15.0,1.0,1.0,1.0,1.0,7.0,4.0,1.0,10.0,5.0,5.0,5.0,5.0,1.0,1.0,4.0,2.0,-19.72431348956135,1.0,2.0,2.0,9.0,2.0,1.0,1.0,3.0,1.0,4.0,3.0,1.0,1.0,1.0,1.0,1.0,2.0,1.0,1.0,9.0,1.0,1.0,1.0,2.0,5.0,5.0,5.0,5.0,2.0,1.0,7.0,1.0,2.0,5.0,5.0,5.0,5.0,5.0,5.0,5.0,3.0,1.0,1.0,20.0,1.0,1.0,1.0,4.0,1.0,1.0,2.0,1.0,9.0,3.0,4.0,4.0,4.0,4.0,4.0,4.0,4.0,4.0,1.0,1.0,37.0,1.0,1.0,1.0,6.0,6.0,6.0,6.0,6.0,6.0,1.0,1.0,1.0,1.0,6.0,16.0,1.0,5.0,5.0,5.0,5.0,1.0,27.0,1.0,1.0,1.0,7.0,6.0,6.0,6.0,6.0,1.0,2.0,1.0,30.0,1.0,1.0,1.0,1.0,8.0,6.0,6.0,6.0,6.0,13.32796194626393,2.0,2.0,2.0,2.0,5.0,5.0,7.0,3.0,30.0,3.0,10.0,6.0,1.0,10.0,5.0,5.0,5.0,5.0,5.0,5.0,5.0,4.0,1.0,6.0,8.0,1.0,2.0,3.0,4.0,4.0,5.0,6.0,6.0,6.0,6.0,-5.0,-5.0,-5.0,-5.0,-5.0,-5.0,-5.0,-5.0,-5.0,-5.0,1.0
1.0,1.0,1.0,2.0,1.0,2.0,4.0,7.0,1.0,2.0,1.0,5.0,1.0,1.0,1.0,1.0,3.0,1.0,2.0,1.0,1.0,1.0,1.0,1.0,1.0,1.0,5.0,2.0,1.0,3.0,1.0,1.0,5.0,1.0,1.0,2.0,1.0,1.0,1.0,2.0,3.0,1.0,1.0,1.0,1.0,1.0,1.0,1.0,1.0,1.0,1.0,1.0,5.0,3.0,2.0,1.0,1.0,2.0,1.0,1.0,1.0,1.0,1.0,1.0,1.0,1.0,2.0,1.0,5.0,1.0,2.0,1.0,1.0,2.0,1.0,1.0,1.0,1.0,2.0,1.0,7.0,4.0,1.0,2.0,1.0,2.0,12.0,5.0,1.0,15.0,1.0,2.0,2.0,2.0,1.0,1.0,8.0,1.0,4.0,1.0,1.0,16.0,3.0,3.0,1.0,2.0,1.0,1.0,6.0,7.0,1.0,2.0,3.0,2.0,2.0,3.0,2.0,1.0,5.0,1.0,3.0,2.0,2.0,1.0,1.0,1.0,10.0,10.0,1.0,3.0,2.0,1.0,2.0,5.0,2.0,1.0,3.0,1.0,1.0,1.0,1.0,1.0,1.0,1.0,7.0,1.0,1.0,13.0,1.0,1.0,1.0,10.0,2.0,1.0,3.0,1.0,1.0,2.0,3.0,1.0,1.0,1.0,1.0,1.0,1.0,1.0,2.0,1.0,14.0,1.0,1.0,1.0,2.0,2.0,1.0,3.0,2.0,1.0,1.0,1.0,2.0,5.0,1.0,1.0,1.0,4.0,1.0,4.0,2.0,14.0,1.0,2.0,2.0,4.0,1.0,1.0,3.0,1.0,1.0,2.0,1.0,1.0,4.0,3.0,17.0,1.0,1.0,1.0,1.0,3.0,1.0,3.0,5.0,1.0,2.0,2.0,2.0,1.0,1.0,1.0,4.0,1.0,2.0,1.0,1.0,1.0,1.0,1.0,1.0,5.0,2.0,2.0,3.0,1.0,1.0,1.0,1.0,2.0,1.0,1.0,1.0,1.0,1.0,5.0,2.0,3.0,2.0,2.0,3.0,1.0,2.0,4.0,1.0,2.0,2.0,2.0,1.0,1.0,1.0,1.0,1.0,3.0,2.0,1.0,1.0,13.0,3.0,1.0,1.0,1.0,7.0,4.0,1.0,1.0,1.0,8.0,1.0,1.0,6.0,2.0,1.0,3.0,2.0,8.0,2.0,1.0,1.0,1.0,5.0,1.0,8.0,1.0,4.0,9.0,7.0,1.0,1.0,8.0,1.0,2.0,1.0,1.0,4.0,1.0,1.0,1.0,7.0,4.0,5.0,3.0,1.0,1.0,1.0,2.0,1.0,1.0,1.0,1.0,1.0,1.0,6.0,3.0,2.0,2.0,1.0,1.0,1.0,1.0,1.0,1.0,5.0,1.0,1.0,3.0,1.0,1.0,3.0,3.0,1.0,1.0,1.0,2.0,2.0,1.0,1.0,1.0,3.0,4.0,4.0,1.0,1.0,1.0,2.0,1.0,2.0,2.0,2.0,8.0,9.0,3.0,1.0,2.0,1.0,1.0,3.0,2.0,2.0,1.0,5.0,1.0,3.0,3.0,3.0,4.0,1.0,1.0,2.0,2.0,3.0,3.0,1.0,3.0,2.0,1.0,1.0,1.0,1.0,1.0,1.0,1.0,1.0,1.0,1.0,1.0,2.0,10.0,2.0,3.0,3.0,3.0,2.0,1.0,1.0,1.0,1.0,2.0,1.0,15.0,3.0,3.0,3.0,3.0,1.0,1.0,11.0,2.0,2.0,2.0,3.0,1.0,1.0,1.0,1.0,9.0,2.0,2.0,3.0,3.0,1.0,1.0,1.0,2.0,1.0,13.0,2.0,2.0,3.0,3.0,6.0,5.0,2.0,2.0,2.0,2.0,3.0,3.0,4.0,3.0,2.0,2.0,3.0,3.0,4.0,2.0,7.0,3.0,3.0,2.0,2.0,1.0,3.0,7.0,2.0,13.0,6.0,4.0,1.0,1.0,1.0,2.0,1.0,3.0,2.0,10.0,2.0,14.0,1.0,1.0,1.0,9.0,3.0,2.0,1.0,1.0,10.0,2.0,1.0,1.0,1.0,2.0,3.0,7.0,5.0,1.0,1.0,1.0,2.0,6.0,2.0,2.0,4.0,2.0,1.0,1.0,1.0,3.0,2.0,10.0,3.0,1.0,1.0,1.0,5.0,3.0,5.0,1.0,3.0,1.0,1.0,2.0,2.0,3.0,2.0,1.0,2.0,1.0,1.0,1.0,2.0,1.0,1.0,1.0,1.0,5.0,1.0,2.0,1.0,1.0,1.0,1.0,1.0,4.0,1.0,1.0,14.0,1.0,4.0,1.0,13.0,11.0,2.0,2.0,1.0,5.0,1.0,11.0,1.0,1.0,1.0,1.0,1.0,4.0,1.0,1.0,1.0,1.0,3.0,1.0,3.0,1.0,5.0,9.0,1.0,1.0,1.0,1.0,4.0,1.0,6.0,13.0,1.0,3.0,3.0,4.0,1.0,3.0,1.0,4.0,1.0,14.0,9.0,12.0,7.0,1.0,1.0,1.0,2.0,4.0,4.0,6.0,10.0,8.0,21.0,4.0,4.0,3.0,2.0,4.0,1.0,2.0,12.0,11.0,1.0,3.0,4.0,1.0,1.0,1.0,1.0,3.0,6.0,7.0,2.0,5.0,3.0,3.0,8.0,10.0,2.0,19.0,8.0,5.0,1.0,3.0,2.0,6.0,-2.04564786099211,2.0,1.0,2.0,3.0,8.0,9.0,6.0,6.0,1.0,1.0,2.0,2.0,2.0,8.0,4.0,5.0,8.0,7.0,13.0,3.0,9.0,2.0,1.0,3.0,5.0,1.0,3.0,1.0,1.0,5.47566330468136,8.0,1.0,2.0,1.0,1.0,6.0,1.0,1.0,1.0,5.0,15.0,1.0,2.0,7.0,5.0,4.0,5.0,4.0,16.0,6.0,4.0,2.0,1.0,1.0,1.0,1.0,1.0,1.0,2.0,1.0,7.0,7.0,4.0,1.0,2.0,1.0,2.0,1.0,1.0,1.0,1.0,2.0,2.0,1.0,1.0,1.0,1.0,1.0,1.0,1.0,1.0,1.0,1.0,1.0,2.0,2.0,4.0,1.0,1.0,1.0,2.0,7.0,1.0,1.0,1.0,1.0,1.0,1.0,1.0,2.0,3.0,6.0,7.0,4.0,1.0,3.0,1.0,1.0,1.0,1.0,1.0,1.0,1.0,1.0,1.0,2.0,1.0,1.0,2.0,1.0,1.0,1.0,2.0,1.0,1.0,1.0,1.0,1.0,2.0,2.0,3.0,6.0,1.0,1.0,2.0,1.0,1.0,2.0,1.0,1.0,13.0,19.0,2.0,1.0,1.0,4.0,1.0,1.0,1.0,1.0,1.0,1.0,1.0,1.0,1.0,1.0,1.0,2.0,1.0,1.0,1.0,16.0,15.0,1.0,2.0,2.0,2.0,1.0,1.0,1.0,2.0,1.0,1.0,1.0,1.0,1.0,2.0,1.0,1.0,3.0,1.0,1.0,1.0,2.0,1.0,1.0,12.0,7.0,1.0,5.0,1.0,3.0,1.0,1.0,1.0,2.0,3.0,1.0,1.0,6.0,7.0,3.0,5.0,3.0,1.0,1.0,3.0,2.0,1.0,7.0,16.0,1.0,1.0,5.0,3.0,1.0,1.0,3.0,2.0,1.0,3.96952489648403,1.0,2.0,3.0,3.0,1.0,1.0,2.0,1.0,1.0,1.0,2.0,30.0,1.0,4.0,7.0,1.0,1.0,1.0,1.0,1.0,2.0,1.0,2.0,1.0,1.0,1.0,1.0,1.0,1.0,5.0,24.0,4.0,2.0,1.0,1.0,1.0,1.0,1.0,1.0,2.0,2.0,3.0,1.0,2.0,1.0,1.0,1.0,1.0,1.0,1.0,1.0,2.0,1.0,1.0,1.0,1.0,1.0,1.0,1.0,1.0,3.0,1.0,1.0,1.0,3.0,5.0,2.0,3.0,1.0,1.0,2.0,1.0,2.0,1.0,3.0,1.0,2.0,1.0,1.0,2.0,2.0,2.0,1.0,1.0,5.0,2.0,2.0,4.0,1.0,3.0,1.0,4.0,1.0,1.0,2.0,1.0,1.0,4.0,1.0,2.0,1.0,1.0,2.0,4.0,1.0,2.0,2.0,5.0,1.0,1.0,2.0,1.0,1.0,3.0,1.0,1.0,3.0,3.0,5.0,3.0,4.0,1.0,1.0,1.0,2.0,1.0,2.0,1.0,2.0,1.0,1.0,3.0,1.0,1.0,1.0,1.0,2.0,1.0,1.0,1.0,2.0,1.0,1.0,1.0,1.0,1.0,1.0,1.0,1.0,4.0,1.0,1.0,1.0,2.0,1.0,6.0,1.0,1.0,1.0,2.0,2.0,1.0,1.0,1.0,-1.2523449689335,2.0,1.0,1.0,2.0,1.0,-1.0,-1.0,-1.0,-1.0,-2.0,1.0,9.0,-1.0,1.0,-1.0,-1.0,-5.0,-4.0,-3.0,-4.0,-5.0,-5.0,1.0,1.0,1.0,6.0,6.0,2.0,1.0,3.0,2.0,1.0,4.0,5.0,1.0,3.0,1.0,1.0,2.0,1.0,5.0,1.0,1.0,10.0,4.0,1.0,1.0,1.0,3.0,7.0,1.0,2.0,8.0,1.0,2.0,1.0,1.0,1.0,2.0,1.0,2.0,9.0,1.0,9.0,1.0,1.0,1.0,3.0,1.0,1.0,4.0,4.0,1.0,2.0,1.0,2.0,1.0,1.0,1.0,2.0,1.0,1.0,2.0,4.0,1.0,1.0,10.0,1.0,1.0,1.0,3.0,1.0,4.0,4.0,9.0,1.0,1.0,5.0,1.0,1.0,4.957128867032768,4.0,2.0,5.0,1.0,7.0,1.0,5.0,1.0,1.0,1.0,18.20845275419301,1.0,5.0,4.0,6.0,1.0,-3.0,-1.0,-1.0,-13.71931735451625,-2.0,-2.0,-1.0,-1.0,-1.0,-1.0,-3.0,-1.0,-2.0,-4.0,-1.0,-2.0,-1.0,-1.0,-1.0,5.0,4.0,2.0,7.0,2.0,1.0,2.0,1.0,2.0,1.0,3.0,4.0,4.0,1.0,1.0,2.0,4.0,2.0,6.0,1.0,5.0,11.27775448851298,8.0,7.0,1.0,4.0,3.0,1.0,1.0,1.0,2.0,1.0,4.0,1.0,1.0,1.0,1.0,2.0,1.0,1.0,3.0,2.0,4.0,7.0,7.0,4.0,1.0,1.0,4.0,1.0,1.0,2.0,1.0,1.0,5.0,1.0,2.0,7.0,4.0,2.0,2.0,1.0,1.0,1.0,2.0,2.0,2.0,1.0,1.0,2.0,6.0,1.0,4.0,2.0,3.0,-9.81276160699843,1.0,8.0,8.0,1.0,1.0,2.0,2.0,1.0,1.0,2.0,2.0,11.0,5.0,2.0,1.0,2.0,2.0,2.0,2.0,2.0,2.0,2.0,2.0,2.0,1.0,1.0,25.0,6.0,5.0,5.0,5.0,5.0,5.0,5.0,3.0,2.0,1.0,1.0,2.0,1.0,1.0,12.0,15.0,4.0,4.0,5.0,4.0,4.0,5.0,2.0,1.0,5.0,1.0,1.0,2.0,1.0,16.0,5.0,4.0,5.0,4.0,10.0,2.0,4.0,3.0,3.0,6.0,4.0,4.0,4.0,4.0,4.0,4.0,4.0,4.0,4.0,2.0,4.0,4.0,4.0,4.0,4.0,4.0,1.0,1.0,4.0,4.0,4.0,4.0,4.0,4.0,1.0,1.0,1.0,1.0,1.0,1.0,4.0,4.0,4.0,4.0,4.0,4.0,4.0,4.0,4.0,4.0,1.0,1.0,1.0,1.0,3.0,1.0,1.0,10.0,1.0,1.0,1.0,1.0,1.0,21.0,15.0,1.0,1.0,1.0,1.0,1.0,1.0,5.0,1.0,6.0,2.0,2.0,23.0,14.0,1.0,3.0,3.0,3.0,3.0,3.0,3.0,3.0,3.0,1.0,1.0,1.0,1.0,1.0,6.0,1.0,4.0,10.0,9.0,26.0,7.0,3.0,3.0,4.0,3.0,3.0,3.0,4.0,3.0,1.0,1.0,1.0,1.0,3.0,1.0,1.0,13.0,2.0,2.0,2.0,2.0,2.0,2.0,2.0,1.0,1.0,2.0,2.0,2.0,2.0,2.0,2.0,3.0,2.0,1.0,2.0,2.0,2.0,2.0,2.0,2.0,2.0,1.0,2.0,2.0,2.0,2.0,2.0,2.0,2.0,2.0,2.0,2.0,2.0,1.0,-2.0,1.0,4.0,1.0,-4.0,-4.0,-5.0,-4.0,-4.0,-4.0,-5.0,-4.0,-1.0,1.0,2.0,-1.0,1.0,-4.0,-5.0,-4.0,-4.0,-5.0,-4.0,2.0,1.0,-5.0,-6.0,-5.0,-5.0,-6.0,-5.0,1.0,1.0,1.0,-5.0,-5.0,-5.0,-5.0,-5.0,-5.0,-1.0,1.0,-1.0,-5.0,-5.0,-5.0,-5.0,-5.0,-5.0,-3.0,-4.0,-1.0,-1.0,-3.0,-1.0,0.0,1.0,-9.0,-5.0,1.0,-1.0,-2.0,-1.0,-1.0,-2.0,-1.0,-3.0,-2.0,-1.0,-1.0,-1.0,-1.0,-1.0,-3.0,-1.0,-1.0,-1.0,-1.0,-3.0,-2.0,19.45784305872714,-2.0,-1.0,-1.0,-1.0,-2.0,7.0,-4.0,-2.0,-3.0,-3.0,-1.0,-1.0,-1.0,1.0,1.0,0.0,-1.0,-5.0,-7.0,-1.0,-2.0,-1.0,9.0,2.0,13.0,-1.0,-1.0,-1.0,-5.0,-5.0,-2.0,-4.0,1.0,5.0,4.0,2.0,2.0,1.0,2.0,15.0,17.0,4.0,5.0,7.0,13.0,1.0,3.0,1.0,1.0,1.0,12.0,5.0,5.0,1.0,11.0,2.0,4.0,2.0,1.0,15.57346510062307,4.0,2.0,1.0,1.0,2.0,1.0,1.0,2.0,1.0,1.0,2.0,6.0,1.0,1.0,2.0,4.0,3.0,2.0,2.0,3.0,7.0,1.0,1.0,1.0,1.0,1.0,2.0,1.0,1.0,1.0,1.0,1.0,1.0,1.0,1.0,2.0,2.0,1.0,4.0,1.0,1.0,1.0,1.0,3.0,1.0,2.0,6.0,1.0,1.0,1.0,1.0,1.0,1.0,-2.5485758184053537,1.0,1.0,1.0,1.0,1.0,3.0,1.0,1.0,3.0,2.0,2.0,2.0,5.0,-20.80157324031526,2.0,2.0,4.0,3.0,1.0,2.0,2.0,2.0,2.0,-15.704502461243464,1.0,2.0,2.0,2.0,1.0,1.0,1.0,1.0,1.0,2.0,1.0,4.0,1.0,1.0,1.0,1.0,2.0,1.0,1.0,1.0,5.0,5.0,1.0,4.0,3.0,2.0,2.0,1.0,5.0,1.0,3.0,4.0,2.0,1.0,3.0,3.0,4.0,3.0,3.0,1.0,1.0,2.0,1.0,3.0,2.0,4.0,2.0,1.0,4.0,2.0,1.0,2.0,3.0,3.0,3.0,3.0,2.0,1.0,4.0,5.0,1.0,1.0,5.0,4.0,2.0,1.0,1.0,6.276158308138452,6.0,10.0,1.0,5.0,5.0,1.0,7.0,2.0,1.0,10.0,4.0,3.0,3.0,1.0,7.0,1.0,11.0,1.0,2.0,2.0,1.0,3.0,2.0,1.0,1.0,5.0,8.0,1.0,7.0,3.0,1.0,2.0,2.0,1.0,2.0,1.0,1.0,1.0,1.0,2.0,7.0,6.0,1.0,2.0,1.0,1.0,1.0,1.0,5.0,1.0,1.0,2.0,5.0,1.0,2.0,7.0,6.0,6.0,1.0,2.0,9.0,3.0,6.0,1.0,6.0,4.0,9.0,1.0,1.0,1.0,2.0,10.0,6.0,2.0,2.0,5.0,5.0,1.0,10.0,1.0,2.0,4.0,5.0,13.0,1.0,1.0,1.0,1.0,4.0,4.0,3.0,1.0,2.0,1.0,1.0,1.0,2.0,4.0,4.0,5.0,11.0,1.0,1.0,13.2640361646798,1.0,5.0,2.0,7.0,1.0,1.0,2.0,1.0,1.0,1.0,3.0,3.0,2.0,2.0,3.0,5.0,1.0,2.0,1.0,-2.0,1.0,1.0,7.0,-3.0,-3.0,-3.0,-3.0,1.0,0.0,4.0,-2.0,5.0,-6.0,-6.0,-6.0,-6.0,-2.0,-1.0,-1.0,-6.0,-6.0,-6.0,-6.0,-3.0,-2.0,-1.0,-1.0,-3.0,-3.0,-3.0,-3.0,-2.0,-1.0,-1.0,2.0,-1.0,-6.0,-6.0,-6.0,-7.103831779623127,-6.0,-6.0,-6.0,1.0,1.0,-3.0,-3.0,7.0,2.0,-5.0,-5.0,-5.0,-5.0,1.0,-2.0,-2.0,2.0,1.0,-5.0,-6.0,-5.0,-5.0,2.0,1.0,1.0,1.0,-6.0,-6.0,-6.0,-6.0,-1.0,1.0,-2.0,-2.0,1.0,2.0,-13.0,-13.0,-1.0,-1.0,-2.0,2.0,1.0,-5.0,-5.0,-5.0,-5.0,-5.0,-5.0,1.0,1.0,-5.0,-5.0,-5.0,-5.0,-5.0,0.0,-3.0,-12.0,-12.0,1.0,5.0,-7.0,-7.0,-7.0,-7.0,1.0,7.0,1.0,1.0,1.0,2.0,11.0,1.0,4.0,1.0,3.0,6.0,1.0,2.0,3.0,15.0,3.0,2.0,3.0,4.0,1.0,6.0,6.0,4.0,2.0,1.0,1.0,1.0,1.0,1.0,1.0,3.0,7.0,1.0,3.0,1.0,1.0,1.0,3.0,2.0,1.0,2.0,2.0,1.0,1.0,3.0,3.0,3.0,1.0,1.0,2.0,3.0,3.0,3.0,1.0,1.0,1.0,3.0,4.0,4.0,2.0,3.0,1.0,1.0,1.0,1.0,1.0,1.0,2.0,3.0,4.0,4.0,2.0,6.0,3.0,1.0,1.0,1.0,1.0,1.0,1.0,2.0,3.0,1.0,13.0,3.0,1.0,1.0,6.0,1.0,1.0,1.0,4.0,1.0,1.0,2.0,2.0,4.0,3.0,3.0,1.0,1.0,1.0,1.0,2.0,2.0,3.0,3.0,1.0,1.0,2.0,2.0,1.0,2.0,6.0,6.0,2.0,3.0,2.0,2.0,1.0,1.0,2.0,2.0,6.0,6.0,2.0,3.0,2.0,2.0,1.0,1.0,21.0,3.0,4.0,1.0,2.0,2.0,8.0,1.0,7.0,2.0,1.0,2.0,3.0,4.0,4.0,1.0,16.0,1.0,6.0,3.0,1.0,1.0,2.0,10.0,1.0,10.0,3.0,3.0,2.0,1.0,4.0,3.0,1.0,2.0,1.0,1.0,4.0,1.0,3.0,1.0,2.0,2.0,1.0,1.0,1.0,1.0,3.0,1.0,1.0,2.0,1.0,1.0,1.0,1.0,1.0,1.29786125122586,1.0,1.0,1.0,1.0,1.0,4.0,3.0,1.0,1.0,1.0,1.0,1.0,1.0,2.0,2.0,1.0,4.0,1.0,4.0,1.0,1.0,2.0,1.0,1.0,3.0,2.0,2.0,2.0,2.0,1.0,1.0,6.0,24.0,4.0,1.0,3.0,2.0,1.0,1.0,16.0,35.0,3.0,1.0,1.0,1.0,1.0,1.0,1.0,3.0,5.0,1.0,1.0,2.0,7.0,5.0,5.0,2.0,3.0,1.0,1.0,1.0,8.0,1.0,5.0,3.0,2.0,9.0,6.0,1.0,4.0,13.0,1.0,7.0,7.0,1.0,1.0,1.0,1.0,1.0,4.0,6.0,3.0,2.0,1.0,8.0,6.0,1.0,1.0,1.0,2.0,3.0,1.0,2.0,8.0,1.0,2.0,9.0,2.0,1.0,1.0,1.0,1.0,1.0,4.0,1.0,1.0,4.0,5.0,1.0,1.0,2.0,3.0,2.0,1.0,2.0,5.0,6.0,4.0,6.0,8.0,11.0,7.0,6.0,1.0,1.0,1.0,4.0,1.0,3.0,4.0,5.0,12.0,5.0,2.0,2.0,1.0,4.0,2.0,1.0,1.0,1.0,3.0,4.0,3.0,2.0,17.29671484676516,3.0,5.0,1.0,7.0,5.0,2.0,2.0,3.0,1.0,1.0,1.0,1.0,2.0,1.0,2.0,1.0,1.0,12.0,10.0,8.0,6.0,5.0,1.0,1.0,1.0,3.0,1.0,1.0,1.0,3.0,4.0,1.0,2.0,1.0,1.0,1.0,2.0,1.0,1.0,8.0,1.0,1.0,2.0,2.0,5.0,2.0,2.0,1.0,1.0,3.0,2.0,3.0,1.0,6.0,6.0,1.0,1.0,6.0,1.0,6.0,9.0,3.0,13.0,10.0,1.0,1.0,11.0,1.0,1.0,3.0,8.0,9.0,2.0,1.0,2.0,3.0,3.0,3.0,1.0,1.0,1.0,5.0,5.0,2.0,1.0,2.0,2.0,1.0,1.0,5.0,1.0,1.0,1.0,1.0,3.0,2.0,1.0,2.0,1.0,3.0,4.0,1.0,2.0,1.0,2.0,1.0,2.0,2.0,1.0,1.0,2.0,2.0,1.0,1.0,1.0,1.0,1.0,1.0,2.0,1.0,8.0,2.0,1.0,5.0,6.0,2.0,1.0,1.0,1.0,6.0,2.0,3.0,4.0,3.0,1.0,1.0,2.0,2.0,1.0,1.0,11.0,1.0,1.0,2.0,4.0,5.0,3.0,1.0,4.0,1.0,14.0,4.0,7.0,1.0,1.0,2.0,1.0,1.0,2.92572291035908,1.0,1.0,1.0,3.0,1.0,9.0,2.0,2.0,1.0,1.0,7.0,1.0,8.0,1.0,1.0,1.0,1.0,2.0,1.0,1.0,1.0,1.0,2.0,1.0,1.0,1.0,1.0,1.0,1.0,4.0,4.0,3.0,2.0,1.0,1.0,1.0,1.0,3.0,1.0,1.0,1.0,1.0,1.0,1.0,1.0,1.0,2.0,1.0,3.0,0.24337417607789,1.0,1.0,3.0,5.0,9.0,7.0,2.0,2.0,1.0,1.0,1.0,2.0,3.0,1.0,1.0,2.0,3.0,1.0,1.0,2.0,2.0,1.0,1.0,1.0,1.0,2.0,1.0,1.0,-1.0,-1.0,-2.0,-4.0,-12.0,-7.0,-6.0,-6.0,-9.0,-11.0,-2.0,-8.0,-10.0,-6.0,-11.0,-6.50984180533249,-1.0,-4.0,-1.0,-10.0,-11.0,-3.0,-8.0,-12.0,-10.0,-1.0,-1.0,-1.0,-1.0,-7.0,-7.0,-13.0,-7.0,2.0,1.0,1.0,1.0,2.0,1.0,1.0,5.0,1.0,2.0,1.0,1.0,3.0,1.0,3.0,1.0,1.0,1.0,1.0,1.0,1.0,1.0,1.0,4.0,1.0,1.0,2.0,1.0,1.0,3.0,1.0,1.0,2.0,1.0,1.0,2.0,3.0,1.0,2.0,1.0,1.0,1.0,1.0,1.0,1.0,2.0,1.0,2.0,1.0,2.0,5.0,6.0,1.0,2.0,1.0,1.0,3.0,1.0,1.0,2.0,3.0,3.0,1.0,1.0,2.0,5.0,5.0,1.0,1.0,4.0,3.0,2.0,1.0,1.0,-1.0,1.0,2.0,-3.0,1.0,1.0,-4.0,-4.0,-3.0,2.0,-1.0,-1.0,-1.0,-2.0,2.0,10.0,1.0,1.0,1.0,2.0,3.0,4.0,1.0,2.0,1.0,17.0,1.0,1.0,1.0,1.0,2.0,1.0,1.0,1.0,4.0,4.0,1.0,3.0,1.0,1.0,2.0,1.0,1.0,1.0,2.0,2.0,1.0,1.0,1.0,1.0,2.0,3.0,18.94840458248437,1.0,1.0,3.0,1.0,1.0,1.0,2.0,3.0,1.0,1.0,2.0,4.0,2.0,1.0,1.0,1.0,1.0,2.0,3.0,1.0,4.0,1.0,1.0,1.0,4.0,4.0,1.0,1.0,2.0,2.0,2.0,2.0,1.0,2.0,1.0,2.0,3.0,1.0,6.0,11.0,8.0,5.0,4.0,5.0,3.0,2.0,1.0,1.0,1.0,1.0,1.0,2.0,2.0,3.0,2.0,3.0,1.0,1.0,1.0,1.0,1.0,1.0,3.0,2.0,5.0,1.0,2.0,2.0,1.0,5.0,1.0,5.0,1.0,2.0,5.0,3.0,2.0,1.0,15.11250881122309,1.0,2.0,3.0,1.0,1.0,1.0,3.0,3.0,2.0,4.0,1.0,1.0,1.0,1.0,1.0,1.0,1.0,1.0,1.0,1.0,1.0,3.0,5.0,1.0,1.0,1.0,2.0,2.0,1.0,1.0,5.0,1.0,1.0,5.0,1.0,1.0,-7.0,-7.0,1.0,-1.0,-4.0,-2.0,-1.0,-2.0,-1.0,1.0,-1.0,-3.0,-5.0,0.0,-3.0,-1.0,-2.0,-4.0,1.0,-1.0,1.0,-1.0,-1.0,1.0,-1.0,-1.0,2.0,-2.0,-3.0,2.0,-2.0,-1.0,1.0,-1.0,-1.0,-2.0,1.0,-2.0,-1.0,2.0,-1.0,-1.0,-1.0,-1.0,-2.0,2.0,-2.0,-2.0,0.0,-1.0,-1.0,-1.0,-1.0,-1.0,1.0,1.0,1.0,7.0,1.0,1.0,1.0,1.0,1.0,2.0,1.0,1.0,12.0,1.0,1.0,1.0,1.0,1.0,1.0,2.0,1.0,1.0,1.0,1.0,2.0,4.0,3.0,1.0,1.0,3.0,1.0,1.0,1.0,1.0,2.0,1.0,1.0,1.0,1.0,1.0,2.0,1.0,1.0,3.0,7.0,2.0,1.0,1.0,1.0,1.0,1.0,1.0,1.0,1.0,1.0,1.0,1.0,1.0,6.0,1.0,1.0,1.0,1.0,1.0,1.0,1.0,1.0,1.0,1.0,1.0,1.0,1.0,1.0,1.0,1.0,4.0,1.0,1.0,1.0,1.0,1.0,1.0,1.0,1.0,1.0,1.0,1.0,1.0,1.0,1.0,1.0,1.0,1.0,1.0,1.0,-1.0,-1.0,1.0,1.0,2.0,-2.0,-2.0,-2.0,-2.0,-2.0,1.0,1.0,-3.56110793196185,-3.0,-3.0,-3.0,1.0,-5.0,-5.0,-5.0,1.0,1.0,1.0,1.0,2.0,1.0,1.0,-1.0,-1.0,-1.0,-1.0,-1.0,-1.0,4.0,4.0,1.0,1.0,3.0,1.0,1.0,1.0,1.0,1.0,3.0,3.0,2.0,1.0,1.0,1.0,1.0,1.0,2.0,1.0,1.0,2.0,2.0,1.0,1.0,1.0,1.0,1.0,3.0,3.0,3.0,1.0,1.0,2.0,1.0,1.0,2.0,2.0,2.0,1.0,1.0,1.0,2.0,1.0,1.0,1.0,1.0,3.0,1.0,1.0,1.0,1.0,4.0,2.0,5.0,1.0,2.0,1.0,1.0,1.0,1.0,3.0,1.0,2.0,3.0,2.0,1.0,1.0,1.0,2.0,2.0,2.0,2.0,1.0,6.0,3.0,6.0,1.0,1.0,1.0,3.0,1.0,4.0,5.0,1.0,1.0,1.0,1.0,1.0,17.0,1.0,2.0,12.0,1.0,2.0,3.0,8.0,13.0,5.0,2.0,1.0,2.0,6.0,4.0,4.0,2.0,1.0,3.0,2.0,1.0,1.0,1.0,3.0,1.0,1.0,1.0,3.0,1.0,1.0,1.0,3.0,1.0,1.0,1.0,2.0,3.0,7.0,4.0,3.0,-0.31044766992144,2.0,2.0,2.0,1.0,1.0,1.0,1.0,1.0,1.0,1.0,1.0,1.0,1.0,1.0,1.0,1.0,1.0,1.0,1.0,1.0,1.0,1.0,1.0,1.0,1.0,1.0,1.0,1.0,3.0,1.0,1.0,2.0,2.0,2.0,2.0,3.0,1.0,1.0,1.0,2.0,1.0,4.0,3.0,1.0,1.0,1.0,2.0,1.0,7.39298284432326,1.0,5.0,3.0,2.0,1.0,1.0,1.0,1.0,1.0,1.0,1.0,1.0,1.0,3.0,4.0,3.0,1.0,1.0,1.0,1.0,1.0,1.0,1.0,1.0,1.0,1.0,1.0,1.0,2.0,1.0,1.0,1.0,1.0,1.0,1.0,1.0,1.0,1.0,1.0,1.0,2.0,1.0,1.0,1.0,1.0,1.0,1.0,1.0,1.0,1.0,1.0,1.0,1.0,1.0,3.0,8.0,2.0,1.0,2.0,1.0,1.0,4.0,1.0,1.0,1.0,1.0,1.0,1.0,1.0,7.0,5.0,2.0,3.0,1.0,1.0,2.0,1.0,1.0,1.0,1.0,1.0,1.0,2.0,3.0,1.0,2.0,2.0,2.0,-16.38832593496558,3.0,1.0,1.0,1.0,1.0,3.0,2.0,3.0,3.0,1.0,1.0,2.0,2.0,2.0,3.0,2.0,1.0,3.0,1.0,2.0,2.0,2.0,2.0,2.0,2.0,1.0,1.0,1.0,1.0,1.0,1.0,1.0,1.0,1.0,2.0,1.0,1.0,1.0,3.0,1.0,1.0,1.0,1.0,1.0,1.0,1.0,2.0,1.0,6.0,1.0,5.0,1.0,4.0,1.0,8.0,1.0,3.0,3.0,4.0,1.0,2.0,2.0,1.0,1.0,3.0,2.0,3.0,1.0,2.0,1.0,1.0,2.0,1.0,1.0,4.0,6.0,1.0,1.0,1.0,2.0,2.0,1.0,1.0,3.0,5.0,5.38785976813884,1.0,1.0,5.0,1.0,1.0,2.0,1.0,1.0,1.0,4.0,2.0,1.0,4.0,2.0,6.0,1.0,1.0,1.0,1.0,6.0,5.96397995782018,1.0,1.0,3.0,3.0,-1.3686525685699,9.0,2.0,3.0,3.0,3.0,3.0,1.0,1.0,5.0,5.0,5.0,5.0,1.0,7.0,10.0,2.0,1.0,4.0,5.0,5.0,5.0,5.0,2.0,1.0,3.0,5.0,4.0,2.0,2.0,1.0,1.0,2.0,3.0,1.0,1.0,3.0,11.0,5.0,5.0,5.0,5.0,5.0,5.0,5.0,5.0,13.0,3.0,2.0,2.0,3.0,11.0,5.0,5.0,5.0,5.0,1.0,1.0,2.0,18.0,11.0,2.0,1.0,3.0,3.0,5.0,5.0,5.0,5.0,5.0,5.0,2.0,1.0,3.0,1.0,1.0,21.0,1.0,2.0,3.0,6.0,6.0,6.0,6.0,2.0,5.0,3.0,2.0,5.0,13.0,2.0,5.0,5.0,5.0,5.0,6.0,2.0,24.0,2.0,1.0,2.0,5.0,5.0,5.0,5.0,1.0,2.0,4.0,3.0,12.0,1.0,9.0,4.0,4.0,4.0,4.0,4.0,4.0,4.0,1.0,10.0,4.0,1.0,21.0,1.0,2.0,1.0,1.0,1.0,4.0,3.0,5.0,6.0,6.0,6.0,6.0,6.0,1.0,1.0,3.0,15.0,1.0,1.0,1.0,1.0,7.0,4.0,1.0,10.0,5.0,5.0,5.0,5.0,1.0,1.0,4.0,2.0,-19.72431348956135,1.0,2.0,2.0,9.0,2.0,1.0,1.0,3.0,1.0,4.0,3.0,1.0,1.0,1.0,1.0,1.0,2.0,1.0,1.0,9.0,1.0,1.0,1.0,2.0,5.0,5.0,5.0,5.0,2.0,1.0,7.0,1.0,2.0,5.0,5.0,5.0,5.0,5.0,5.0,5.0,3.0,1.0,1.0,20.0,1.0,1.0,1.0,4.0,1.0,1.0,2.0,1.0,9.0,3.0,4.0,4.0,4.0,4.0,4.0,4.0,4.0,4.0,1.0,1.0,37.0,1.0,1.0,1.0,6.0,6.0,6.0,6.0,6.0,6.0,1.0,1.0,1.0,1.0,6.0,16.0,1.0,5.0,5.0,5.0,5.0,1.0,27.0,1.0,1.0,1.0,7.0,6.0,6.0,6.0,6.0,1.0,2.0,1.0,30.0,1.0,1.0,1.0,1.0,8.0,6.0,6.0,6.0,6.0,13.32796194626393,2.0,2.0,2.0,2.0,5.0,5.0,7.0,3.0,30.0,3.0,10.0,6.0,1.0,10.0,5.0,5.0,5.0,5.0,5.0,5.0,5.0,4.0,1.0,6.0,8.0,1.0,2.0,3.0,4.0,4.0,5.0,6.0,6.0,6.0,6.0,-5.0,-5.0,-5.0,-5.0,-5.0,-5.0,-5.0,-5.0,-5.0,-5.0,1.0
1.0,1.0,1.0,2.0,1.0,2.0,4.0,7.0,1.0,2.0,1.0,5.0,1.0,1.0,1.0,1.0,3.0,1.0,2.0,1.0,1.0,1.0,1.0,1.0,1.0,1.0,5.0,2.0,1.0,3.0,1.0,1.0,5.0,1.0,1.0,2.0,1.0,1.0,1.0,2.0,3.0,1.0,1.0,1.0,1.0,1.0,1.0,1.0,1.0,1.0,1.0,1.0,5.0,3.0,2.0,1.0,1.0,2.0,1.0,1.0,1.0,1.0,1.0,1.0,1.0,1.0,2.0,1.0,5.0,1.0,2.0,1.0,1.0,2.0,1.0,1.0,1.0,1.0,2.0,1.0,7.0,4.0,1.0,2.0,1.0,2.0,12.0,5.0,1.0,15.0,1.0,2.0,2.0,2.0,1.0,1.0,8.0,1.0,4.0,1.0,1.0,16.0,3.0,3.0,1.0,2.0,1.0,1.0,6.0,7.0,1.0,2.0,3.0,2.0,2.0,3.0,2.0,1.0,5.0,1.0,3.0,2.0,2.0,1.0,1.0,1.0,10.0,10.0,1.0,3.0,2.0,1.0,2.0,5.0,2.0,1.0,3.0,1.0,1.0,1.0,1.0,1.0,1.0,1.0,7.0,1.0,1.0,13.0,1.0,1.0,1.0,10.0,2.0,1.0,3.0,1.0,1.0,2.0,3.0,1.0,1.0,1.0,1.0,1.0,1.0,1.0,2.0,1.0,14.0,1.0,1.0,1.0,2.0,2.0,1.0,3.0,2.0,1.0,1.0,1.0,2.0,5.0,1.0,1.0,1.0,4.0,1.0,4.0,2.0,14.0,1.0,2.0,2.0,4.0,1.0,1.0,3.0,1.0,1.0,2.0,1.0,1.0,4.0,3.0,17.0,1.0,1.0,1.0,1.0,3.0,1.0,3.0,5.0,1.0,2.0,2.0,2.0,1.0,1.0,1.0,4.0,1.0,2.0,1.0,1.0,1.0,1.0,1.0,1.0,5.0,2.0,2.0,3.0,1.0,1.0,1.0,1.0,2.0,1.0,1.0,1.0,1.0,1.0,5.0,2.0,3.0,2.0,2.0,3.0,1.0,2.0,4.0,1.0,2.0,2.0,2.0,1.0,1.0,1.0,1.0,1.0,3.0,2.0,1.0,1.0,13.0,3.0,1.0,1.0,1.0,7.0,4.0,1.0,1.0,1.0,8.0,1.0,1.0,6.0,2.0,1.0,3.0,2.0,8.0,2.0,1.0,1.0,1.0,5.0,1.0,8.0,1.0,4.0,9.0,7.0,1.0,1.0,8.0,1.0,2.0,1.0,1.0,4.0,1.0,1.0,1.0,7.0,4.0,5.0,3.0,1.0,1.0,1.0,2.0,1.0,1.0,1.0,1.0,1.0,1.0,6.0,3.0,2.0,2.0,1.0,1.0,1.0,1.0,1.0,1.0,5.0,1.0,1.0,3.0,1.0,1.0,3.0,3.0,1.0,1.0,1.0,2.0,2.0,1.0,1.0,1.0,3.0,4.0,4.0,1.0,1.0,1.0,2.0,1.0,2.0,2.0,2.0,8.0,9.0,3.0,1.0,2.0,1.0,1.0,3.0,2.0,2.0,1.0,5.0,1.0,3.0,3.0,3.0,4.0,1.0,1.0,2.0,2.0,3.0,3.0,1.0,3.0,2.0,1.0,1.0,1.0,1.0,1.0,1.0,1.0,1.0,1.0,1.0,1.0,2.0,10.0,2.0,3.0,3.0,3.0,2.0,1.0,1.0,1.0,1.0,2.0,1.0,15.0,3.0,3.0,3.0,3.0,1.0,1.0,11.0,2.0,2.0,2.0,3.0,1.0,1.0,1.0,1.0,9.0,2.0,2.0,3.0,3.0,1.0,1.0,1.0,2.0,1.0,13.0,2.0,2.0,3.0,3.0,6.0,5.0,2.0,2.0,2.0,2.0,3.0,3.0,4.0,3.0,2.0,2.0,3.0,3.0,4.0,2.0,7.0,3.0,3.0,2.0,2.0,1.0,3.0,7.0,2.0,13.0,6.0,4.0,1.0,1.0,1.0,2.0,1.0,3.0,2.0,10.0,2.0,14.0,1.0,1.0,1.0,9.0,3.0,2.0,1.0,1.0,10.0,2.0,1.0,1.0,1.0,2.0,3.0,7.0,5.0,1.0,1.0,1.0,2.0,6.0,2.0,2.0,4.0,2.0,1.0,1.0,1.0,3.0,2.0,10.0,3.0,1.0,1.0,1.0,5.0,3.0,5.0,1.0,3.0,1.0,1.0,2.0,2.0,3.0,2.0,1.0,2.0,1.0,1.0,1.0,2.0,1.0,1.0,1.0,1.0,5.0,1.0,2.0,1.0,1.0,1.0,1.0,1.0,4.0,1.0,1.0,14.0,1.0,4.0,1.0,13.0,11.0,2.0,2.0,1.0,5.0,1.0,11.0,1.0,1.0,1.0,1.0,1.0,4.0,1.0,1.0,1.0,1.0,3.0,1.0,3.0,1.0,5.0,9.0,1.0,1.0,1.0,1.0,4.0,1.0,6.0,13.0,1.0,3.0,3.0,4.0,1.0,3.0,1.0,4.0,1.0,14.0,9.0,12.0,7.0,1.0,1.0,1.0,2.0,4.0,4.0,6.0,10.0,8.0,21.0,4.0,4.0,3.0,2.0,4.0,1.0,2.0,12.0,11.0,1.0,3.0,4.0,1.0,1.0,1.0,1.0,3.0,6.0,7.0,2.0,5.0,3.0,3.0,8.0,10.0,2.0,19.0,8.0,5.0,1.0,3.0,2.0,6.0,-2.04564786099211,2.0,1.0,2.0,3.0,8.0,9.0,6.0,6.0,1.0,1.0,2.0,2.0,2.0,8.0,4.0,5.0,8.0,7.0,13.0,3.0,9.0,2.0,1.0,3.0,5.0,1.0,3.0,1.0,1.0,5.47566330468136,8.0,1.0,2.0,1.0,1.0,6.0,1.0,1.0,1.0,5.0,15.0,1.0,2.0,7.0,5.0,4.0,5.0,4.0,16.0,6.0,4.0,2.0,1.0,1.0,1.0,1.0,1.0,1.0,2.0,1.0,7.0,7.0,4.0,1.0,2.0,1.0,2.0,1.0,1.0,1.0,1.0,2.0,2.0,1.0,1.0,1.0,1.0,1.0,1.0,1.0,1.0,1.0,1.0,1.0,2.0,2.0,4.0,1.0,1.0,1.0,2.0,7.0,1.0,1.0,1.0,1.0,1.0,1.0,1.0,2.0,3.0,6.0,7.0,4.0,1.0,3.0,1.0,1.0,1.0,1.0,1.0,1.0,1.0,1.0,1.0,2.0,1.0,1.0,2.0,1.0,1.0,1.0,2.0,1.0,1.0,1.0,1.0,1.0,2.0,2.0,3.0,6.0,1.0,1.0,2.0,1.0,1.0,2.0,1.0,1.0,13.0,19.0,2.0,1.0,1.0,4.0,1.0,1.0,1.0,1.0,1.0,1.0,1.0,1.0,1.0,1.0,1.0,2.0,1.0,1.0,1.0,16.0,15.0,1.0,2.0,2.0,2.0,1.0,1.0,1.0,2.0,1.0,1.0,1.0,1.0,1.0,2.0,1.0,1.0,3.0,1.0,1.0,1.0,2.0,1.0,1.0,12.0,7.0,1.0,5.0,1.0,3.0,1.0,1.0,1.0,2.0,3.0,1.0,1.0,6.0,7.0,3.0,5.0,3.0,1.0,1.0,3.0,2.0,1.0,7.0,16.0,1.0,1.0,5.0,3.0,1.0,1.0,3.0,2.0,1.0,3.96952489648403,1.0,2.0,3.0,3.0,1.0,1.0,2.0,1.0,1.0,1.0,2.0,30.0,1.0,4.0,7.0,1.0,1.0,1.0,1.0,1.0,2.0,1.0,2.0,1.0,1.0,1.0,1.0,1.0,1.0,5.0,24.0,4.0,2.0,1.0,1.0,1.0,1.0,1.0,1.0,2.0,2.0,3.0,1.0,2.0,1.0,1.0,1.0,1.0,1.0,1.0,1.0,2.0,1.0,1.0,1.0,1.0,1.0,1.0,1.0,1.0,3.0,1.0,1.0,1.0,3.0,5.0,2.0,3.0,1.0,1.0,2.0,1.0,2.0,1.0,3.0,1.0,2.0,1.0,1.0,2.0,2.0,2.0,1.0,1.0,5.0,2.0,2.0,4.0,1.0,3.0,1.0,4.0,1.0,1.0,2.0,1.0,1.0,4.0,1.0,2.0,1.0,1.0,2.0,4.0,1.0,2.0,2.0,5.0,1.0,1.0,2.0,1.0,1.0,3.0,1.0,1.0,3.0,3.0,5.0,3.0,4.0,1.0,1.0,1.0,2.0,1.0,2.0,1.0,2.0,1.0,1.0,3.0,1.0,1.0,1.0,1.0,2.0,1.0,1.0,1.0,2.0,1.0,1.0,1.0,1.0,1.0,1.0,1.0,1.0,4.0,1.0,1.0,1.0,2.0,1.0,6.0,1.0,1.0,1.0,2.0,2.0,1.0,1.0,1.0,-1.2523449689335,2.0,1.0,1.0,2.0,1.0,-1.0,-1.0,-1.0,-1.0,-2.0,1.0,9.0,-1.0,1.0,-1.0,-1.0,-5.0,-4.0,-3.0,-4.0,-5.0,-5.0,1.0,1.0,1.0,6.0,6.0,2.0,1.0,3.0,2.0,1.0,4.0,5.0,1.0,3.0,1.0,1.0,2.0,1.0,5.0,1.0,1.0,10.0,4.0,1.0,1.0,1.0,3.0,7.0,1.0,2.0,8.0,1.0,2.0,1.0,1.0,1.0,2.0,1.0,2.0,9.0,1.0,9.0,1.0,1.0,1.0,3.0,1.0,1.0,4.0,4.0,1.0,2.0,1.0,2.0,1.0,1.0,1.0,2.0,1.0,1.0,2.0,4.0,1.0,1.0,10.0,1.0,1.0,1.0,3.0,1.0,4.0,4.0,9.0,1.0,1.0,5.0,1.0,1.0,4.957128867032768,4.0,2.0,5.0,1.0,7.0,1.0,5.0,1.0,1.0,1.0,18.20845275419301,1.0,5.0,4.0,6.0,1.0,-3.0,-1.0,-1.0,-13.71931735451625,-2.0,-2.0,-1.0,-1.0,-1.0,-1.0,-3.0,-1.0,-2.0,-4.0,-1.0,-2.0,-1.0,-1.0,-1.0,5.0,4.0,2.0,7.0,2.0,1.0,2.0,1.0,2.0,1.0,3.0,4.0,4.0,1.0,1.0,2.0,4.0,2.0,6.0,1.0,5.0,11.27775448851298,8.0,7.0,1.0,4.0,3.0,1.0,1.0,1.0,2.0,1.0,4.0,1.0,1.0,1.0,1.0,2.0,1.0,1.0,3.0,2.0,4.0,7.0,7.0,4.0,1.0,1.0,4.0,1.0,1.0,2.0,1.0,1.0,5.0,1.0,2.0,7.0,4.0,2.0,2.0,1.0,1.0,1.0,2.0,2.0,2.0,1.0,1.0,2.0,6.0,1.0,4.0,2.0,3.0,-9.81276160699843,1.0,8.0,8.0,1.0,1.0,2.0,2.0,1.0,1.0,2.0,2.0,11.0,5.0,2.0,1.0,2.0,2.0,2.0,2.0,2.0,2.0,2.0,2.0,2.0,1.0,1.0,25.0,6.0,5.0,5.0,5.0,5.0,5.0,5.0,3.0,2.0,1.0,1.0,2.0,1.0,1.0,12.0,15.0,4.0,4.0,5.0,4.0,4.0,5.0,2.0,1.0,5.0,1.0,1.0,2.0,1.0,16.0,5.0,4.0,5.0,4.0,10.0,2.0,4.0,3.0,3.0,6.0,4.0,4.0,4.0,4.0,4.0,4.0,4.0,4.0,4.0,2.0,4.0,4.0,4.0,4.0,4.0,4.0,1.0,1.0,4.0,4.0,4.0,4.0,4.0,4.0,1.0,1.0,1.0,1.0,1.0,1.0,4.0,4.0,4.0,4.0,4.0,4.0,4.0,4.0,4.0,4.0,1.0,1.0,1.0,1.0,3.0,1.0,1.0,10.0,1.0,1.0,1.0,1.0,1.0,21.0,15.0,1.0,1.0,1.0,1.0,1.0,1.0,5.0,1.0,6.0,2.0,2.0,23.0,14.0,1.0,3.0,3.0,3.0,3.0,3.0,3.0,3.0,3.0,1.0,1.0,1.0,1.0,1.0,6.0,1.0,4.0,10.0,9.0,26.0,7.0,3.0,3.0,4.0,3.0,3.0,3.0,4.0,3.0,1.0,1.0,1.0,1.0,3.0,1.0,1.0,13.0,2.0,2.0,2.0,2.0,2.0,2.0,2.0,1.0,1.0,2.0,2.0,2.0,2.0,2.0,2.0,3.0,2.0,1.0,2.0,2.0,2.0,2.0,2.0,2.0,2.0,1.0,2.0,2.0,2.0,2.0,2.0,2.0,2.0,2.0,2.0,2.0,2.0,1.0,-2.0,1.0,4.0,1.0,-4.0,-4.0,-5.0,-4.0,-4.0,-4.0,-5.0,-4.0,-1.0,1.0,2.0,-1.0,1.0,-4.0,-5.0,-4.0,-4.0,-5.0,-4.0,2.0,1.0,-5.0,-6.0,-5.0,-5.0,-6.0,-5.0,1.0,1.0,1.0,-5.0,-5.0,-5.0,-5.0,-5.0,-5.0,-1.0,1.0,-1.0,-5.0,-5.0,-5.0,-5.0,-5.0,-5.0,-3.0,-4.0,-1.0,-1.0,-3.0,-1.0,0.0,1.0,-9.0,-5.0,1.0,-1.0,-2.0,-1.0,-1.0,-2.0,-1.0,-3.0,-2.0,-1.0,-1.0,-1.0,-1.0,-1.0,-3.0,-1.0,-1.0,-1.0,-1.0,-3.0,-2.0,19.45784305872714,-2.0,-1.0,-1.0,-1.0,-2.0,7.0,-4.0,-2.0,-3.0,-3.0,-1.0,-1.0,-1.0,1.0,1.0,0.0,-1.0,-5.0,-7.0,-1.0,-2.0,-1.0,9.0,2.0,13.0,-1.0,-1.0,-1.0,-5.0,-5.0,-2.0,-4.0,1.0,5.0,4.0,2.0,2.0,1.0,2.0,15.0,17.0,4.0,5.0,7.0,13.0,1.0,3.0,1.0,1.0,1.0,12.0,5.0,5.0,1.0,11.0,2.0,4.0,2.0,1.0,15.57346510062307,4.0,2.0,1.0,1.0,2.0,1.0,1.0,2.0,1.0,1.0,2.0,6.0,1.0,1.0,2.0,4.0,3.0,2.0,2.0,3.0,7.0,1.0,1.0,1.0,1.0,1.0,2.0,1.0,1.0,1.0,1.0,1.0,1.0,1.0,1.0,2.0,2.0,1.0,4.0,1.0,1.0,1.0,1.0,3.0,1.0,2.0,6.0,1.0,1.0,1.0,1.0,1.0,1.0,-2.5485758184053537,1.0,1.0,1.0,1.0,1.0,3.0,1.0,1.0,3.0,2.0,2.0,2.0,5.0,-20.80157324031526,2.0,2.0,4.0,3.0,1.0,2.0,2.0,2.0,2.0,-15.704502461243464,1.0,2.0,2.0,2.0,1.0,1.0,1.0,1.0,1.0,2.0,1.0,4.0,1.0,1.0,1.0,1.0,2.0,1.0,1.0,1.0,5.0,5.0,1.0,4.0,3.0,2.0,2.0,1.0,5.0,1.0,3.0,4.0,2.0,1.0,3.0,3.0,4.0,3.0,3.0,1.0,1.0,2.0,1.0,3.0,2.0,4.0,2.0,1.0,4.0,2.0,1.0,2.0,3.0,3.0,3.0,3.0,2.0,1.0,4.0,5.0,1.0,1.0,5.0,4.0,2.0,1.0,1.0,6.276158308138452,6.0,10.0,1.0,5.0,5.0,1.0,7.0,2.0,1.0,10.0,4.0,3.0,3.0,1.0,7.0,1.0,11.0,1.0,2.0,2.0,1.0,3.0,2.0,1.0,1.0,5.0,8.0,1.0,7.0,3.0,1.0,2.0,2.0,1.0,2.0,1.0,1.0,1.0,1.0,2.0,7.0,6.0,1.0,2.0,1.0,1.0,1.0,1.0,5.0,1.0,1.0,2.0,5.0,1.0,2.0,7.0,6.0,6.0,1.0,2.0,9.0,3.0,6.0,1.0,6.0,4.0,9.0,1.0,1.0,1.0,2.0,10.0,6.0,2.0,2.0,5.0,5.0,1.0,10.0,1.0,2.0,4.0,5.0,13.0,1.0,1.0,1.0,1.0,4.0,4.0,3.0,1.0,2.0,1.0,1.0,1.0,2.0,4.0,4.0,5.0,11.0,1.0,1.0,13.2640361646798,1.0,5.0,2.0,7.0,1.0,1.0,2.0,1.0,1.0,1.0,3.0,3.0,2.0,2.0,3.0,5.0,1.0,2.0,1.0,-2.0,1.0,1.0,7.0,-3.0,-3.0,-3.0,-3.0,1.0,0.0,4.0,-2.0,5.0,-6.0,-6.0,-6.0,-6.0,-2.0,-1.0,-1.0,-6.0,-6.0,-6.0,-6.0,-3.0,-2.0,-1.0,-1.0,-3.0,-3.0,-3.0,-3.0,-2.0,-1.0,-1.0,2.0,-1.0,-6.0,-6.0,-6.0,-7.103831779623127,-6.0,-6.0,-6.0,1.0,1.0,-3.0,-3.0,7.0,2.0,-5.0,-5.0,-5.0,-5.0,1.0,-2.0,-2.0,2.0,1.0,-5.0,-6.0,-5.0,-5.0,2.0,1.0,1.0,1.0,-6.0,-6.0,-6.0,-6.0,-1.0,1.0,-2.0,-2.0,1.0,2.0,-13.0,-13.0,-1.0,-1.0,-2.0,2.0,1.0,-5.0,-5.0,-5.0,-5.0,-5.0,-5.0,1.0,1.0,-5.0,-5.0,-5.0,-5.0,-5.0,0.0,-3.0,-12.0,-12.0,1.0,5.0,-7.0,-7.0,-7.0,-7.0,1.0,7.0,1.0,1.0,1.0,2.0,11.0,1.0,4.0,1.0,3.0,6.0,1.0,2.0,3.0,15.0,3.0,2.0,3.0,4.0,1.0,6.0,6.0,4.0,2.0,1.0,1.0,1.0,1.0,1.0,1.0,3.0,7.0,1.0,3.0,1.0,1.0,1.0,3.0,2.0,1.0,2.0,2.0,1.0,1.0,3.0,3.0,3.0,1.0,1.0,2.0,3.0,3.0,3.0,1.0,1.0,1.0,3.0,4.0,4.0,2.0,3.0,1.0,1.0,1.0,1.0,1.0,1.0,2.0,3.0,4.0,4.0,2.0,6.0,3.0,1.0,1.0,1.0,1.0,1.0,1.0,2.0,3.0,1.0,13.0,3.0,1.0,1.0,6.0,1.0,1.0,1.0,4.0,1.0,1.0,2.0,2.0,4.0,3.0,3.0,1.0,1.0,1.0,1.0,2.0,2.0,3.0,3.0,1.0,1.0,2.0,2.0,1.0,2.0,6.0,6.0,2.0,3.0,2.0,2.0,1.0,1.0,2.0,2.0,6.0,6.0,2.0,3.0,2.0,2.0,1.0,1.0,21.0,3.0,4.0,1.0,2.0,2.0,8.0,1.0,7.0,2.0,1.0,2.0,3.0,4.0,4.0,1.0,16.0,1.0,6.0,3.0,1.0,1.0,2.0,10.0,1.0,10.0,3.0,3.0,2.0,1.0,4.0,3.0,1.0,2.0,1.0,1.0,4.0,1.0,3.0,1.0,2.0,2.0,1.0,1.0,1.0,1.0,3.0,1.0,1.0,2.0,1.0,1.0,1.0,1.0,1.0,1.29786125122586,1.0,1.0,1.0,1.0,1.0,4.0,3.0,1.0,1.0,1.0,1.0,1.0,1.0,2.0,2.0,1.0,4.0,1.0,4.0,1.0,1.0,2.0,1.0,1.0,3.0,2.0,2.0,2.0,2.0,1.0,1.0,6.0,24.0,4.0,1.0,3.0,2.0,1.0,1.0,16.0,35.0,3.0,1.0,1.0,1.0,1.0,1.0,1.0,3.0,5.0,1.0,1.0,2.0,7.0,5.0,5.0,2.0,3.0,1.0,1.0,1.0,8.0,1.0,5.0,3.0,2.0,9.0,6.0,1.0,4.0,13.0,1.0,7.0,7.0,1.0,1.0,1.0,1.0,1.0,4.0,6.0,3.0,2.0,1.0,8.0,6.0,1.0,1.0,1.0,2.0,3.0,1.0,2.0,8.0,1.0,2.0,9.0,2.0,1.0,1.0,1.0,1.0,1.0,4.0,1.0,1.0,4.0,5.0,1.0,1.0,2.0,3.0,2.0,1.0,2.0,5.0,6.0,4.0,6.0,8.0,11.0,7.0,6.0,1.0,1.0,1.0,4.0,1.0,3.0,4.0,5.0,12.0,5.0,2.0,2.0,1.0,4.0,2.0,1.0,1.0,1.0,3.0,4.0,3.0,2.0,17.29671484676516,3.0,5.0,1.0,7.0,5.0,2.0,2.0,3.0,1.0,1.0,1.0,1.0,2.0,1.0,2.0,1.0,1.0,12.0,10.0,8.0,6.0,5.0,1.0,1.0,1.0,3.0,1.0,1.0,1.0,3.0,4.0,1.0,2.0,1.0,1.0,1.0,2.0,1.0,1.0,8.0,1.0,1.0,2.0,2.0,5.0,2.0,2.0,1.0,1.0,3.0,2.0,3.0,1.0,6.0,6.0,1.0,1.0,6.0,1.0,6.0,9.0,3.0,13.0,10.0,1.0,1.0,11.0,1.0,1.0,3.0,8.0,9.0,2.0,1.0,2.0,3.0,3.0,3.0,1.0,1.0,1.0,5.0,5.0,2.0,1.0,2.0,2.0,1.0,1.0,5.0,1.0,1.0,1.0,1.0,3.0,2.0,1.0,2.0,1.0,3.0,4.0,1.0,2.0,1.0,2.0,1.0,2.0,2.0,1.0,1.0,2.0,2.0,1.0,1.0,1.0,1.0,1.0,1.0,2.0,1.0,8.0,2.0,1.0,5.0,6.0,2.0,1.0,1.0,1.0,6.0,2.0,3.0,4.0,3.0,1.0,1.0,2.0,2.0,1.0,1.0,11.0,1.0,1.0,2.0,4.0,5.0,3.0,1.0,4.0,1.0,14.0,4.0,7.0,1.0,1.0,2.0,1.0,1.0,2.92572291035908,1.0,1.0,1.0,3.0,1.0,9.0,2.0,2.0,1.0,1.0,7.0,1.0,8.0,1.0,1.0,1.0,1.0,2.0,1.0,1.0,1.0,1.0,2.0,1.0,1.0,1.0,1.0,1.0,1.0,4.0,4.0,3.0,2.0,1.0,1.0,1.0,1.0,3.0,1.0,1.0,1.0,1.0,1.0,1.0,1.0,1.0,2.0,1.0,3.0,0.24337417607789,1.0,1.0,3.0,5.0,9.0,7.0,2.0,2.0,1.0,1.0,1.0,2.0,3.0,1.0,1.0,2.0,3.0,1.0,1.0,2.0,2.0,1.0,1.0,1.0,1.0,2.0,1.0,1.0,-1.0,-1.0,-2.0,-4.0,-12.0,-7.0,-6.0,-6.0,-9.0,-11.0,-2.0,-8.0,-10.0,-6.0,-11.0,-6.50984180533249,-1.0,-4.0,-1.0,-10.0,-11.0,-3.0,-8.0,-12.0,-10.0,-1.0,-1.0,-1.0,-1.0,-7.0,-7.0,-13.0,-7.0,2.0,1.0,1.0,1.0,2.0,1.0,1.0,5.0,1.0,2.0,1.0,1.0,3.0,1.0,3.0,1.0,1.0,1.0,1.0,1.0,1.0,1.0,1.0,4.0,1.0,1.0,2.0,1.0,1.0,3.0,1.0,1.0,2.0,1.0,1.0,2.0,3.0,1.0,2.0,1.0,1.0,1.0,1.0,1.0,1.0,2.0,1.0,2.0,1.0,2.0,5.0,6.0,1.0,2.0,1.0,1.0,3.0,1.0,1.0,2.0,3.0,3.0,1.0,1.0,2.0,5.0,5.0,1.0,1.0,4.0,3.0,2.0,1.0,1.0,-1.0,1.0,2.0,-3.0,1.0,1.0,-4.0,-4.0,-3.0,2.0,-1.0,-1.0,-1.0,-2.0,2.0,10.0,1.0,1.0,1.0,2.0,3.0,4.0,1.0,2.0,1.0,17.0,1.0,1.0,1.0,1.0,2.0,1.0,1.0,1.0,4.0,4.0,1.0,3.0,1.0,1.0,2.0,1.0,1.0,1.0,2.0,2.0,1.0,1.0,1.0,1.0,2.0,3.0,18.94840458248437,1.0,1.0,3.0,1.0,1.0,1.0,2.0,3.0,1.0,1.0,2.0,4.0,2.0,1.0,1.0,1.0,1.0,2.0,3.0,1.0,4.0,1.0,1.0,1.0,4.0,4.0,1.0,1.0,2.0,2.0,2.0,2.0,1.0,2.0,1.0,2.0,3.0,1.0,6.0,11.0,8.0,5.0,4.0,5.0,3.0,2.0,1.0,1.0,1.0,1.0,1.0,2.0,2.0,3.0,2.0,3.0,1.0,1.0,1.0,1.0,1.0,1.0,3.0,2.0,5.0,1.0,2.0,2.0,1.0,5.0,1.0,5.0,1.0,2.0,5.0,3.0,2.0,1.0,15.11250881122309,1.0,2.0,3.0,1.0,1.0,1.0,3.0,3.0,2.0,4.0,1.0,1.0,1.0,1.0,1.0,1.0,1.0,1.0,1.0,1.0,1.0,3.0,5.0,1.0,1.0,1.0,2.0,2.0,1.0,1.0,5.0,1.0,1.0,5.0,1.0,1.0,-7.0,-7.0,1.0,-1.0,-4.0,-2.0,-1.0,-2.0,-1.0,1.0,-1.0,-3.0,-5.0,0.0,-3.0,-1.0,-2.0,-4.0,1.0,-1.0,1.0,-1.0,-1.0,1.0,-1.0,-1.0,2.0,-2.0,-3.0,2.0,-2.0,-1.0,1.0,-1.0,-1.0,-2.0,1.0,-2.0,-1.0,2.0,-1.0,-1.0,-1.0,-1.0,-2.0,2.0,-2.0,-2.0,0.0,-1.0,-1.0,-1.0,-1.0,-1.0,1.0,1.0,1.0,7.0,1.0,1.0,1.0,1.0,1.0,2.0,1.0,1.0,12.0,1.0,1.0,1.0,1.0,1.0,1.0,2.0,1.0,1.0,1.0,1.0,2.0,4.0,3.0,1.0,1.0,3.0,1.0,1.0,1.0,1.0,2.0,1.0,1.0,1.0,1.0,1.0,2.0,1.0,1.0,3.0,7.0,2.0,1.0,1.0,1.0,1.0,1.0,1.0,1.0,1.0,1.0,1.0,1.0,1.0,6.0,1.0,1.0,1.0,1.0,1.0,1.0,1.0,1.0,1.0,1.0,1.0,1.0,1.0,1.0,1.0,1.0,4.0,1.0,1.0,1.0,1.0,1.0,1.0,1.0,1.0,1.0,1.0,1.0,1.0,1.0,1.0,1.0,1.0,1.0,1.0,1.0,-1.0,-1.0,1.0,1.0,2.0,-2.0,-2.0,-2.0,-2.0,-2.0,1.0,1.0,-3.56110793196185,-3.0,-3.0,-3.0,1.0,-5.0,-5.0,-5.0,1.0,1.0,1.0,1.0,2.0,1.0,1.0,-1.0,-1.0,-1.0,-1.0,-1.0,-1.0,4.0,4.0,1.0,1.0,3.0,1.0,1.0,1.0,1.0,1.0,3.0,3.0,2.0,1.0,1.0,1.0,1.0,1.0,2.0,1.0,1.0,2.0,2.0,1.0,1.0,1.0,1.0,1.0,3.0,3.0,3.0,1.0,1.0,2.0,1.0,1.0,2.0,2.0,2.0,1.0,1.0,1.0,2.0,1.0,1.0,1.0,1.0,3.0,1.0,1.0,1.0,1.0,4.0,2.0,5.0,1.0,2.0,1.0,1.0,1.0,1.0,3.0,1.0,2.0,3.0,2.0,1.0,1.0,1.0,2.0,2.0,2.0,2.0,1.0,6.0,3.0,6.0,1.0,1.0,1.0,3.0,1.0,4.0,5.0,1.0,1.0,1.0,1.0,1.0,17.0,1.0,2.0,12.0,1.0,2.0,3.0,8.0,13.0,5.0,2.0,1.0,2.0,6.0,4.0,4.0,2.0,1.0,3.0,2.0,1.0,1.0,1.0,3.0,1.0,1.0,1.0,3.0,1.0,1.0,1.0,3.0,1.0,1.0,1.0,2.0,3.0,7.0,4.0,3.0,-0.31044766992144,2.0,2.0,2.0,1.0,1.0,1.0,1.0,1.0,1.0,1.0,1.0,1.0,1.0,1.0,1.0,1.0,1.0,1.0,1.0,1.0,1.0,1.0,1.0,1.0,1.0,1.0,1.0,1.0,3.0,1.0,1.0,2.0,2.0,2.0,2.0,3.0,1.0,1.0,1.0,2.0,1.0,4.0,3.0,1.0,1.0,1.0,2.0,1.0,7.39298284432326,1.0,5.0,3.0,2.0,1.0,1.0,1.0,1.0,1.0,1.0,1.0,1.0,1.0,3.0,4.0,3.0,1.0,1.0,1.0,1.0,1.0,1.0,1.0,1.0,1.0,1.0,1.0,1.0,2.0,1.0,1.0,1.0,1.0,1.0,1.0,1.0,1.0,1.0,1.0,1.0,2.0,1.0,1.0,1.0,1.0,1.0,1.0,1.0,1.0,1.0,1.0,1.0,1.0,1.0,3.0,8.0,2.0,1.0,2.0,1.0,1.0,4.0,1.0,1.0,1.0,1.0,1.0,1.0,1.0,7.0,5.0,2.0,3.0,1.0,1.0,2.0,1.0,1.0,1.0,1.0,1.0,1.0,2.0,3.0,1.0,2.0,2.0,2.0,-16.38832593496558,3.0,1.0,1.0,1.0,1.0,3.0,2.0,3.0,3.0,1.0,1.0,2.0,2.0,2.0,3.0,2.0,1.0,3.0,1.0,2.0,2.0,2.0,2.0,2.0,2.0,1.0,1.0,1.0,1.0,1.0,1.0,1.0,1.0,1.0,2.0,1.0,1.0,1.0,3.0,1.0,1.0,1.0,1.0,1.0,1.0,1.0,2.0,1.0,6.0,1.0,5.0,1.0,4.0,1.0,8.0,1.0,3.0,3.0,4.0,1.0,2.0,2.0,1.0,1.0,3.0,2.0,3.0,1.0,2.0,1.0,1.0,2.0,1.0,1.0,4.0,6.0,1.0,1.0,1.0,2.0,2.0,1.0,1.0,3.0,5.0,5.38785976813884,1.0,1.0,5.0,1.0,1.0,2.0,1.0,1.0,1.0,4.0,2.0,1.0,4.0,2.0,6.0,1.0,1.0,1.0,1.0,6.0,5.96397995782018,1.0,1.0,3.0,3.0,-1.3686525685699,9.0,2.0,3.0,3.0,3.0,3.0,1.0,1.0,5.0,5.0,5.0,5.0,1.0,7.0,10.0,2.0,1.0,4.0,5.0,5.0,5.0,5.0,2.0,1.0,3.0,5.0,4.0,2.0,2.0,1.0,1.0,2.0,3.0,1.0,1.0,3.0,11.0,5.0,5.0,5.0,5.0,5.0,5.0,5.0,5.0,13.0,3.0,2.0,2.0,3.0,11.0,5.0,5.0,5.0,5.0,1.0,1.0,2.0,18.0,11.0,2.0,1.0,3.0,3.0,5.0,5.0,5.0,5.0,5.0,5.0,2.0,1.0,3.0,1.0,1.0,21.0,1.0,2.0,3.0,6.0,6.0,6.0,6.0,2.0,5.0,3.0,2.0,5.0,13.0,2.0,5.0,5.0,5.0,5.0,6.0,2.0,24.0,2.0,1.0,2.0,5.0,5.0,5.0,5.0,1.0,2.0,4.0,3.0,12.0,1.0,9.0,4.0,4.0,4.0,4.0,4.0,4.0,4.0,1.0,10.0,4.0,1.0,21.0,1.0,2.0,1.0,1.0,1.0,4.0,3.0,5.0,6.0,6.0,6.0,6.0,6.0,1.0,1.0,3.0,15.0,1.0,1.0,1.0,1.0,7.0,4.0,1.0,10.0,5.0,5.0,5.0,5.0,1.0,1.0,4.0,2.0,-19.72431348956135,1.0,2.0,2.0,9.0,2.0,1.0,1.0,3.0,1.0,4.0,3.0,1.0,1.0,1.0,1.0,1.0,2.0,1.0,1.0,9.0,1.0,1.0,1.0,2.0,5.0,5.0,5.0,5.0,2.0,1.0,7.0,1.0,2.0,5.0,5.0,5.0,5.0,5.0,5.0,5.0,3.0,1.0,1.0,20.0,1.0,1.0,1.0,4.0,1.0,1.0,2.0,1.0,9.0,3.0,4.0,4.0,4.0,4.0,4.0,4.0,4.0,4.0,1.0,1.0,37.0,1.0,1.0,1.0,6.0,6.0,6.0,6.0,6.0,6.0,1.0,1.0,1.0,1.0,6.0,16.0,1.0,5.0,5.0,5.0,5.0,1.0,27.0,1.0,1.0,1.0,7.0,6.0,6.0,6.0,6.0,1.0,2.0,1.0,30.0,1.0,1.0,1.0,1.0,8.0,6.0,6.0,6.0,6.0,13.32796194626393,2.0,2.0,2.0,2.0,5.0,5.0,7.0,3.0,30.0,3.0,10.0,6.0,1.0,10.0,5.0,5.0,5.0,5.0,5.0,5.0,5.0,4.0,1.0,6.0,8.0,1.0,2.0,3.0,4.0,4.0,5.0,6.0,6.0,6.0,6.0,-5.0,-5.0,-5.0,-5.0,-5.0,-5.0,-5.0,-5.0,-5.0,-5.0,1.0
1.0,1.0,1.0,2.0,1.0,2.0,4.0,7.0,1.0,2.0,1.0,5.0,1.0,1.0,1.0,1.0,3.0,1.0,2.0,1.0,1.0,1.0,1.0,1.0,1.0,1.0,5.0,2.0,1.0,3.0,1.0,1.0,5.0,1.0,1.0,2.0,1.0,1.0,1.0,2.0,3.0,1.0,1.0,1.0,1.0,1.0,1.0,1.0,1.0,1.0,1.0,1.0,5.0,3.0,2.0,1.0,1.0,2.0,1.0,1.0,1.0,1.0,1.0,1.0,1.0,1.0,2.0,1.0,5.0,1.0,2.0,1.0,1.0,2.0,1.0,1.0,1.0,1.0,2.0,1.0,7.0,4.0,1.0,2.0,1.0,2.0,12.0,5.0,1.0,15.0,1.0,2.0,2.0,2.0,1.0,1.0,8.0,1.0,4.0,1.0,1.0,16.0,3.0,3.0,1.0,2.0,1.0,1.0,6.0,7.0,1.0,2.0,3.0,2.0,2.0,3.0,2.0,1.0,5.0,1.0,3.0,2.0,2.0,1.0,1.0,1.0,10.0,10.0,1.0,3.0,2.0,1.0,2.0,5.0,2.0,1.0,3.0,1.0,1.0,1.0,1.0,1.0,1.0,1.0,7.0,1.0,1.0,13.0,1.0,1.0,1.0,10.0,2.0,1.0,3.0,1.0,1.0,2.0,3.0,1.0,1.0,1.0,1.0,1.0,1.0,1.0,2.0,1.0,14.0,1.0,1.0,1.0,2.0,2.0,1.0,3.0,2.0,1.0,1.0,1.0,2.0,5.0,1.0,1.0,1.0,4.0,1.0,4.0,2.0,14.0,1.0,2.0,2.0,4.0,1.0,1.0,3.0,1.0,1.0,2.0,1.0,1.0,4.0,3.0,17.0,1.0,1.0,1.0,1.0,3.0,1.0,3.0,5.0,1.0,2.0,2.0,2.0,1.0,1.0,1.0,4.0,1.0,2.0,1.0,1.0,1.0,1.0,1.0,1.0,5.0,2.0,2.0,3.0,1.0,1.0,1.0,1.0,2.0,1.0,1.0,1.0,1.0,1.0,5.0,2.0,3.0,2.0,2.0,3.0,1.0,2.0,4.0,1.0,2.0,2.0,2.0,1.0,1.0,1.0,1.0,1.0,3.0,2.0,1.0,1.0,13.0,3.0,1.0,1.0,1.0,7.0,4.0,1.0,1.0,1.0,8.0,1.0,1.0,6.0,2.0,1.0,3.0,2.0,8.0,2.0,1.0,1.0,1.0,5.0,1.0,8.0,1.0,4.0,9.0,7.0,1.0,1.0,8.0,1.0,2.0,1.0,1.0,4.0,1.0,1.0,1.0,7.0,4.0,5.0,3.0,1.0,1.0,1.0,2.0,1.0,1.0,1.0,1.0,1.0,1.0,6.0,3.0,2.0,2.0,1.0,1.0,1.0,1.0,1.0,1.0,5.0,1.0,1.0,3.0,1.0,1.0,3.0,3.0,1.0,1.0,1.0,2.0,2.0,1.0,1.0,1.0,3.0,4.0,4.0,1.0,1.0,1.0,2.0,1.0,2.0,2.0,2.0,8.0,9.0,3.0,1.0,2.0,1.0,1.0,3.0,2.0,2.0,1.0,5.0,1.0,3.0,3.0,3.0,4.0,1.0,1.0,2.0,2.0,3.0,3.0,1.0,3.0,2.0,1.0,1.0,1.0,1.0,1.0,1.0,1.0,1.0,1.0,1.0,1.0,2.0,10.0,2.0,3.0,3.0,3.0,2.0,1.0,1.0,1.0,1.0,2.0,1.0,15.0,3.0,3.0,3.0,3.0,1.0,1.0,11.0,2.0,2.0,2.0,3.0,1.0,1.0,1.0,1.0,9.0,2.0,2.0,3.0,3.0,1.0,1.0,1.0,2.0,1.0,13.0,2.0,2.0,3.0,3.0,6.0,5.0,2.0,2.0,2.0,2.0,3.0,3.0,4.0,3.0,2.0,2.0,3.0,3.0,4.0,2.0,7.0,3.0,3.0,2.0,2.0,1.0,3.0,7.0,2.0,13.0,6.0,4.0,1.0,1.0,1.0,2.0,1.0,3.0,2.0,10.0,2.0,14.0,1.0,1.0,1.0,9.0,3.0,2.0,1.0,1.0,10.0,2.0,1.0,1.0,1.0,2.0,3.0,7.0,5.0,1.0,1.0,1.0,2.0,6.0,2.0,2.0,4.0,2.0,1.0,1.0,1.0,3.0,2.0,10.0,3.0,1.0,1.0,1.0,5.0,3.0,5.0,1.0,3.0,1.0,1.0,2.0,2.0,3.0,2.0,1.0,2.0,1.0,1.0,1.0,2.0,1.0,1.0,1.0,1.0,5.0,1.0,2.0,1.0,1.0,1.0,1.0,1.0,4.0,1.0,1.0,14.0,1.0,4.0,1.0,13.0,11.0,2.0,2.0,1.0,5.0,1.0,11.0,1.0,1.0,1.0,1.0,1.0,4.0,1.0,1.0,1.0,1.0,3.0,1.0,3.0,1.0,5.0,9.0,1.0,1.0,1.0,1.0,4.0,1.0,6.0,13.0,1.0,3.0,3.0,4.0,1.0,3.0,1.0,4.0,1.0,14.0,9.0,12.0,7.0,1.0,1.0,1.0,2.0,4.0,4.0,6.0,10.0,8.0,21.0,4.0,4.0,3.0,2.0,4.0,1.0,2.0,12.0,11.0,1.0,3.0,4.0,1.0,1.0,1.0,1.0,3.0,6.0,7.0,2.0,5.0,3.0,3.0,8.0,10.0,2.0,19.0,8.0,5.0,1.0,3.0,2.0,6.0,-2.04564786099211,2.0,1.0,2.0,3.0,8.0,9.0,6.0,6.0,1.0,1.0,2.0,2.0,2.0,8.0,4.0,5.0,8.0,7.0,13.0,3.0,9.0,2.0,1.0,3.0,5.0,1.0,3.0,1.0,1.0,5.47566330468136,8.0,1.0,2.0,1.0,1.0,6.0,1.0,1.0,1.0,5.0,15.0,1.0,2.0,7.0,5.0,4.0,5.0,4.0,16.0,6.0,4.0,2.0,1.0,1.0,1.0,1.0,1.0,1.0,2.0,1.0,7.0,7.0,4.0,1.0,2.0,1.0,2.0,1.0,1.0,1.0,1.0,2.0,2.0,1.0,1.0,1.0,1.0,1.0,1.0,1.0,1.0,1.0,1.0,1.0,2.0,2.0,4.0,1.0,1.0,1.0,2.0,7.0,1.0,1.0,1.0,1.0,1.0,1.0,1.0,2.0,3.0,6.0,7.0,4.0,1.0,3.0,1.0,1.0,1.0,1.0,1.0,1.0,1.0,1.0,1.0,2.0,1.0,1.0,2.0,1.0,1.0,1.0,2.0,1.0,1.0,1.0,1.0,1.0,2.0,2.0,3.0,6.0,1.0,1.0,2.0,1.0,1.0,2.0,1.0,1.0,13.0,19.0,2.0,1.0,1.0,4.0,1.0,1.0,1.0,1.0,1.0,1.0,1.0,1.0,1.0,1.0,1.0,2.0,1.0,1.0,1.0,16.0,15.0,1.0,2.0,2.0,2.0,1.0,1.0,1.0,2.0,1.0,1.0,1.0,1.0,1.0,2.0,1.0,1.0,3.0,1.0,1.0,1.0,2.0,1.0,1.0,12.0,7.0,1.0,5.0,1.0,3.0,1.0,1.0,1.0,2.0,3.0,1.0,1.0,6.0,7.0,3.0,5.0,3.0,1.0,1.0,3.0,2.0,1.0,7.0,16.0,1.0,1.0,5.0,3.0,1.0,1.0,3.0,2.0,1.0,3.96952489648403,1.0,2.0,3.0,3.0,1.0,1.0,2.0,1.0,1.0,1.0,2.0,30.0,1.0,4.0,7.0,1.0,1.0,1.0,1.0,1.0,2.0,1.0,2.0,1.0,1.0,1.0,1.0,1.0,1.0,5.0,24.0,4.0,2.0,1.0,1.0,1.0,1.0,1.0,1.0,2.0,2.0,3.0,1.0,2.0,1.0,1.0,1.0,1.0,1.0,1.0,1.0,2.0,1.0,1.0,1.0,1.0,1.0,1.0,1.0,1.0,3.0,1.0,1.0,1.0,3.0,5.0,2.0,3.0,1.0,1.0,2.0,1.0,2.0,1.0,3.0,1.0,2.0,1.0,1.0,2.0,2.0,2.0,1.0,1.0,5.0,2.0,2.0,4.0,1.0,3.0,1.0,4.0,1.0,1.0,2.0,1.0,1.0,4.0,1.0,2.0,1.0,1.0,2.0,4.0,1.0,2.0,2.0,5.0,1.0,1.0,2.0,1.0,1.0,3.0,1.0,1.0,3.0,3.0,5.0,3.0,4.0,1.0,1.0,1.0,2.0,1.0,2.0,1.0,2.0,1.0,1.0,3.0,1.0,1.0,1.0,1.0,2.0,1.0,1.0,1.0,2.0,1.0,1.0,1.0,1.0,1.0,1.0,1.0,1.0,4.0,1.0,1.0,1.0,2.0,1.0,6.0,1.0,1.0,1.0,2.0,2.0,1.0,1.0,1.0,-1.2523449689335,2.0,1.0,1.0,2.0,1.0,-1.0,-1.0,-1.0,-1.0,-2.0,1.0,9.0,-1.0,1.0,-1.0,-1.0,-5.0,-4.0,-3.0,-4.0,-5.0,-5.0,1.0,1.0,1.0,6.0,6.0,2.0,1.0,3.0,2.0,1.0,4.0,5.0,1.0,3.0,1.0,1.0,2.0,1.0,5.0,1.0,1.0,10.0,4.0,1.0,1.0,1.0,3.0,7.0,1.0,2.0,8.0,1.0,2.0,1.0,1.0,1.0,2.0,1.0,2.0,9.0,1.0,9.0,1.0,1.0,1.0,3.0,1.0,1.0,4.0,4.0,1.0,2.0,1.0,2.0,1.0,1.0,1.0,2.0,1.0,1.0,2.0,4.0,1.0,1.0,10.0,1.0,1.0,1.0,3.0,1.0,4.0,4.0,9.0,1.0,1.0,5.0,1.0,1.0,4.957128867032768,4.0,2.0,5.0,1.0,7.0,1.0,5.0,1.0,1.0,1.0,18.20845275419301,1.0,5.0,4.0,6.0,1.0,-3.0,-1.0,-1.0,-13.71931735451625,-2.0,-2.0,-1.0,-1.0,-1.0,-1.0,-3.0,-1.0,-2.0,-4.0,-1.0,-2.0,-1.0,-1.0,-1.0,5.0,4.0,2.0,7.0,2.0,1.0,2.0,1.0,2.0,1.0,3.0,4.0,4.0,1.0,1.0,2.0,4.0,2.0,6.0,1.0,5.0,11.27775448851298,8.0,7.0,1.0,4.0,3.0,1.0,1.0,1.0,2.0,1.0,4.0,1.0,1.0,1.0,1.0,2.0,1.0,1.0,3.0,2.0,4.0,7.0,7.0,4.0,1.0,1.0,4.0,1.0,1.0,2.0,1.0,1.0,5.0,1.0,2.0,7.0,4.0,2.0,2.0,1.0,1.0,1.0,2.0,2.0,2.0,1.0,1.0,2.0,6.0,1.0,4.0,2.0,3.0,-9.81276160699843,1.0,8.0,8.0,1.0,1.0,2.0,2.0,1.0,1.0,2.0,2.0,11.0,5.0,2.0,1.0,2.0,2.0,2.0,2.0,2.0,2.0,2.0,2.0,2.0,1.0,1.0,25.0,6.0,5.0,5.0,5.0,5.0,5.0,5.0,3.0,2.0,1.0,1.0,2.0,1.0,1.0,12.0,15.0,4.0,4.0,5.0,4.0,4.0,5.0,2.0,1.0,5.0,1.0,1.0,2.0,1.0,16.0,5.0,4.0,5.0,4.0,10.0,2.0,4.0,3.0,3.0,6.0,4.0,4.0,4.0,4.0,4.0,4.0,4.0,4.0,4.0,2.0,4.0,4.0,4.0,4.0,4.0,4.0,1.0,1.0,4.0,4.0,4.0,4.0,4.0,4.0,1.0,1.0,1.0,1.0,1.0,1.0,4.0,4.0,4.0,4.0,4.0,4.0,4.0,4.0,4.0,4.0,1.0,1.0,1.0,1.0,3.0,1.0,1.0,10.0,1.0,1.0,1.0,1.0,1.0,21.0,15.0,1.0,1.0,1.0,1.0,1.0,1.0,5.0,1.0,6.0,2.0,2.0,23.0,14.0,1.0,3.0,3.0,3.0,3.0,3.0,3.0,3.0,3.0,1.0,1.0,1.0,1.0,1.0,6.0,1.0,4.0,10.0,9.0,26.0,7.0,3.0,3.0,4.0,3.0,3.0,3.0,4.0,3.0,1.0,1.0,1.0,1.0,3.0,1.0,1.0,13.0,2.0,2.0,2.0,2.0,2.0,2.0,2.0,1.0,1.0,2.0,2.0,2.0,2.0,2.0,2.0,3.0,2.0,1.0,2.0,2.0,2.0,2.0,2.0,2.0,2.0,1.0,2.0,2.0,2.0,2.0,2.0,2.0,2.0,2.0,2.0,2.0,2.0,1.0,-2.0,1.0,4.0,1.0,-4.0,-4.0,-5.0,-4.0,-4.0,-4.0,-5.0,-4.0,-1.0,1.0,2.0,-1.0,1.0,-4.0,-5.0,-4.0,-4.0,-5.0,-4.0,2.0,1.0,-5.0,-6.0,-5.0,-5.0,-6.0,-5.0,1.0,1.0,1.0,-5.0,-5.0,-5.0,-5.0,-5.0,-5.0,-1.0,1.0,-1.0,-5.0,-5.0,-5.0,-5.0,-5.0,-5.0,-3.0,-4.0,-1.0,-1.0,-3.0,-1.0,0.0,1.0,-9.0,-5.0,1.0,-1.0,-2.0,-1.0,-1.0,-2.0,-1.0,-3.0,-2.0,-1.0,-1.0,-1.0,-1.0,-1.0,-3.0,-1.0,-1.0,-1.0,-1.0,-3.0,-2.0,19.45784305872714,-2.0,-1.0,-1.0,-1.0,-2.0,7.0,-4.0,-2.0,-3.0,-3.0,-1.0,-1.0,-1.0,1.0,1.0,0.0,-1.0,-5.0,-7.0,-1.0,-2.0,-1.0,9.0,2.0,13.0,-1.0,-1.0,-1.0,-5.0,-5.0,-2.0,-4.0,1.0,5.0,4.0,2.0,2.0,1.0,2.0,15.0,17.0,4.0,5.0,7.0,13.0,1.0,3.0,1.0,1.0,1.0,12.0,5.0,5.0,1.0,11.0,2.0,4.0,2.0,1.0,15.57346510062307,4.0,2.0,1.0,1.0,2.0,1.0,1.0,2.0,1.0,1.0,2.0,6.0,1.0,1.0,2.0,4.0,3.0,2.0,2.0,3.0,7.0,1.0,1.0,1.0,1.0,1.0,2.0,1.0,1.0,1.0,1.0,1.0,1.0,1.0,1.0,2.0,2.0,1.0,4.0,1.0,1.0,1.0,1.0,3.0,1.0,2.0,6.0,1.0,1.0,1.0,1.0,1.0,1.0,-2.5485758184053537,1.0,1.0,1.0,1.0,1.0,3.0,1.0,1.0,3.0,2.0,2.0,2.0,5.0,-20.80157324031526,2.0,2.0,4.0,3.0,1.0,2.0,2.0,2.0,2.0,-15.704502461243464,1.0,2.0,2.0,2.0,1.0,1.0,1.0,1.0,1.0,2.0,1.0,4.0,1.0,1.0,1.0,1.0,2.0,1.0,1.0,1.0,5.0,5.0,1.0,4.0,3.0,2.0,2.0,1.0,5.0,1.0,3.0,4.0,2.0,1.0,3.0,3.0,4.0,3.0,3.0,1.0,1.0,2.0,1.0,3.0,2.0,4.0,2.0,1.0,4.0,2.0,1.0,2.0,3.0,3.0,3.0,3.0,2.0,1.0,4.0,5.0,1.0,1.0,5.0,4.0,2.0,1.0,1.0,6.276158308138452,6.0,10.0,1.0,5.0,5.0,1.0,7.0,2.0,1.0,10.0,4.0,3.0,3.0,1.0,7.0,1.0,11.0,1.0,2.0,2.0,1.0,3.0,2.0,1.0,1.0,5.0,8.0,1.0,7.0,3.0,1.0,2.0,2.0,1.0,2.0,1.0,1.0,1.0,1.0,2.0,7.0,6.0,1.0,2.0,1.0,1.0,1.0,1.0,5.0,1.0,1.0,2.0,5.0,1.0,2.0,7.0,6.0,6.0,1.0,2.0,9.0,3.0,6.0,1.0,6.0,4.0,9.0,1.0,1.0,1.0,2.0,10.0,6.0,2.0,2.0,5.0,5.0,1.0,10.0,1.0,2.0,4.0,5.0,13.0,1.0,1.0,1.0,1.0,4.0,4.0,3.0,1.0,2.0,1.0,1.0,1.0,2.0,4.0,4.0,5.0,11.0,1.0,1.0,13.2640361646798,1.0,5.0,2.0,7.0,1.0,1.0,2.0,1.0,1.0,1.0,3.0,3.0,2.0,2.0,3.0,5.0,1.0,2.0,1.0,-2.0,1.0,1.0,7.0,-3.0,-3.0,-3.0,-3.0,1.0,0.0,4.0,-2.0,5.0,-6.0,-6.0,-6.0,-6.0,-2.0,-1.0,-1.0,-6.0,-6.0,-6.0,-6.0,-3.0,-2.0,-1.0,-1.0,-3.0,-3.0,-3.0,-3.0,-2.0,-1.0,-1.0,2.0,-1.0,-6.0,-6.0,-6.0,-7.103831779623127,-6.0,-6.0,-6.0,1.0,1.0,-3.0,-3.0,7.0,2.0,-5.0,-5.0,-5.0,-5.0,1.0,-2.0,-2.0,2.0,1.0,-5.0,-6.0,-5.0,-5.0,2.0,1.0,1.0,1.0,-6.0,-6.0,-6.0,-6.0,-1.0,1.0,-2.0,-2.0,1.0,2.0,-13.0,-13.0,-1.0,-1.0,-2.0,2.0,1.0,-5.0,-5.0,-5.0,-5.0,-5.0,-5.0,1.0,1.0,-5.0,-5.0,-5.0,-5.0,-5.0,0.0,-3.0,-12.0,-12.0,1.0,5.0,-7.0,-7.0,-7.0,-7.0,1.0,7.0,1.0,1.0,1.0,2.0,11.0,1.0,4.0,1.0,3.0,6.0,1.0,2.0,3.0,15.0,3.0,2.0,3.0,4.0,1.0,6.0,6.0,4.0,2.0,1.0,1.0,1.0,1.0,1.0,1.0,3.0,7.0,1.0,3.0,1.0,1.0,1.0,3.0,2.0,1.0,2.0,2.0,1.0,1.0,3.0,3.0,3.0,1.0,1.0,2.0,3.0,3.0,3.0,1.0,1.0,1.0,3.0,4.0,4.0,2.0,3.0,1.0,1.0,1.0,1.0,1.0,1.0,2.0,3.0,4.0,4.0,2.0,6.0,3.0,1.0,1.0,1.0,1.0,1.0,1.0,2.0,3.0,1.0,13.0,3.0,1.0,1.0,6.0,1.0,1.0,1.0,4.0,1.0,1.0,2.0,2.0,4.0,3.0,3.0,1.0,1.0,1.0,1.0,2.0,2.0,3.0,3.0,1.0,1.0,2.0,2.0,1.0,2.0,6.0,6.0,2.0,3.0,2.0,2.0,1.0,1.0,2.0,2.0,6.0,6.0,2.0,3.0,2.0,2.0,1.0,1.0,21.0,3.0,4.0,1.0,2.0,2.0,8.0,1.0,7.0,2.0,1.0,2.0,3.0,4.0,4.0,1.0,16.0,1.0,6.0,3.0,1.0,1.0,2.0,10.0,1.0,10.0,3.0,3.0,2.0,1.0,4.0,3.0,1.0,2.0,1.0,1.0,4.0,1.0,3.0,1.0,2.0,2.0,1.0,1.0,1.0,1.0,3.0,1.0,1.0,2.0,1.0,1.0,1.0,1.0,1.0,1.29786125122586,1.0,1.0,1.0,1.0,1.0,4.0,3.0,1.0,1.0,1.0,1.0,1.0,1.0,2.0,2.0,1.0,4.0,1.0,4.0,1.0,1.0,2.0,1.0,1.0,3.0,2.0,2.0,2.0,2.0,1.0,1.0,6.0,24.0,4.0,1.0,3.0,2.0,1.0,1.0,16.0,35.0,3.0,1.0,1.0,1.0,1.0,1.0,1.0,3.0,5.0,1.0,1.0,2.0,7.0,5.0,5.0,2.0,3.0,1.0,1.0,1.0,8.0,1.0,5.0,3.0,2.0,9.0,6.0,1.0,4.0,13.0,1.0,7.0,7.0,1.0,1.0,1.0,1.0,1.0,4.0,6.0,3.0,2.0,1.0,8.0,6.0,1.0,1.0,1.0,2.0,3.0,1.0,2.0,8.0,1.0,2.0,9.0,2.0,1.0,1.0,1.0,1.0,1.0,4.0,1.0,1.0,4.0,5.0,1.0,1.0,2.0,3.0,2.0,1.0,2.0,5.0,6.0,4.0,6.0,8.0,11.0,7.0,6.0,1.0,1.0,1.0,4.0,1.0,3.0,4.0,5.0,12.0,5.0,2.0,2.0,1.0,4.0,2.0,1.0,1.0,1.0,3.0,4.0,3.0,2.0,17.29671484676516,3.0,5.0,1.0,7.0,5.0,2.0,2.0,3.0,1.0,1.0,1.0,1.0,2.0,1.0,2.0,1.0,1.0,12.0,10.0,8.0,6.0,5.0,1.0,1.0,1.0,3.0,1.0,1.0,1.0,3.0,4.0,1.0,2.0,1.0,1.0,1.0,2.0,1.0,1.0,8.0,1.0,1.0,2.0,2.0,5.0,2.0,2.0,1.0,1.0,3.0,2.0,3.0,1.0,6.0,6.0,1.0,1.0,6.0,1.0,6.0,9.0,3.0,13.0,10.0,1.0,1.0,11.0,1.0,1.0,3.0,8.0,9.0,2.0,1.0,2.0,3.0,3.0,3.0,1.0,1.0,1.0,5.0,5.0,2.0,1.0,2.0,2.0,1.0,1.0,5.0,1.0,1.0,1.0,1.0,3.0,2.0,1.0,2.0,1.0,3.0,4.0,1.0,2.0,1.0,2.0,1.0,2.0,2.0,1.0,1.0,2.0,2.0,1.0,1.0,1.0,1.0,1.0,1.0,2.0,1.0,8.0,2.0,1.0,5.0,6.0,2.0,1.0,1.0,1.0,6.0,2.0,3.0,4.0,3.0,1.0,1.0,2.0,2.0,1.0,1.0,11.0,1.0,1.0,2.0,4.0,5.0,3.0,1.0,4.0,1.0,14.0,4.0,7.0,1.0,1.0,2.0,1.0,1.0,2.92572291035908,1.0,1.0,1.0,3.0,1.0,9.0,2.0,2.0,1.0,1.0,7.0,1.0,8.0,1.0,1.0,1.0,1.0,2.0,1.0,1.0,1.0,1.0,2.0,1.0,1.0,1.0,1.0,1.0,1.0,4.0,4.0,3.0,2.0,1.0,1.0,1.0,1.0,3.0,1.0,1.0,1.0,1.0,1.0,1.0,1.0,1.0,2.0,1.0,3.0,0.24337417607789,1.0,1.0,3.0,5.0,9.0,7.0,2.0,2.0,1.0,1.0,1.0,2.0,3.0,1.0,1.0,2.0,3.0,1.0,1.0,2.0,2.0,1.0,1.0,1.0,1.0,2.0,1.0,1.0,-1.0,-1.0,-2.0,-4.0,-12.0,-7.0,-6.0,-6.0,-9.0,-11.0,-2.0,-8.0,-10.0,-6.0,-11.0,-6.50984180533249,-1.0,-4.0,-1.0,-10.0,-11.0,-3.0,-8.0,-12.0,-10.0,-1.0,-1.0,-1.0,-1.0,-7.0,-7.0,-13.0,-7.0,2.0,1.0,1.0,1.0,2.0,1.0,1.0,5.0,1.0,2.0,1.0,1.0,3.0,1.0,3.0,1.0,1.0,1.0,1.0,1.0,1.0,1.0,1.0,4.0,1.0,1.0,2.0,1.0,1.0,3.0,1.0,1.0,2.0,1.0,1.0,2.0,3.0,1.0,2.0,1.0,1.0,1.0,1.0,1.0,1.0,2.0,1.0,2.0,1.0,2.0,5.0,6.0,1.0,2.0,1.0,1.0,3.0,1.0,1.0,2.0,3.0,3.0,1.0,1.0,2.0,5.0,5.0,1.0,1.0,4.0,3.0,2.0,1.0,1.0,-1.0,1.0,2.0,-3.0,1.0,1.0,-4.0,-4.0,-3.0,2.0,-1.0,-1.0,-1.0,-2.0,2.0,10.0,1.0,1.0,1.0,2.0,3.0,4.0,1.0,2.0,1.0,17.0,1.0,1.0,1.0,1.0,2.0,1.0,1.0,1.0,4.0,4.0,1.0,3.0,1.0,1.0,2.0,1.0,1.0,1.0,2.0,2.0,1.0,1.0,1.0,1.0,2.0,3.0,18.94840458248437,1.0,1.0,3.0,1.0,1.0,1.0,2.0,3.0,1.0,1.0,2.0,4.0,2.0,1.0,1.0,1.0,1.0,2.0,3.0,1.0,4.0,1.0,1.0,1.0,4.0,4.0,1.0,1.0,2.0,2.0,2.0,2.0,1.0,2.0,1.0,2.0,3.0,1.0,6.0,11.0,8.0,5.0,4.0,5.0,3.0,2.0,1.0,1.0,1.0,1.0,1.0,2.0,2.0,3.0,2.0,3.0,1.0,1.0,1.0,1.0,1.0,1.0,3.0,2.0,5.0,1.0,2.0,2.0,1.0,5.0,1.0,5.0,1.0,2.0,5.0,3.0,2.0,1.0,15.11250881122309,1.0,2.0,3.0,1.0,1.0,1.0,3.0,3.0,2.0,4.0,1.0,1.0,1.0,1.0,1.0,1.0,1.0,1.0,1.0,1.0,1.0,3.0,5.0,1.0,1.0,1.0,2.0,2.0,1.0,1.0,5.0,1.0,1.0,5.0,1.0,1.0,-7.0,-7.0,1.0,-1.0,-4.0,-2.0,-1.0,-2.0,-1.0,1.0,-1.0,-3.0,-5.0,0.0,-3.0,-1.0,-2.0,-4.0,1.0,-1.0,1.0,-1.0,-1.0,1.0,-1.0,-1.0,2.0,-2.0,-3.0,2.0,-2.0,-1.0,1.0,-1.0,-1.0,-2.0,1.0,-2.0,-1.0,2.0,-1.0,-1.0,-1.0,-1.0,-2.0,2.0,-2.0,-2.0,0.0,-1.0,-1.0,-1.0,-1.0,-1.0,1.0,1.0,1.0,7.0,1.0,1.0,1.0,1.0,1.0,2.0,1.0,1.0,12.0,1.0,1.0,1.0,1.0,1.0,1.0,2.0,1.0,1.0,1.0,1.0,2.0,4.0,3.0,1.0,1.0,3.0,1.0,1.0,1.0,1.0,2.0,1.0,1.0,1.0,1.0,1.0,2.0,1.0,1.0,3.0,7.0,2.0,1.0,1.0,1.0,1.0,1.0,1.0,1.0,1.0,1.0,1.0,1.0,1.0,6.0,1.0,1.0,1.0,1.0,1.0,1.0,1.0,1.0,1.0,1.0,1.0,1.0,1.0,1.0,1.0,1.0,4.0,1.0,1.0,1.0,1.0,1.0,1.0,1.0,1.0,1.0,1.0,1.0,1.0,1.0,1.0,1.0,1.0,1.0,1.0,1.0,-1.0,-1.0,1.0,1.0,2.0,-2.0,-2.0,-2.0,-2.0,-2.0,1.0,1.0,-3.56110793196185,-3.0,-3.0,-3.0,1.0,-5.0,-5.0,-5.0,1.0,1.0,1.0,1.0,2.0,1.0,1.0,-1.0,-1.0,-1.0,-1.0,-1.0,-1.0,4.0,4.0,1.0,1.0,3.0,1.0,1.0,1.0,1.0,1.0,3.0,3.0,2.0,1.0,1.0,1.0,1.0,1.0,2.0,1.0,1.0,2.0,2.0,1.0,1.0,1.0,1.0,1.0,3.0,3.0,3.0,1.0,1.0,2.0,1.0,1.0,2.0,2.0,2.0,1.0,1.0,1.0,2.0,1.0,1.0,1.0,1.0,3.0,1.0,1.0,1.0,1.0,4.0,2.0,5.0,1.0,2.0,1.0,1.0,1.0,1.0,3.0,1.0,2.0,3.0,2.0,1.0,1.0,1.0,2.0,2.0,2.0,2.0,1.0,6.0,3.0,6.0,1.0,1.0,1.0,3.0,1.0,4.0,5.0,1.0,1.0,1.0,1.0,1.0,17.0,1.0,2.0,12.0,1.0,2.0,3.0,8.0,13.0,5.0,2.0,1.0,2.0,6.0,4.0,4.0,2.0,1.0,3.0,2.0,1.0,1.0,1.0,3.0,1.0,1.0,1.0,3.0,1.0,1.0,1.0,3.0,1.0,1.0,1.0,2.0,3.0,7.0,4.0,3.0,-0.31044766992144,2.0,2.0,2.0,1.0,1.0,1.0,1.0,1.0,1.0,1.0,1.0,1.0,1.0,1.0,1.0,1.0,1.0,1.0,1.0,1.0,1.0,1.0,1.0,1.0,1.0,1.0,1.0,1.0,3.0,1.0,1.0,2.0,2.0,2.0,2.0,3.0,1.0,1.0,1.0,2.0,1.0,4.0,3.0,1.0,1.0,1.0,2.0,1.0,7.39298284432326,1.0,5.0,3.0,2.0,1.0,1.0,1.0,1.0,1.0,1.0,1.0,1.0,1.0,3.0,4.0,3.0,1.0,1.0,1.0,1.0,1.0,1.0,1.0,1.0,1.0,1.0,1.0,1.0,2.0,1.0,1.0,1.0,1.0,1.0,1.0,1.0,1.0,1.0,1.0,1.0,2.0,1.0,1.0,1.0,1.0,1.0,1.0,1.0,1.0,1.0,1.0,1.0,1.0,1.0,3.0,8.0,2.0,1.0,2.0,1.0,1.0,4.0,1.0,1.0,1.0,1.0,1.0,1.0,1.0,7.0,5.0,2.0,3.0,1.0,1.0,2.0,1.0,1.0,1.0,1.0,1.0,1.0,2.0,3.0,1.0,2.0,2.0,2.0,-16.38832593496558,3.0,1.0,1.0,1.0,1.0,3.0,2.0,3.0,3.0,1.0,1.0,2.0,2.0,2.0,3.0,2.0,1.0,3.0,1.0,2.0,2.0,2.0,2.0,2.0,2.0,1.0,1.0,1.0,1.0,1.0,1.0,1.0,1.0,1.0,2.0,1.0,1.0,1.0,3.0,1.0,1.0,1.0,1.0,1.0,1.0,1.0,2.0,1.0,6.0,1.0,5.0,1.0,4.0,1.0,8.0,1.0,3.0,3.0,4.0,1.0,2.0,2.0,1.0,1.0,3.0,2.0,3.0,1.0,2.0,1.0,1.0,2.0,1.0,1.0,4.0,6.0,1.0,1.0,1.0,2.0,2.0,1.0,1.0,3.0,5.0,5.38785976813884,1.0,1.0,5.0,1.0,1.0,2.0,1.0,1.0,1.0,4.0,2.0,1.0,4.0,2.0,6.0,1.0,1.0,1.0,1.0,6.0,5.96397995782018,1.0,1.0,3.0,3.0,-1.3686525685699,9.0,2.0,3.0,3.0,3.0,3.0,1.0,1.0,5.0,5.0,5.0,5.0,1.0,7.0,10.0,2.0,1.0,4.0,5.0,5.0,5.0,5.0,2.0,1.0,3.0,5.0,4.0,2.0,2.0,1.0,1.0,2.0,3.0,1.0,1.0,3.0,11.0,5.0,5.0,5.0,5.0,5.0,5.0,5.0,5.0,13.0,3.0,2.0,2.0,3.0,11.0,5.0,5.0,5.0,5.0,1.0,1.0,2.0,18.0,11.0,2.0,1.0,3.0,3.0,5.0,5.0,5.0,5.0,5.0,5.0,2.0,1.0,3.0,1.0,1.0,21.0,1.0,2.0,3.0,6.0,6.0,6.0,6.0,2.0,5.0,3.0,2.0,5.0,13.0,2.0,5.0,5.0,5.0,5.0,6.0,2.0,24.0,2.0,1.0,2.0,5.0,5.0,5.0,5.0,1.0,2.0,4.0,3.0,12.0,1.0,9.0,4.0,4.0,4.0,4.0,4.0,4.0,4.0,1.0,10.0,4.0,1.0,21.0,1.0,2.0,1.0,1.0,1.0,4.0,3.0,5.0,6.0,6.0,6.0,6.0,6.0,1.0,1.0,3.0,15.0,1.0,1.0,1.0,1.0,7.0,4.0,1.0,10.0,5.0,5.0,5.0,5.0,1.0,1.0,4.0,2.0,-19.72431348956135,1.0,2.0,2.0,9.0,2.0,1.0,1.0,3.0,1.0,4.0,3.0,1.0,1.0,1.0,1.0,1.0,2.0,1.0,1.0,9.0,1.0,1.0,1.0,2.0,5.0,5.0,5.0,5.0,2.0,1.0,7.0,1.0,2.0,5.0,5.0,5.0,5.0,5.0,5.0,5.0,3.0,1.0,1.0,20.0,1.0,1.0,1.0,4.0,1.0,1.0,2.0,1.0,9.0,3.0,4.0,4.0,4.0,4.0,4.0,4.0,4.0,4.0,1.0,1.0,37.0,1.0,1.0,1.0,6.0,6.0,6.0,6.0,6.0,6.0,1.0,1.0,1.0,1.0,6.0,16.0,1.0,5.0,5.0,5.0,5.0,1.0,27.0,1.0,1.0,1.0,7.0,6.0,6.0,6.0,6.0,1.0,2.0,1.0,30.0,1.0,1.0,1.0,1.0,8.0,6.0,6.0,6.0,6.0,13.32796194626393,2.0,2.0,2.0,2.0,5.0,5.0,7.0,3.0,30.0,3.0,10.0,6.0,1.0,10.0,5.0,5.0,5.0,5.0,5.0,5.0,5.0,4.0,1.0,6.0,8.0,1.0,2.0,3.0,4.0,4.0,5.0,6.0,6.0,6.0,6.0,-5.0,-5.0,-5.0,-5.0,-5.0,-5.0,-5.0,-5.0,-5.0,-5.0,1.0
1.0,1.0,1.0,2.0,1.0,2.0,4.0,7.0,1.0,2.0,1.0,5.0,1.0,1.0,1.0,1.0,3.0,1.0,2.0,1.0,1.0,1.0,1.0,1.0,1.0,1.0,5.0,2.0,1.0,3.0,1.0,1.0,5.0,1.0,1.0,2.0,1.0,1.0,1.0,2.0,3.0,1.0,1.0,1.0,1.0,1.0,1.0,1.0,1.0,1.0,1.0,1.0,5.0,3.0,2.0,1.0,1.0,2.0,1.0,1.0,1.0,1.0,1.0,1.0,1.0,1.0,2.0,1.0,5.0,1.0,2.0,1.0,1.0,2.0,1.0,1.0,1.0,1.0,2.0,1.0,7.0,4.0,1.0,2.0,1.0,2.0,12.0,5.0,1.0,15.0,1.0,2.0,2.0,2.0,1.0,1.0,8.0,1.0,4.0,1.0,1.0,16.0,3.0,3.0,1.0,2.0,1.0,1.0,6.0,7.0,1.0,2.0,3.0,2.0,2.0,3.0,2.0,1.0,5.0,1.0,3.0,2.0,2.0,1.0,1.0,1.0,10.0,10.0,1.0,3.0,2.0,1.0,2.0,5.0,2.0,1.0,3.0,1.0,1.0,1.0,1.0,1.0,1.0,1.0,7.0,1.0,1.0,13.0,1.0,1.0,1.0,10.0,2.0,1.0,3.0,1.0,1.0,2.0,3.0,1.0,1.0,1.0,1.0,1.0,1.0,1.0,2.0,1.0,14.0,1.0,1.0,1.0,2.0,2.0,1.0,3.0,2.0,1.0,1.0,1.0,2.0,5.0,1.0,1.0,1.0,4.0,1.0,4.0,2.0,14.0,1.0,2.0,2.0,4.0,1.0,1.0,3.0,1.0,1.0,2.0,1.0,1.0,4.0,3.0,17.0,1.0,1.0,1.0,1.0,3.0,1.0,3.0,5.0,1.0,2.0,2.0,2.0,1.0,1.0,1.0,4.0,1.0,2.0,1.0,1.0,1.0,1.0,1.0,1.0,5.0,2.0,2.0,3.0,1.0,1.0,1.0,1.0,2.0,1.0,1.0,1.0,1.0,1.0,5.0,2.0,3.0,2.0,2.0,3.0,1.0,2.0,4.0,1.0,2.0,2.0,2.0,1.0,1.0,1.0,1.0,1.0,3.0,2.0,1.0,1.0,13.0,3.0,1.0,1.0,1.0,7.0,4.0,1.0,1.0,1.0,8.0,1.0,1.0,6.0,2.0,1.0,3.0,2.0,8.0,2.0,1.0,1.0,1.0,5.0,1.0,8.0,1.0,4.0,9.0,7.0,1.0,1.0,8.0,1.0,2.0,1.0,1.0,4.0,1.0,1.0,1.0,7.0,4.0,5.0,3.0,1.0,1.0,1.0,2.0,1.0,1.0,1.0,1.0,1.0,1.0,6.0,3.0,2.0,2.0,1.0,1.0,1.0,1.0,1.0,1.0,5.0,1.0,1.0,3.0,1.0,1.0,3.0,3.0,1.0,1.0,1.0,2.0,2.0,1.0,1.0,1.0,3.0,4.0,4.0,1.0,1.0,1.0,2.0,1.0,2.0,2.0,2.0,8.0,9.0,3.0,1.0,2.0,1.0,1.0,3.0,2.0,2.0,1.0,5.0,1.0,3.0,3.0,3.0,4.0,1.0,1.0,2.0,2.0,3.0,3.0,1.0,3.0,2.0,1.0,1.0,1.0,1.0,1.0,1.0,1.0,1.0,1.0,1.0,1.0,2.0,10.0,2.0,3.0,3.0,3.0,2.0,1.0,1.0,1.0,1.0,2.0,1.0,15.0,3.0,3.0,3.0,3.0,1.0,1.0,11.0,2.0,2.0,2.0,3.0,1.0,1.0,1.0,1.0,9.0,2.0,2.0,3.0,3.0,1.0,1.0,1.0,2.0,1.0,13.0,2.0,2.0,3.0,3.0,6.0,5.0,2.0,2.0,2.0,2.0,3.0,3.0,4.0,3.0,2.0,2.0,3.0,3.0,4.0,2.0,7.0,3.0,3.0,2.0,2.0,1.0,3.0,7.0,2.0,13.0,6.0,4.0,1.0,1.0,1.0,2.0,1.0,3.0,2.0,10.0,2.0,14.0,1.0,1.0,1.0,9.0,3.0,2.0,1.0,1.0,10.0,2.0,1.0,1.0,1.0,2.0,3.0,7.0,5.0,1.0,1.0,1.0,2.0,6.0,2.0,2.0,4.0,2.0,1.0,1.0,1.0,3.0,2.0,10.0,3.0,1.0,1.0,1.0,5.0,3.0,5.0,1.0,3.0,1.0,1.0,2.0,2.0,3.0,2.0,1.0,2.0,1.0,1.0,1.0,2.0,1.0,1.0,1.0,1.0,5.0,1.0,2.0,1.0,1.0,1.0,1.0,1.0,4.0,1.0,1.0,14.0,1.0,4.0,1.0,13.0,11.0,2.0,2.0,1.0,5.0,1.0,11.0,1.0,1.0,1.0,1.0,1.0,4.0,1.0,1.0,1.0,1.0,3.0,1.0,3.0,1.0,5.0,9.0,1.0,1.0,1.0,1.0,4.0,1.0,6.0,13.0,1.0,3.0,3.0,4.0,1.0,3.0,1.0,4.0,1.0,14.0,9.0,12.0,7.0,1.0,1.0,1.0,2.0,4.0,4.0,6.0,10.0,8.0,21.0,4.0,4.0,3.0,2.0,4.0,1.0,2.0,12.0,11.0,1.0,3.0,4.0,1.0,1.0,1.0,1.0,3.0,6.0,7.0,2.0,5.0,3.0,3.0,8.0,10.0,2.0,19.0,8.0,5.0,1.0,3.0,2.0,6.0,-2.04564786099211,2.0,1.0,2.0,3.0,8.0,9.0,6.0,6.0,1.0,1.0,2.0,2.0,2.0,8.0,4.0,5.0,8.0,7.0,13.0,3.0,9.0,2.0,1.0,3.0,5.0,1.0,3.0,1.0,1.0,5.47566330468136,8.0,1.0,2.0,1.0,1.0,6.0,1.0,1.0,1.0,5.0,15.0,1.0,2.0,7.0,5.0,4.0,5.0,4.0,16.0,6.0,4.0,2.0,1.0,1.0,1.0,1.0,1.0,1.0,2.0,1.0,7.0,7.0,4.0,1.0,2.0,1.0,2.0,1.0,1.0,1.0,1.0,2.0,2.0,1.0,1.0,1.0,1.0,1.0,1.0,1.0,1.0,1.0,1.0,1.0,2.0,2.0,4.0,1.0,1.0,1.0,2.0,7.0,1.0,1.0,1.0,1.0,1.0,1.0,1.0,2.0,3.0,6.0,7.0,4.0,1.0,3.0,1.0,1.0,1.0,1.0,1.0,1.0,1.0,1.0,1.0,2.0,1.0,1.0,2.0,1.0,1.0,1.0,2.0,1.0,1.0,1.0,1.0,1.0,2.0,2.0,3.0,6.0,1.0,1.0,2.0,1.0,1.0,2.0,1.0,1.0,13.0,19.0,2.0,1.0,1.0,4.0,1.0,1.0,1.0,1.0,1.0,1.0,1.0,1.0,1.0,1.0,1.0,2.0,1.0,1.0,1.0,16.0,15.0,1.0,2.0,2.0,2.0,1.0,1.0,1.0,2.0,1.0,1.0,1.0,1.0,1.0,2.0,1.0,1.0,3.0,1.0,1.0,1.0,2.0,1.0,1.0,12.0,7.0,1.0,5.0,1.0,3.0,1.0,1.0,1.0,2.0,3.0,1.0,1.0,6.0,7.0,3.0,5.0,3.0,1.0,1.0,3.0,2.0,1.0,7.0,16.0,1.0,1.0,5.0,3.0,1.0,1.0,3.0,2.0,1.0,3.96952489648403,1.0,2.0,3.0,3.0,1.0,1.0,2.0,1.0,1.0,1.0,2.0,30.0,1.0,4.0,7.0,1.0,1.0,1.0,1.0,1.0,2.0,1.0,2.0,1.0,1.0,1.0,1.0,1.0,1.0,5.0,24.0,4.0,2.0,1.0,1.0,1.0,1.0,1.0,1.0,2.0,2.0,3.0,1.0,2.0,1.0,1.0,1.0,1.0,1.0,1.0,1.0,2.0,1.0,1.0,1.0,1.0,1.0,1.0,1.0,1.0,3.0,1.0,1.0,1.0,3.0,5.0,2.0,3.0,1.0,1.0,2.0,1.0,2.0,1.0,3.0,1.0,2.0,1.0,1.0,2.0,2.0,2.0,1.0,1.0,5.0,2.0,2.0,4.0,1.0,3.0,1.0,4.0,1.0,1.0,2.0,1.0,1.0,4.0,1.0,2.0,1.0,1.0,2.0,4.0,1.0,2.0,2.0,5.0,1.0,1.0,2.0,1.0,1.0,3.0,1.0,1.0,3.0,3.0,5.0,3.0,4.0,1.0,1.0,1.0,2.0,1.0,2.0,1.0,2.0,1.0,1.0,3.0,1.0,1.0,1.0,1.0,2.0,1.0,1.0,1.0,2.0,1.0,1.0,1.0,1.0,1.0,1.0,1.0,1.0,4.0,1.0,1.0,1.0,2.0,1.0,6.0,1.0,1.0,1.0,2.0,2.0,1.0,1.0,1.0,-1.2523449689335,2.0,1.0,1.0,2.0,1.0,-1.0,-1.0,-1.0,-1.0,-2.0,1.0,9.0,-1.0,1.0,-1.0,-1.0,-5.0,-4.0,-3.0,-4.0,-5.0,-5.0,1.0,1.0,1.0,6.0,6.0,2.0,1.0,3.0,2.0,1.0,4.0,5.0,1.0,3.0,1.0,1.0,2.0,1.0,5.0,1.0,1.0,10.0,4.0,1.0,1.0,1.0,3.0,7.0,1.0,2.0,8.0,1.0,2.0,1.0,1.0,1.0,2.0,1.0,2.0,9.0,1.0,9.0,1.0,1.0,1.0,3.0,1.0,1.0,4.0,4.0,1.0,2.0,1.0,2.0,1.0,1.0,1.0,2.0,1.0,1.0,2.0,4.0,1.0,1.0,10.0,1.0,1.0,1.0,3.0,1.0,4.0,4.0,9.0,1.0,1.0,5.0,1.0,1.0,4.957128867032768,4.0,2.0,5.0,1.0,7.0,1.0,5.0,1.0,1.0,1.0,18.20845275419301,1.0,5.0,4.0,6.0,1.0,-3.0,-1.0,-1.0,-13.71931735451625,-2.0,-2.0,-1.0,-1.0,-1.0,-1.0,-3.0,-1.0,-2.0,-4.0,-1.0,-2.0,-1.0,-1.0,-1.0,5.0,4.0,2.0,7.0,2.0,1.0,2.0,1.0,2.0,1.0,3.0,4.0,4.0,1.0,1.0,2.0,4.0,2.0,6.0,1.0,5.0,11.27775448851298,8.0,7.0,1.0,4.0,3.0,1.0,1.0,1.0,2.0,1.0,4.0,1.0,1.0,1.0,1.0,2.0,1.0,1.0,3.0,2.0,4.0,7.0,7.0,4.0,1.0,1.0,4.0,1.0,1.0,2.0,1.0,1.0,5.0,1.0,2.0,7.0,4.0,2.0,2.0,1.0,1.0,1.0,2.0,2.0,2.0,1.0,1.0,2.0,6.0,1.0,4.0,2.0,3.0,-9.81276160699843,1.0,8.0,8.0,1.0,1.0,2.0,2.0,1.0,1.0,2.0,2.0,11.0,5.0,2.0,1.0,2.0,2.0,2.0,2.0,2.0,2.0,2.0,2.0,2.0,1.0,1.0,25.0,6.0,5.0,5.0,5.0,5.0,5.0,5.0,3.0,2.0,1.0,1.0,2.0,1.0,1.0,12.0,15.0,4.0,4.0,5.0,4.0,4.0,5.0,2.0,1.0,5.0,1.0,1.0,2.0,1.0,16.0,5.0,4.0,5.0,4.0,10.0,2.0,4.0,3.0,3.0,6.0,4.0,4.0,4.0,4.0,4.0,4.0,4.0,4.0,4.0,2.0,4.0,4.0,4.0,4.0,4.0,4.0,1.0,1.0,4.0,4.0,4.0,4.0,4.0,4.0,1.0,1.0,1.0,1.0,1.0,1.0,4.0,4.0,4.0,4.0,4.0,4.0,4.0,4.0,4.0,4.0,1.0,1.0,1.0,1.0,3.0,1.0,1.0,10.0,1.0,1.0,1.0,1.0,1.0,21.0,15.0,1.0,1.0,1.0,1.0,1.0,1.0,5.0,1.0,6.0,2.0,2.0,23.0,14.0,1.0,3.0,3.0,3.0,3.0,3.0,3.0,3.0,3.0,1.0,1.0,1.0,1.0,1.0,6.0,1.0,4.0,10.0,9.0,26.0,7.0,3.0,3.0,4.0,3.0,3.0,3.0,4.0,3.0,1.0,1.0,1.0,1.0,3.0,1.0,1.0,13.0,2.0,2.0,2.0,2.0,2.0,2.0,2.0,1.0,1.0,2.0,2.0,2.0,2.0,2.0,2.0,3.0,2.0,1.0,2.0,2.0,2.0,2.0,2.0,2.0,2.0,1.0,2.0,2.0,2.0,2.0,2.0,2.0,2.0,2.0,2.0,2.0,2.0,1.0,-2.0,1.0,4.0,1.0,-4.0,-4.0,-5.0,-4.0,-4.0,-4.0,-5.0,-4.0,-1.0,1.0,2.0,-1.0,1.0,-4.0,-5.0,-4.0,-4.0,-5.0,-4.0,2.0,1.0,-5.0,-6.0,-5.0,-5.0,-6.0,-5.0,1.0,1.0,1.0,-5.0,-5.0,-5.0,-5.0,-5.0,-5.0,-1.0,1.0,-1.0,-5.0,-5.0,-5.0,-5.0,-5.0,-5.0,-3.0,-4.0,-1.0,-1.0,-3.0,-1.0,0.0,1.0,-9.0,-5.0,1.0,-1.0,-2.0,-1.0,-1.0,-2.0,-1.0,-3.0,-2.0,-1.0,-1.0,-1.0,-1.0,-1.0,-3.0,-1.0,-1.0,-1.0,-1.0,-3.0,-2.0,19.45784305872714,-2.0,-1.0,-1.0,-1.0,-2.0,7.0,-4.0,-2.0,-3.0,-3.0,-1.0,-1.0,-1.0,1.0,1.0,0.0,-1.0,-5.0,-7.0,-1.0,-2.0,-1.0,9.0,2.0,13.0,-1.0,-1.0,-1.0,-5.0,-5.0,-2.0,-4.0,1.0,5.0,4.0,2.0,2.0,1.0,2.0,15.0,17.0,4.0,5.0,7.0,13.0,1.0,3.0,1.0,1.0,1.0,12.0,5.0,5.0,1.0,11.0,2.0,4.0,2.0,1.0,15.57346510062307,4.0,2.0,1.0,1.0,2.0,1.0,1.0,2.0,1.0,1.0,2.0,6.0,1.0,1.0,2.0,4.0,3.0,2.0,2.0,3.0,7.0,1.0,1.0,1.0,1.0,1.0,2.0,1.0,1.0,1.0,1.0,1.0,1.0,1.0,1.0,2.0,2.0,1.0,4.0,1.0,1.0,1.0,1.0,3.0,1.0,2.0,6.0,1.0,1.0,1.0,1.0,1.0,1.0,-2.5485758184053537,1.0,1.0,1.0,1.0,1.0,3.0,1.0,1.0,3.0,2.0,2.0,2.0,5.0,-20.80157324031526,2.0,2.0,4.0,3.0,1.0,2.0,2.0,2.0,2.0,-15.704502461243464,1.0,2.0,2.0,2.0,1.0,1.0,1.0,1.0,1.0,2.0,1.0,4.0,1.0,1.0,1.0,1.0,2.0,1.0,1.0,1.0,5.0,5.0,1.0,4.0,3.0,2.0,2.0,1.0,5.0,1.0,3.0,4.0,2.0,1.0,3.0,3.0,4.0,3.0,3.0,1.0,1.0,2.0,1.0,3.0,2.0,4.0,2.0,1.0,4.0,2.0,1.0,2.0,3.0,3.0,3.0,3.0,2.0,1.0,4.0,5.0,1.0,1.0,5.0,4.0,2.0,1.0,1.0,6.276158308138452,6.0,10.0,1.0,5.0,5.0,1.0,7.0,2.0,1.0,10.0,4.0,3.0,3.0,1.0,7.0,1.0,11.0,1.0,2.0,2.0,1.0,3.0,2.0,1.0,1.0,5.0,8.0,1.0,7.0,3.0,1.0,2.0,2.0,1.0,2.0,1.0,1.0,1.0,1.0,2.0,7.0,6.0,1.0,2.0,1.0,1.0,1.0,1.0,5.0,1.0,1.0,2.0,5.0,1.0,2.0,7.0,6.0,6.0,1.0,2.0,9.0,3.0,6.0,1.0,6.0,4.0,9.0,1.0,1.0,1.0,2.0,10.0,6.0,2.0,2.0,5.0,5.0,1.0,10.0,1.0,2.0,4.0,5.0,13.0,1.0,1.0,1.0,1.0,4.0,4.0,3.0,1.0,2.0,1.0,1.0,1.0,2.0,4.0,4.0,5.0,11.0,1.0,1.0,13.2640361646798,1.0,5.0,2.0,7.0,1.0,1.0,2.0,1.0,1.0,1.0,3.0,3.0,2.0,2.0,3.0,5.0,1.0,2.0,1.0,-2.0,1.0,1.0,7.0,-3.0,-3.0,-3.0,-3.0,1.0,0.0,4.0,-2.0,5.0,-6.0,-6.0,-6.0,-6.0,-2.0,-1.0,-1.0,-6.0,-6.0,-6.0,-6.0,-3.0,-2.0,-1.0,-1.0,-3.0,-3.0,-3.0,-3.0,-2.0,-1.0,-1.0,2.0,-1.0,-6.0,-6.0,-6.0,-7.103831779623127,-6.0,-6.0,-6.0,1.0,1.0,-3.0,-3.0,7.0,2.0,-5.0,-5.0,-5.0,-5.0,1.0,-2.0,-2.0,2.0,1.0,-5.0,-6.0,-5.0,-5.0,2.0,1.0,1.0,1.0,-6.0,-6.0,-6.0,-6.0,-1.0,1.0,-2.0,-2.0,1.0,2.0,-13.0,-13.0,-1.0,-1.0,-2.0,2.0,1.0,-5.0,-5.0,-5.0,-5.0,-5.0,-5.0,1.0,1.0,-5.0,-5.0,-5.0,-5.0,-5.0,0.0,-3.0,-12.0,-12.0,1.0,5.0,-7.0,-7.0,-7.0,-7.0,1.0,7.0,1.0,1.0,1.0,2.0,11.0,1.0,4.0,1.0,3.0,6.0,1.0,2.0,3.0,15.0,3.0,2.0,3.0,4.0,1.0,6.0,6.0,4.0,2.0,1.0,1.0,1.0,1.0,1.0,1.0,3.0,7.0,1.0,3.0,1.0,1.0,1.0,3.0,2.0,1.0,2.0,2.0,1.0,1.0,3.0,3.0,3.0,1.0,1.0,2.0,3.0,3.0,3.0,1.0,1.0,1.0,3.0,4.0,4.0,2.0,3.0,1.0,1.0,1.0,1.0,1.0,1.0,2.0,3.0,4.0,4.0,2.0,6.0,3.0,1.0,1.0,1.0,1.0,1.0,1.0,2.0,3.0,1.0,13.0,3.0,1.0,1.0,6.0,1.0,1.0,1.0,4.0,1.0,1.0,2.0,2.0,4.0,3.0,3.0,1.0,1.0,1.0,1.0,2.0,2.0,3.0,3.0,1.0,1.0,2.0,2.0,1.0,2.0,6.0,6.0,2.0,3.0,2.0,2.0,1.0,1.0,2.0,2.0,6.0,6.0,2.0,3.0,2.0,2.0,1.0,1.0,21.0,3.0,4.0,1.0,2.0,2.0,8.0,1.0,7.0,2.0,1.0,2.0,3.0,4.0,4.0,1.0,16.0,1.0,6.0,3.0,1.0,1.0,2.0,10.0,1.0,10.0,3.0,3.0,2.0,1.0,4.0,3.0,1.0,2.0,1.0,1.0,4.0,1.0,3.0,1.0,2.0,2.0,1.0,1.0,1.0,1.0,3.0,1.0,1.0,2.0,1.0,1.0,1.0,1.0,1.0,1.29786125122586,1.0,1.0,1.0,1.0,1.0,4.0,3.0,1.0,1.0,1.0,1.0,1.0,1.0,2.0,2.0,1.0,4.0,1.0,4.0,1.0,1.0,2.0,1.0,1.0,3.0,2.0,2.0,2.0,2.0,1.0,1.0,6.0,24.0,4.0,1.0,3.0,2.0,1.0,1.0,16.0,35.0,3.0,1.0,1.0,1.0,1.0,1.0,1.0,3.0,5.0,1.0,1.0,2.0,7.0,5.0,5.0,2.0,3.0,1.0,1.0,1.0,8.0,1.0,5.0,3.0,2.0,9.0,6.0,1.0,4.0,13.0,1.0,7.0,7.0,1.0,1.0,1.0,1.0,1.0,4.0,6.0,3.0,2.0,1.0,8.0,6.0,1.0,1.0,1.0,2.0,3.0,1.0,2.0,8.0,1.0,2.0,9.0,2.0,1.0,1.0,1.0,1.0,1.0,4.0,1.0,1.0,4.0,5.0,1.0,1.0,2.0,3.0,2.0,1.0,2.0,5.0,6.0,4.0,6.0,8.0,11.0,7.0,6.0,1.0,1.0,1.0,4.0,1.0,3.0,4.0,5.0,12.0,5.0,2.0,2.0,1.0,4.0,2.0,1.0,1.0,1.0,3.0,4.0,3.0,2.0,17.29671484676516,3.0,5.0,1.0,7.0,5.0,2.0,2.0,3.0,1.0,1.0,1.0,1.0,2.0,1.0,2.0,1.0,1.0,12.0,10.0,8.0,6.0,5.0,1.0,1.0,1.0,3.0,1.0,1.0,1.0,3.0,4.0,1.0,2.0,1.0,1.0,1.0,2.0,1.0,1.0,8.0,1.0,1.0,2.0,2.0,5.0,2.0,2.0,1.0,1.0,3.0,2.0,3.0,1.0,6.0,6.0,1.0,1.0,6.0,1.0,6.0,9.0,3.0,13.0,10.0,1.0,1.0,11.0,1.0,1.0,3.0,8.0,9.0,2.0,1.0,2.0,3.0,3.0,3.0,1.0,1.0,1.0,5.0,5.0,2.0,1.0,2.0,2.0,1.0,1.0,5.0,1.0,1.0,1.0,1.0,3.0,2.0,1.0,2.0,1.0,3.0,4.0,1.0,2.0,1.0,2.0,1.0,2.0,2.0,1.0,1.0,2.0,2.0,1.0,1.0,1.0,1.0,1.0,1.0,2.0,1.0,8.0,2.0,1.0,5.0,6.0,2.0,1.0,1.0,1.0,6.0,2.0,3.0,4.0,3.0,1.0,1.0,2.0,2.0,1.0,1.0,11.0,1.0,1.0,2.0,4.0,5.0,3.0,1.0,4.0,1.0,14.0,4.0,7.0,1.0,1.0,2.0,1.0,1.0,2.92572291035908,1.0,1.0,1.0,3.0,1.0,9.0,2.0,2.0,1.0,1.0,7.0,1.0,8.0,1.0,1.0,1.0,1.0,2.0,1.0,1.0,1.0,1.0,2.0,1.0,1.0,1.0,1.0,1.0,1.0,4.0,4.0,3.0,2.0,1.0,1.0,1.0,1.0,3.0,1.0,1.0,1.0,1.0,1.0,1.0,1.0,1.0,2.0,1.0,3.0,0.24337417607789,1.0,1.0,3.0,5.0,9.0,7.0,2.0,2.0,1.0,1.0,1.0,2.0,3.0,1.0,1.0,2.0,3.0,1.0,1.0,2.0,2.0,1.0,1.0,1.0,1.0,2.0,1.0,1.0,-1.0,-1.0,-2.0,-4.0,-12.0,-7.0,-6.0,-6.0,-9.0,-11.0,-2.0,-8.0,-10.0,-6.0,-11.0,-6.50984180533249,-1.0,-4.0,-1.0,-10.0,-11.0,-3.0,-8.0,-12.0,-10.0,-1.0,-1.0,-1.0,-1.0,-7.0,-7.0,-13.0,-7.0,2.0,1.0,1.0,1.0,2.0,1.0,1.0,5.0,1.0,2.0,1.0,1.0,3.0,1.0,3.0,1.0,1.0,1.0,1.0,1.0,1.0,1.0,1.0,4.0,1.0,1.0,2.0,1.0,1.0,3.0,1.0,1.0,2.0,1.0,1.0,2.0,3.0,1.0,2.0,1.0,1.0,1.0,1.0,1.0,1.0,2.0,1.0,2.0,1.0,2.0,5.0,6.0,1.0,2.0,1.0,1.0,3.0,1.0,1.0,2.0,3.0,3.0,1.0,1.0,2.0,5.0,5.0,1.0,1.0,4.0,3.0,2.0,1.0,1.0,-1.0,1.0,2.0,-3.0,1.0,1.0,-4.0,-4.0,-3.0,2.0,-1.0,-1.0,-1.0,-2.0,2.0,10.0,1.0,1.0,1.0,2.0,3.0,4.0,1.0,2.0,1.0,17.0,1.0,1.0,1.0,1.0,2.0,1.0,1.0,1.0,4.0,4.0,1.0,3.0,1.0,1.0,2.0,1.0,1.0,1.0,2.0,2.0,1.0,1.0,1.0,1.0,2.0,3.0,18.94840458248437,1.0,1.0,3.0,1.0,1.0,1.0,2.0,3.0,1.0,1.0,2.0,4.0,2.0,1.0,1.0,1.0,1.0,2.0,3.0,1.0,4.0,1.0,1.0,1.0,4.0,4.0,1.0,1.0,2.0,2.0,2.0,2.0,1.0,2.0,1.0,2.0,3.0,1.0,6.0,11.0,8.0,5.0,4.0,5.0,3.0,2.0,1.0,1.0,1.0,1.0,1.0,2.0,2.0,3.0,2.0,3.0,1.0,1.0,1.0,1.0,1.0,1.0,3.0,2.0,5.0,1.0,2.0,2.0,1.0,5.0,1.0,5.0,1.0,2.0,5.0,3.0,2.0,1.0,15.11250881122309,1.0,2.0,3.0,1.0,1.0,1.0,3.0,3.0,2.0,4.0,1.0,1.0,1.0,1.0,1.0,1.0,1.0,1.0,1.0,1.0,1.0,3.0,5.0,1.0,1.0,1.0,2.0,2.0,1.0,1.0,5.0,1.0,1.0,5.0,1.0,1.0,-7.0,-7.0,1.0,-1.0,-4.0,-2.0,-1.0,-2.0,-1.0,1.0,-1.0,-3.0,-5.0,0.0,-3.0,-1.0,-2.0,-4.0,1.0,-1.0,1.0,-1.0,-1.0,1.0,-1.0,-1.0,2.0,-2.0,-3.0,2.0,-2.0,-1.0,1.0,-1.0,-1.0,-2.0,1.0,-2.0,-1.0,2.0,-1.0,-1.0,-1.0,-1.0,-2.0,2.0,-2.0,-2.0,0.0,-1.0,-1.0,-1.0,-1.0,-1.0,1.0,1.0,1.0,7.0,1.0,1.0,1.0,1.0,1.0,2.0,1.0,1.0,12.0,1.0,1.0,1.0,1.0,1.0,1.0,2.0,1.0,1.0,1.0,1.0,2.0,4.0,3.0,1.0,1.0,3.0,1.0,1.0,1.0,1.0,2.0,1.0,1.0,1.0,1.0,1.0,2.0,1.0,1.0,3.0,7.0,2.0,1.0,1.0,1.0,1.0,1.0,1.0,1.0,1.0,1.0,1.0,1.0,1.0,6.0,1.0,1.0,1.0,1.0,1.0,1.0,1.0,1.0,1.0,1.0,1.0,1.0,1.0,1.0,1.0,1.0,4.0,1.0,1.0,1.0,1.0,1.0,1.0,1.0,1.0,1.0,1.0,1.0,1.0,1.0,1.0,1.0,1.0,1.0,1.0,1.0,-1.0,-1.0,1.0,1.0,2.0,-2.0,-2.0,-2.0,-2.0,-2.0,1.0,1.0,-3.56110793196185,-3.0,-3.0,-3.0,1.0,-5.0,-5.0,-5.0,1.0,1.0,1.0,1.0,2.0,1.0,1.0,-1.0,-1.0,-1.0,-1.0,-1.0,-1.0,4.0,4.0,1.0,1.0,3.0,1.0,1.0,1.0,1.0,1.0,3.0,3.0,2.0,1.0,1.0,1.0,1.0,1.0,2.0,1.0,1.0,2.0,2.0,1.0,1.0,1.0,1.0,1.0,3.0,3.0,3.0,1.0,1.0,2.0,1.0,1.0,2.0,2.0,2.0,1.0,1.0,1.0,2.0,1.0,1.0,1.0,1.0,3.0,1.0,1.0,1.0,1.0,4.0,2.0,5.0,1.0,2.0,1.0,1.0,1.0,1.0,3.0,1.0,2.0,3.0,2.0,1.0,1.0,1.0,2.0,2.0,2.0,2.0,1.0,6.0,3.0,6.0,1.0,1.0,1.0,3.0,1.0,4.0,5.0,1.0,1.0,1.0,1.0,1.0,17.0,1.0,2.0,12.0,1.0,2.0,3.0,8.0,13.0,5.0,2.0,1.0,2.0,6.0,4.0,4.0,2.0,1.0,3.0,2.0,1.0,1.0,1.0,3.0,1.0,1.0,1.0,3.0,1.0,1.0,1.0,3.0,1.0,1.0,1.0,2.0,3.0,7.0,4.0,3.0,-0.31044766992144,2.0,2.0,2.0,1.0,1.0,1.0,1.0,1.0,1.0,1.0,1.0,1.0,1.0,1.0,1.0,1.0,1.0,1.0,1.0,1.0,1.0,1.0,1.0,1.0,1.0,1.0,1.0,1.0,3.0,1.0,1.0,2.0,2.0,2.0,2.0,3.0,1.0,1.0,1.0,2.0,1.0,4.0,3.0,1.0,1.0,1.0,2.0,1.0,7.39298284432326,1.0,5.0,3.0,2.0,1.0,1.0,1.0,1.0,1.0,1.0,1.0,1.0,1.0,3.0,4.0,3.0,1.0,1.0,1.0,1.0,1.0,1.0,1.0,1.0,1.0,1.0,1.0,1.0,2.0,1.0,1.0,1.0,1.0,1.0,1.0,1.0,1.0,1.0,1.0,1.0,2.0,1.0,1.0,1.0,1.0,1.0,1.0,1.0,1.0,1.0,1.0,1.0,1.0,1.0,3.0,8.0,2.0,1.0,2.0,1.0,1.0,4.0,1.0,1.0,1.0,1.0,1.0,1.0,1.0,7.0,5.0,2.0,3.0,1.0,1.0,2.0,1.0,1.0,1.0,1.0,1.0,1.0,2.0,3.0,1.0,2.0,2.0,2.0,-16.38832593496558,3.0,1.0,1.0,1.0,1.0,3.0,2.0,3.0,3.0,1.0,1.0,2.0,2.0,2.0,3.0,2.0,1.0,3.0,1.0,2.0,2.0,2.0,2.0,2.0,2.0,1.0,1.0,1.0,1.0,1.0,1.0,1.0,1.0,1.0,2.0,1.0,1.0,1.0,3.0,1.0,1.0,1.0,1.0,1.0,1.0,1.0,2.0,1.0,6.0,1.0,5.0,1.0,4.0,1.0,8.0,1.0,3.0,3.0,4.0,1.0,2.0,2.0,1.0,1.0,3.0,2.0,3.0,1.0,2.0,1.0,1.0,2.0,1.0,1.0,4.0,6.0,1.0,1.0,1.0,2.0,2.0,1.0,1.0,3.0,5.0,5.38785976813884,1.0,1.0,5.0,1.0,1.0,2.0,1.0,1.0,1.0,4.0,2.0,1.0,4.0,2.0,6.0,1.0,1.0,1.0,1.0,6.0,5.96397995782018,1.0,1.0,3.0,3.0,-1.3686525685699,9.0,2.0,3.0,3.0,3.0,3.0,1.0,1.0,5.0,5.0,5.0,5.0,1.0,7.0,10.0,2.0,1.0,4.0,5.0,5.0,5.0,5.0,2.0,1.0,3.0,5.0,4.0,2.0,2.0,1.0,1.0,2.0,3.0,1.0,1.0,3.0,11.0,5.0,5.0,5.0,5.0,5.0,5.0,5.0,5.0,13.0,3.0,2.0,2.0,3.0,11.0,5.0,5.0,5.0,5.0,1.0,1.0,2.0,18.0,11.0,2.0,1.0,3.0,3.0,5.0,5.0,5.0,5.0,5.0,5.0,2.0,1.0,3.0,1.0,1.0,21.0,1.0,2.0,3.0,6.0,6.0,6.0,6.0,2.0,5.0,3.0,2.0,5.0,13.0,2.0,5.0,5.0,5.0,5.0,6.0,2.0,24.0,2.0,1.0,2.0,5.0,5.0,5.0,5.0,1.0,2.0,4.0,3.0,12.0,1.0,9.0,4.0,4.0,4.0,4.0,4.0,4.0,4.0,1.0,10.0,4.0,1.0,21.0,1.0,2.0,1.0,1.0,1.0,4.0,3.0,5.0,6.0,6.0,6.0,6.0,6.0,1.0,1.0,3.0,15.0,1.0,1.0,1.0,1.0,7.0,4.0,1.0,10.0,5.0,5.0,5.0,5.0,1.0,1.0,4.0,2.0,-19.72431348956135,1.0,2.0,2.0,9.0,2.0,1.0,1.0,3.0,1.0,4.0,3.0,1.0,1.0,1.0,1.0,1.0,2.0,1.0,1.0,9.0,1.0,1.0,1.0,2.0,5.0,5.0,5.0,5.0,2.0,1.0,7.0,1.0,2.0,5.0,5.0,5.0,5.0,5.0,5.0,5.0,3.0,1.0,1.0,20.0,1.0,1.0,1.0,4.0,1.0,1.0,2.0,1.0,9.0,3.0,4.0,4.0,4.0,4.0,4.0,4.0,4.0,4.0,1.0,1.0,37.0,1.0,1.0,1.0,6.0,6.0,6.0,6.0,6.0,6.0,1.0,1.0,1.0,1.0,6.0,16.0,1.0,5.0,5.0,5.0,5.0,1.0,27.0,1.0,1.0,1.0,7.0,6.0,6.0,6.0,6.0,1.0,2.0,1.0,30.0,1.0,1.0,1.0,1.0,8.0,6.0,6.0,6.0,6.0,13.32796194626393,2.0,2.0,2.0,2.0,5.0,5.0,7.0,3.0,30.0,3.0,10.0,6.0,1.0,10.0,5.0,5.0,5.0,5.0,5.0,5.0,5.0,4.0,1.0,6.0,8.0,1.0,2.0,3.0,4.0,4.0,5.0,6.0,6.0,6.0,6.0,-5.0,-5.0,-5.0,-5.0,-5.0,-5.0,-5.0,-5.0,-5.0,-5.0,1.0
1.0,1.0,1.0,2.0,1.0,2.0,4.0,7.0,1.0,2.0,1.0,5.0,1.0,1.0,1.0,1.0,3.0,1.0,2.0,1.0,1.0,1.0,1.0,1.0,1.0,1.0,5.0,2.0,1.0,3.0,1.0,1.0,5.0,1.0,1.0,2.0,1.0,1.0,1.0,2.0,3.0,1.0,1.0,1.0,1.0,1.0,1.0,1.0,1.0,1.0,1.0,1.0,5.0,3.0,2.0,1.0,1.0,2.0,1.0,1.0,1.0,1.0,1.0,1.0,1.0,1.0,2.0,1.0,5.0,1.0,2.0,1.0,1.0,2.0,1.0,1.0,1.0,1.0,2.0,1.0,7.0,4.0,1.0,2.0,1.0,2.0,12.0,5.0,1.0,15.0,1.0,2.0,2.0,2.0,1.0,1.0,8.0,1.0,4.0,1.0,1.0,16.0,3.0,3.0,1.0,2.0,1.0,1.0,6.0,7.0,1.0,2.0,3.0,2.0,2.0,3.0,2.0,1.0,5.0,1.0,3.0,2.0,2.0,1.0,1.0,1.0,10.0,10.0,1.0,3.0,2.0,1.0,2.0,5.0,2.0,1.0,3.0,1.0,1.0,1.0,1.0,1.0,1.0,1.0,7.0,1.0,1.0,13.0,1.0,1.0,1.0,10.0,2.0,1.0,3.0,1.0,1.0,2.0,3.0,1.0,1.0,1.0,1.0,1.0,1.0,1.0,2.0,1.0,14.0,1.0,1.0,1.0,2.0,2.0,1.0,3.0,2.0,1.0,1.0,1.0,2.0,5.0,1.0,1.0,1.0,4.0,1.0,4.0,2.0,14.0,1.0,2.0,2.0,4.0,1.0,1.0,3.0,1.0,1.0,2.0,1.0,1.0,4.0,3.0,17.0,1.0,1.0,1.0,1.0,3.0,1.0,3.0,5.0,1.0,2.0,2.0,2.0,1.0,1.0,1.0,4.0,1.0,2.0,1.0,1.0,1.0,1.0,1.0,1.0,5.0,2.0,2.0,3.0,1.0,1.0,1.0,1.0,2.0,1.0,1.0,1.0,1.0,1.0,5.0,2.0,3.0,2.0,2.0,3.0,1.0,2.0,4.0,1.0,2.0,2.0,2.0,1.0,1.0,1.0,1.0,1.0,3.0,2.0,1.0,1.0,13.0,3.0,1.0,1.0,1.0,7.0,4.0,1.0,1.0,1.0,8.0,1.0,1.0,6.0,2.0,1.0,3.0,2.0,8.0,2.0,1.0,1.0,1.0,5.0,1.0,8.0,1.0,4.0,9.0,7.0,1.0,1.0,8.0,1.0,2.0,1.0,1.0,4.0,1.0,1.0,1.0,7.0,4.0,5.0,3.0,1.0,1.0,1.0,2.0,1.0,1.0,1.0,1.0,1.0,1.0,6.0,3.0,2.0,2.0,1.0,1.0,1.0,1.0,1.0,1.0,5.0,1.0,1.0,3.0,1.0,1.0,3.0,3.0,1.0,1.0,1.0,2.0,2.0,1.0,1.0,1.0,3.0,4.0,4.0,1.0,1.0,1.0,2.0,1.0,2.0,2.0,2.0,8.0,9.0,3.0,1.0,2.0,1.0,1.0,3.0,2.0,2.0,1.0,5.0,1.0,3.0,3.0,3.0,4.0,1.0,1.0,2.0,2.0,3.0,3.0,1.0,3.0,2.0,1.0,1.0,1.0,1.0,1.0,1.0,1.0,1.0,1.0,1.0,1.0,2.0,10.0,2.0,3.0,3.0,3.0,2.0,1.0,1.0,1.0,1.0,2.0,1.0,15.0,3.0,3.0,3.0,3.0,1.0,1.0,11.0,2.0,2.0,2.0,3.0,1.0,1.0,1.0,1.0,9.0,2.0,2.0,3.0,3.0,1.0,1.0,1.0,2.0,1.0,13.0,2.0,2.0,3.0,3.0,6.0,5.0,2.0,2.0,2.0,2.0,3.0,3.0,4.0,3.0,2.0,2.0,3.0,3.0,4.0,2.0,7.0,3.0,3.0,2.0,2.0,1.0,3.0,7.0,2.0,13.0,6.0,4.0,1.0,1.0,1.0,2.0,1.0,3.0,2.0,10.0,2.0,14.0,1.0,1.0,1.0,9.0,3.0,2.0,1.0,1.0,10.0,2.0,1.0,1.0,1.0,2.0,3.0,7.0,5.0,1.0,1.0,1.0,2.0,6.0,2.0,2.0,4.0,2.0,1.0,1.0,1.0,3.0,2.0,10.0,3.0,1.0,1.0,1.0,5.0,3.0,5.0,1.0,3.0,1.0,1.0,2.0,2.0,3.0,2.0,1.0,2.0,1.0,1.0,1.0,2.0,1.0,1.0,1.0,1.0,5.0,1.0,2.0,1.0,1.0,1.0,1.0,1.0,4.0,1.0,1.0,14.0,1.0,4.0,1.0,13.0,11.0,2.0,2.0,1.0,5.0,1.0,11.0,1.0,1.0,1.0,1.0,1.0,4.0,1.0,1.0,1.0,1.0,3.0,1.0,3.0,1.0,5.0,9.0,1.0,1.0,1.0,1.0,4.0,1.0,6.0,13.0,1.0,3.0,3.0,4.0,1.0,3.0,1.0,4.0,1.0,14.0,9.0,12.0,7.0,1.0,1.0,1.0,2.0,4.0,4.0,6.0,10.0,8.0,21.0,4.0,4.0,3.0,2.0,4.0,1.0,2.0,12.0,11.0,1.0,3.0,4.0,1.0,1.0,1.0,1.0,3.0,6.0,7.0,2.0,5.0,3.0,3.0,8.0,10.0,2.0,19.0,8.0,5.0,1.0,3.0,2.0,6.0,-2.04564786099211,2.0,1.0,2.0,3.0,8.0,9.0,6.0,6.0,1.0,1.0,2.0,2.0,2.0,8.0,4.0,5.0,8.0,7.0,13.0,3.0,9.0,2.0,1.0,3.0,5.0,1.0,3.0,1.0,1.0,5.47566330468136,8.0,1.0,2.0,1.0,1.0,6.0,1.0,1.0,1.0,5.0,15.0,1.0,2.0,7.0,5.0,4.0,5.0,4.0,16.0,6.0,4.0,2.0,1.0,1.0,1.0,1.0,1.0,1.0,2.0,1.0,7.0,7.0,4.0,1.0,2.0,1.0,2.0,1.0,1.0,1.0,1.0,2.0,2.0,1.0,1.0,1.0,1.0,1.0,1.0,1.0,1.0,1.0,1.0,1.0,2.0,2.0,4.0,1.0,1.0,1.0,2.0,7.0,1.0,1.0,1.0,1.0,1.0,1.0,1.0,2.0,3.0,6.0,7.0,4.0,1.0,3.0,1.0,1.0,1.0,1.0,1.0,1.0,1.0,1.0,1.0,2.0,1.0,1.0,2.0,1.0,1.0,1.0,2.0,1.0,1.0,1.0,1.0,1.0,2.0,2.0,3.0,6.0,1.0,1.0,2.0,1.0,1.0,2.0,1.0,1.0,13.0,19.0,2.0,1.0,1.0,4.0,1.0,1.0,1.0,1.0,1.0,1.0,1.0,1.0,1.0,1.0,1.0,2.0,1.0,1.0,1.0,16.0,15.0,1.0,2.0,2.0,2.0,1.0,1.0,1.0,2.0,1.0,1.0,1.0,1.0,1.0,2.0,1.0,1.0,3.0,1.0,1.0,1.0,2.0,1.0,1.0,12.0,7.0,1.0,5.0,1.0,3.0,1.0,1.0,1.0,2.0,3.0,1.0,1.0,6.0,7.0,3.0,5.0,3.0,1.0,1.0,3.0,2.0,1.0,7.0,16.0,1.0,1.0,5.0,3.0,1.0,1.0,3.0,2.0,1.0,3.96952489648403,1.0,2.0,3.0,3.0,1.0,1.0,2.0,1.0,1.0,1.0,2.0,30.0,1.0,4.0,7.0,1.0,1.0,1.0,1.0,1.0,2.0,1.0,2.0,1.0,1.0,1.0,1.0,1.0,1.0,5.0,24.0,4.0,2.0,1.0,1.0,1.0,1.0,1.0,1.0,2.0,2.0,3.0,1.0,2.0,1.0,1.0,1.0,1.0,1.0,1.0,1.0,2.0,1.0,1.0,1.0,1.0,1.0,1.0,1.0,1.0,3.0,1.0,1.0,1.0,3.0,5.0,2.0,3.0,1.0,1.0,2.0,1.0,2.0,1.0,3.0,1.0,2.0,1.0,1.0,2.0,2.0,2.0,1.0,1.0,5.0,2.0,2.0,4.0,1.0,3.0,1.0,4.0,1.0,1.0,2.0,1.0,1.0,4.0,1.0,2.0,1.0,1.0,2.0,4.0,1.0,2.0,2.0,5.0,1.0,1.0,2.0,1.0,1.0,3.0,1.0,1.0,3.0,3.0,5.0,3.0,4.0,1.0,1.0,1.0,2.0,1.0,2.0,1.0,2.0,1.0,1.0,3.0,1.0,1.0,1.0,1.0,2.0,1.0,1.0,1.0,2.0,1.0,1.0,1.0,1.0,1.0,1.0,1.0,1.0,4.0,1.0,1.0,1.0,2.0,1.0,6.0,1.0,1.0,1.0,2.0,2.0,1.0,1.0,1.0,-1.2523449689335,2.0,1.0,1.0,2.0,1.0,-1.0,-1.0,-1.0,-1.0,-2.0,1.0,9.0,-1.0,1.0,-1.0,-1.0,-5.0,-4.0,-3.0,-4.0,-5.0,-5.0,1.0,1.0,1.0,6.0,6.0,2.0,1.0,3.0,2.0,1.0,4.0,5.0,1.0,3.0,1.0,1.0,2.0,1.0,5.0,1.0,1.0,10.0,4.0,1.0,1.0,1.0,3.0,7.0,1.0,2.0,8.0,1.0,2.0,1.0,1.0,1.0,2.0,1.0,2.0,9.0,1.0,9.0,1.0,1.0,1.0,3.0,1.0,1.0,4.0,4.0,1.0,2.0,1.0,2.0,1.0,1.0,1.0,2.0,1.0,1.0,2.0,4.0,1.0,1.0,10.0,1.0,1.0,1.0,3.0,1.0,4.0,4.0,9.0,1.0,1.0,5.0,1.0,1.0,4.957128867032768,4.0,2.0,5.0,1.0,7.0,1.0,5.0,1.0,1.0,1.0,18.20845275419301,1.0,5.0,4.0,6.0,1.0,-3.0,-1.0,-1.0,-13.71931735451625,-2.0,-2.0,-1.0,-1.0,-1.0,-1.0,-3.0,-1.0,-2.0,-4.0,-1.0,-2.0,-1.0,-1.0,-1.0,5.0,4.0,2.0,7.0,2.0,1.0,2.0,1.0,2.0,1.0,3.0,4.0,4.0,1.0,1.0,2.0,4.0,2.0,6.0,1.0,5.0,11.27775448851298,8.0,7.0,1.0,4.0,3.0,1.0,1.0,1.0,2.0,1.0,4.0,1.0,1.0,1.0,1.0,2.0,1.0,1.0,3.0,2.0,4.0,7.0,7.0,4.0,1.0,1.0,4.0,1.0,1.0,2.0,1.0,1.0,5.0,1.0,2.0,7.0,4.0,2.0,2.0,1.0,1.0,1.0,2.0,2.0,2.0,1.0,1.0,2.0,6.0,1.0,4.0,2.0,3.0,-9.81276160699843,1.0,8.0,8.0,1.0,1.0,2.0,2.0,1.0,1.0,2.0,2.0,11.0,5.0,2.0,1.0,2.0,2.0,2.0,2.0,2.0,2.0,2.0,2.0,2.0,1.0,1.0,25.0,6.0,5.0,5.0,5.0,5.0,5.0,5.0,3.0,2.0,1.0,1.0,2.0,1.0,1.0,12.0,15.0,4.0,4.0,5.0,4.0,4.0,5.0,2.0,1.0,5.0,1.0,1.0,2.0,1.0,16.0,5.0,4.0,5.0,4.0,10.0,2.0,4.0,3.0,3.0,6.0,4.0,4.0,4.0,4.0,4.0,4.0,4.0,4.0,4.0,2.0,4.0,4.0,4.0,4.0,4.0,4.0,1.0,1.0,4.0,4.0,4.0,4.0,4.0,4.0,1.0,1.0,1.0,1.0,1.0,1.0,4.0,4.0,4.0,4.0,4.0,4.0,4.0,4.0,4.0,4.0,1.0,1.0,1.0,1.0,3.0,1.0,1.0,10.0,1.0,1.0,1.0,1.0,1.0,21.0,15.0,1.0,1.0,1.0,1.0,1.0,1.0,5.0,1.0,6.0,2.0,2.0,23.0,14.0,1.0,3.0,3.0,3.0,3.0,3.0,3.0,3.0,3.0,1.0,1.0,1.0,1.0,1.0,6.0,1.0,4.0,10.0,9.0,26.0,7.0,3.0,3.0,4.0,3.0,3.0,3.0,4.0,3.0,1.0,1.0,1.0,1.0,3.0,1.0,1.0,13.0,2.0,2.0,2.0,2.0,2.0,2.0,2.0,1.0,1.0,2.0,2.0,2.0,2.0,2.0,2.0,3.0,2.0,1.0,2.0,2.0,2.0,2.0,2.0,2.0,2.0,1.0,2.0,2.0,2.0,2.0,2.0,2.0,2.0,2.0,2.0,2.0,2.0,1.0,-2.0,1.0,4.0,1.0,-4.0,-4.0,-5.0,-4.0,-4.0,-4.0,-5.0,-4.0,-1.0,1.0,2.0,-1.0,1.0,-4.0,-5.0,-4.0,-4.0,-5.0,-4.0,2.0,1.0,-5.0,-6.0,-5.0,-5.0,-6.0,-5.0,1.0,1.0,1.0,-5.0,-5.0,-5.0,-5.0,-5.0,-5.0,-1.0,1.0,-1.0,-5.0,-5.0,-5.0,-5.0,-5.0,-5.0,-3.0,-4.0,-1.0,-1.0,-3.0,-1.0,0.0,1.0,-9.0,-5.0,1.0,-1.0,-2.0,-1.0,-1.0,-2.0,-1.0,-3.0,-2.0,-1.0,-1.0,-1.0,-1.0,-1.0,-3.0,-1.0,-1.0,-1.0,-1.0,-3.0,-2.0,19.45784305872714,-2.0,-1.0,-1.0,-1.0,-2.0,7.0,-4.0,-2.0,-3.0,-3.0,-1.0,-1.0,-1.0,1.0,1.0,0.0,-1.0,-5.0,-7.0,-1.0,-2.0,-1.0,9.0,2.0,13.0,-1.0,-1.0,-1.0,-5.0,-5.0,-2.0,-4.0,1.0,5.0,4.0,2.0,2.0,1.0,2.0,15.0,17.0,4.0,5.0,7.0,13.0,1.0,3.0,1.0,1.0,1.0,12.0,5.0,5.0,1.0,11.0,2.0,4.0,2.0,1.0,15.57346510062307,4.0,2.0,1.0,1.0,2.0,1.0,1.0,2.0,1.0,1.0,2.0,6.0,1.0,1.0,2.0,4.0,3.0,2.0,2.0,3.0,7.0,1.0,1.0,1.0,1.0,1.0,2.0,1.0,1.0,1.0,1.0,1.0,1.0,1.0,1.0,2.0,2.0,1.0,4.0,1.0,1.0,1.0,1.0,3.0,1.0,2.0,6.0,1.0,1.0,1.0,1.0,1.0,1.0,-2.5485758184053537,1.0,1.0,1.0,1.0,1.0,3.0,1.0,1.0,3.0,2.0,2.0,2.0,5.0,-20.80157324031526,2.0,2.0,4.0,3.0,1.0,2.0,2.0,2.0,2.0,-15.704502461243464,1.0,2.0,2.0,2.0,1.0,1.0,1.0,1.0,1.0,2.0,1.0,4.0,1.0,1.0,1.0,1.0,2.0,1.0,1.0,1.0,5.0,5.0,1.0,4.0,3.0,2.0,2.0,1.0,5.0,1.0,3.0,4.0,2.0,1.0,3.0,3.0,4.0,3.0,3.0,1.0,1.0,2.0,1.0,3.0,2.0,4.0,2.0,1.0,4.0,2.0,1.0,2.0,3.0,3.0,3.0,3.0,2.0,1.0,4.0,5.0,1.0,1.0,5.0,4.0,2.0,1.0,1.0,6.276158308138452,6.0,10.0,1.0,5.0,5.0,1.0,7.0,2.0,1.0,10.0,4.0,3.0,3.0,1.0,7.0,1.0,11.0,1.0,2.0,2.0,1.0,3.0,2.0,1.0,1.0,5.0,8.0,1.0,7.0,3.0,1.0,2.0,2.0,1.0,2.0,1.0,1.0,1.0,1.0,2.0,7.0,6.0,1.0,2.0,1.0,1.0,1.0,1.0,5.0,1.0,1.0,2.0,5.0,1.0,2.0,7.0,6.0,6.0,1.0,2.0,9.0,3.0,6.0,1.0,6.0,4.0,9.0,1.0,1.0,1.0,2.0,10.0,6.0,2.0,2.0,5.0,5.0,1.0,10.0,1.0,2.0,4.0,5.0,13.0,1.0,1.0,1.0,1.0,4.0,4.0,3.0,1.0,2.0,1.0,1.0,1.0,2.0,4.0,4.0,5.0,11.0,1.0,1.0,13.2640361646798,1.0,5.0,2.0,7.0,1.0,1.0,2.0,1.0,1.0,1.0,3.0,3.0,2.0,2.0,3.0,5.0,1.0,2.0,1.0,-2.0,1.0,1.0,7.0,-3.0,-3.0,-3.0,-3.0,1.0,0.0,4.0,-2.0,5.0,-6.0,-6.0,-6.0,-6.0,-2.0,-1.0,-1.0,-6.0,-6.0,-6.0,-6.0,-3.0,-2.0,-1.0,-1.0,-3.0,-3.0,-3.0,-3.0,-2.0,-1.0,-1.0,2.0,-1.0,-6.0,-6.0,-6.0,-7.103831779623127,-6.0,-6.0,-6.0,1.0,1.0,-3.0,-3.0,7.0,2.0,-5.0,-5.0,-5.0,-5.0,1.0,-2.0,-2.0,2.0,1.0,-5.0,-6.0,-5.0,-5.0,2.0,1.0,1.0,1.0,-6.0,-6.0,-6.0,-6.0,-1.0,1.0,-2.0,-2.0,1.0,2.0,-13.0,-13.0,-1.0,-1.0,-2.0,2.0,1.0,-5.0,-5.0,-5.0,-5.0,-5.0,-5.0,1.0,1.0,-5.0,-5.0,-5.0,-5.0,-5.0,0.0,-3.0,-12.0,-12.0,1.0,5.0,-7.0,-7.0,-7.0,-7.0,1.0,7.0,1.0,1.0,1.0,2.0,11.0,1.0,4.0,1.0,3.0,6.0,1.0,2.0,3.0,15.0,3.0,2.0,3.0,4.0,1.0,6.0,6.0,4.0,2.0,1.0,1.0,1.0,1.0,1.0,1.0,3.0,7.0,1.0,3.0,1.0,1.0,1.0,3.0,2.0,1.0,2.0,2.0,1.0,1.0,3.0,3.0,3.0,1.0,1.0,2.0,3.0,3.0,3.0,1.0,1.0,1.0,3.0,4.0,4.0,2.0,3.0,1.0,1.0,1.0,1.0,1.0,1.0,2.0,3.0,4.0,4.0,2.0,6.0,3.0,1.0,1.0,1.0,1.0,1.0,1.0,2.0,3.0,1.0,13.0,3.0,1.0,1.0,6.0,1.0,1.0,1.0,4.0,1.0,1.0,2.0,2.0,4.0,3.0,3.0,1.0,1.0,1.0,1.0,2.0,2.0,3.0,3.0,1.0,1.0,2.0,2.0,1.0,2.0,6.0,6.0,2.0,3.0,2.0,2.0,1.0,1.0,2.0,2.0,6.0,6.0,2.0,3.0,2.0,2.0,1.0,1.0,21.0,3.0,4.0,1.0,2.0,2.0,8.0,1.0,7.0,2.0,1.0,2.0,3.0,4.0,4.0,1.0,16.0,1.0,6.0,3.0,1.0,1.0,2.0,10.0,1.0,10.0,3.0,3.0,2.0,1.0,4.0,3.0,1.0,2.0,1.0,1.0,4.0,1.0,3.0,1.0,2.0,2.0,1.0,1.0,1.0,1.0,3.0,1.0,1.0,2.0,1.0,1.0,1.0,1.0,1.0,1.29786125122586,1.0,1.0,1.0,1.0,1.0,4.0,3.0,1.0,1.0,1.0,1.0,1.0,1.0,2.0,2.0,1.0,4.0,1.0,4.0,1.0,1.0,2.0,1.0,1.0,3.0,2.0,2.0,2.0,2.0,1.0,1.0,6.0,24.0,4.0,1.0,3.0,2.0,1.0,1.0,16.0,35.0,3.0,1.0,1.0,1.0,1.0,1.0,1.0,3.0,5.0,1.0,1.0,2.0,7.0,5.0,5.0,2.0,3.0,1.0,1.0,1.0,8.0,1.0,5.0,3.0,2.0,9.0,6.0,1.0,4.0,13.0,1.0,7.0,7.0,1.0,1.0,1.0,1.0,1.0,4.0,6.0,3.0,2.0,1.0,8.0,6.0,1.0,1.0,1.0,2.0,3.0,1.0,2.0,8.0,1.0,2.0,9.0,2.0,1.0,1.0,1.0,1.0,1.0,4.0,1.0,1.0,4.0,5.0,1.0,1.0,2.0,3.0,2.0,1.0,2.0,5.0,6.0,4.0,6.0,8.0,11.0,7.0,6.0,1.0,1.0,1.0,4.0,1.0,3.0,4.0,5.0,12.0,5.0,2.0,2.0,1.0,4.0,2.0,1.0,1.0,1.0,3.0,4.0,3.0,2.0,17.29671484676516,3.0,5.0,1.0,7.0,5.0,2.0,2.0,3.0,1.0,1.0,1.0,1.0,2.0,1.0,2.0,1.0,1.0,12.0,10.0,8.0,6.0,5.0,1.0,1.0,1.0,3.0,1.0,1.0,1.0,3.0,4.0,1.0,2.0,1.0,1.0,1.0,2.0,1.0,1.0,8.0,1.0,1.0,2.0,2.0,5.0,2.0,2.0,1.0,1.0,3.0,2.0,3.0,1.0,6.0,6.0,1.0,1.0,6.0,1.0,6.0,9.0,3.0,13.0,10.0,1.0,1.0,11.0,1.0,1.0,3.0,8.0,9.0,2.0,1.0,2.0,3.0,3.0,3.0,1.0,1.0,1.0,5.0,5.0,2.0,1.0,2.0,2.0,1.0,1.0,5.0,1.0,1.0,1.0,1.0,3.0,2.0,1.0,2.0,1.0,3.0,4.0,1.0,2.0,1.0,2.0,1.0,2.0,2.0,1.0,1.0,2.0,2.0,1.0,1.0,1.0,1.0,1.0,1.0,2.0,1.0,8.0,2.0,1.0,5.0,6.0,2.0,1.0,1.0,1.0,6.0,2.0,3.0,4.0,3.0,1.0,1.0,2.0,2.0,1.0,1.0,11.0,1.0,1.0,2.0,4.0,5.0,3.0,1.0,4.0,1.0,14.0,4.0,7.0,1.0,1.0,2.0,1.0,1.0,2.92572291035908,1.0,1.0,1.0,3.0,1.0,9.0,2.0,2.0,1.0,1.0,7.0,1.0,8.0,1.0,1.0,1.0,1.0,2.0,1.0,1.0,1.0,1.0,2.0,1.0,1.0,1.0,1.0,1.0,1.0,4.0,4.0,3.0,2.0,1.0,1.0,1.0,1.0,3.0,1.0,1.0,1.0,1.0,1.0,1.0,1.0,1.0,2.0,1.0,3.0,0.24337417607789,1.0,1.0,3.0,5.0,9.0,7.0,2.0,2.0,1.0,1.0,1.0,2.0,3.0,1.0,1.0,2.0,3.0,1.0,1.0,2.0,2.0,1.0,1.0,1.0,1.0,2.0,1.0,1.0,-1.0,-1.0,-2.0,-4.0,-12.0,-7.0,-6.0,-6.0,-9.0,-11.0,-2.0,-8.0,-10.0,-6.0,-11.0,-6.50984180533249,-1.0,-4.0,-1.0,-10.0,-11.0,-3.0,-8.0,-12.0,-10.0,-1.0,-1.0,-1.0,-1.0,-7.0,-7.0,-13.0,-7.0,2.0,1.0,1.0,1.0,2.0,1.0,1.0,5.0,1.0,2.0,1.0,1.0,3.0,1.0,3.0,1.0,1.0,1.0,1.0,1.0,1.0,1.0,1.0,4.0,1.0,1.0,2.0,1.0,1.0,3.0,1.0,1.0,2.0,1.0,1.0,2.0,3.0,1.0,2.0,1.0,1.0,1.0,1.0,1.0,1.0,2.0,1.0,2.0,1.0,2.0,5.0,6.0,1.0,2.0,1.0,1.0,3.0,1.0,1.0,2.0,3.0,3.0,1.0,1.0,2.0,5.0,5.0,1.0,1.0,4.0,3.0,2.0,1.0,1.0,-1.0,1.0,2.0,-3.0,1.0,1.0,-4.0,-4.0,-3.0,2.0,-1.0,-1.0,-1.0,-2.0,2.0,10.0,1.0,1.0,1.0,2.0,3.0,4.0,1.0,2.0,1.0,17.0,1.0,1.0,1.0,1.0,2.0,1.0,1.0,1.0,4.0,4.0,1.0,3.0,1.0,1.0,2.0,1.0,1.0,1.0,2.0,2.0,1.0,1.0,1.0,1.0,2.0,3.0,18.94840458248437,1.0,1.0,3.0,1.0,1.0,1.0,2.0,3.0,1.0,1.0,2.0,4.0,2.0,1.0,1.0,1.0,1.0,2.0,3.0,1.0,4.0,1.0,1.0,1.0,4.0,4.0,1.0,1.0,2.0,2.0,2.0,2.0,1.0,2.0,1.0,2.0,3.0,1.0,6.0,11.0,8.0,5.0,4.0,5.0,3.0,2.0,1.0,1.0,1.0,1.0,1.0,2.0,2.0,3.0,2.0,3.0,1.0,1.0,1.0,1.0,1.0,1.0,3.0,2.0,5.0,1.0,2.0,2.0,1.0,5.0,1.0,5.0,1.0,2.0,5.0,3.0,2.0,1.0,15.11250881122309,1.0,2.0,3.0,1.0,1.0,1.0,3.0,3.0,2.0,4.0,1.0,1.0,1.0,1.0,1.0,1.0,1.0,1.0,1.0,1.0,1.0,3.0,5.0,1.0,1.0,1.0,2.0,2.0,1.0,1.0,5.0,1.0,1.0,5.0,1.0,1.0,-7.0,-7.0,1.0,-1.0,-4.0,-2.0,-1.0,-2.0,-1.0,1.0,-1.0,-3.0,-5.0,0.0,-3.0,-1.0,-2.0,-4.0,1.0,-1.0,1.0,-1.0,-1.0,1.0,-1.0,-1.0,2.0,-2.0,-3.0,2.0,-2.0,-1.0,1.0,-1.0,-1.0,-2.0,1.0,-2.0,-1.0,2.0,-1.0,-1.0,-1.0,-1.0,-2.0,2.0,-2.0,-2.0,0.0,-1.0,-1.0,-1.0,-1.0,-1.0,1.0,1.0,1.0,7.0,1.0,1.0,1.0,1.0,1.0,2.0,1.0,1.0,12.0,1.0,1.0,1.0,1.0,1.0,1.0,2.0,1.0,1.0,1.0,1.0,2.0,4.0,3.0,1.0,1.0,3.0,1.0,1.0,1.0,1.0,2.0,1.0,1.0,1.0,1.0,1.0,2.0,1.0,1.0,3.0,7.0,2.0,1.0,1.0,1.0,1.0,1.0,1.0,1.0,1.0,1.0,1.0,1.0,1.0,6.0,1.0,1.0,1.0,1.0,1.0,1.0,1.0,1.0,1.0,1.0,1.0,1.0,1.0,1.0,1.0,1.0,4.0,1.0,1.0,1.0,1.0,1.0,1.0,1.0,1.0,1.0,1.0,1.0,1.0,1.0,1.0,1.0,1.0,1.0,1.0,1.0,-1.0,-1.0,1.0,1.0,2.0,-2.0,-2.0,-2.0,-2.0,-2.0,1.0,1.0,-3.56110793196185,-3.0,-3.0,-3.0,1.0,-5.0,-5.0,-5.0,1.0,1.0,1.0,1.0,2.0,1.0,1.0,-1.0,-1.0,-1.0,-1.0,-1.0,-1.0,4.0,4.0,1.0,1.0,3.0,1.0,1.0,1.0,1.0,1.0,3.0,3.0,2.0,1.0,1.0,1.0,1.0,1.0,2.0,1.0,1.0,2.0,2.0,1.0,1.0,1.0,1.0,1.0,3.0,3.0,3.0,1.0,1.0,2.0,1.0,1.0,2.0,2.0,2.0,1.0,1.0,1.0,2.0,1.0,1.0,1.0,1.0,3.0,1.0,1.0,1.0,1.0,4.0,2.0,5.0,1.0,2.0,1.0,1.0,1.0,1.0,3.0,1.0,2.0,3.0,2.0,1.0,1.0,1.0,2.0,2.0,2.0,2.0,1.0,6.0,3.0,6.0,1.0,1.0,1.0,3.0,1.0,4.0,5.0,1.0,1.0,1.0,1.0,1.0,17.0,1.0,2.0,12.0,1.0,2.0,3.0,8.0,13.0,5.0,2.0,1.0,2.0,6.0,4.0,4.0,2.0,1.0,3.0,2.0,1.0,1.0,1.0,3.0,1.0,1.0,1.0,3.0,1.0,1.0,1.0,3.0,1.0,1.0,1.0,2.0,3.0,7.0,4.0,3.0,-0.31044766992144,2.0,2.0,2.0,1.0,1.0,1.0,1.0,1.0,1.0,1.0,1.0,1.0,1.0,1.0,1.0,1.0,1.0,1.0,1.0,1.0,1.0,1.0,1.0,1.0,1.0,1.0,1.0,1.0,3.0,1.0,1.0,2.0,2.0,2.0,2.0,3.0,1.0,1.0,1.0,2.0,1.0,4.0,3.0,1.0,1.0,1.0,2.0,1.0,7.39298284432326,1.0,5.0,3.0,2.0,1.0,1.0,1.0,1.0,1.0,1.0,1.0,1.0,1.0,3.0,4.0,3.0,1.0,1.0,1.0,1.0,1.0,1.0,1.0,1.0,1.0,1.0,1.0,1.0,2.0,1.0,1.0,1.0,1.0,1.0,1.0,1.0,1.0,1.0,1.0,1.0,2.0,1.0,1.0,1.0,1.0,1.0,1.0,1.0,1.0,1.0,1.0,1.0,1.0,1.0,3.0,8.0,2.0,1.0,2.0,1.0,1.0,4.0,1.0,1.0,1.0,1.0,1.0,1.0,1.0,7.0,5.0,2.0,3.0,1.0,1.0,2.0,1.0,1.0,1.0,1.0,1.0,1.0,2.0,3.0,1.0,2.0,2.0,2.0,-16.38832593496558,3.0,1.0,1.0,1.0,1.0,3.0,2.0,3.0,3.0,1.0,1.0,2.0,2.0,2.0,3.0,2.0,1.0,3.0,1.0,2.0,2.0,2.0,2.0,2.0,2.0,1.0,1.0,1.0,1.0,1.0,1.0,1.0,1.0,1.0,2.0,1.0,1.0,1.0,3.0,1.0,1.0,1.0,1.0,1.0,1.0,1.0,2.0,1.0,6.0,1.0,5.0,1.0,4.0,1.0,8.0,1.0,3.0,3.0,4.0,1.0,2.0,2.0,1.0,1.0,3.0,2.0,3.0,1.0,2.0,1.0,1.0,2.0,1.0,1.0,4.0,6.0,1.0,1.0,1.0,2.0,2.0,1.0,1.0,3.0,5.0,5.38785976813884,1.0,1.0,5.0,1.0,1.0,2.0,1.0,1.0,1.0,4.0,2.0,1.0,4.0,2.0,6.0,1.0,1.0,1.0,1.0,6.0,5.96397995782018,1.0,1.0,3.0,3.0,-1.3686525685699,9.0,2.0,3.0,3.0,3.0,3.0,1.0,1.0,5.0,5.0,5.0,5.0,1.0,7.0,10.0,2.0,1.0,4.0,5.0,5.0,5.0,5.0,2.0,1.0,3.0,5.0,4.0,2.0,2.0,1.0,1.0,2.0,3.0,1.0,1.0,3.0,11.0,5.0,5.0,5.0,5.0,5.0,5.0,5.0,5.0,13.0,3.0,2.0,2.0,3.0,11.0,5.0,5.0,5.0,5.0,1.0,1.0,2.0,18.0,11.0,2.0,1.0,3.0,3.0,5.0,5.0,5.0,5.0,5.0,5.0,2.0,1.0,3.0,1.0,1.0,21.0,1.0,2.0,3.0,6.0,6.0,6.0,6.0,2.0,5.0,3.0,2.0,5.0,13.0,2.0,5.0,5.0,5.0,5.0,6.0,2.0,24.0,2.0,1.0,2.0,5.0,5.0,5.0,5.0,1.0,2.0,4.0,3.0,12.0,1.0,9.0,4.0,4.0,4.0,4.0,4.0,4.0,4.0,1.0,10.0,4.0,1.0,21.0,1.0,2.0,1.0,1.0,1.0,4.0,3.0,5.0,6.0,6.0,6.0,6.0,6.0,1.0,1.0,3.0,15.0,1.0,1.0,1.0,1.0,7.0,4.0,1.0,10.0,5.0,5.0,5.0,5.0,1.0,1.0,4.0,2.0,-19.72431348956135,1.0,2.0,2.0,9.0,2.0,1.0,1.0,3.0,1.0,4.0,3.0,1.0,1.0,1.0,1.0,1.0,2.0,1.0,1.0,9.0,1.0,1.0,1.0,2.0,5.0,5.0,5.0,5.0,2.0,1.0,7.0,1.0,2.0,5.0,5.0,5.0,5.0,5.0,5.0,5.0,3.0,1.0,1.0,20.0,1.0,1.0,1.0,4.0,1.0,1.0,2.0,1.0,9.0,3.0,4.0,4.0,4.0,4.0,4.0,4.0,4.0,4.0,1.0,1.0,37.0,1.0,1.0,1.0,6.0,6.0,6.0,6.0,6.0,6.0,1.0,1.0,1.0,1.0,6.0,16.0,1.0,5.0,5.0,5.0,5.0,1.0,27.0,1.0,1.0,1.0,7.0,6.0,6.0,6.0,6.0,1.0,2.0,1.0,30.0,1.0,1.0,1.0,1.0,8.0,6.0,6.0,6.0,6.0,13.32796194626393,2.0,2.0,2.0,2.0,5.0,5.0,7.0,3.0,30.0,3.0,10.0,6.0,1.0,10.0,5.0,5.0,5.0,5.0,5.0,5.0,5.0,4.0,1.0,6.0,8.0,1.0,2.0,3.0,4.0,4.0,5.0,6.0,6.0,6.0,6.0,-5.0,-5.0,-5.0,-5.0,-5.0,-5.0,-5.0,-5.0,-5.0,-5.0,1.0
1.0,1.0,1.0,2.0,1.0,2.0,4.0,7.0,1.0,2.0,1.0,5.0,1.0,1.0,1.0,1.0,3.0,1.0,2.0,1.0,1.0,1.0,1.0,1.0,1.0,1.0,5.0,2.0,1.0,3.0,1.0,1.0,5.0,1.0,1.0,2.0,1.0,1.0,1.0,2.0,3.0,1.0,1.0,1.0,1.0,1.0,1.0,1.0,1.0,1.0,1.0,1.0,5.0,3.0,2.0,1.0,1.0,2.0,1.0,1.0,1.0,1.0,1.0,1.0,1.0,1.0,2.0,1.0,5.0,1.0,2.0,1.0,1.0,2.0,1.0,1.0,1.0,1.0,2.0,1.0,7.0,4.0,1.0,2.0,1.0,2.0,12.0,5.0,1.0,15.0,1.0,2.0,2.0,2.0,1.0,1.0,8.0,1.0,4.0,1.0,1.0,16.0,3.0,3.0,1.0,2.0,1.0,1.0,6.0,7.0,1.0,2.0,3.0,2.0,2.0,3.0,2.0,1.0,5.0,1.0,3.0,2.0,2.0,1.0,1.0,1.0,10.0,10.0,1.0,3.0,2.0,1.0,2.0,5.0,2.0,1.0,3.0,1.0,1.0,1.0,1.0,1.0,1.0,1.0,7.0,1.0,1.0,13.0,1.0,1.0,1.0,10.0,2.0,1.0,3.0,1.0,1.0,2.0,3.0,1.0,1.0,1.0,1.0,1.0,1.0,1.0,2.0,1.0,14.0,1.0,1.0,1.0,2.0,2.0,1.0,3.0,2.0,1.0,1.0,1.0,2.0,5.0,1.0,1.0,1.0,4.0,1.0,4.0,2.0,14.0,1.0,2.0,2.0,4.0,1.0,1.0,3.0,1.0,1.0,2.0,1.0,1.0,4.0,3.0,17.0,1.0,1.0,1.0,1.0,3.0,1.0,3.0,5.0,1.0,2.0,2.0,2.0,1.0,1.0,1.0,4.0,1.0,2.0,1.0,1.0,1.0,1.0,1.0,1.0,5.0,2.0,2.0,3.0,1.0,1.0,1.0,1.0,2.0,1.0,1.0,1.0,1.0,1.0,5.0,2.0,3.0,2.0,2.0,3.0,1.0,2.0,4.0,1.0,2.0,2.0,2.0,1.0,1.0,1.0,1.0,1.0,3.0,2.0,1.0,1.0,13.0,3.0,1.0,1.0,1.0,7.0,4.0,1.0,1.0,1.0,8.0,1.0,1.0,6.0,2.0,1.0,3.0,2.0,8.0,2.0,1.0,1.0,1.0,5.0,1.0,8.0,1.0,4.0,9.0,7.0,1.0,1.0,8.0,1.0,2.0,1.0,1.0,4.0,1.0,1.0,1.0,7.0,4.0,5.0,3.0,1.0,1.0,1.0,2.0,1.0,1.0,1.0,1.0,1.0,1.0,6.0,3.0,2.0,2.0,1.0,1.0,1.0,1.0,1.0,1.0,5.0,1.0,1.0,3.0,1.0,1.0,3.0,3.0,1.0,1.0,1.0,2.0,2.0,1.0,1.0,1.0,3.0,4.0,4.0,1.0,1.0,1.0,2.0,1.0,2.0,2.0,2.0,8.0,9.0,3.0,1.0,2.0,1.0,1.0,3.0,2.0,2.0,1.0,5.0,1.0,3.0,3.0,3.0,4.0,1.0,1.0,2.0,2.0,3.0,3.0,1.0,3.0,2.0,1.0,1.0,1.0,1.0,1.0,1.0,1.0,1.0,1.0,1.0,1.0,2.0,10.0,2.0,3.0,3.0,3.0,2.0,1.0,1.0,1.0,1.0,2.0,1.0,15.0,3.0,3.0,3.0,3.0,1.0,1.0,11.0,2.0,2.0,2.0,3.0,1.0,1.0,1.0,1.0,9.0,2.0,2.0,3.0,3.0,1.0,1.0,1.0,2.0,1.0,13.0,2.0,2.0,3.0,3.0,6.0,5.0,2.0,2.0,2.0,2.0,3.0,3.0,4.0,3.0,2.0,2.0,3.0,3.0,4.0,2.0,7.0,3.0,3.0,2.0,2.0,1.0,3.0,7.0,2.0,13.0,6.0,4.0,1.0,1.0,1.0,2.0,1.0,3.0,2.0,10.0,2.0,14.0,1.0,1.0,1.0,9.0,3.0,2.0,1.0,1.0,10.0,2.0,1.0,1.0,1.0,2.0,3.0,7.0,5.0,1.0,1.0,1.0,2.0,6.0,2.0,2.0,4.0,2.0,1.0,1.0,1.0,3.0,2.0,10.0,3.0,1.0,1.0,1.0,5.0,3.0,5.0,1.0,3.0,1.0,1.0,2.0,2.0,3.0,2.0,1.0,2.0,1.0,1.0,1.0,2.0,1.0,1.0,1.0,1.0,5.0,1.0,2.0,1.0,1.0,1.0,1.0,1.0,4.0,1.0,1.0,14.0,1.0,4.0,1.0,13.0,11.0,2.0,2.0,1.0,5.0,1.0,11.0,1.0,1.0,1.0,1.0,1.0,4.0,1.0,1.0,1.0,1.0,3.0,1.0,3.0,1.0,5.0,9.0,1.0,1.0,1.0,1.0,4.0,1.0,6.0,13.0,1.0,3.0,3.0,4.0,1.0,3.0,1.0,4.0,1.0,14.0,9.0,12.0,7.0,1.0,1.0,1.0,2.0,4.0,4.0,6.0,10.0,8.0,21.0,4.0,4.0,3.0,2.0,4.0,1.0,2.0,12.0,11.0,1.0,3.0,4.0,1.0,1.0,1.0,1.0,3.0,6.0,7.0,2.0,5.0,3.0,3.0,8.0,10.0,2.0,19.0,8.0,5.0,1.0,3.0,2.0,6.0,-2.04564786099211,2.0,1.0,2.0,3.0,8.0,9.0,6.0,6.0,1.0,1.0,2.0,2.0,2.0,8.0,4.0,5.0,8.0,7.0,13.0,3.0,9.0,2.0,1.0,3.0,5.0,1.0,3.0,1.0,1.0,5.47566330468136,8.0,1.0,2.0,1.0,1.0,6.0,1.0,1.0,1.0,5.0,15.0,1.0,2.0,7.0,5.0,4.0,5.0,4.0,16.0,6.0,4.0,2.0,1.0,1.0,1.0,1.0,1.0,1.0,2.0,1.0,7.0,7.0,4.0,1.0,2.0,1.0,2.0,1.0,1.0,1.0,1.0,2.0,2.0,1.0,1.0,1.0,1.0,1.0,1.0,1.0,1.0,1.0,1.0,1.0,2.0,2.0,4.0,1.0,1.0,1.0,2.0,7.0,1.0,1.0,1.0,1.0,1.0,1.0,1.0,2.0,3.0,6.0,7.0,4.0,1.0,3.0,1.0,1.0,1.0,1.0,1.0,1.0,1.0,1.0,1.0,2.0,1.0,1.0,2.0,1.0,1.0,1.0,2.0,1.0,1.0,1.0,1.0,1.0,2.0,2.0,3.0,6.0,1.0,1.0,2.0,1.0,1.0,2.0,1.0,1.0,13.0,19.0,2.0,1.0,1.0,4.0,1.0,1.0,1.0,1.0,1.0,1.0,1.0,1.0,1.0,1.0,1.0,2.0,1.0,1.0,1.0,16.0,15.0,1.0,2.0,2.0,2.0,1.0,1.0,1.0,2.0,1.0,1.0,1.0,1.0,1.0,2.0,1.0,1.0,3.0,1.0,1.0,1.0,2.0,1.0,1.0,12.0,7.0,1.0,5.0,1.0,3.0,1.0,1.0,1.0,2.0,3.0,1.0,1.0,6.0,7.0,3.0,5.0,3.0,1.0,1.0,3.0,2.0,1.0,7.0,16.0,1.0,1.0,5.0,3.0,1.0,1.0,3.0,2.0,1.0,3.96952489648403,1.0,2.0,3.0,3.0,1.0,1.0,2.0,1.0,1.0,1.0,2.0,30.0,1.0,4.0,7.0,1.0,1.0,1.0,1.0,1.0,2.0,1.0,2.0,1.0,1.0,1.0,1.0,1.0,1.0,5.0,24.0,4.0,2.0,1.0,1.0,1.0,1.0,1.0,1.0,2.0,2.0,3.0,1.0,2.0,1.0,1.0,1.0,1.0,1.0,1.0,1.0,2.0,1.0,1.0,1.0,1.0,1.0,1.0,1.0,1.0,3.0,1.0,1.0,1.0,3.0,5.0,2.0,3.0,1.0,1.0,2.0,1.0,2.0,1.0,3.0,1.0,2.0,1.0,1.0,2.0,2.0,2.0,1.0,1.0,5.0,2.0,2.0,4.0,1.0,3.0,1.0,4.0,1.0,1.0,2.0,1.0,1.0,4.0,1.0,2.0,1.0,1.0,2.0,4.0,1.0,2.0,2.0,5.0,1.0,1.0,2.0,1.0,1.0,3.0,1.0,1.0,3.0,3.0,5.0,3.0,4.0,1.0,1.0,1.0,2.0,1.0,2.0,1.0,2.0,1.0,1.0,3.0,1.0,1.0,1.0,1.0,2.0,1.0,1.0,1.0,2.0,1.0,1.0,1.0,1.0,1.0,1.0,1.0,1.0,4.0,1.0,1.0,1.0,2.0,1.0,6.0,1.0,1.0,1.0,2.0,2.0,1.0,1.0,1.0,-1.2523449689335,2.0,1.0,1.0,2.0,1.0,-1.0,-1.0,-1.0,-1.0,-2.0,1.0,9.0,-1.0,1.0,-1.0,-1.0,-5.0,-4.0,-3.0,-4.0,-5.0,-5.0,1.0,1.0,1.0,6.0,6.0,2.0,1.0,3.0,2.0,1.0,4.0,5.0,1.0,3.0,1.0,1.0,2.0,1.0,5.0,1.0,1.0,10.0,4.0,1.0,1.0,1.0,3.0,7.0,1.0,2.0,8.0,1.0,2.0,1.0,1.0,1.0,2.0,1.0,2.0,9.0,1.0,9.0,1.0,1.0,1.0,3.0,1.0,1.0,4.0,4.0,1.0,2.0,1.0,2.0,1.0,1.0,1.0,2.0,1.0,1.0,2.0,4.0,1.0,1.0,10.0,1.0,1.0,1.0,3.0,1.0,4.0,4.0,9.0,1.0,1.0,5.0,1.0,1.0,4.957128867032768,4.0,2.0,5.0,1.0,7.0,1.0,5.0,1.0,1.0,1.0,18.20845275419301,1.0,5.0,4.0,6.0,1.0,-3.0,-1.0,-1.0,-13.71931735451625,-2.0,-2.0,-1.0,-1.0,-1.0,-1.0,-3.0,-1.0,-2.0,-4.0,-1.0,-2.0,-1.0,-1.0,-1.0,5.0,4.0,2.0,7.0,2.0,1.0,2.0,1.0,2.0,1.0,3.0,4.0,4.0,1.0,1.0,2.0,4.0,2.0,6.0,1.0,5.0,11.27775448851298,8.0,7.0,1.0,4.0,3.0,1.0,1.0,1.0,2.0,1.0,4.0,1.0,1.0,1.0,1.0,2.0,1.0,1.0,3.0,2.0,4.0,7.0,7.0,4.0,1.0,1.0,4.0,1.0,1.0,2.0,1.0,1.0,5.0,1.0,2.0,7.0,4.0,2.0,2.0,1.0,1.0,1.0,2.0,2.0,2.0,1.0,1.0,2.0,6.0,1.0,4.0,2.0,3.0,-9.81276160699843,1.0,8.0,8.0,1.0,1.0,2.0,2.0,1.0,1.0,2.0,2.0,11.0,5.0,2.0,1.0,2.0,2.0,2.0,2.0,2.0,2.0,2.0,2.0,2.0,1.0,1.0,25.0,6.0,5.0,5.0,5.0,5.0,5.0,5.0,3.0,2.0,1.0,1.0,2.0,1.0,1.0,12.0,15.0,4.0,4.0,5.0,4.0,4.0,5.0,2.0,1.0,5.0,1.0,1.0,2.0,1.0,16.0,5.0,4.0,5.0,4.0,10.0,2.0,4.0,3.0,3.0,6.0,4.0,4.0,4.0,4.0,4.0,4.0,4.0,4.0,4.0,2.0,4.0,4.0,4.0,4.0,4.0,4.0,1.0,1.0,4.0,4.0,4.0,4.0,4.0,4.0,1.0,1.0,1.0,1.0,1.0,1.0,4.0,4.0,4.0,4.0,4.0,4.0,4.0,4.0,4.0,4.0,1.0,1.0,1.0,1.0,3.0,1.0,1.0,10.0,1.0,1.0,1.0,1.0,1.0,21.0,15.0,1.0,1.0,1.0,1.0,1.0,1.0,5.0,1.0,6.0,2.0,2.0,23.0,14.0,1.0,3.0,3.0,3.0,3.0,3.0,3.0,3.0,3.0,1.0,1.0,1.0,1.0,1.0,6.0,1.0,4.0,10.0,9.0,26.0,7.0,3.0,3.0,4.0,3.0,3.0,3.0,4.0,3.0,1.0,1.0,1.0,1.0,3.0,1.0,1.0,13.0,2.0,2.0,2.0,2.0,2.0,2.0,2.0,1.0,1.0,2.0,2.0,2.0,2.0,2.0,2.0,3.0,2.0,1.0,2.0,2.0,2.0,2.0,2.0,2.0,2.0,1.0,2.0,2.0,2.0,2.0,2.0,2.0,2.0,2.0,2.0,2.0,2.0,1.0,-2.0,1.0,4.0,1.0,-4.0,-4.0,-5.0,-4.0,-4.0,-4.0,-5.0,-4.0,-1.0,1.0,2.0,-1.0,1.0,-4.0,-5.0,-4.0,-4.0,-5.0,-4.0,2.0,1.0,-5.0,-6.0,-5.0,-5.0,-6.0,-5.0,1.0,1.0,1.0,-5.0,-5.0,-5.0,-5.0,-5.0,-5.0,-1.0,1.0,-1.0,-5.0,-5.0,-5.0,-5.0,-5.0,-5.0,-3.0,-4.0,-1.0,-1.0,-3.0,-1.0,0.0,1.0,-9.0,-5.0,1.0,-1.0,-2.0,-1.0,-1.0,-2.0,-1.0,-3.0,-2.0,-1.0,-1.0,-1.0,-1.0,-1.0,-3.0,-1.0,-1.0,-1.0,-1.0,-3.0,-2.0,19.45784305872714,-2.0,-1.0,-1.0,-1.0,-2.0,7.0,-4.0,-2.0,-3.0,-3.0,-1.0,-1.0,-1.0,1.0,1.0,0.0,-1.0,-5.0,-7.0,-1.0,-2.0,-1.0,9.0,2.0,13.0,-1.0,-1.0,-1.0,-5.0,-5.0,-2.0,-4.0,1.0,5.0,4.0,2.0,2.0,1.0,2.0,15.0,17.0,4.0,5.0,7.0,13.0,1.0,3.0,1.0,1.0,1.0,12.0,5.0,5.0,1.0,11.0,2.0,4.0,2.0,1.0,15.57346510062307,4.0,2.0,1.0,1.0,2.0,1.0,1.0,2.0,1.0,1.0,2.0,6.0,1.0,1.0,2.0,4.0,3.0,2.0,2.0,3.0,7.0,1.0,1.0,1.0,1.0,1.0,2.0,1.0,1.0,1.0,1.0,1.0,1.0,1.0,1.0,2.0,2.0,1.0,4.0,1.0,1.0,1.0,1.0,3.0,1.0,2.0,6.0,1.0,1.0,1.0,1.0,1.0,1.0,-2.5485758184053537,1.0,1.0,1.0,1.0,1.0,3.0,1.0,1.0,3.0,2.0,2.0,2.0,5.0,-20.80157324031526,2.0,2.0,4.0,3.0,1.0,2.0,2.0,2.0,2.0,-15.704502461243464,1.0,2.0,2.0,2.0,1.0,1.0,1.0,1.0,1.0,2.0,1.0,4.0,1.0,1.0,1.0,1.0,2.0,1.0,1.0,1.0,5.0,5.0,1.0,4.0,3.0,2.0,2.0,1.0,5.0,1.0,3.0,4.0,2.0,1.0,3.0,3.0,4.0,3.0,3.0,1.0,1.0,2.0,1.0,3.0,2.0,4.0,2.0,1.0,4.0,2.0,1.0,2.0,3.0,3.0,3.0,3.0,2.0,1.0,4.0,5.0,1.0,1.0,5.0,4.0,2.0,1.0,1.0,6.276158308138452,6.0,10.0,1.0,5.0,5.0,1.0,7.0,2.0,1.0,10.0,4.0,3.0,3.0,1.0,7.0,1.0,11.0,1.0,2.0,2.0,1.0,3.0,2.0,1.0,1.0,5.0,8.0,1.0,7.0,3.0,1.0,2.0,2.0,1.0,2.0,1.0,1.0,1.0,1.0,2.0,7.0,6.0,1.0,2.0,1.0,1.0,1.0,1.0,5.0,1.0,1.0,2.0,5.0,1.0,2.0,7.0,6.0,6.0,1.0,2.0,9.0,3.0,6.0,1.0,6.0,4.0,9.0,1.0,1.0,1.0,2.0,10.0,6.0,2.0,2.0,5.0,5.0,1.0,10.0,1.0,2.0,4.0,5.0,13.0,1.0,1.0,1.0,1.0,4.0,4.0,3.0,1.0,2.0,1.0,1.0,1.0,2.0,4.0,4.0,5.0,11.0,1.0,1.0,13.2640361646798,1.0,5.0,2.0,7.0,1.0,1.0,2.0,1.0,1.0,1.0,3.0,3.0,2.0,2.0,3.0,5.0,1.0,2.0,1.0,-2.0,1.0,1.0,7.0,-3.0,-3.0,-3.0,-3.0,1.0,0.0,4.0,-2.0,5.0,-6.0,-6.0,-6.0,-6.0,-2.0,-1.0,-1.0,-6.0,-6.0,-6.0,-6.0,-3.0,-2.0,-1.0,-1.0,-3.0,-3.0,-3.0,-3.0,-2.0,-1.0,-1.0,2.0,-1.0,-6.0,-6.0,-6.0,-7.103831779623127,-6.0,-6.0,-6.0,1.0,1.0,-3.0,-3.0,7.0,2.0,-5.0,-5.0,-5.0,-5.0,1.0,-2.0,-2.0,2.0,1.0,-5.0,-6.0,-5.0,-5.0,2.0,1.0,1.0,1.0,-6.0,-6.0,-6.0,-6.0,-1.0,1.0,-2.0,-2.0,1.0,2.0,-13.0,-13.0,-1.0,-1.0,-2.0,2.0,1.0,-5.0,-5.0,-5.0,-5.0,-5.0,-5.0,1.0,1.0,-5.0,-5.0,-5.0,-5.0,-5.0,0.0,-3.0,-12.0,-12.0,1.0,5.0,-7.0,-7.0,-7.0,-7.0,1.0,7.0,1.0,1.0,1.0,2.0,11.0,1.0,4.0,1.0,3.0,6.0,1.0,2.0,3.0,15.0,3.0,2.0,3.0,4.0,1.0,6.0,6.0,4.0,2.0,1.0,1.0,1.0,1.0,1.0,1.0,3.0,7.0,1.0,3.0,1.0,1.0,1.0,3.0,2.0,1.0,2.0,2.0,1.0,1.0,3.0,3.0,3.0,1.0,1.0,2.0,3.0,3.0,3.0,1.0,1.0,1.0,3.0,4.0,4.0,2.0,3.0,1.0,1.0,1.0,1.0,1.0,1.0,2.0,3.0,4.0,4.0,2.0,6.0,3.0,1.0,1.0,1.0,1.0,1.0,1.0,2.0,3.0,1.0,13.0,3.0,1.0,1.0,6.0,1.0,1.0,1.0,4.0,1.0,1.0,2.0,2.0,4.0,3.0,3.0,1.0,1.0,1.0,1.0,2.0,2.0,3.0,3.0,1.0,1.0,2.0,2.0,1.0,2.0,6.0,6.0,2.0,3.0,2.0,2.0,1.0,1.0,2.0,2.0,6.0,6.0,2.0,3.0,2.0,2.0,1.0,1.0,21.0,3.0,4.0,1.0,2.0,2.0,8.0,1.0,7.0,2.0,1.0,2.0,3.0,4.0,4.0,1.0,16.0,1.0,6.0,3.0,1.0,1.0,2.0,10.0,1.0,10.0,3.0,3.0,2.0,1.0,4.0,3.0,1.0,2.0,1.0,1.0,4.0,1.0,3.0,1.0,2.0,2.0,1.0,1.0,1.0,1.0,3.0,1.0,1.0,2.0,1.0,1.0,1.0,1.0,1.0,1.29786125122586,1.0,1.0,1.0,1.0,1.0,4.0,3.0,1.0,1.0,1.0,1.0,1.0,1.0,2.0,2.0,1.0,4.0,1.0,4.0,1.0,1.0,2.0,1.0,1.0,3.0,2.0,2.0,2.0,2.0,1.0,1.0,6.0,24.0,4.0,1.0,3.0,2.0,1.0,1.0,16.0,35.0,3.0,1.0,1.0,1.0,1.0,1.0,1.0,3.0,5.0,1.0,1.0,2.0,7.0,5.0,5.0,2.0,3.0,1.0,1.0,1.0,8.0,1.0,5.0,3.0,2.0,9.0,6.0,1.0,4.0,13.0,1.0,7.0,7.0,1.0,1.0,1.0,1.0,1.0,4.0,6.0,3.0,2.0,1.0,8.0,6.0,1.0,1.0,1.0,2.0,3.0,1.0,2.0,8.0,1.0,2.0,9.0,2.0,1.0,1.0,1.0,1.0,1.0,4.0,1.0,1.0,4.0,5.0,1.0,1.0,2.0,3.0,2.0,1.0,2.0,5.0,6.0,4.0,6.0,8.0,11.0,7.0,6.0,1.0,1.0,1.0,4.0,1.0,3.0,4.0,5.0,12.0,5.0,2.0,2.0,1.0,4.0,2.0,1.0,1.0,1.0,3.0,4.0,3.0,2.0,17.29671484676516,3.0,5.0,1.0,7.0,5.0,2.0,2.0,3.0,1.0,1.0,1.0,1.0,2.0,1.0,2.0,1.0,1.0,12.0,10.0,8.0,6.0,5.0,1.0,1.0,1.0,3.0,1.0,1.0,1.0,3.0,4.0,1.0,2.0,1.0,1.0,1.0,2.0,1.0,1.0,8.0,1.0,1.0,2.0,2.0,5.0,2.0,2.0,1.0,1.0,3.0,2.0,3.0,1.0,6.0,6.0,1.0,1.0,6.0,1.0,6.0,9.0,3.0,13.0,10.0,1.0,1.0,11.0,1.0,1.0,3.0,8.0,9.0,2.0,1.0,2.0,3.0,3.0,3.0,1.0,1.0,1.0,5.0,5.0,2.0,1.0,2.0,2.0,1.0,1.0,5.0,1.0,1.0,1.0,1.0,3.0,2.0,1.0,2.0,1.0,3.0,4.0,1.0,2.0,1.0,2.0,1.0,2.0,2.0,1.0,1.0,2.0,2.0,1.0,1.0,1.0,1.0,1.0,1.0,2.0,1.0,8.0,2.0,1.0,5.0,6.0,2.0,1.0,1.0,1.0,6.0,2.0,3.0,4.0,3.0,1.0,1.0,2.0,2.0,1.0,1.0,11.0,1.0,1.0,2.0,4.0,5.0,3.0,1.0,4.0,1.0,14.0,4.0,7.0,1.0,1.0,2.0,1.0,1.0,2.92572291035908,1.0,1.0,1.0,3.0,1.0,9.0,2.0,2.0,1.0,1.0,7.0,1.0,8.0,1.0,1.0,1.0,1.0,2.0,1.0,1.0,1.0,1.0,2.0,1.0,1.0,1.0,1.0,1.0,1.0,4.0,4.0,3.0,2.0,1.0,1.0,1.0,1.0,3.0,1.0,1.0,1.0,1.0,1.0,1.0,1.0,1.0,2.0,1.0,3.0,0.24337417607789,1.0,1.0,3.0,5.0,9.0,7.0,2.0,2.0,1.0,1.0,1.0,2.0,3.0,1.0,1.0,2.0,3.0,1.0,1.0,2.0,2.0,1.0,1.0,1.0,1.0,2.0,1.0,1.0,-1.0,-1.0,-2.0,-4.0,-12.0,-7.0,-6.0,-6.0,-9.0,-11.0,-2.0,-8.0,-10.0,-6.0,-11.0,-6.50984180533249,-1.0,-4.0,-1.0,-10.0,-11.0,-3.0,-8.0,-12.0,-10.0,-1.0,-1.0,-1.0,-1.0,-7.0,-7.0,-13.0,-7.0,2.0,1.0,1.0,1.0,2.0,1.0,1.0,5.0,1.0,2.0,1.0,1.0,3.0,1.0,3.0,1.0,1.0,1.0,1.0,1.0,1.0,1.0,1.0,4.0,1.0,1.0,2.0,1.0,1.0,3.0,1.0,1.0,2.0,1.0,1.0,2.0,3.0,1.0,2.0,1.0,1.0,1.0,1.0,1.0,1.0,2.0,1.0,2.0,1.0,2.0,5.0,6.0,1.0,2.0,1.0,1.0,3.0,1.0,1.0,2.0,3.0,3.0,1.0,1.0,2.0,5.0,5.0,1.0,1.0,4.0,3.0,2.0,1.0,1.0,-1.0,1.0,2.0,-3.0,1.0,1.0,-4.0,-4.0,-3.0,2.0,-1.0,-1.0,-1.0,-2.0,2.0,10.0,1.0,1.0,1.0,2.0,3.0,4.0,1.0,2.0,1.0,17.0,1.0,1.0,1.0,1.0,2.0,1.0,1.0,1.0,4.0,4.0,1.0,3.0,1.0,1.0,2.0,1.0,1.0,1.0,2.0,2.0,1.0,1.0,1.0,1.0,2.0,3.0,18.94840458248437,1.0,1.0,3.0,1.0,1.0,1.0,2.0,3.0,1.0,1.0,2.0,4.0,2.0,1.0,1.0,1.0,1.0,2.0,3.0,1.0,4.0,1.0,1.0,1.0,4.0,4.0,1.0,1.0,2.0,2.0,2.0,2.0,1.0,2.0,1.0,2.0,3.0,1.0,6.0,11.0,8.0,5.0,4.0,5.0,3.0,2.0,1.0,1.0,1.0,1.0,1.0,2.0,2.0,3.0,2.0,3.0,1.0,1.0,1.0,1.0,1.0,1.0,3.0,2.0,5.0,1.0,2.0,2.0,1.0,5.0,1.0,5.0,1.0,2.0,5.0,3.0,2.0,1.0,15.11250881122309,1.0,2.0,3.0,1.0,1.0,1.0,3.0,3.0,2.0,4.0,1.0,1.0,1.0,1.0,1.0,1.0,1.0,1.0,1.0,1.0,1.0,3.0,5.0,1.0,1.0,1.0,2.0,2.0,1.0,1.0,5.0,1.0,1.0,5.0,1.0,1.0,-7.0,-7.0,1.0,-1.0,-4.0,-2.0,-1.0,-2.0,-1.0,1.0,-1.0,-3.0,-5.0,0.0,-3.0,-1.0,-2.0,-4.0,1.0,-1.0,1.0,-1.0,-1.0,1.0,-1.0,-1.0,2.0,-2.0,-3.0,2.0,-2.0,-1.0,1.0,-1.0,-1.0,-2.0,1.0,-2.0,-1.0,2.0,-1.0,-1.0,-1.0,-1.0,-2.0,2.0,-2.0,-2.0,0.0,-1.0,-1.0,-1.0,-1.0,-1.0,1.0,1.0,1.0,7.0,1.0,1.0,1.0,1.0,1.0,2.0,1.0,1.0,12.0,1.0,1.0,1.0,1.0,1.0,1.0,2.0,1.0,1.0,1.0,1.0,2.0,4.0,3.0,1.0,1.0,3.0,1.0,1.0,1.0,1.0,2.0,1.0,1.0,1.0,1.0,1.0,2.0,1.0,1.0,3.0,7.0,2.0,1.0,1.0,1.0,1.0,1.0,1.0,1.0,1.0,1.0,1.0,1.0,1.0,6.0,1.0,1.0,1.0,1.0,1.0,1.0,1.0,1.0,1.0,1.0,1.0,1.0,1.0,1.0,1.0,1.0,4.0,1.0,1.0,1.0,1.0,1.0,1.0,1.0,1.0,1.0,1.0,1.0,1.0,1.0,1.0,1.0,1.0,1.0,1.0,1.0,-1.0,-1.0,1.0,1.0,2.0,-2.0,-2.0,-2.0,-2.0,-2.0,1.0,1.0,-3.56110793196185,-3.0,-3.0,-3.0,1.0,-5.0,-5.0,-5.0,1.0,1.0,1.0,1.0,2.0,1.0,1.0,-1.0,-1.0,-1.0,-1.0,-1.0,-1.0,4.0,4.0,1.0,1.0,3.0,1.0,1.0,1.0,1.0,1.0,3.0,3.0,2.0,1.0,1.0,1.0,1.0,1.0,2.0,1.0,1.0,2.0,2.0,1.0,1.0,1.0,1.0,1.0,3.0,3.0,3.0,1.0,1.0,2.0,1.0,1.0,2.0,2.0,2.0,1.0,1.0,1.0,2.0,1.0,1.0,1.0,1.0,3.0,1.0,1.0,1.0,1.0,4.0,2.0,5.0,1.0,2.0,1.0,1.0,1.0,1.0,3.0,1.0,2.0,3.0,2.0,1.0,1.0,1.0,2.0,2.0,2.0,2.0,1.0,6.0,3.0,6.0,1.0,1.0,1.0,3.0,1.0,4.0,5.0,1.0,1.0,1.0,1.0,1.0,17.0,1.0,2.0,12.0,1.0,2.0,3.0,8.0,13.0,5.0,2.0,1.0,2.0,6.0,4.0,4.0,2.0,1.0,3.0,2.0,1.0,1.0,1.0,3.0,1.0,1.0,1.0,3.0,1.0,1.0,1.0,3.0,1.0,1.0,1.0,2.0,3.0,7.0,4.0,3.0,-0.31044766992144,2.0,2.0,2.0,1.0,1.0,1.0,1.0,1.0,1.0,1.0,1.0,1.0,1.0,1.0,1.0,1.0,1.0,1.0,1.0,1.0,1.0,1.0,1.0,1.0,1.0,1.0,1.0,1.0,3.0,1.0,1.0,2.0,2.0,2.0,2.0,3.0,1.0,1.0,1.0,2.0,1.0,4.0,3.0,1.0,1.0,1.0,2.0,1.0,7.39298284432326,1.0,5.0,3.0,2.0,1.0,1.0,1.0,1.0,1.0,1.0,1.0,1.0,1.0,3.0,4.0,3.0,1.0,1.0,1.0,1.0,1.0,1.0,1.0,1.0,1.0,1.0,1.0,1.0,2.0,1.0,1.0,1.0,1.0,1.0,1.0,1.0,1.0,1.0,1.0,1.0,2.0,1.0,1.0,1.0,1.0,1.0,1.0,1.0,1.0,1.0,1.0,1.0,1.0,1.0,3.0,8.0,2.0,1.0,2.0,1.0,1.0,4.0,1.0,1.0,1.0,1.0,1.0,1.0,1.0,7.0,5.0,2.0,3.0,1.0,1.0,2.0,1.0,1.0,1.0,1.0,1.0,1.0,2.0,3.0,1.0,2.0,2.0,2.0,-16.38832593496558,3.0,1.0,1.0,1.0,1.0,3.0,2.0,3.0,3.0,1.0,1.0,2.0,2.0,2.0,3.0,2.0,1.0,3.0,1.0,2.0,2.0,2.0,2.0,2.0,2.0,1.0,1.0,1.0,1.0,1.0,1.0,1.0,1.0,1.0,2.0,1.0,1.0,1.0,3.0,1.0,1.0,1.0,1.0,1.0,1.0,1.0,2.0,1.0,6.0,1.0,5.0,1.0,4.0,1.0,8.0,1.0,3.0,3.0,4.0,1.0,2.0,2.0,1.0,1.0,3.0,2.0,3.0,1.0,2.0,1.0,1.0,2.0,1.0,1.0,4.0,6.0,1.0,1.0,1.0,2.0,2.0,1.0,1.0,3.0,5.0,5.38785976813884,1.0,1.0,5.0,1.0,1.0,2.0,1.0,1.0,1.0,4.0,2.0,1.0,4.0,2.0,6.0,1.0,1.0,1.0,1.0,6.0,5.96397995782018,1.0,1.0,3.0,3.0,-1.3686525685699,9.0,2.0,3.0,3.0,3.0,3.0,1.0,1.0,5.0,5.0,5.0,5.0,1.0,7.0,10.0,2.0,1.0,4.0,5.0,5.0,5.0,5.0,2.0,1.0,3.0,5.0,4.0,2.0,2.0,1.0,1.0,2.0,3.0,1.0,1.0,3.0,11.0,5.0,5.0,5.0,5.0,5.0,5.0,5.0,5.0,13.0,3.0,2.0,2.0,3.0,11.0,5.0,5.0,5.0,5.0,1.0,1.0,2.0,18.0,11.0,2.0,1.0,3.0,3.0,5.0,5.0,5.0,5.0,5.0,5.0,2.0,1.0,3.0,1.0,1.0,21.0,1.0,2.0,3.0,6.0,6.0,6.0,6.0,2.0,5.0,3.0,2.0,5.0,13.0,2.0,5.0,5.0,5.0,5.0,6.0,2.0,24.0,2.0,1.0,2.0,5.0,5.0,5.0,5.0,1.0,2.0,4.0,3.0,12.0,1.0,9.0,4.0,4.0,4.0,4.0,4.0,4.0,4.0,1.0,10.0,4.0,1.0,21.0,1.0,2.0,1.0,1.0,1.0,4.0,3.0,5.0,6.0,6.0,6.0,6.0,6.0,1.0,1.0,3.0,15.0,1.0,1.0,1.0,1.0,7.0,4.0,1.0,10.0,5.0,5.0,5.0,5.0,1.0,1.0,4.0,2.0,-19.72431348956135,1.0,2.0,2.0,9.0,2.0,1.0,1.0,3.0,1.0,4.0,3.0,1.0,1.0,1.0,1.0,1.0,2.0,1.0,1.0,9.0,1.0,1.0,1.0,2.0,5.0,5.0,5.0,5.0,2.0,1.0,7.0,1.0,2.0,5.0,5.0,5.0,5.0,5.0,5.0,5.0,3.0,1.0,1.0,20.0,1.0,1.0,1.0,4.0,1.0,1.0,2.0,1.0,9.0,3.0,4.0,4.0,4.0,4.0,4.0,4.0,4.0,4.0,1.0,1.0,37.0,1.0,1.0,1.0,6.0,6.0,6.0,6.0,6.0,6.0,1.0,1.0,1.0,1.0,6.0,16.0,1.0,5.0,5.0,5.0,5.0,1.0,27.0,1.0,1.0,1.0,7.0,6.0,6.0,6.0,6.0,1.0,2.0,1.0,30.0,1.0,1.0,1.0,1.0,8.0,6.0,6.0,6.0,6.0,13.32796194626393,2.0,2.0,2.0,2.0,5.0,5.0,7.0,3.0,30.0,3.0,10.0,6.0,1.0,10.0,5.0,5.0,5.0,5.0,5.0,5.0,5.0,4.0,1.0,6.0,8.0,1.0,2.0,3.0,4.0,4.0,5.0,6.0,6.0,6.0,6.0,-5.0,-5.0,-5.0,-5.0,-5.0,-5.0,-5.0,-5.0,-5.0,-5.0,1.0
1.0,1.0,1.0,2.0,1.0,2.0,4.0,7.0,1.0,2.0,1.0,5.0,1.0,1.0,1.0,1.0,3.0,1.0,2.0,1.0,1.0,1.0,1.0,1.0,1.0,1.0,5.0,2.0,1.0,3.0,1.0,1.0,5.0,1.0,1.0,2.0,1.0,1.0,1.0,2.0,3.0,1.0,1.0,1.0,1.0,1.0,1.0,1.0,1.0,1.0,1.0,1.0,5.0,3.0,2.0,1.0,1.0,2.0,1.0,1.0,1.0,1.0,1.0,1.0,1.0,1.0,2.0,1.0,5.0,1.0,2.0,1.0,1.0,2.0,1.0,1.0,1.0,1.0,2.0,1.0,7.0,4.0,1.0,2.0,1.0,2.0,12.0,5.0,1.0,15.0,1.0,2.0,2.0,2.0,1.0,1.0,8.0,1.0,4.0,1.0,1.0,16.0,3.0,3.0,1.0,2.0,1.0,1.0,6.0,7.0,1.0,2.0,3.0,2.0,2.0,3.0,2.0,1.0,5.0,1.0,3.0,2.0,2.0,1.0,1.0,1.0,10.0,10.0,1.0,3.0,2.0,1.0,2.0,5.0,2.0,1.0,3.0,1.0,1.0,1.0,1.0,1.0,1.0,1.0,7.0,1.0,1.0,13.0,1.0,1.0,1.0,10.0,2.0,1.0,3.0,1.0,1.0,2.0,3.0,1.0,1.0,1.0,1.0,1.0,1.0,1.0,2.0,1.0,14.0,1.0,1.0,1.0,2.0,2.0,1.0,3.0,2.0,1.0,1.0,1.0,2.0,5.0,1.0,1.0,1.0,4.0,1.0,4.0,2.0,14.0,1.0,2.0,2.0,4.0,1.0,1.0,3.0,1.0,1.0,2.0,1.0,1.0,4.0,3.0,17.0,1.0,1.0,1.0,1.0,3.0,1.0,3.0,5.0,1.0,2.0,2.0,2.0,1.0,1.0,1.0,4.0,1.0,2.0,1.0,1.0,1.0,1.0,1.0,1.0,5.0,2.0,2.0,3.0,1.0,1.0,1.0,1.0,2.0,1.0,1.0,1.0,1.0,1.0,5.0,2.0,3.0,2.0,2.0,3.0,1.0,2.0,4.0,1.0,2.0,2.0,2.0,1.0,1.0,1.0,1.0,1.0,3.0,2.0,1.0,1.0,13.0,3.0,1.0,1.0,1.0,7.0,4.0,1.0,1.0,1.0,8.0,1.0,1.0,6.0,2.0,1.0,3.0,2.0,8.0,2.0,1.0,1.0,1.0,5.0,1.0,8.0,1.0,4.0,9.0,7.0,1.0,1.0,8.0,1.0,2.0,1.0,1.0,4.0,1.0,1.0,1.0,7.0,4.0,5.0,3.0,1.0,1.0,1.0,2.0,1.0,1.0,1.0,1.0,1.0,1.0,6.0,3.0,2.0,2.0,1.0,1.0,1.0,1.0,1.0,1.0,5.0,1.0,1.0,3.0,1.0,1.0,3.0,3.0,1.0,1.0,1.0,2.0,2.0,1.0,1.0,1.0,3.0,4.0,4.0,1.0,1.0,1.0,2.0,1.0,2.0,2.0,2.0,8.0,9.0,3.0,1.0,2.0,1.0,1.0,3.0,2.0,2.0,1.0,5.0,1.0,3.0,3.0,3.0,4.0,1.0,1.0,2.0,2.0,3.0,3.0,1.0,3.0,2.0,1.0,1.0,1.0,1.0,1.0,1.0,1.0,1.0,1.0,1.0,1.0,2.0,10.0,2.0,3.0,3.0,3.0,2.0,1.0,1.0,1.0,1.0,2.0,1.0,15.0,3.0,3.0,3.0,3.0,1.0,1.0,11.0,2.0,2.0,2.0,3.0,1.0,1.0,1.0,1.0,9.0,2.0,2.0,3.0,3.0,1.0,1.0,1.0,2.0,1.0,13.0,2.0,2.0,3.0,3.0,6.0,5.0,2.0,2.0,2.0,2.0,3.0,3.0,4.0,3.0,2.0,2.0,3.0,3.0,4.0,2.0,7.0,3.0,3.0,2.0,2.0,1.0,3.0,7.0,2.0,13.0,6.0,4.0,1.0,1.0,1.0,2.0,1.0,3.0,2.0,10.0,2.0,14.0,1.0,1.0,1.0,9.0,3.0,2.0,1.0,1.0,10.0,2.0,1.0,1.0,1.0,2.0,3.0,7.0,5.0,1.0,1.0,1.0,2.0,6.0,2.0,2.0,4.0,2.0,1.0,1.0,1.0,3.0,2.0,10.0,3.0,1.0,1.0,1.0,5.0,3.0,5.0,1.0,3.0,1.0,1.0,2.0,2.0,3.0,2.0,1.0,2.0,1.0,1.0,1.0,2.0,1.0,1.0,1.0,1.0,5.0,1.0,2.0,1.0,1.0,1.0,1.0,1.0,4.0,1.0,1.0,14.0,1.0,4.0,1.0,13.0,11.0,2.0,2.0,1.0,5.0,1.0,11.0,1.0,1.0,1.0,1.0,1.0,4.0,1.0,1.0,1.0,1.0,3.0,1.0,3.0,1.0,5.0,9.0,1.0,1.0,1.0,1.0,4.0,1.0,6.0,13.0,1.0,3.0,3.0,4.0,1.0,3.0,1.0,4.0,1.0,14.0,9.0,12.0,7.0,1.0,1.0,1.0,2.0,4.0,4.0,6.0,10.0,8.0,21.0,4.0,4.0,3.0,2.0,4.0,1.0,2.0,12.0,11.0,1.0,3.0,4.0,1.0,1.0,1.0,1.0,3.0,6.0,7.0,2.0,5.0,3.0,3.0,8.0,10.0,2.0,19.0,8.0,5.0,1.0,3.0,2.0,6.0,-2.04564786099211,2.0,1.0,2.0,3.0,8.0,9.0,6.0,6.0,1.0,1.0,2.0,2.0,2.0,8.0,4.0,5.0,8.0,7.0,13.0,3.0,9.0,2.0,1.0,3.0,5.0,1.0,3.0,1.0,1.0,5.47566330468136,8.0,1.0,2.0,1.0,1.0,6.0,1.0,1.0,1.0,5.0,15.0,1.0,2.0,7.0,5.0,4.0,5.0,4.0,16.0,6.0,4.0,2.0,1.0,1.0,1.0,1.0,1.0,1.0,2.0,1.0,7.0,7.0,4.0,1.0,2.0,1.0,2.0,1.0,1.0,1.0,1.0,2.0,2.0,1.0,1.0,1.0,1.0,1.0,1.0,1.0,1.0,1.0,1.0,1.0,2.0,2.0,4.0,1.0,1.0,1.0,2.0,7.0,1.0,1.0,1.0,1.0,1.0,1.0,1.0,2.0,3.0,6.0,7.0,4.0,1.0,3.0,1.0,1.0,1.0,1.0,1.0,1.0,1.0,1.0,1.0,2.0,1.0,1.0,2.0,1.0,1.0,1.0,2.0,1.0,1.0,1.0,1.0,1.0,2.0,2.0,3.0,6.0,1.0,1.0,2.0,1.0,1.0,2.0,1.0,1.0,13.0,19.0,2.0,1.0,1.0,4.0,1.0,1.0,1.0,1.0,1.0,1.0,1.0,1.0,1.0,1.0,1.0,2.0,1.0,1.0,1.0,16.0,15.0,1.0,2.0,2.0,2.0,1.0,1.0,1.0,2.0,1.0,1.0,1.0,1.0,1.0,2.0,1.0,1.0,3.0,1.0,1.0,1.0,2.0,1.0,1.0,12.0,7.0,1.0,5.0,1.0,3.0,1.0,1.0,1.0,2.0,3.0,1.0,1.0,6.0,7.0,3.0,5.0,3.0,1.0,1.0,3.0,2.0,1.0,7.0,16.0,1.0,1.0,5.0,3.0,1.0,1.0,3.0,2.0,1.0,3.96952489648403,1.0,2.0,3.0,3.0,1.0,1.0,2.0,1.0,1.0,1.0,2.0,30.0,1.0,4.0,7.0,1.0,1.0,1.0,1.0,1.0,2.0,1.0,2.0,1.0,1.0,1.0,1.0,1.0,1.0,5.0,24.0,4.0,2.0,1.0,1.0,1.0,1.0,1.0,1.0,2.0,2.0,3.0,1.0,2.0,1.0,1.0,1.0,1.0,1.0,1.0,1.0,2.0,1.0,1.0,1.0,1.0,1.0,1.0,1.0,1.0,3.0,1.0,1.0,1.0,3.0,5.0,2.0,3.0,1.0,1.0,2.0,1.0,2.0,1.0,3.0,1.0,2.0,1.0,1.0,2.0,2.0,2.0,1.0,1.0,5.0,2.0,2.0,4.0,1.0,3.0,1.0,4.0,1.0,1.0,2.0,1.0,1.0,4.0,1.0,2.0,1.0,1.0,2.0,4.0,1.0,2.0,2.0,5.0,1.0,1.0,2.0,1.0,1.0,3.0,1.0,1.0,3.0,3.0,5.0,3.0,4.0,1.0,1.0,1.0,2.0,1.0,2.0,1.0,2.0,1.0,1.0,3.0,1.0,1.0,1.0,1.0,2.0,1.0,1.0,1.0,2.0,1.0,1.0,1.0,1.0,1.0,1.0,1.0,1.0,4.0,1.0,1.0,1.0,2.0,1.0,6.0,1.0,1.0,1.0,2.0,2.0,1.0,1.0,1.0,-1.2523449689335,2.0,1.0,1.0,2.0,1.0,-1.0,-1.0,-1.0,-1.0,-2.0,1.0,9.0,-1.0,1.0,-1.0,-1.0,-5.0,-4.0,-3.0,-4.0,-5.0,-5.0,1.0,1.0,1.0,6.0,6.0,2.0,1.0,3.0,2.0,1.0,4.0,5.0,1.0,3.0,1.0,1.0,2.0,1.0,5.0,1.0,1.0,10.0,4.0,1.0,1.0,1.0,3.0,7.0,1.0,2.0,8.0,1.0,2.0,1.0,1.0,1.0,2.0,1.0,2.0,9.0,1.0,9.0,1.0,1.0,1.0,3.0,1.0,1.0,4.0,4.0,1.0,2.0,1.0,2.0,1.0,1.0,1.0,2.0,1.0,1.0,2.0,4.0,1.0,1.0,10.0,1.0,1.0,1.0,3.0,1.0,4.0,4.0,9.0,1.0,1.0,5.0,1.0,1.0,4.957128867032768,4.0,2.0,5.0,1.0,7.0,1.0,5.0,1.0,1.0,1.0,18.20845275419301,1.0,5.0,4.0,6.0,1.0,-3.0,-1.0,-1.0,-13.71931735451625,-2.0,-2.0,-1.0,-1.0,-1.0,-1.0,-3.0,-1.0,-2.0,-4.0,-1.0,-2.0,-1.0,-1.0,-1.0,5.0,4.0,2.0,7.0,2.0,1.0,2.0,1.0,2.0,1.0,3.0,4.0,4.0,1.0,1.0,2.0,4.0,2.0,6.0,1.0,5.0,11.27775448851298,8.0,7.0,1.0,4.0,3.0,1.0,1.0,1.0,2.0,1.0,4.0,1.0,1.0,1.0,1.0,2.0,1.0,1.0,3.0,2.0,4.0,7.0,7.0,4.0,1.0,1.0,4.0,1.0,1.0,2.0,1.0,1.0,5.0,1.0,2.0,7.0,4.0,2.0,2.0,1.0,1.0,1.0,2.0,2.0,2.0,1.0,1.0,2.0,6.0,1.0,4.0,2.0,3.0,-9.81276160699843,1.0,8.0,8.0,1.0,1.0,2.0,2.0,1.0,1.0,2.0,2.0,11.0,5.0,2.0,1.0,2.0,2.0,2.0,2.0,2.0,2.0,2.0,2.0,2.0,1.0,1.0,25.0,6.0,5.0,5.0,5.0,5.0,5.0,5.0,3.0,2.0,1.0,1.0,2.0,1.0,1.0,12.0,15.0,4.0,4.0,5.0,4.0,4.0,5.0,2.0,1.0,5.0,1.0,1.0,2.0,1.0,16.0,5.0,4.0,5.0,4.0,10.0,2.0,4.0,3.0,3.0,6.0,4.0,4.0,4.0,4.0,4.0,4.0,4.0,4.0,4.0,2.0,4.0,4.0,4.0,4.0,4.0,4.0,1.0,1.0,4.0,4.0,4.0,4.0,4.0,4.0,1.0,1.0,1.0,1.0,1.0,1.0,4.0,4.0,4.0,4.0,4.0,4.0,4.0,4.0,4.0,4.0,1.0,1.0,1.0,1.0,3.0,1.0,1.0,10.0,1.0,1.0,1.0,1.0,1.0,21.0,15.0,1.0,1.0,1.0,1.0,1.0,1.0,5.0,1.0,6.0,2.0,2.0,23.0,14.0,1.0,3.0,3.0,3.0,3.0,3.0,3.0,3.0,3.0,1.0,1.0,1.0,1.0,1.0,6.0,1.0,4.0,10.0,9.0,26.0,7.0,3.0,3.0,4.0,3.0,3.0,3.0,4.0,3.0,1.0,1.0,1.0,1.0,3.0,1.0,1.0,13.0,2.0,2.0,2.0,2.0,2.0,2.0,2.0,1.0,1.0,2.0,2.0,2.0,2.0,2.0,2.0,3.0,2.0,1.0,2.0,2.0,2.0,2.0,2.0,2.0,2.0,1.0,2.0,2.0,2.0,2.0,2.0,2.0,2.0,2.0,2.0,2.0,2.0,1.0,-2.0,1.0,4.0,1.0,-4.0,-4.0,-5.0,-4.0,-4.0,-4.0,-5.0,-4.0,-1.0,1.0,2.0,-1.0,1.0,-4.0,-5.0,-4.0,-4.0,-5.0,-4.0,2.0,1.0,-5.0,-6.0,-5.0,-5.0,-6.0,-5.0,1.0,1.0,1.0,-5.0,-5.0,-5.0,-5.0,-5.0,-5.0,-1.0,1.0,-1.0,-5.0,-5.0,-5.0,-5.0,-5.0,-5.0,-3.0,-4.0,-1.0,-1.0,-3.0,-1.0,0.0,1.0,-9.0,-5.0,1.0,-1.0,-2.0,-1.0,-1.0,-2.0,-1.0,-3.0,-2.0,-1.0,-1.0,-1.0,-1.0,-1.0,-3.0,-1.0,-1.0,-1.0,-1.0,-3.0,-2.0,19.45784305872714,-2.0,-1.0,-1.0,-1.0,-2.0,7.0,-4.0,-2.0,-3.0,-3.0,-1.0,-1.0,-1.0,1.0,1.0,0.0,-1.0,-5.0,-7.0,-1.0,-2.0,-1.0,9.0,2.0,13.0,-1.0,-1.0,-1.0,-5.0,-5.0,-2.0,-4.0,1.0,5.0,4.0,2.0,2.0,1.0,2.0,15.0,17.0,4.0,5.0,7.0,13.0,1.0,3.0,1.0,1.0,1.0,12.0,5.0,5.0,1.0,11.0,2.0,4.0,2.0,1.0,15.57346510062307,4.0,2.0,1.0,1.0,2.0,1.0,1.0,2.0,1.0,1.0,2.0,6.0,1.0,1.0,2.0,4.0,3.0,2.0,2.0,3.0,7.0,1.0,1.0,1.0,1.0,1.0,2.0,1.0,1.0,1.0,1.0,1.0,1.0,1.0,1.0,2.0,2.0,1.0,4.0,1.0,1.0,1.0,1.0,3.0,1.0,2.0,6.0,1.0,1.0,1.0,1.0,1.0,1.0,-2.5485758184053537,1.0,1.0,1.0,1.0,1.0,3.0,1.0,1.0,3.0,2.0,2.0,2.0,5.0,-20.80157324031526,2.0,2.0,4.0,3.0,1.0,2.0,2.0,2.0,2.0,-15.704502461243464,1.0,2.0,2.0,2.0,1.0,1.0,1.0,1.0,1.0,2.0,1.0,4.0,1.0,1.0,1.0,1.0,2.0,1.0,1.0,1.0,5.0,5.0,1.0,4.0,3.0,2.0,2.0,1.0,5.0,1.0,3.0,4.0,2.0,1.0,3.0,3.0,4.0,3.0,3.0,1.0,1.0,2.0,1.0,3.0,2.0,4.0,2.0,1.0,4.0,2.0,1.0,2.0,3.0,3.0,3.0,3.0,2.0,1.0,4.0,5.0,1.0,1.0,5.0,4.0,2.0,1.0,1.0,6.276158308138452,6.0,10.0,1.0,5.0,5.0,1.0,7.0,2.0,1.0,10.0,4.0,3.0,3.0,1.0,7.0,1.0,11.0,1.0,2.0,2.0,1.0,3.0,2.0,1.0,1.0,5.0,8.0,1.0,7.0,3.0,1.0,2.0,2.0,1.0,2.0,1.0,1.0,1.0,1.0,2.0,7.0,6.0,1.0,2.0,1.0,1.0,1.0,1.0,5.0,1.0,1.0,2.0,5.0,1.0,2.0,7.0,6.0,6.0,1.0,2.0,9.0,3.0,6.0,1.0,6.0,4.0,9.0,1.0,1.0,1.0,2.0,10.0,6.0,2.0,2.0,5.0,5.0,1.0,10.0,1.0,2.0,4.0,5.0,13.0,1.0,1.0,1.0,1.0,4.0,4.0,3.0,1.0,2.0,1.0,1.0,1.0,2.0,4.0,4.0,5.0,11.0,1.0,1.0,13.2640361646798,1.0,5.0,2.0,7.0,1.0,1.0,2.0,1.0,1.0,1.0,3.0,3.0,2.0,2.0,3.0,5.0,1.0,2.0,1.0,-2.0,1.0,1.0,7.0,-3.0,-3.0,-3.0,-3.0,1.0,0.0,4.0,-2.0,5.0,-6.0,-6.0,-6.0,-6.0,-2.0,-1.0,-1.0,-6.0,-6.0,-6.0,-6.0,-3.0,-2.0,-1.0,-1.0,-3.0,-3.0,-3.0,-3.0,-2.0,-1.0,-1.0,2.0,-1.0,-6.0,-6.0,-6.0,-7.103831779623127,-6.0,-6.0,-6.0,1.0,1.0,-3.0,-3.0,7.0,2.0,-5.0,-5.0,-5.0,-5.0,1.0,-2.0,-2.0,2.0,1.0,-5.0,-6.0,-5.0,-5.0,2.0,1.0,1.0,1.0,-6.0,-6.0,-6.0,-6.0,-1.0,1.0,-2.0,-2.0,1.0,2.0,-13.0,-13.0,-1.0,-1.0,-2.0,2.0,1.0,-5.0,-5.0,-5.0,-5.0,-5.0,-5.0,1.0,1.0,-5.0,-5.0,-5.0,-5.0,-5.0,0.0,-3.0,-12.0,-12.0,1.0,5.0,-7.0,-7.0,-7.0,-7.0,1.0,7.0,1.0,1.0,1.0,2.0,11.0,1.0,4.0,1.0,3.0,6.0,1.0,2.0,3.0,15.0,3.0,2.0,3.0,4.0,1.0,6.0,6.0,4.0,2.0,1.0,1.0,1.0,1.0,1.0,1.0,3.0,7.0,1.0,3.0,1.0,1.0,1.0,3.0,2.0,1.0,2.0,2.0,1.0,1.0,3.0,3.0,3.0,1.0,1.0,2.0,3.0,3.0,3.0,1.0,1.0,1.0,3.0,4.0,4.0,2.0,3.0,1.0,1.0,1.0,1.0,1.0,1.0,2.0,3.0,4.0,4.0,2.0,6.0,3.0,1.0,1.0,1.0,1.0,1.0,1.0,2.0,3.0,1.0,13.0,3.0,1.0,1.0,6.0,1.0,1.0,1.0,4.0,1.0,1.0,2.0,2.0,4.0,3.0,3.0,1.0,1.0,1.0,1.0,2.0,2.0,3.0,3.0,1.0,1.0,2.0,2.0,1.0,2.0,6.0,6.0,2.0,3.0,2.0,2.0,1.0,1.0,2.0,2.0,6.0,6.0,2.0,3.0,2.0,2.0,1.0,1.0,21.0,3.0,4.0,1.0,2.0,2.0,8.0,1.0,7.0,2.0,1.0,2.0,3.0,4.0,4.0,1.0,16.0,1.0,6.0,3.0,1.0,1.0,2.0,10.0,1.0,10.0,3.0,3.0,2.0,1.0,4.0,3.0,1.0,2.0,1.0,1.0,4.0,1.0,3.0,1.0,2.0,2.0,1.0,1.0,1.0,1.0,3.0,1.0,1.0,2.0,1.0,1.0,1.0,1.0,1.0,1.29786125122586,1.0,1.0,1.0,1.0,1.0,4.0,3.0,1.0,1.0,1.0,1.0,1.0,1.0,2.0,2.0,1.0,4.0,1.0,4.0,1.0,1.0,2.0,1.0,1.0,3.0,2.0,2.0,2.0,2.0,1.0,1.0,6.0,24.0,4.0,1.0,3.0,2.0,1.0,1.0,16.0,35.0,3.0,1.0,1.0,1.0,1.0,1.0,1.0,3.0,5.0,1.0,1.0,2.0,7.0,5.0,5.0,2.0,3.0,1.0,1.0,1.0,8.0,1.0,5.0,3.0,2.0,9.0,6.0,1.0,4.0,13.0,1.0,7.0,7.0,1.0,1.0,1.0,1.0,1.0,4.0,6.0,3.0,2.0,1.0,8.0,6.0,1.0,1.0,1.0,2.0,3.0,1.0,2.0,8.0,1.0,2.0,9.0,2.0,1.0,1.0,1.0,1.0,1.0,4.0,1.0,1.0,4.0,5.0,1.0,1.0,2.0,3.0,2.0,1.0,2.0,5.0,6.0,4.0,6.0,8.0,11.0,7.0,6.0,1.0,1.0,1.0,4.0,1.0,3.0,4.0,5.0,12.0,5.0,2.0,2.0,1.0,4.0,2.0,1.0,1.0,1.0,3.0,4.0,3.0,2.0,17.29671484676516,3.0,5.0,1.0,7.0,5.0,2.0,2.0,3.0,1.0,1.0,1.0,1.0,2.0,1.0,2.0,1.0,1.0,12.0,10.0,8.0,6.0,5.0,1.0,1.0,1.0,3.0,1.0,1.0,1.0,3.0,4.0,1.0,2.0,1.0,1.0,1.0,2.0,1.0,1.0,8.0,1.0,1.0,2.0,2.0,5.0,2.0,2.0,1.0,1.0,3.0,2.0,3.0,1.0,6.0,6.0,1.0,1.0,6.0,1.0,6.0,9.0,3.0,13.0,10.0,1.0,1.0,11.0,1.0,1.0,3.0,8.0,9.0,2.0,1.0,2.0,3.0,3.0,3.0,1.0,1.0,1.0,5.0,5.0,2.0,1.0,2.0,2.0,1.0,1.0,5.0,1.0,1.0,1.0,1.0,3.0,2.0,1.0,2.0,1.0,3.0,4.0,1.0,2.0,1.0,2.0,1.0,2.0,2.0,1.0,1.0,2.0,2.0,1.0,1.0,1.0,1.0,1.0,1.0,2.0,1.0,8.0,2.0,1.0,5.0,6.0,2.0,1.0,1.0,1.0,6.0,2.0,3.0,4.0,3.0,1.0,1.0,2.0,2.0,1.0,1.0,11.0,1.0,1.0,2.0,4.0,5.0,3.0,1.0,4.0,1.0,14.0,4.0,7.0,1.0,1.0,2.0,1.0,1.0,2.92572291035908,1.0,1.0,1.0,3.0,1.0,9.0,2.0,2.0,1.0,1.0,7.0,1.0,8.0,1.0,1.0,1.0,1.0,2.0,1.0,1.0,1.0,1.0,2.0,1.0,1.0,1.0,1.0,1.0,1.0,4.0,4.0,3.0,2.0,1.0,1.0,1.0,1.0,3.0,1.0,1.0,1.0,1.0,1.0,1.0,1.0,1.0,2.0,1.0,3.0,0.24337417607789,1.0,1.0,3.0,5.0,9.0,7.0,2.0,2.0,1.0,1.0,1.0,2.0,3.0,1.0,1.0,2.0,3.0,1.0,1.0,2.0,2.0,1.0,1.0,1.0,1.0,2.0,1.0,1.0,-1.0,-1.0,-2.0,-4.0,-12.0,-7.0,-6.0,-6.0,-9.0,-11.0,-2.0,-8.0,-10.0,-6.0,-11.0,-6.50984180533249,-1.0,-4.0,-1.0,-10.0,-11.0,-3.0,-8.0,-12.0,-10.0,-1.0,-1.0,-1.0,-1.0,-7.0,-7.0,-13.0,-7.0,2.0,1.0,1.0,1.0,2.0,1.0,1.0,5.0,1.0,2.0,1.0,1.0,3.0,1.0,3.0,1.0,1.0,1.0,1.0,1.0,1.0,1.0,1.0,4.0,1.0,1.0,2.0,1.0,1.0,3.0,1.0,1.0,2.0,1.0,1.0,2.0,3.0,1.0,2.0,1.0,1.0,1.0,1.0,1.0,1.0,2.0,1.0,2.0,1.0,2.0,5.0,6.0,1.0,2.0,1.0,1.0,3.0,1.0,1.0,2.0,3.0,3.0,1.0,1.0,2.0,5.0,5.0,1.0,1.0,4.0,3.0,2.0,1.0,1.0,-1.0,1.0,2.0,-3.0,1.0,1.0,-4.0,-4.0,-3.0,2.0,-1.0,-1.0,-1.0,-2.0,2.0,10.0,1.0,1.0,1.0,2.0,3.0,4.0,1.0,2.0,1.0,17.0,1.0,1.0,1.0,1.0,2.0,1.0,1.0,1.0,4.0,4.0,1.0,3.0,1.0,1.0,2.0,1.0,1.0,1.0,2.0,2.0,1.0,1.0,1.0,1.0,2.0,3.0,18.94840458248437,1.0,1.0,3.0,1.0,1.0,1.0,2.0,3.0,1.0,1.0,2.0,4.0,2.0,1.0,1.0,1.0,1.0,2.0,3.0,1.0,4.0,1.0,1.0,1.0,4.0,4.0,1.0,1.0,2.0,2.0,2.0,2.0,1.0,2.0,1.0,2.0,3.0,1.0,6.0,11.0,8.0,5.0,4.0,5.0,3.0,2.0,1.0,1.0,1.0,1.0,1.0,2.0,2.0,3.0,2.0,3.0,1.0,1.0,1.0,1.0,1.0,1.0,3.0,2.0,5.0,1.0,2.0,2.0,1.0,5.0,1.0,5.0,1.0,2.0,5.0,3.0,2.0,1.0,15.11250881122309,1.0,2.0,3.0,1.0,1.0,1.0,3.0,3.0,2.0,4.0,1.0,1.0,1.0,1.0,1.0,1.0,1.0,1.0,1.0,1.0,1.0,3.0,5.0,1.0,1.0,1.0,2.0,2.0,1.0,1.0,5.0,1.0,1.0,5.0,1.0,1.0,-7.0,-7.0,1.0,-1.0,-4.0,-2.0,-1.0,-2.0,-1.0,1.0,-1.0,-3.0,-5.0,0.0,-3.0,-1.0,-2.0,-4.0,1.0,-1.0,1.0,-1.0,-1.0,1.0,-1.0,-1.0,2.0,-2.0,-3.0,2.0,-2.0,-1.0,1.0,-1.0,-1.0,-2.0,1.0,-2.0,-1.0,2.0,-1.0,-1.0,-1.0,-1.0,-2.0,2.0,-2.0,-2.0,0.0,-1.0,-1.0,-1.0,-1.0,-1.0,1.0,1.0,1.0,7.0,1.0,1.0,1.0,1.0,1.0,2.0,1.0,1.0,12.0,1.0,1.0,1.0,1.0,1.0,1.0,2.0,1.0,1.0,1.0,1.0,2.0,4.0,3.0,1.0,1.0,3.0,1.0,1.0,1.0,1.0,2.0,1.0,1.0,1.0,1.0,1.0,2.0,1.0,1.0,3.0,7.0,2.0,1.0,1.0,1.0,1.0,1.0,1.0,1.0,1.0,1.0,1.0,1.0,1.0,6.0,1.0,1.0,1.0,1.0,1.0,1.0,1.0,1.0,1.0,1.0,1.0,1.0,1.0,1.0,1.0,1.0,4.0,1.0,1.0,1.0,1.0,1.0,1.0,1.0,1.0,1.0,1.0,1.0,1.0,1.0,1.0,1.0,1.0,1.0,1.0,1.0,-1.0,-1.0,1.0,1.0,2.0,-2.0,-2.0,-2.0,-2.0,-2.0,1.0,1.0,-3.56110793196185,-3.0,-3.0,-3.0,1.0,-5.0,-5.0,-5.0,1.0,1.0,1.0,1.0,2.0,1.0,1.0,-1.0,-1.0,-1.0,-1.0,-1.0,-1.0,4.0,4.0,1.0,1.0,3.0,1.0,1.0,1.0,1.0,1.0,3.0,3.0,2.0,1.0,1.0,1.0,1.0,1.0,2.0,1.0,1.0,2.0,2.0,1.0,1.0,1.0,1.0,1.0,3.0,3.0,3.0,1.0,1.0,2.0,1.0,1.0,2.0,2.0,2.0,1.0,1.0,1.0,2.0,1.0,1.0,1.0,1.0,3.0,1.0,1.0,1.0,1.0,4.0,2.0,5.0,1.0,2.0,1.0,1.0,1.0,1.0,3.0,1.0,2.0,3.0,2.0,1.0,1.0,1.0,2.0,2.0,2.0,2.0,1.0,6.0,3.0,6.0,1.0,1.0,1.0,3.0,1.0,4.0,5.0,1.0,1.0,1.0,1.0,1.0,17.0,1.0,2.0,12.0,1.0,2.0,3.0,8.0,13.0,5.0,2.0,1.0,2.0,6.0,4.0,4.0,2.0,1.0,3.0,2.0,1.0,1.0,1.0,3.0,1.0,1.0,1.0,3.0,1.0,1.0,1.0,3.0,1.0,1.0,1.0,2.0,3.0,7.0,4.0,3.0,-0.31044766992144,2.0,2.0,2.0,1.0,1.0,1.0,1.0,1.0,1.0,1.0,1.0,1.0,1.0,1.0,1.0,1.0,1.0,1.0,1.0,1.0,1.0,1.0,1.0,1.0,1.0,1.0,1.0,1.0,3.0,1.0,1.0,2.0,2.0,2.0,2.0,3.0,1.0,1.0,1.0,2.0,1.0,4.0,3.0,1.0,1.0,1.0,2.0,1.0,7.39298284432326,1.0,5.0,3.0,2.0,1.0,1.0,1.0,1.0,1.0,1.0,1.0,1.0,1.0,3.0,4.0,3.0,1.0,1.0,1.0,1.0,1.0,1.0,1.0,1.0,1.0,1.0,1.0,1.0,2.0,1.0,1.0,1.0,1.0,1.0,1.0,1.0,1.0,1.0,1.0,1.0,2.0,1.0,1.0,1.0,1.0,1.0,1.0,1.0,1.0,1.0,1.0,1.0,1.0,1.0,3.0,8.0,2.0,1.0,2.0,1.0,1.0,4.0,1.0,1.0,1.0,1.0,1.0,1.0,1.0,7.0,5.0,2.0,3.0,1.0,1.0,2.0,1.0,1.0,1.0,1.0,1.0,1.0,2.0,3.0,1.0,2.0,2.0,2.0,-16.38832593496558,3.0,1.0,1.0,1.0,1.0,3.0,2.0,3.0,3.0,1.0,1.0,2.0,2.0,2.0,3.0,2.0,1.0,3.0,1.0,2.0,2.0,2.0,2.0,2.0,2.0,1.0,1.0,1.0,1.0,1.0,1.0,1.0,1.0,1.0,2.0,1.0,1.0,1.0,3.0,1.0,1.0,1.0,1.0,1.0,1.0,1.0,2.0,1.0,6.0,1.0,5.0,1.0,4.0,1.0,8.0,1.0,3.0,3.0,4.0,1.0,2.0,2.0,1.0,1.0,3.0,2.0,3.0,1.0,2.0,1.0,1.0,2.0,1.0,1.0,4.0,6.0,1.0,1.0,1.0,2.0,2.0,1.0,1.0,3.0,5.0,5.38785976813884,1.0,1.0,5.0,1.0,1.0,2.0,1.0,1.0,1.0,4.0,2.0,1.0,4.0,2.0,6.0,1.0,1.0,1.0,1.0,6.0,5.96397995782018,1.0,1.0,3.0,3.0,-1.3686525685699,9.0,2.0,3.0,3.0,3.0,3.0,1.0,1.0,5.0,5.0,5.0,5.0,1.0,7.0,10.0,2.0,1.0,4.0,5.0,5.0,5.0,5.0,2.0,1.0,3.0,5.0,4.0,2.0,2.0,1.0,1.0,2.0,3.0,1.0,1.0,3.0,11.0,5.0,5.0,5.0,5.0,5.0,5.0,5.0,5.0,13.0,3.0,2.0,2.0,3.0,11.0,5.0,5.0,5.0,5.0,1.0,1.0,2.0,18.0,11.0,2.0,1.0,3.0,3.0,5.0,5.0,5.0,5.0,5.0,5.0,2.0,1.0,3.0,1.0,1.0,21.0,1.0,2.0,3.0,6.0,6.0,6.0,6.0,2.0,5.0,3.0,2.0,5.0,13.0,2.0,5.0,5.0,5.0,5.0,6.0,2.0,24.0,2.0,1.0,2.0,5.0,5.0,5.0,5.0,1.0,2.0,4.0,3.0,12.0,1.0,9.0,4.0,4.0,4.0,4.0,4.0,4.0,4.0,1.0,10.0,4.0,1.0,21.0,1.0,2.0,1.0,1.0,1.0,4.0,3.0,5.0,6.0,6.0,6.0,6.0,6.0,1.0,1.0,3.0,15.0,1.0,1.0,1.0,1.0,7.0,4.0,1.0,10.0,5.0,5.0,5.0,5.0,1.0,1.0,4.0,2.0,-19.72431348956135,1.0,2.0,2.0,9.0,2.0,1.0,1.0,3.0,1.0,4.0,3.0,1.0,1.0,1.0,1.0,1.0,2.0,1.0,1.0,9.0,1.0,1.0,1.0,2.0,5.0,5.0,5.0,5.0,2.0,1.0,7.0,1.0,2.0,5.0,5.0,5.0,5.0,5.0,5.0,5.0,3.0,1.0,1.0,20.0,1.0,1.0,1.0,4.0,1.0,1.0,2.0,1.0,9.0,3.0,4.0,4.0,4.0,4.0,4.0,4.0,4.0,4.0,1.0,1.0,37.0,1.0,1.0,1.0,6.0,6.0,6.0,6.0,6.0,6.0,1.0,1.0,1.0,1.0,6.0,16.0,1.0,5.0,5.0,5.0,5.0,1.0,27.0,1.0,1.0,1.0,7.0,6.0,6.0,6.0,6.0,1.0,2.0,1.0,30.0,1.0,1.0,1.0,1.0,8.0,6.0,6.0,6.0,6.0,13.32796194626393,2.0,2.0,2.0,2.0,5.0,5.0,7.0,3.0,30.0,3.0,10.0,6.0,1.0,10.0,5.0,5.0,5.0,5.0,5.0,5.0,5.0,4.0,1.0,6.0,8.0,1.0,2.0,3.0,4.0,4.0,5.0,6.0,6.0,6.0,6.0,-5.0,-5.0,-5.0,-5.0,-5.0,-5.0,-5.0,-5.0,-5.0,-5.0,1.0
1.0,1.0,1.0,2.0,1.0,2.0,4.0,7.0,1.0,2.0,1.0,5.0,1.0,1.0,1.0,1.0,3.0,1.0,2.0,1.0,1.0,1.0,1.0,1.0,1.0,1.0,5.0,2.0,1.0,3.0,1.0,1.0,5.0,1.0,1.0,2.0,1.0,1.0,1.0,2.0,3.0,1.0,1.0,1.0,1.0,1.0,1.0,1.0,1.0,1.0,1.0,1.0,5.0,3.0,2.0,1.0,1.0,2.0,1.0,1.0,1.0,1.0,1.0,1.0,1.0,1.0,2.0,1.0,5.0,1.0,2.0,1.0,1.0,2.0,1.0,1.0,1.0,1.0,2.0,1.0,7.0,4.0,1.0,2.0,1.0,2.0,12.0,5.0,1.0,15.0,1.0,2.0,2.0,2.0,1.0,1.0,8.0,1.0,4.0,1.0,1.0,16.0,3.0,3.0,1.0,2.0,1.0,1.0,6.0,7.0,1.0,2.0,3.0,2.0,2.0,3.0,2.0,1.0,5.0,1.0,3.0,2.0,2.0,1.0,1.0,1.0,10.0,10.0,1.0,3.0,2.0,1.0,2.0,5.0,2.0,1.0,3.0,1.0,1.0,1.0,1.0,1.0,1.0,1.0,7.0,1.0,1.0,13.0,1.0,1.0,1.0,10.0,2.0,1.0,3.0,1.0,1.0,2.0,3.0,1.0,1.0,1.0,1.0,1.0,1.0,1.0,2.0,1.0,14.0,1.0,1.0,1.0,2.0,2.0,1.0,3.0,2.0,1.0,1.0,1.0,2.0,5.0,1.0,1.0,1.0,4.0,1.0,4.0,2.0,14.0,1.0,2.0,2.0,4.0,1.0,1.0,3.0,1.0,1.0,2.0,1.0,1.0,4.0,3.0,17.0,1.0,1.0,1.0,1.0,3.0,1.0,3.0,5.0,1.0,2.0,2.0,2.0,1.0,1.0,1.0,4.0,1.0,2.0,1.0,1.0,1.0,1.0,1.0,1.0,5.0,2.0,2.0,3.0,1.0,1.0,1.0,1.0,2.0,1.0,1.0,1.0,1.0,1.0,5.0,2.0,3.0,2.0,2.0,3.0,1.0,2.0,4.0,1.0,2.0,2.0,2.0,1.0,1.0,1.0,1.0,1.0,3.0,2.0,1.0,1.0,13.0,3.0,1.0,1.0,1.0,7.0,4.0,1.0,1.0,1.0,8.0,1.0,1.0,6.0,2.0,1.0,3.0,2.0,8.0,2.0,1.0,1.0,1.0,5.0,1.0,8.0,1.0,4.0,9.0,7.0,1.0,1.0,8.0,1.0,2.0,1.0,1.0,4.0,1.0,1.0,1.0,7.0,4.0,5.0,3.0,1.0,1.0,1.0,2.0,1.0,1.0,1.0,1.0,1.0,1.0,6.0,3.0,2.0,2.0,1.0,1.0,1.0,1.0,1.0,1.0,5.0,1.0,1.0,3.0,1.0,1.0,3.0,3.0,1.0,1.0,1.0,2.0,2.0,1.0,1.0,1.0,3.0,4.0,4.0,1.0,1.0,1.0,2.0,1.0,2.0,2.0,2.0,8.0,9.0,3.0,1.0,2.0,1.0,1.0,3.0,2.0,2.0,1.0,5.0,1.0,3.0,3.0,3.0,4.0,1.0,1.0,2.0,2.0,3.0,3.0,1.0,3.0,2.0,1.0,1.0,1.0,1.0,1.0,1.0,1.0,1.0,1.0,1.0,1.0,2.0,10.0,2.0,3.0,3.0,3.0,2.0,1.0,1.0,1.0,1.0,2.0,1.0,15.0,3.0,3.0,3.0,3.0,1.0,1.0,11.0,2.0,2.0,2.0,3.0,1.0,1.0,1.0,1.0,9.0,2.0,2.0,3.0,3.0,1.0,1.0,1.0,2.0,1.0,13.0,2.0,2.0,3.0,3.0,6.0,5.0,2.0,2.0,2.0,2.0,3.0,3.0,4.0,3.0,2.0,2.0,3.0,3.0,4.0,2.0,7.0,3.0,3.0,2.0,2.0,1.0,3.0,7.0,2.0,13.0,6.0,4.0,1.0,1.0,1.0,2.0,1.0,3.0,2.0,10.0,2.0,14.0,1.0,1.0,1.0,9.0,3.0,2.0,1.0,1.0,10.0,2.0,1.0,1.0,1.0,2.0,3.0,7.0,5.0,1.0,1.0,1.0,2.0,6.0,2.0,2.0,4.0,2.0,1.0,1.0,1.0,3.0,2.0,10.0,3.0,1.0,1.0,1.0,5.0,3.0,5.0,1.0,3.0,1.0,1.0,2.0,2.0,3.0,2.0,1.0,2.0,1.0,1.0,1.0,2.0,1.0,1.0,1.0,1.0,5.0,1.0,2.0,1.0,1.0,1.0,1.0,1.0,4.0,1.0,1.0,14.0,1.0,4.0,1.0,13.0,11.0,2.0,2.0,1.0,5.0,1.0,11.0,1.0,1.0,1.0,1.0,1.0,4.0,1.0,1.0,1.0,1.0,3.0,1.0,3.0,1.0,5.0,9.0,1.0,1.0,1.0,1.0,4.0,1.0,6.0,13.0,1.0,3.0,3.0,4.0,1.0,3.0,1.0,4.0,1.0,14.0,9.0,12.0,7.0,1.0,1.0,1.0,2.0,4.0,4.0,6.0,10.0,8.0,21.0,4.0,4.0,3.0,2.0,4.0,1.0,2.0,12.0,11.0,1.0,3.0,4.0,1.0,1.0,1.0,1.0,3.0,6.0,7.0,2.0,5.0,3.0,3.0,8.0,10.0,2.0,19.0,8.0,5.0,1.0,3.0,2.0,6.0,-2.04564786099211,2.0,1.0,2.0,3.0,8.0,9.0,6.0,6.0,1.0,1.0,2.0,2.0,2.0,8.0,4.0,5.0,8.0,7.0,13.0,3.0,9.0,2.0,1.0,3.0,5.0,1.0,3.0,1.0,1.0,5.47566330468136,8.0,1.0,2.0,1.0,1.0,6.0,1.0,1.0,1.0,5.0,15.0,1.0,2.0,7.0,5.0,4.0,5.0,4.0,16.0,6.0,4.0,2.0,1.0,1.0,1.0,1.0,1.0,1.0,2.0,1.0,7.0,7.0,4.0,1.0,2.0,1.0,2.0,1.0,1.0,1.0,1.0,2.0,2.0,1.0,1.0,1.0,1.0,1.0,1.0,1.0,1.0,1.0,1.0,1.0,2.0,2.0,4.0,1.0,1.0,1.0,2.0,7.0,1.0,1.0,1.0,1.0,1.0,1.0,1.0,2.0,3.0,6.0,7.0,4.0,1.0,3.0,1.0,1.0,1.0,1.0,1.0,1.0,1.0,1.0,1.0,2.0,1.0,1.0,2.0,1.0,1.0,1.0,2.0,1.0,1.0,1.0,1.0,1.0,2.0,2.0,3.0,6.0,1.0,1.0,2.0,1.0,1.0,2.0,1.0,1.0,13.0,19.0,2.0,1.0,1.0,4.0,1.0,1.0,1.0,1.0,1.0,1.0,1.0,1.0,1.0,1.0,1.0,2.0,1.0,1.0,1.0,16.0,15.0,1.0,2.0,2.0,2.0,1.0,1.0,1.0,2.0,1.0,1.0,1.0,1.0,1.0,2.0,1.0,1.0,3.0,1.0,1.0,1.0,2.0,1.0,1.0,12.0,7.0,1.0,5.0,1.0,3.0,1.0,1.0,1.0,2.0,3.0,1.0,1.0,6.0,7.0,3.0,5.0,3.0,1.0,1.0,3.0,2.0,1.0,7.0,16.0,1.0,1.0,5.0,3.0,1.0,1.0,3.0,2.0,1.0,3.96952489648403,1.0,2.0,3.0,3.0,1.0,1.0,2.0,1.0,1.0,1.0,2.0,30.0,1.0,4.0,7.0,1.0,1.0,1.0,1.0,1.0,2.0,1.0,2.0,1.0,1.0,1.0,1.0,1.0,1.0,5.0,24.0,4.0,2.0,1.0,1.0,1.0,1.0,1.0,1.0,2.0,2.0,3.0,1.0,2.0,1.0,1.0,1.0,1.0,1.0,1.0,1.0,2.0,1.0,1.0,1.0,1.0,1.0,1.0,1.0,1.0,3.0,1.0,1.0,1.0,3.0,5.0,2.0,3.0,1.0,1.0,2.0,1.0,2.0,1.0,3.0,1.0,2.0,1.0,1.0,2.0,2.0,2.0,1.0,1.0,5.0,2.0,2.0,4.0,1.0,3.0,1.0,4.0,1.0,1.0,2.0,1.0,1.0,4.0,1.0,2.0,1.0,1.0,2.0,4.0,1.0,2.0,2.0,5.0,1.0,1.0,2.0,1.0,1.0,3.0,1.0,1.0,3.0,3.0,5.0,3.0,4.0,1.0,1.0,1.0,2.0,1.0,2.0,1.0,2.0,1.0,1.0,3.0,1.0,1.0,1.0,1.0,2.0,1.0,1.0,1.0,2.0,1.0,1.0,1.0,1.0,1.0,1.0,1.0,1.0,4.0,1.0,1.0,1.0,2.0,1.0,6.0,1.0,1.0,1.0,2.0,2.0,1.0,1.0,1.0,-1.2523449689335,2.0,1.0,1.0,2.0,1.0,-1.0,-1.0,-1.0,-1.0,-2.0,1.0,9.0,-1.0,1.0,-1.0,-1.0,-5.0,-4.0,-3.0,-4.0,-5.0,-5.0,1.0,1.0,1.0,6.0,6.0,2.0,1.0,3.0,2.0,1.0,4.0,5.0,1.0,3.0,1.0,1.0,2.0,1.0,5.0,1.0,1.0,10.0,4.0,1.0,1.0,1.0,3.0,7.0,1.0,2.0,8.0,1.0,2.0,1.0,1.0,1.0,2.0,1.0,2.0,9.0,1.0,9.0,1.0,1.0,1.0,3.0,1.0,1.0,4.0,4.0,1.0,2.0,1.0,2.0,1.0,1.0,1.0,2.0,1.0,1.0,2.0,4.0,1.0,1.0,10.0,1.0,1.0,1.0,3.0,1.0,4.0,4.0,9.0,1.0,1.0,5.0,1.0,1.0,4.957128867032768,4.0,2.0,5.0,1.0,7.0,1.0,5.0,1.0,1.0,1.0,18.20845275419301,1.0,5.0,4.0,6.0,1.0,-3.0,-1.0,-1.0,-13.71931735451625,-2.0,-2.0,-1.0,-1.0,-1.0,-1.0,-3.0,-1.0,-2.0,-4.0,-1.0,-2.0,-1.0,-1.0,-1.0,5.0,4.0,2.0,7.0,2.0,1.0,2.0,1.0,2.0,1.0,3.0,4.0,4.0,1.0,1.0,2.0,4.0,2.0,6.0,1.0,5.0,11.27775448851298,8.0,7.0,1.0,4.0,3.0,1.0,1.0,1.0,2.0,1.0,4.0,1.0,1.0,1.0,1.0,2.0,1.0,1.0,3.0,2.0,4.0,7.0,7.0,4.0,1.0,1.0,4.0,1.0,1.0,2.0,1.0,1.0,5.0,1.0,2.0,7.0,4.0,2.0,2.0,1.0,1.0,1.0,2.0,2.0,2.0,1.0,1.0,2.0,6.0,1.0,4.0,2.0,3.0,-9.81276160699843,1.0,8.0,8.0,1.0,1.0,2.0,2.0,1.0,1.0,2.0,2.0,11.0,5.0,2.0,1.0,2.0,2.0,2.0,2.0,2.0,2.0,2.0,2.0,2.0,1.0,1.0,25.0,6.0,5.0,5.0,5.0,5.0,5.0,5.0,3.0,2.0,1.0,1.0,2.0,1.0,1.0,12.0,15.0,4.0,4.0,5.0,4.0,4.0,5.0,2.0,1.0,5.0,1.0,1.0,2.0,1.0,16.0,5.0,4.0,5.0,4.0,10.0,2.0,4.0,3.0,3.0,6.0,4.0,4.0,4.0,4.0,4.0,4.0,4.0,4.0,4.0,2.0,4.0,4.0,4.0,4.0,4.0,4.0,1.0,1.0,4.0,4.0,4.0,4.0,4.0,4.0,1.0,1.0,1.0,1.0,1.0,1.0,4.0,4.0,4.0,4.0,4.0,4.0,4.0,4.0,4.0,4.0,1.0,1.0,1.0,1.0,3.0,1.0,1.0,10.0,1.0,1.0,1.0,1.0,1.0,21.0,15.0,1.0,1.0,1.0,1.0,1.0,1.0,5.0,1.0,6.0,2.0,2.0,23.0,14.0,1.0,3.0,3.0,3.0,3.0,3.0,3.0,3.0,3.0,1.0,1.0,1.0,1.0,1.0,6.0,1.0,4.0,10.0,9.0,26.0,7.0,3.0,3.0,4.0,3.0,3.0,3.0,4.0,3.0,1.0,1.0,1.0,1.0,3.0,1.0,1.0,13.0,2.0,2.0,2.0,2.0,2.0,2.0,2.0,1.0,1.0,2.0,2.0,2.0,2.0,2.0,2.0,3.0,2.0,1.0,2.0,2.0,2.0,2.0,2.0,2.0,2.0,1.0,2.0,2.0,2.0,2.0,2.0,2.0,2.0,2.0,2.0,2.0,2.0,1.0,-2.0,1.0,4.0,1.0,-4.0,-4.0,-5.0,-4.0,-4.0,-4.0,-5.0,-4.0,-1.0,1.0,2.0,-1.0,1.0,-4.0,-5.0,-4.0,-4.0,-5.0,-4.0,2.0,1.0,-5.0,-6.0,-5.0,-5.0,-6.0,-5.0,1.0,1.0,1.0,-5.0,-5.0,-5.0,-5.0,-5.0,-5.0,-1.0,1.0,-1.0,-5.0,-5.0,-5.0,-5.0,-5.0,-5.0,-3.0,-4.0,-1.0,-1.0,-3.0,-1.0,0.0,1.0,-9.0,-5.0,1.0,-1.0,-2.0,-1.0,-1.0,-2.0,-1.0,-3.0,-2.0,-1.0,-1.0,-1.0,-1.0,-1.0,-3.0,-1.0,-1.0,-1.0,-1.0,-3.0,-2.0,19.45784305872714,-2.0,-1.0,-1.0,-1.0,-2.0,7.0,-4.0,-2.0,-3.0,-3.0,-1.0,-1.0,-1.0,1.0,1.0,0.0,-1.0,-5.0,-7.0,-1.0,-2.0,-1.0,9.0,2.0,13.0,-1.0,-1.0,-1.0,-5.0,-5.0,-2.0,-4.0,1.0,5.0,4.0,2.0,2.0,1.0,2.0,15.0,17.0,4.0,5.0,7.0,13.0,1.0,3.0,1.0,1.0,1.0,12.0,5.0,5.0,1.0,11.0,2.0,4.0,2.0,1.0,15.57346510062307,4.0,2.0,1.0,1.0,2.0,1.0,1.0,2.0,1.0,1.0,2.0,6.0,1.0,1.0,2.0,4.0,3.0,2.0,2.0,3.0,7.0,1.0,1.0,1.0,1.0,1.0,2.0,1.0,1.0,1.0,1.0,1.0,1.0,1.0,1.0,2.0,2.0,1.0,4.0,1.0,1.0,1.0,1.0,3.0,1.0,2.0,6.0,1.0,1.0,1.0,1.0,1.0,1.0,-2.5485758184053537,1.0,1.0,1.0,1.0,1.0,3.0,1.0,1.0,3.0,2.0,2.0,2.0,5.0,-20.80157324031526,2.0,2.0,4.0,3.0,1.0,2.0,2.0,2.0,2.0,-15.704502461243464,1.0,2.0,2.0,2.0,1.0,1.0,1.0,1.0,1.0,2.0,1.0,4.0,1.0,1.0,1.0,1.0,2.0,1.0,1.0,1.0,5.0,5.0,1.0,4.0,3.0,2.0,2.0,1.0,5.0,1.0,3.0,4.0,2.0,1.0,3.0,3.0,4.0,3.0,3.0,1.0,1.0,2.0,1.0,3.0,2.0,4.0,2.0,1.0,4.0,2.0,1.0,2.0,3.0,3.0,3.0,3.0,2.0,1.0,4.0,5.0,1.0,1.0,5.0,4.0,2.0,1.0,1.0,6.276158308138452,6.0,10.0,1.0,5.0,5.0,1.0,7.0,2.0,1.0,10.0,4.0,3.0,3.0,1.0,7.0,1.0,11.0,1.0,2.0,2.0,1.0,3.0,2.0,1.0,1.0,5.0,8.0,1.0,7.0,3.0,1.0,2.0,2.0,1.0,2.0,1.0,1.0,1.0,1.0,2.0,7.0,6.0,1.0,2.0,1.0,1.0,1.0,1.0,5.0,1.0,1.0,2.0,5.0,1.0,2.0,7.0,6.0,6.0,1.0,2.0,9.0,3.0,6.0,1.0,6.0,4.0,9.0,1.0,1.0,1.0,2.0,10.0,6.0,2.0,2.0,5.0,5.0,1.0,10.0,1.0,2.0,4.0,5.0,13.0,1.0,1.0,1.0,1.0,4.0,4.0,3.0,1.0,2.0,1.0,1.0,1.0,2.0,4.0,4.0,5.0,11.0,1.0,1.0,13.2640361646798,1.0,5.0,2.0,7.0,1.0,1.0,2.0,1.0,1.0,1.0,3.0,3.0,2.0,2.0,3.0,5.0,1.0,2.0,1.0,-2.0,1.0,1.0,7.0,-3.0,-3.0,-3.0,-3.0,1.0,0.0,4.0,-2.0,5.0,-6.0,-6.0,-6.0,-6.0,-2.0,-1.0,-1.0,-6.0,-6.0,-6.0,-6.0,-3.0,-2.0,-1.0,-1.0,-3.0,-3.0,-3.0,-3.0,-2.0,-1.0,-1.0,2.0,-1.0,-6.0,-6.0,-6.0,-7.103831779623127,-6.0,-6.0,-6.0,1.0,1.0,-3.0,-3.0,7.0,2.0,-5.0,-5.0,-5.0,-5.0,1.0,-2.0,-2.0,2.0,1.0,-5.0,-6.0,-5.0,-5.0,2.0,1.0,1.0,1.0,-6.0,-6.0,-6.0,-6.0,-1.0,1.0,-2.0,-2.0,1.0,2.0,-13.0,-13.0,-1.0,-1.0,-2.0,2.0,1.0,-5.0,-5.0,-5.0,-5.0,-5.0,-5.0,1.0,1.0,-5.0,-5.0,-5.0,-5.0,-5.0,0.0,-3.0,-12.0,-12.0,1.0,5.0,-7.0,-7.0,-7.0,-7.0,1.0,7.0,1.0,1.0,1.0,2.0,11.0,1.0,4.0,1.0,3.0,6.0,1.0,2.0,3.0,15.0,3.0,2.0,3.0,4.0,1.0,6.0,6.0,4.0,2.0,1.0,1.0,1.0,1.0,1.0,1.0,3.0,7.0,1.0,3.0,1.0,1.0,1.0,3.0,2.0,1.0,2.0,2.0,1.0,1.0,3.0,3.0,3.0,1.0,1.0,2.0,3.0,3.0,3.0,1.0,1.0,1.0,3.0,4.0,4.0,2.0,3.0,1.0,1.0,1.0,1.0,1.0,1.0,2.0,3.0,4.0,4.0,2.0,6.0,3.0,1.0,1.0,1.0,1.0,1.0,1.0,2.0,3.0,1.0,13.0,3.0,1.0,1.0,6.0,1.0,1.0,1.0,4.0,1.0,1.0,2.0,2.0,4.0,3.0,3.0,1.0,1.0,1.0,1.0,2.0,2.0,3.0,3.0,1.0,1.0,2.0,2.0,1.0,2.0,6.0,6.0,2.0,3.0,2.0,2.0,1.0,1.0,2.0,2.0,6.0,6.0,2.0,3.0,2.0,2.0,1.0,1.0,21.0,3.0,4.0,1.0,2.0,2.0,8.0,1.0,7.0,2.0,1.0,2.0,3.0,4.0,4.0,1.0,16.0,1.0,6.0,3.0,1.0,1.0,2.0,10.0,1.0,10.0,3.0,3.0,2.0,1.0,4.0,3.0,1.0,2.0,1.0,1.0,4.0,1.0,3.0,1.0,2.0,2.0,1.0,1.0,1.0,1.0,3.0,1.0,1.0,2.0,1.0,1.0,1.0,1.0,1.0,1.29786125122586,1.0,1.0,1.0,1.0,1.0,4.0,3.0,1.0,1.0,1.0,1.0,1.0,1.0,2.0,2.0,1.0,4.0,1.0,4.0,1.0,1.0,2.0,1.0,1.0,3.0,2.0,2.0,2.0,2.0,1.0,1.0,6.0,24.0,4.0,1.0,3.0,2.0,1.0,1.0,16.0,35.0,3.0,1.0,1.0,1.0,1.0,1.0,1.0,3.0,5.0,1.0,1.0,2.0,7.0,5.0,5.0,2.0,3.0,1.0,1.0,1.0,8.0,1.0,5.0,3.0,2.0,9.0,6.0,1.0,4.0,13.0,1.0,7.0,7.0,1.0,1.0,1.0,1.0,1.0,4.0,6.0,3.0,2.0,1.0,8.0,6.0,1.0,1.0,1.0,2.0,3.0,1.0,2.0,8.0,1.0,2.0,9.0,2.0,1.0,1.0,1.0,1.0,1.0,4.0,1.0,1.0,4.0,5.0,1.0,1.0,2.0,3.0,2.0,1.0,2.0,5.0,6.0,4.0,6.0,8.0,11.0,7.0,6.0,1.0,1.0,1.0,4.0,1.0,3.0,4.0,5.0,12.0,5.0,2.0,2.0,1.0,4.0,2.0,1.0,1.0,1.0,3.0,4.0,3.0,2.0,17.29671484676516,3.0,5.0,1.0,7.0,5.0,2.0,2.0,3.0,1.0,1.0,1.0,1.0,2.0,1.0,2.0,1.0,1.0,12.0,10.0,8.0,6.0,5.0,1.0,1.0,1.0,3.0,1.0,1.0,1.0,3.0,4.0,1.0,2.0,1.0,1.0,1.0,2.0,1.0,1.0,8.0,1.0,1.0,2.0,2.0,5.0,2.0,2.0,1.0,1.0,3.0,2.0,3.0,1.0,6.0,6.0,1.0,1.0,6.0,1.0,6.0,9.0,3.0,13.0,10.0,1.0,1.0,11.0,1.0,1.0,3.0,8.0,9.0,2.0,1.0,2.0,3.0,3.0,3.0,1.0,1.0,1.0,5.0,5.0,2.0,1.0,2.0,2.0,1.0,1.0,5.0,1.0,1.0,1.0,1.0,3.0,2.0,1.0,2.0,1.0,3.0,4.0,1.0,2.0,1.0,2.0,1.0,2.0,2.0,1.0,1.0,2.0,2.0,1.0,1.0,1.0,1.0,1.0,1.0,2.0,1.0,8.0,2.0,1.0,5.0,6.0,2.0,1.0,1.0,1.0,6.0,2.0,3.0,4.0,3.0,1.0,1.0,2.0,2.0,1.0,1.0,11.0,1.0,1.0,2.0,4.0,5.0,3.0,1.0,4.0,1.0,14.0,4.0,7.0,1.0,1.0,2.0,1.0,1.0,2.92572291035908,1.0,1.0,1.0,3.0,1.0,9.0,2.0,2.0,1.0,1.0,7.0,1.0,8.0,1.0,1.0,1.0,1.0,2.0,1.0,1.0,1.0,1.0,2.0,1.0,1.0,1.0,1.0,1.0,1.0,4.0,4.0,3.0,2.0,1.0,1.0,1.0,1.0,3.0,1.0,1.0,1.0,1.0,1.0,1.0,1.0,1.0,2.0,1.0,3.0,0.24337417607789,1.0,1.0,3.0,5.0,9.0,7.0,2.0,2.0,1.0,1.0,1.0,2.0,3.0,1.0,1.0,2.0,3.0,1.0,1.0,2.0,2.0,1.0,1.0,1.0,1.0,2.0,1.0,1.0,-1.0,-1.0,-2.0,-4.0,-12.0,-7.0,-6.0,-6.0,-9.0,-11.0,-2.0,-8.0,-10.0,-6.0,-11.0,-6.50984180533249,-1.0,-4.0,-1.0,-10.0,-11.0,-3.0,-8.0,-12.0,-10.0,-1.0,-1.0,-1.0,-1.0,-7.0,-7.0,-13.0,-7.0,2.0,1.0,1.0,1.0,2.0,1.0,1.0,5.0,1.0,2.0,1.0,1.0,3.0,1.0,3.0,1.0,1.0,1.0,1.0,1.0,1.0,1.0,1.0,4.0,1.0,1.0,2.0,1.0,1.0,3.0,1.0,1.0,2.0,1.0,1.0,2.0,3.0,1.0,2.0,1.0,1.0,1.0,1.0,1.0,1.0,2.0,1.0,2.0,1.0,2.0,5.0,6.0,1.0,2.0,1.0,1.0,3.0,1.0,1.0,2.0,3.0,3.0,1.0,1.0,2.0,5.0,5.0,1.0,1.0,4.0,3.0,2.0,1.0,1.0,-1.0,1.0,2.0,-3.0,1.0,1.0,-4.0,-4.0,-3.0,2.0,-1.0,-1.0,-1.0,-2.0,2.0,10.0,1.0,1.0,1.0,2.0,3.0,4.0,1.0,2.0,1.0,17.0,1.0,1.0,1.0,1.0,2.0,1.0,1.0,1.0,4.0,4.0,1.0,3.0,1.0,1.0,2.0,1.0,1.0,1.0,2.0,2.0,1.0,1.0,1.0,1.0,2.0,3.0,18.94840458248437,1.0,1.0,3.0,1.0,1.0,1.0,2.0,3.0,1.0,1.0,2.0,4.0,2.0,1.0,1.0,1.0,1.0,2.0,3.0,1.0,4.0,1.0,1.0,1.0,4.0,4.0,1.0,1.0,2.0,2.0,2.0,2.0,1.0,2.0,1.0,2.0,3.0,1.0,6.0,11.0,8.0,5.0,4.0,5.0,3.0,2.0,1.0,1.0,1.0,1.0,1.0,2.0,2.0,3.0,2.0,3.0,1.0,1.0,1.0,1.0,1.0,1.0,3.0,2.0,5.0,1.0,2.0,2.0,1.0,5.0,1.0,5.0,1.0,2.0,5.0,3.0,2.0,1.0,15.11250881122309,1.0,2.0,3.0,1.0,1.0,1.0,3.0,3.0,2.0,4.0,1.0,1.0,1.0,1.0,1.0,1.0,1.0,1.0,1.0,1.0,1.0,3.0,5.0,1.0,1.0,1.0,2.0,2.0,1.0,1.0,5.0,1.0,1.0,5.0,1.0,1.0,-7.0,-7.0,1.0,-1.0,-4.0,-2.0,-1.0,-2.0,-1.0,1.0,-1.0,-3.0,-5.0,0.0,-3.0,-1.0,-2.0,-4.0,1.0,-1.0,1.0,-1.0,-1.0,1.0,-1.0,-1.0,2.0,-2.0,-3.0,2.0,-2.0,-1.0,1.0,-1.0,-1.0,-2.0,1.0,-2.0,-1.0,2.0,-1.0,-1.0,-1.0,-1.0,-2.0,2.0,-2.0,-2.0,0.0,-1.0,-1.0,-1.0,-1.0,-1.0,1.0,1.0,1.0,7.0,1.0,1.0,1.0,1.0,1.0,2.0,1.0,1.0,12.0,1.0,1.0,1.0,1.0,1.0,1.0,2.0,1.0,1.0,1.0,1.0,2.0,4.0,3.0,1.0,1.0,3.0,1.0,1.0,1.0,1.0,2.0,1.0,1.0,1.0,1.0,1.0,2.0,1.0,1.0,3.0,7.0,2.0,1.0,1.0,1.0,1.0,1.0,1.0,1.0,1.0,1.0,1.0,1.0,1.0,6.0,1.0,1.0,1.0,1.0,1.0,1.0,1.0,1.0,1.0,1.0,1.0,1.0,1.0,1.0,1.0,1.0,4.0,1.0,1.0,1.0,1.0,1.0,1.0,1.0,1.0,1.0,1.0,1.0,1.0,1.0,1.0,1.0,1.0,1.0,1.0,1.0,-1.0,-1.0,1.0,1.0,2.0,-2.0,-2.0,-2.0,-2.0,-2.0,1.0,1.0,-3.56110793196185,-3.0,-3.0,-3.0,1.0,-5.0,-5.0,-5.0,1.0,1.0,1.0,1.0,2.0,1.0,1.0,-1.0,-1.0,-1.0,-1.0,-1.0,-1.0,4.0,4.0,1.0,1.0,3.0,1.0,1.0,1.0,1.0,1.0,3.0,3.0,2.0,1.0,1.0,1.0,1.0,1.0,2.0,1.0,1.0,2.0,2.0,1.0,1.0,1.0,1.0,1.0,3.0,3.0,3.0,1.0,1.0,2.0,1.0,1.0,2.0,2.0,2.0,1.0,1.0,1.0,2.0,1.0,1.0,1.0,1.0,3.0,1.0,1.0,1.0,1.0,4.0,2.0,5.0,1.0,2.0,1.0,1.0,1.0,1.0,3.0,1.0,2.0,3.0,2.0,1.0,1.0,1.0,2.0,2.0,2.0,2.0,1.0,6.0,3.0,6.0,1.0,1.0,1.0,3.0,1.0,4.0,5.0,1.0,1.0,1.0,1.0,1.0,17.0,1.0,2.0,12.0,1.0,2.0,3.0,8.0,13.0,5.0,2.0,1.0,2.0,6.0,4.0,4.0,2.0,1.0,3.0,2.0,1.0,1.0,1.0,3.0,1.0,1.0,1.0,3.0,1.0,1.0,1.0,3.0,1.0,1.0,1.0,2.0,3.0,7.0,4.0,3.0,-0.31044766992144,2.0,2.0,2.0,1.0,1.0,1.0,1.0,1.0,1.0,1.0,1.0,1.0,1.0,1.0,1.0,1.0,1.0,1.0,1.0,1.0,1.0,1.0,1.0,1.0,1.0,1.0,1.0,1.0,3.0,1.0,1.0,2.0,2.0,2.0,2.0,3.0,1.0,1.0,1.0,2.0,1.0,4.0,3.0,1.0,1.0,1.0,2.0,1.0,7.39298284432326,1.0,5.0,3.0,2.0,1.0,1.0,1.0,1.0,1.0,1.0,1.0,1.0,1.0,3.0,4.0,3.0,1.0,1.0,1.0,1.0,1.0,1.0,1.0,1.0,1.0,1.0,1.0,1.0,2.0,1.0,1.0,1.0,1.0,1.0,1.0,1.0,1.0,1.0,1.0,1.0,2.0,1.0,1.0,1.0,1.0,1.0,1.0,1.0,1.0,1.0,1.0,1.0,1.0,1.0,3.0,8.0,2.0,1.0,2.0,1.0,1.0,4.0,1.0,1.0,1.0,1.0,1.0,1.0,1.0,7.0,5.0,2.0,3.0,1.0,1.0,2.0,1.0,1.0,1.0,1.0,1.0,1.0,2.0,3.0,1.0,2.0,2.0,2.0,-16.38832593496558,3.0,1.0,1.0,1.0,1.0,3.0,2.0,3.0,3.0,1.0,1.0,2.0,2.0,2.0,3.0,2.0,1.0,3.0,1.0,2.0,2.0,2.0,2.0,2.0,2.0,1.0,1.0,1.0,1.0,1.0,1.0,1.0,1.0,1.0,2.0,1.0,1.0,1.0,3.0,1.0,1.0,1.0,1.0,1.0,1.0,1.0,2.0,1.0,6.0,1.0,5.0,1.0,4.0,1.0,8.0,1.0,3.0,3.0,4.0,1.0,2.0,2.0,1.0,1.0,3.0,2.0,3.0,1.0,2.0,1.0,1.0,2.0,1.0,1.0,4.0,6.0,1.0,1.0,1.0,2.0,2.0,1.0,1.0,3.0,5.0,5.38785976813884,1.0,1.0,5.0,1.0,1.0,2.0,1.0,1.0,1.0,4.0,2.0,1.0,4.0,2.0,6.0,1.0,1.0,1.0,1.0,6.0,5.96397995782018,1.0,1.0,3.0,3.0,-1.3686525685699,9.0,2.0,3.0,3.0,3.0,3.0,1.0,1.0,5.0,5.0,5.0,5.0,1.0,7.0,10.0,2.0,1.0,4.0,5.0,5.0,5.0,5.0,2.0,1.0,3.0,5.0,4.0,2.0,2.0,1.0,1.0,2.0,3.0,1.0,1.0,3.0,11.0,5.0,5.0,5.0,5.0,5.0,5.0,5.0,5.0,13.0,3.0,2.0,2.0,3.0,11.0,5.0,5.0,5.0,5.0,1.0,1.0,2.0,18.0,11.0,2.0,1.0,3.0,3.0,5.0,5.0,5.0,5.0,5.0,5.0,2.0,1.0,3.0,1.0,1.0,21.0,1.0,2.0,3.0,6.0,6.0,6.0,6.0,2.0,5.0,3.0,2.0,5.0,13.0,2.0,5.0,5.0,5.0,5.0,6.0,2.0,24.0,2.0,1.0,2.0,5.0,5.0,5.0,5.0,1.0,2.0,4.0,3.0,12.0,1.0,9.0,4.0,4.0,4.0,4.0,4.0,4.0,4.0,1.0,10.0,4.0,1.0,21.0,1.0,2.0,1.0,1.0,1.0,4.0,3.0,5.0,6.0,6.0,6.0,6.0,6.0,1.0,1.0,3.0,15.0,1.0,1.0,1.0,1.0,7.0,4.0,1.0,10.0,5.0,5.0,5.0,5.0,1.0,1.0,4.0,2.0,-19.72431348956135,1.0,2.0,2.0,9.0,2.0,1.0,1.0,3.0,1.0,4.0,3.0,1.0,1.0,1.0,1.0,1.0,2.0,1.0,1.0,9.0,1.0,1.0,1.0,2.0,5.0,5.0,5.0,5.0,2.0,1.0,7.0,1.0,2.0,5.0,5.0,5.0,5.0,5.0,5.0,5.0,3.0,1.0,1.0,20.0,1.0,1.0,1.0,4.0,1.0,1.0,2.0,1.0,9.0,3.0,4.0,4.0,4.0,4.0,4.0,4.0,4.0,4.0,1.0,1.0,37.0,1.0,1.0,1.0,6.0,6.0,6.0,6.0,6.0,6.0,1.0,1.0,1.0,1.0,6.0,16.0,1.0,5.0,5.0,5.0,5.0,1.0,27.0,1.0,1.0,1.0,7.0,6.0,6.0,6.0,6.0,1.0,2.0,1.0,30.0,1.0,1.0,1.0,1.0,8.0,6.0,6.0,6.0,6.0,13.32796194626393,2.0,2.0,2.0,2.0,5.0,5.0,7.0,3.0,30.0,3.0,10.0,6.0,1.0,10.0,5.0,5.0,5.0,5.0,5.0,5.0,5.0,4.0,1.0,6.0,8.0,1.0,2.0,3.0,4.0,4.0,5.0,6.0,6.0,6.0,6.0,-5.0,-5.0,-5.0,-5.0,-5.0,-5.0,-5.0,-5.0,-5.0,-5.0,1.0
1.0,1.0,1.0,2.0,1.0,2.0,4.0,7.0,1.0,2.0,1.0,5.0,1.0,1.0,1.0,1.0,3.0,1.0,2.0,1.0,1.0,1.0,1.0,1.0,1.0,1.0,5.0,2.0,1.0,3.0,1.0,1.0,5.0,1.0,1.0,2.0,1.0,1.0,1.0,2.0,3.0,1.0,1.0,1.0,1.0,1.0,1.0,1.0,1.0,1.0,1.0,1.0,5.0,3.0,2.0,1.0,1.0,2.0,1.0,1.0,1.0,1.0,1.0,1.0,1.0,1.0,2.0,1.0,5.0,1.0,2.0,1.0,1.0,2.0,1.0,1.0,1.0,1.0,2.0,1.0,7.0,4.0,1.0,2.0,1.0,2.0,12.0,5.0,1.0,15.0,1.0,2.0,2.0,2.0,1.0,1.0,8.0,1.0,4.0,1.0,1.0,16.0,3.0,3.0,1.0,2.0,1.0,1.0,6.0,7.0,1.0,2.0,3.0,2.0,2.0,3.0,2.0,1.0,5.0,1.0,3.0,2.0,2.0,1.0,1.0,1.0,10.0,10.0,1.0,3.0,2.0,1.0,2.0,5.0,2.0,1.0,3.0,1.0,1.0,1.0,1.0,1.0,1.0,1.0,7.0,1.0,1.0,13.0,1.0,1.0,1.0,10.0,2.0,1.0,3.0,1.0,1.0,2.0,3.0,1.0,1.0,1.0,1.0,1.0,1.0,1.0,2.0,1.0,14.0,1.0,1.0,1.0,2.0,2.0,1.0,3.0,2.0,1.0,1.0,1.0,2.0,5.0,1.0,1.0,1.0,4.0,1.0,4.0,2.0,14.0,1.0,2.0,2.0,4.0,1.0,1.0,3.0,1.0,1.0,2.0,1.0,1.0,4.0,3.0,17.0,1.0,1.0,1.0,1.0,3.0,1.0,3.0,5.0,1.0,2.0,2.0,2.0,1.0,1.0,1.0,4.0,1.0,2.0,1.0,1.0,1.0,1.0,1.0,1.0,5.0,2.0,2.0,3.0,1.0,1.0,1.0,1.0,2.0,1.0,1.0,1.0,1.0,1.0,5.0,2.0,3.0,2.0,2.0,3.0,1.0,2.0,4.0,1.0,2.0,2.0,2.0,1.0,1.0,1.0,1.0,1.0,3.0,2.0,1.0,1.0,13.0,3.0,1.0,1.0,1.0,7.0,4.0,1.0,1.0,1.0,8.0,1.0,1.0,6.0,2.0,1.0,3.0,2.0,8.0,2.0,1.0,1.0,1.0,5.0,1.0,8.0,1.0,4.0,9.0,7.0,1.0,1.0,8.0,1.0,2.0,1.0,1.0,4.0,1.0,1.0,1.0,7.0,4.0,5.0,3.0,1.0,1.0,1.0,2.0,1.0,1.0,1.0,1.0,1.0,1.0,6.0,3.0,2.0,2.0,1.0,1.0,1.0,1.0,1.0,1.0,5.0,1.0,1.0,3.0,1.0,1.0,3.0,3.0,1.0,1.0,1.0,2.0,2.0,1.0,1.0,1.0,3.0,4.0,4.0,1.0,1.0,1.0,2.0,1.0,2.0,2.0,2.0,8.0,9.0,3.0,1.0,2.0,1.0,1.0,3.0,2.0,2.0,1.0,5.0,1.0,3.0,3.0,3.0,4.0,1.0,1.0,2.0,2.0,3.0,3.0,1.0,3.0,2.0,1.0,1.0,1.0,1.0,1.0,1.0,1.0,1.0,1.0,1.0,1.0,2.0,10.0,2.0,3.0,3.0,3.0,2.0,1.0,1.0,1.0,1.0,2.0,1.0,15.0,3.0,3.0,3.0,3.0,1.0,1.0,11.0,2.0,2.0,2.0,3.0,1.0,1.0,1.0,1.0,9.0,2.0,2.0,3.0,3.0,1.0,1.0,1.0,2.0,1.0,13.0,2.0,2.0,3.0,3.0,6.0,5.0,2.0,2.0,2.0,2.0,3.0,3.0,4.0,3.0,2.0,2.0,3.0,3.0,4.0,2.0,7.0,3.0,3.0,2.0,2.0,1.0,3.0,7.0,2.0,13.0,6.0,4.0,1.0,1.0,1.0,2.0,1.0,3.0,2.0,10.0,2.0,14.0,1.0,1.0,1.0,9.0,3.0,2.0,1.0,1.0,10.0,2.0,1.0,1.0,1.0,2.0,3.0,7.0,5.0,1.0,1.0,1.0,2.0,6.0,2.0,2.0,4.0,2.0,1.0,1.0,1.0,3.0,2.0,10.0,3.0,1.0,1.0,1.0,5.0,3.0,5.0,1.0,3.0,1.0,1.0,2.0,2.0,3.0,2.0,1.0,2.0,1.0,1.0,1.0,2.0,1.0,1.0,1.0,1.0,5.0,1.0,2.0,1.0,1.0,1.0,1.0,1.0,4.0,1.0,1.0,14.0,1.0,4.0,1.0,13.0,11.0,2.0,2.0,1.0,5.0,1.0,11.0,1.0,1.0,1.0,1.0,1.0,4.0,1.0,1.0,1.0,1.0,3.0,1.0,3.0,1.0,5.0,9.0,1.0,1.0,1.0,1.0,4.0,1.0,6.0,13.0,1.0,3.0,3.0,4.0,1.0,3.0,1.0,4.0,1.0,14.0,9.0,12.0,7.0,1.0,1.0,1.0,2.0,4.0,4.0,6.0,10.0,8.0,21.0,4.0,4.0,3.0,2.0,4.0,1.0,2.0,12.0,11.0,1.0,3.0,4.0,1.0,1.0,1.0,1.0,3.0,6.0,7.0,2.0,5.0,3.0,3.0,8.0,10.0,2.0,19.0,8.0,5.0,1.0,3.0,2.0,6.0,-2.04564786099211,2.0,1.0,2.0,3.0,8.0,9.0,6.0,6.0,1.0,1.0,2.0,2.0,2.0,8.0,4.0,5.0,8.0,7.0,13.0,3.0,9.0,2.0,1.0,3.0,5.0,1.0,3.0,1.0,1.0,5.47566330468136,8.0,1.0,2.0,1.0,1.0,6.0,1.0,1.0,1.0,5.0,15.0,1.0,2.0,7.0,5.0,4.0,5.0,4.0,16.0,6.0,4.0,2.0,1.0,1.0,1.0,1.0,1.0,1.0,2.0,1.0,7.0,7.0,4.0,1.0,2.0,1.0,2.0,1.0,1.0,1.0,1.0,2.0,2.0,1.0,1.0,1.0,1.0,1.0,1.0,1.0,1.0,1.0,1.0,1.0,2.0,2.0,4.0,1.0,1.0,1.0,2.0,7.0,1.0,1.0,1.0,1.0,1.0,1.0,1.0,2.0,3.0,6.0,7.0,4.0,1.0,3.0,1.0,1.0,1.0,1.0,1.0,1.0,1.0,1.0,1.0,2.0,1.0,1.0,2.0,1.0,1.0,1.0,2.0,1.0,1.0,1.0,1.0,1.0,2.0,2.0,3.0,6.0,1.0,1.0,2.0,1.0,1.0,2.0,1.0,1.0,13.0,19.0,2.0,1.0,1.0,4.0,1.0,1.0,1.0,1.0,1.0,1.0,1.0,1.0,1.0,1.0,1.0,2.0,1.0,1.0,1.0,16.0,15.0,1.0,2.0,2.0,2.0,1.0,1.0,1.0,2.0,1.0,1.0,1.0,1.0,1.0,2.0,1.0,1.0,3.0,1.0,1.0,1.0,2.0,1.0,1.0,12.0,7.0,1.0,5.0,1.0,3.0,1.0,1.0,1.0,2.0,3.0,1.0,1.0,6.0,7.0,3.0,5.0,3.0,1.0,1.0,3.0,2.0,1.0,7.0,16.0,1.0,1.0,5.0,3.0,1.0,1.0,3.0,2.0,1.0,3.96952489648403,1.0,2.0,3.0,3.0,1.0,1.0,2.0,1.0,1.0,1.0,2.0,30.0,1.0,4.0,7.0,1.0,1.0,1.0,1.0,1.0,2.0,1.0,2.0,1.0,1.0,1.0,1.0,1.0,1.0,5.0,24.0,4.0,2.0,1.0,1.0,1.0,1.0,1.0,1.0,2.0,2.0,3.0,1.0,2.0,1.0,1.0,1.0,1.0,1.0,1.0,1.0,2.0,1.0,1.0,1.0,1.0,1.0,1.0,1.0,1.0,3.0,1.0,1.0,1.0,3.0,5.0,2.0,3.0,1.0,1.0,2.0,1.0,2.0,1.0,3.0,1.0,2.0,1.0,1.0,2.0,2.0,2.0,1.0,1.0,5.0,2.0,2.0,4.0,1.0,3.0,1.0,4.0,1.0,1.0,2.0,1.0,1.0,4.0,1.0,2.0,1.0,1.0,2.0,4.0,1.0,2.0,2.0,5.0,1.0,1.0,2.0,1.0,1.0,3.0,1.0,1.0,3.0,3.0,5.0,3.0,4.0,1.0,1.0,1.0,2.0,1.0,2.0,1.0,2.0,1.0,1.0,3.0,1.0,1.0,1.0,1.0,2.0,1.0,1.0,1.0,2.0,1.0,1.0,1.0,1.0,1.0,1.0,1.0,1.0,4.0,1.0,1.0,1.0,2.0,1.0,6.0,1.0,1.0,1.0,2.0,2.0,1.0,1.0,1.0,-1.2523449689335,2.0,1.0,1.0,2.0,1.0,-1.0,-1.0,-1.0,-1.0,-2.0,1.0,9.0,-1.0,1.0,-1.0,-1.0,-5.0,-4.0,-3.0,-4.0,-5.0,-5.0,1.0,1.0,1.0,6.0,6.0,2.0,1.0,3.0,2.0,1.0,4.0,5.0,1.0,3.0,1.0,1.0,2.0,1.0,5.0,1.0,1.0,10.0,4.0,1.0,1.0,1.0,3.0,7.0,1.0,2.0,8.0,1.0,2.0,1.0,1.0,1.0,2.0,1.0,2.0,9.0,1.0,9.0,1.0,1.0,1.0,3.0,1.0,1.0,4.0,4.0,1.0,2.0,1.0,2.0,1.0,1.0,1.0,2.0,1.0,1.0,2.0,4.0,1.0,1.0,10.0,1.0,1.0,1.0,3.0,1.0,4.0,4.0,9.0,1.0,1.0,5.0,1.0,1.0,4.957128867032768,4.0,2.0,5.0,1.0,7.0,1.0,5.0,1.0,1.0,1.0,18.20845275419301,1.0,5.0,4.0,6.0,1.0,-3.0,-1.0,-1.0,-13.71931735451625,-2.0,-2.0,-1.0,-1.0,-1.0,-1.0,-3.0,-1.0,-2.0,-4.0,-1.0,-2.0,-1.0,-1.0,-1.0,5.0,4.0,2.0,7.0,2.0,1.0,2.0,1.0,2.0,1.0,3.0,4.0,4.0,1.0,1.0,2.0,4.0,2.0,6.0,1.0,5.0,11.27775448851298,8.0,7.0,1.0,4.0,3.0,1.0,1.0,1.0,2.0,1.0,4.0,1.0,1.0,1.0,1.0,2.0,1.0,1.0,3.0,2.0,4.0,7.0,7.0,4.0,1.0,1.0,4.0,1.0,1.0,2.0,1.0,1.0,5.0,1.0,2.0,7.0,4.0,2.0,2.0,1.0,1.0,1.0,2.0,2.0,2.0,1.0,1.0,2.0,6.0,1.0,4.0,2.0,3.0,-9.81276160699843,1.0,8.0,8.0,1.0,1.0,2.0,2.0,1.0,1.0,2.0,2.0,11.0,5.0,2.0,1.0,2.0,2.0,2.0,2.0,2.0,2.0,2.0,2.0,2.0,1.0,1.0,25.0,6.0,5.0,5.0,5.0,5.0,5.0,5.0,3.0,2.0,1.0,1.0,2.0,1.0,1.0,12.0,15.0,4.0,4.0,5.0,4.0,4.0,5.0,2.0,1.0,5.0,1.0,1.0,2.0,1.0,16.0,5.0,4.0,5.0,4.0,10.0,2.0,4.0,3.0,3.0,6.0,4.0,4.0,4.0,4.0,4.0,4.0,4.0,4.0,4.0,2.0,4.0,4.0,4.0,4.0,4.0,4.0,1.0,1.0,4.0,4.0,4.0,4.0,4.0,4.0,1.0,1.0,1.0,1.0,1.0,1.0,4.0,4.0,4.0,4.0,4.0,4.0,4.0,4.0,4.0,4.0,1.0,1.0,1.0,1.0,3.0,1.0,1.0,10.0,1.0,1.0,1.0,1.0,1.0,21.0,15.0,1.0,1.0,1.0,1.0,1.0,1.0,5.0,1.0,6.0,2.0,2.0,23.0,14.0,1.0,3.0,3.0,3.0,3.0,3.0,3.0,3.0,3.0,1.0,1.0,1.0,1.0,1.0,6.0,1.0,4.0,10.0,9.0,26.0,7.0,3.0,3.0,4.0,3.0,3.0,3.0,4.0,3.0,1.0,1.0,1.0,1.0,3.0,1.0,1.0,13.0,2.0,2.0,2.0,2.0,2.0,2.0,2.0,1.0,1.0,2.0,2.0,2.0,2.0,2.0,2.0,3.0,2.0,1.0,2.0,2.0,2.0,2.0,2.0,2.0,2.0,1.0,2.0,2.0,2.0,2.0,2.0,2.0,2.0,2.0,2.0,2.0,2.0,1.0,-2.0,1.0,4.0,1.0,-4.0,-4.0,-5.0,-4.0,-4.0,-4.0,-5.0,-4.0,-1.0,1.0,2.0,-1.0,1.0,-4.0,-5.0,-4.0,-4.0,-5.0,-4.0,2.0,1.0,-5.0,-6.0,-5.0,-5.0,-6.0,-5.0,1.0,1.0,1.0,-5.0,-5.0,-5.0,-5.0,-5.0,-5.0,-1.0,1.0,-1.0,-5.0,-5.0,-5.0,-5.0,-5.0,-5.0,-3.0,-4.0,-1.0,-1.0,-3.0,-1.0,0.0,1.0,-9.0,-5.0,1.0,-1.0,-2.0,-1.0,-1.0,-2.0,-1.0,-3.0,-2.0,-1.0,-1.0,-1.0,-1.0,-1.0,-3.0,-1.0,-1.0,-1.0,-1.0,-3.0,-2.0,19.45784305872714,-2.0,-1.0,-1.0,-1.0,-2.0,7.0,-4.0,-2.0,-3.0,-3.0,-1.0,-1.0,-1.0,1.0,1.0,0.0,-1.0,-5.0,-7.0,-1.0,-2.0,-1.0,9.0,2.0,13.0,-1.0,-1.0,-1.0,-5.0,-5.0,-2.0,-4.0,1.0,5.0,4.0,2.0,2.0,1.0,2.0,15.0,17.0,4.0,5.0,7.0,13.0,1.0,3.0,1.0,1.0,1.0,12.0,5.0,5.0,1.0,11.0,2.0,4.0,2.0,1.0,15.57346510062307,4.0,2.0,1.0,1.0,2.0,1.0,1.0,2.0,1.0,1.0,2.0,6.0,1.0,1.0,2.0,4.0,3.0,2.0,2.0,3.0,7.0,1.0,1.0,1.0,1.0,1.0,2.0,1.0,1.0,1.0,1.0,1.0,1.0,1.0,1.0,2.0,2.0,1.0,4.0,1.0,1.0,1.0,1.0,3.0,1.0,2.0,6.0,1.0,1.0,1.0,1.0,1.0,1.0,-2.5485758184053537,1.0,1.0,1.0,1.0,1.0,3.0,1.0,1.0,3.0,2.0,2.0,2.0,5.0,-20.80157324031526,2.0,2.0,4.0,3.0,1.0,2.0,2.0,2.0,2.0,-15.704502461243464,1.0,2.0,2.0,2.0,1.0,1.0,1.0,1.0,1.0,2.0,1.0,4.0,1.0,1.0,1.0,1.0,2.0,1.0,1.0,1.0,5.0,5.0,1.0,4.0,3.0,2.0,2.0,1.0,5.0,1.0,3.0,4.0,2.0,1.0,3.0,3.0,4.0,3.0,3.0,1.0,1.0,2.0,1.0,3.0,2.0,4.0,2.0,1.0,4.0,2.0,1.0,2.0,3.0,3.0,3.0,3.0,2.0,1.0,4.0,5.0,1.0,1.0,5.0,4.0,2.0,1.0,1.0,6.276158308138452,6.0,10.0,1.0,5.0,5.0,1.0,7.0,2.0,1.0,10.0,4.0,3.0,3.0,1.0,7.0,1.0,11.0,1.0,2.0,2.0,1.0,3.0,2.0,1.0,1.0,5.0,8.0,1.0,7.0,3.0,1.0,2.0,2.0,1.0,2.0,1.0,1.0,1.0,1.0,2.0,7.0,6.0,1.0,2.0,1.0,1.0,1.0,1.0,5.0,1.0,1.0,2.0,5.0,1.0,2.0,7.0,6.0,6.0,1.0,2.0,9.0,3.0,6.0,1.0,6.0,4.0,9.0,1.0,1.0,1.0,2.0,10.0,6.0,2.0,2.0,5.0,5.0,1.0,10.0,1.0,2.0,4.0,5.0,13.0,1.0,1.0,1.0,1.0,4.0,4.0,3.0,1.0,2.0,1.0,1.0,1.0,2.0,4.0,4.0,5.0,11.0,1.0,1.0,13.2640361646798,1.0,5.0,2.0,7.0,1.0,1.0,2.0,1.0,1.0,1.0,3.0,3.0,2.0,2.0,3.0,5.0,1.0,2.0,1.0,-2.0,1.0,1.0,7.0,-3.0,-3.0,-3.0,-3.0,1.0,0.0,4.0,-2.0,5.0,-6.0,-6.0,-6.0,-6.0,-2.0,-1.0,-1.0,-6.0,-6.0,-6.0,-6.0,-3.0,-2.0,-1.0,-1.0,-3.0,-3.0,-3.0,-3.0,-2.0,-1.0,-1.0,2.0,-1.0,-6.0,-6.0,-6.0,-7.103831779623127,-6.0,-6.0,-6.0,1.0,1.0,-3.0,-3.0,7.0,2.0,-5.0,-5.0,-5.0,-5.0,1.0,-2.0,-2.0,2.0,1.0,-5.0,-6.0,-5.0,-5.0,2.0,1.0,1.0,1.0,-6.0,-6.0,-6.0,-6.0,-1.0,1.0,-2.0,-2.0,1.0,2.0,-13.0,-13.0,-1.0,-1.0,-2.0,2.0,1.0,-5.0,-5.0,-5.0,-5.0,-5.0,-5.0,1.0,1.0,-5.0,-5.0,-5.0,-5.0,-5.0,0.0,-3.0,-12.0,-12.0,1.0,5.0,-7.0,-7.0,-7.0,-7.0,1.0,7.0,1.0,1.0,1.0,2.0,11.0,1.0,4.0,1.0,3.0,6.0,1.0,2.0,3.0,15.0,3.0,2.0,3.0,4.0,1.0,6.0,6.0,4.0,2.0,1.0,1.0,1.0,1.0,1.0,1.0,3.0,7.0,1.0,3.0,1.0,1.0,1.0,3.0,2.0,1.0,2.0,2.0,1.0,1.0,3.0,3.0,3.0,1.0,1.0,2.0,3.0,3.0,3.0,1.0,1.0,1.0,3.0,4.0,4.0,2.0,3.0,1.0,1.0,1.0,1.0,1.0,1.0,2.0,3.0,4.0,4.0,2.0,6.0,3.0,1.0,1.0,1.0,1.0,1.0,1.0,2.0,3.0,1.0,13.0,3.0,1.0,1.0,6.0,1.0,1.0,1.0,4.0,1.0,1.0,2.0,2.0,4.0,3.0,3.0,1.0,1.0,1.0,1.0,2.0,2.0,3.0,3.0,1.0,1.0,2.0,2.0,1.0,2.0,6.0,6.0,2.0,3.0,2.0,2.0,1.0,1.0,2.0,2.0,6.0,6.0,2.0,3.0,2.0,2.0,1.0,1.0,21.0,3.0,4.0,1.0,2.0,2.0,8.0,1.0,7.0,2.0,1.0,2.0,3.0,4.0,4.0,1.0,16.0,1.0,6.0,3.0,1.0,1.0,2.0,10.0,1.0,10.0,3.0,3.0,2.0,1.0,4.0,3.0,1.0,2.0,1.0,1.0,4.0,1.0,3.0,1.0,2.0,2.0,1.0,1.0,1.0,1.0,3.0,1.0,1.0,2.0,1.0,1.0,1.0,1.0,1.0,1.29786125122586,1.0,1.0,1.0,1.0,1.0,4.0,3.0,1.0,1.0,1.0,1.0,1.0,1.0,2.0,2.0,1.0,4.0,1.0,4.0,1.0,1.0,2.0,1.0,1.0,3.0,2.0,2.0,2.0,2.0,1.0,1.0,6.0,24.0,4.0,1.0,3.0,2.0,1.0,1.0,16.0,35.0,3.0,1.0,1.0,1.0,1.0,1.0,1.0,3.0,5.0,1.0,1.0,2.0,7.0,5.0,5.0,2.0,3.0,1.0,1.0,1.0,8.0,1.0,5.0,3.0,2.0,9.0,6.0,1.0,4.0,13.0,1.0,7.0,7.0,1.0,1.0,1.0,1.0,1.0,4.0,6.0,3.0,2.0,1.0,8.0,6.0,1.0,1.0,1.0,2.0,3.0,1.0,2.0,8.0,1.0,2.0,9.0,2.0,1.0,1.0,1.0,1.0,1.0,4.0,1.0,1.0,4.0,5.0,1.0,1.0,2.0,3.0,2.0,1.0,2.0,5.0,6.0,4.0,6.0,8.0,11.0,7.0,6.0,1.0,1.0,1.0,4.0,1.0,3.0,4.0,5.0,12.0,5.0,2.0,2.0,1.0,4.0,2.0,1.0,1.0,1.0,3.0,4.0,3.0,2.0,17.29671484676516,3.0,5.0,1.0,7.0,5.0,2.0,2.0,3.0,1.0,1.0,1.0,1.0,2.0,1.0,2.0,1.0,1.0,12.0,10.0,8.0,6.0,5.0,1.0,1.0,1.0,3.0,1.0,1.0,1.0,3.0,4.0,1.0,2.0,1.0,1.0,1.0,2.0,1.0,1.0,8.0,1.0,1.0,2.0,2.0,5.0,2.0,2.0,1.0,1.0,3.0,2.0,3.0,1.0,6.0,6.0,1.0,1.0,6.0,1.0,6.0,9.0,3.0,13.0,10.0,1.0,1.0,11.0,1.0,1.0,3.0,8.0,9.0,2.0,1.0,2.0,3.0,3.0,3.0,1.0,1.0,1.0,5.0,5.0,2.0,1.0,2.0,2.0,1.0,1.0,5.0,1.0,1.0,1.0,1.0,3.0,2.0,1.0,2.0,1.0,3.0,4.0,1.0,2.0,1.0,2.0,1.0,2.0,2.0,1.0,1.0,2.0,2.0,1.0,1.0,1.0,1.0,1.0,1.0,2.0,1.0,8.0,2.0,1.0,5.0,6.0,2.0,1.0,1.0,1.0,6.0,2.0,3.0,4.0,3.0,1.0,1.0,2.0,2.0,1.0,1.0,11.0,1.0,1.0,2.0,4.0,5.0,3.0,1.0,4.0,1.0,14.0,4.0,7.0,1.0,1.0,2.0,1.0,1.0,2.92572291035908,1.0,1.0,1.0,3.0,1.0,9.0,2.0,2.0,1.0,1.0,7.0,1.0,8.0,1.0,1.0,1.0,1.0,2.0,1.0,1.0,1.0,1.0,2.0,1.0,1.0,1.0,1.0,1.0,1.0,4.0,4.0,3.0,2.0,1.0,1.0,1.0,1.0,3.0,1.0,1.0,1.0,1.0,1.0,1.0,1.0,1.0,2.0,1.0,3.0,0.24337417607789,1.0,1.0,3.0,5.0,9.0,7.0,2.0,2.0,1.0,1.0,1.0,2.0,3.0,1.0,1.0,2.0,3.0,1.0,1.0,2.0,2.0,1.0,1.0,1.0,1.0,2.0,1.0,1.0,-1.0,-1.0,-2.0,-4.0,-12.0,-7.0,-6.0,-6.0,-9.0,-11.0,-2.0,-8.0,-10.0,-6.0,-11.0,-6.50984180533249,-1.0,-4.0,-1.0,-10.0,-11.0,-3.0,-8.0,-12.0,-10.0,-1.0,-1.0,-1.0,-1.0,-7.0,-7.0,-13.0,-7.0,2.0,1.0,1.0,1.0,2.0,1.0,1.0,5.0,1.0,2.0,1.0,1.0,3.0,1.0,3.0,1.0,1.0,1.0,1.0,1.0,1.0,1.0,1.0,4.0,1.0,1.0,2.0,1.0,1.0,3.0,1.0,1.0,2.0,1.0,1.0,2.0,3.0,1.0,2.0,1.0,1.0,1.0,1.0,1.0,1.0,2.0,1.0,2.0,1.0,2.0,5.0,6.0,1.0,2.0,1.0,1.0,3.0,1.0,1.0,2.0,3.0,3.0,1.0,1.0,2.0,5.0,5.0,1.0,1.0,4.0,3.0,2.0,1.0,1.0,-1.0,1.0,2.0,-3.0,1.0,1.0,-4.0,-4.0,-3.0,2.0,-1.0,-1.0,-1.0,-2.0,2.0,10.0,1.0,1.0,1.0,2.0,3.0,4.0,1.0,2.0,1.0,17.0,1.0,1.0,1.0,1.0,2.0,1.0,1.0,1.0,4.0,4.0,1.0,3.0,1.0,1.0,2.0,1.0,1.0,1.0,2.0,2.0,1.0,1.0,1.0,1.0,2.0,3.0,18.94840458248437,1.0,1.0,3.0,1.0,1.0,1.0,2.0,3.0,1.0,1.0,2.0,4.0,2.0,1.0,1.0,1.0,1.0,2.0,3.0,1.0,4.0,1.0,1.0,1.0,4.0,4.0,1.0,1.0,2.0,2.0,2.0,2.0,1.0,2.0,1.0,2.0,3.0,1.0,6.0,11.0,8.0,5.0,4.0,5.0,3.0,2.0,1.0,1.0,1.0,1.0,1.0,2.0,2.0,3.0,2.0,3.0,1.0,1.0,1.0,1.0,1.0,1.0,3.0,2.0,5.0,1.0,2.0,2.0,1.0,5.0,1.0,5.0,1.0,2.0,5.0,3.0,2.0,1.0,15.11250881122309,1.0,2.0,3.0,1.0,1.0,1.0,3.0,3.0,2.0,4.0,1.0,1.0,1.0,1.0,1.0,1.0,1.0,1.0,1.0,1.0,1.0,3.0,5.0,1.0,1.0,1.0,2.0,2.0,1.0,1.0,5.0,1.0,1.0,5.0,1.0,1.0,-7.0,-7.0,1.0,-1.0,-4.0,-2.0,-1.0,-2.0,-1.0,1.0,-1.0,-3.0,-5.0,0.0,-3.0,-1.0,-2.0,-4.0,1.0,-1.0,1.0,-1.0,-1.0,1.0,-1.0,-1.0,2.0,-2.0,-3.0,2.0,-2.0,-1.0,1.0,-1.0,-1.0,-2.0,1.0,-2.0,-1.0,2.0,-1.0,-1.0,-1.0,-1.0,-2.0,2.0,-2.0,-2.0,0.0,-1.0,-1.0,-1.0,-1.0,-1.0,1.0,1.0,1.0,7.0,1.0,1.0,1.0,1.0,1.0,2.0,1.0,1.0,12.0,1.0,1.0,1.0,1.0,1.0,1.0,2.0,1.0,1.0,1.0,1.0,2.0,4.0,3.0,1.0,1.0,3.0,1.0,1.0,1.0,1.0,2.0,1.0,1.0,1.0,1.0,1.0,2.0,1.0,1.0,3.0,7.0,2.0,1.0,1.0,1.0,1.0,1.0,1.0,1.0,1.0,1.0,1.0,1.0,1.0,6.0,1.0,1.0,1.0,1.0,1.0,1.0,1.0,1.0,1.0,1.0,1.0,1.0,1.0,1.0,1.0,1.0,4.0,1.0,1.0,1.0,1.0,1.0,1.0,1.0,1.0,1.0,1.0,1.0,1.0,1.0,1.0,1.0,1.0,1.0,1.0,1.0,-1.0,-1.0,1.0,1.0,2.0,-2.0,-2.0,-2.0,-2.0,-2.0,1.0,1.0,-3.56110793196185,-3.0,-3.0,-3.0,1.0,-5.0,-5.0,-5.0,1.0,1.0,1.0,1.0,2.0,1.0,1.0,-1.0,-1.0,-1.0,-1.0,-1.0,-1.0,4.0,4.0,1.0,1.0,3.0,1.0,1.0,1.0,1.0,1.0,3.0,3.0,2.0,1.0,1.0,1.0,1.0,1.0,2.0,1.0,1.0,2.0,2.0,1.0,1.0,1.0,1.0,1.0,3.0,3.0,3.0,1.0,1.0,2.0,1.0,1.0,2.0,2.0,2.0,1.0,1.0,1.0,2.0,1.0,1.0,1.0,1.0,3.0,1.0,1.0,1.0,1.0,4.0,2.0,5.0,1.0,2.0,1.0,1.0,1.0,1.0,3.0,1.0,2.0,3.0,2.0,1.0,1.0,1.0,2.0,2.0,2.0,2.0,1.0,6.0,3.0,6.0,1.0,1.0,1.0,3.0,1.0,4.0,5.0,1.0,1.0,1.0,1.0,1.0,17.0,1.0,2.0,12.0,1.0,2.0,3.0,8.0,13.0,5.0,2.0,1.0,2.0,6.0,4.0,4.0,2.0,1.0,3.0,2.0,1.0,1.0,1.0,3.0,1.0,1.0,1.0,3.0,1.0,1.0,1.0,3.0,1.0,1.0,1.0,2.0,3.0,7.0,4.0,3.0,-0.31044766992144,2.0,2.0,2.0,1.0,1.0,1.0,1.0,1.0,1.0,1.0,1.0,1.0,1.0,1.0,1.0,1.0,1.0,1.0,1.0,1.0,1.0,1.0,1.0,1.0,1.0,1.0,1.0,1.0,3.0,1.0,1.0,2.0,2.0,2.0,2.0,3.0,1.0,1.0,1.0,2.0,1.0,4.0,3.0,1.0,1.0,1.0,2.0,1.0,7.39298284432326,1.0,5.0,3.0,2.0,1.0,1.0,1.0,1.0,1.0,1.0,1.0,1.0,1.0,3.0,4.0,3.0,1.0,1.0,1.0,1.0,1.0,1.0,1.0,1.0,1.0,1.0,1.0,1.0,2.0,1.0,1.0,1.0,1.0,1.0,1.0,1.0,1.0,1.0,1.0,1.0,2.0,1.0,1.0,1.0,1.0,1.0,1.0,1.0,1.0,1.0,1.0,1.0,1.0,1.0,3.0,8.0,2.0,1.0,2.0,1.0,1.0,4.0,1.0,1.0,1.0,1.0,1.0,1.0,1.0,7.0,5.0,2.0,3.0,1.0,1.0,2.0,1.0,1.0,1.0,1.0,1.0,1.0,2.0,3.0,1.0,2.0,2.0,2.0,-16.38832593496558,3.0,1.0,1.0,1.0,1.0,3.0,2.0,3.0,3.0,1.0,1.0,2.0,2.0,2.0,3.0,2.0,1.0,3.0,1.0,2.0,2.0,2.0,2.0,2.0,2.0,1.0,1.0,1.0,1.0,1.0,1.0,1.0,1.0,1.0,2.0,1.0,1.0,1.0,3.0,1.0,1.0,1.0,1.0,1.0,1.0,1.0,2.0,1.0,6.0,1.0,5.0,1.0,4.0,1.0,8.0,1.0,3.0,3.0,4.0,1.0,2.0,2.0,1.0,1.0,3.0,2.0,3.0,1.0,2.0,1.0,1.0,2.0,1.0,1.0,4.0,6.0,1.0,1.0,1.0,2.0,2.0,1.0,1.0,3.0,5.0,5.38785976813884,1.0,1.0,5.0,1.0,1.0,2.0,1.0,1.0,1.0,4.0,2.0,1.0,4.0,2.0,6.0,1.0,1.0,1.0,1.0,6.0,5.96397995782018,1.0,1.0,3.0,3.0,-1.3686525685699,9.0,2.0,3.0,3.0,3.0,3.0,1.0,1.0,5.0,5.0,5.0,5.0,1.0,7.0,10.0,2.0,1.0,4.0,5.0,5.0,5.0,5.0,2.0,1.0,3.0,5.0,4.0,2.0,2.0,1.0,1.0,2.0,3.0,1.0,1.0,3.0,11.0,5.0,5.0,5.0,5.0,5.0,5.0,5.0,5.0,13.0,3.0,2.0,2.0,3.0,11.0,5.0,5.0,5.0,5.0,1.0,1.0,2.0,18.0,11.0,2.0,1.0,3.0,3.0,5.0,5.0,5.0,5.0,5.0,5.0,2.0,1.0,3.0,1.0,1.0,21.0,1.0,2.0,3.0,6.0,6.0,6.0,6.0,2.0,5.0,3.0,2.0,5.0,13.0,2.0,5.0,5.0,5.0,5.0,6.0,2.0,24.0,2.0,1.0,2.0,5.0,5.0,5.0,5.0,1.0,2.0,4.0,3.0,12.0,1.0,9.0,4.0,4.0,4.0,4.0,4.0,4.0,4.0,1.0,10.0,4.0,1.0,21.0,1.0,2.0,1.0,1.0,1.0,4.0,3.0,5.0,6.0,6.0,6.0,6.0,6.0,1.0,1.0,3.0,15.0,1.0,1.0,1.0,1.0,7.0,4.0,1.0,10.0,5.0,5.0,5.0,5.0,1.0,1.0,4.0,2.0,-19.72431348956135,1.0,2.0,2.0,9.0,2.0,1.0,1.0,3.0,1.0,4.0,3.0,1.0,1.0,1.0,1.0,1.0,2.0,1.0,1.0,9.0,1.0,1.0,1.0,2.0,5.0,5.0,5.0,5.0,2.0,1.0,7.0,1.0,2.0,5.0,5.0,5.0,5.0,5.0,5.0,5.0,3.0,1.0,1.0,20.0,1.0,1.0,1.0,4.0,1.0,1.0,2.0,1.0,9.0,3.0,4.0,4.0,4.0,4.0,4.0,4.0,4.0,4.0,1.0,1.0,37.0,1.0,1.0,1.0,6.0,6.0,6.0,6.0,6.0,6.0,1.0,1.0,1.0,1.0,6.0,16.0,1.0,5.0,5.0,5.0,5.0,1.0,27.0,1.0,1.0,1.0,7.0,6.0,6.0,6.0,6.0,1.0,2.0,1.0,30.0,1.0,1.0,1.0,1.0,8.0,6.0,6.0,6.0,6.0,13.32796194626393,2.0,2.0,2.0,2.0,5.0,5.0,7.0,3.0,30.0,3.0,10.0,6.0,1.0,10.0,5.0,5.0,5.0,5.0,5.0,5.0,5.0,4.0,1.0,6.0,8.0,1.0,2.0,3.0,4.0,4.0,5.0,6.0,6.0,6.0,6.0,-5.0,-5.0,-5.0,-5.0,-5.0,-5.0,-5.0,-5.0,-5.0,-5.0,1.0
1.0,1.0,1.0,2.0,1.0,2.0,4.0,7.0,1.0,2.0,1.0,5.0,1.0,1.0,1.0,1.0,3.0,1.0,2.0,1.0,1.0,1.0,1.0,1.0,1.0,1.0,5.0,2.0,1.0,3.0,1.0,1.0,5.0,1.0,1.0,2.0,1.0,1.0,1.0,2.0,3.0,1.0,1.0,1.0,1.0,1.0,1.0,1.0,1.0,1.0,1.0,1.0,5.0,3.0,2.0,1.0,1.0,2.0,1.0,1.0,1.0,1.0,1.0,1.0,1.0,1.0,2.0,1.0,5.0,1.0,2.0,1.0,1.0,2.0,1.0,1.0,1.0,1.0,2.0,1.0,7.0,4.0,1.0,2.0,1.0,2.0,12.0,5.0,1.0,15.0,1.0,2.0,2.0,2.0,1.0,1.0,8.0,1.0,4.0,1.0,1.0,16.0,3.0,3.0,1.0,2.0,1.0,1.0,6.0,7.0,1.0,2.0,3.0,2.0,2.0,3.0,2.0,1.0,5.0,1.0,3.0,2.0,2.0,1.0,1.0,1.0,10.0,10.0,1.0,3.0,2.0,1.0,2.0,5.0,2.0,1.0,3.0,1.0,1.0,1.0,1.0,1.0,1.0,1.0,7.0,1.0,1.0,13.0,1.0,1.0,1.0,10.0,2.0,1.0,3.0,1.0,1.0,2.0,3.0,1.0,1.0,1.0,1.0,1.0,1.0,1.0,2.0,1.0,14.0,1.0,1.0,1.0,2.0,2.0,1.0,3.0,2.0,1.0,1.0,1.0,2.0,5.0,1.0,1.0,1.0,4.0,1.0,4.0,2.0,14.0,1.0,2.0,2.0,4.0,1.0,1.0,3.0,1.0,1.0,2.0,1.0,1.0,4.0,3.0,17.0,1.0,1.0,1.0,1.0,3.0,1.0,3.0,5.0,1.0,2.0,2.0,2.0,1.0,1.0,1.0,4.0,1.0,2.0,1.0,1.0,1.0,1.0,1.0,1.0,5.0,2.0,2.0,3.0,1.0,1.0,1.0,1.0,2.0,1.0,1.0,1.0,1.0,1.0,5.0,2.0,3.0,2.0,2.0,3.0,1.0,2.0,4.0,1.0,2.0,2.0,2.0,1.0,1.0,1.0,1.0,1.0,3.0,2.0,1.0,1.0,13.0,3.0,1.0,1.0,1.0,7.0,4.0,1.0,1.0,1.0,8.0,1.0,1.0,6.0,2.0,1.0,3.0,2.0,8.0,2.0,1.0,1.0,1.0,5.0,1.0,8.0,1.0,4.0,9.0,7.0,1.0,1.0,8.0,1.0,2.0,1.0,1.0,4.0,1.0,1.0,1.0,7.0,4.0,5.0,3.0,1.0,1.0,1.0,2.0,1.0,1.0,1.0,1.0,1.0,1.0,6.0,3.0,2.0,2.0,1.0,1.0,1.0,1.0,1.0,1.0,5.0,1.0,1.0,3.0,1.0,1.0,3.0,3.0,1.0,1.0,1.0,2.0,2.0,1.0,1.0,1.0,3.0,4.0,4.0,1.0,1.0,1.0,2.0,1.0,2.0,2.0,2.0,8.0,9.0,3.0,1.0,2.0,1.0,1.0,3.0,2.0,2.0,1.0,5.0,1.0,3.0,3.0,3.0,4.0,1.0,1.0,2.0,2.0,3.0,3.0,1.0,3.0,2.0,1.0,1.0,1.0,1.0,1.0,1.0,1.0,1.0,1.0,1.0,1.0,2.0,10.0,2.0,3.0,3.0,3.0,2.0,1.0,1.0,1.0,1.0,2.0,1.0,15.0,3.0,3.0,3.0,3.0,1.0,1.0,11.0,2.0,2.0,2.0,3.0,1.0,1.0,1.0,1.0,9.0,2.0,2.0,3.0,3.0,1.0,1.0,1.0,2.0,1.0,13.0,2.0,2.0,3.0,3.0,6.0,5.0,2.0,2.0,2.0,2.0,3.0,3.0,4.0,3.0,2.0,2.0,3.0,3.0,4.0,2.0,7.0,3.0,3.0,2.0,2.0,1.0,3.0,7.0,2.0,13.0,6.0,4.0,1.0,1.0,1.0,2.0,1.0,3.0,2.0,10.0,2.0,14.0,1.0,1.0,1.0,9.0,3.0,2.0,1.0,1.0,10.0,2.0,1.0,1.0,1.0,2.0,3.0,7.0,5.0,1.0,1.0,1.0,2.0,6.0,2.0,2.0,4.0,2.0,1.0,1.0,1.0,3.0,2.0,10.0,3.0,1.0,1.0,1.0,5.0,3.0,5.0,1.0,3.0,1.0,1.0,2.0,2.0,3.0,2.0,1.0,2.0,1.0,1.0,1.0,2.0,1.0,1.0,1.0,1.0,5.0,1.0,2.0,1.0,1.0,1.0,1.0,1.0,4.0,1.0,1.0,14.0,1.0,4.0,1.0,13.0,11.0,2.0,2.0,1.0,5.0,1.0,11.0,1.0,1.0,1.0,1.0,1.0,4.0,1.0,1.0,1.0,1.0,3.0,1.0,3.0,1.0,5.0,9.0,1.0,1.0,1.0,1.0,4.0,1.0,6.0,13.0,1.0,3.0,3.0,4.0,1.0,3.0,1.0,4.0,1.0,14.0,9.0,12.0,7.0,1.0,1.0,1.0,2.0,4.0,4.0,6.0,10.0,8.0,21.0,4.0,4.0,3.0,2.0,4.0,1.0,2.0,12.0,11.0,1.0,3.0,4.0,1.0,1.0,1.0,1.0,3.0,6.0,7.0,2.0,5.0,3.0,3.0,8.0,10.0,2.0,19.0,8.0,5.0,1.0,3.0,2.0,6.0,-2.04564786099211,2.0,1.0,2.0,3.0,8.0,9.0,6.0,6.0,1.0,1.0,2.0,2.0,2.0,8.0,4.0,5.0,8.0,7.0,13.0,3.0,9.0,2.0,1.0,3.0,5.0,1.0,3.0,1.0,1.0,5.47566330468136,8.0,1.0,2.0,1.0,1.0,6.0,1.0,1.0,1.0,5.0,15.0,1.0,2.0,7.0,5.0,4.0,5.0,4.0,16.0,6.0,4.0,2.0,1.0,1.0,1.0,1.0,1.0,1.0,2.0,1.0,7.0,7.0,4.0,1.0,2.0,1.0,2.0,1.0,1.0,1.0,1.0,2.0,2.0,1.0,1.0,1.0,1.0,1.0,1.0,1.0,1.0,1.0,1.0,1.0,2.0,2.0,4.0,1.0,1.0,1.0,2.0,7.0,1.0,1.0,1.0,1.0,1.0,1.0,1.0,2.0,3.0,6.0,7.0,4.0,1.0,3.0,1.0,1.0,1.0,1.0,1.0,1.0,1.0,1.0,1.0,2.0,1.0,1.0,2.0,1.0,1.0,1.0,2.0,1.0,1.0,1.0,1.0,1.0,2.0,2.0,3.0,6.0,1.0,1.0,2.0,1.0,1.0,2.0,1.0,1.0,13.0,19.0,2.0,1.0,1.0,4.0,1.0,1.0,1.0,1.0,1.0,1.0,1.0,1.0,1.0,1.0,1.0,2.0,1.0,1.0,1.0,16.0,15.0,1.0,2.0,2.0,2.0,1.0,1.0,1.0,2.0,1.0,1.0,1.0,1.0,1.0,2.0,1.0,1.0,3.0,1.0,1.0,1.0,2.0,1.0,1.0,12.0,7.0,1.0,5.0,1.0,3.0,1.0,1.0,1.0,2.0,3.0,1.0,1.0,6.0,7.0,3.0,5.0,3.0,1.0,1.0,3.0,2.0,1.0,7.0,16.0,1.0,1.0,5.0,3.0,1.0,1.0,3.0,2.0,1.0,3.96952489648403,1.0,2.0,3.0,3.0,1.0,1.0,2.0,1.0,1.0,1.0,2.0,30.0,1.0,4.0,7.0,1.0,1.0,1.0,1.0,1.0,2.0,1.0,2.0,1.0,1.0,1.0,1.0,1.0,1.0,5.0,24.0,4.0,2.0,1.0,1.0,1.0,1.0,1.0,1.0,2.0,2.0,3.0,1.0,2.0,1.0,1.0,1.0,1.0,1.0,1.0,1.0,2.0,1.0,1.0,1.0,1.0,1.0,1.0,1.0,1.0,3.0,1.0,1.0,1.0,3.0,5.0,2.0,3.0,1.0,1.0,2.0,1.0,2.0,1.0,3.0,1.0,2.0,1.0,1.0,2.0,2.0,2.0,1.0,1.0,5.0,2.0,2.0,4.0,1.0,3.0,1.0,4.0,1.0,1.0,2.0,1.0,1.0,4.0,1.0,2.0,1.0,1.0,2.0,4.0,1.0,2.0,2.0,5.0,1.0,1.0,2.0,1.0,1.0,3.0,1.0,1.0,3.0,3.0,5.0,3.0,4.0,1.0,1.0,1.0,2.0,1.0,2.0,1.0,2.0,1.0,1.0,3.0,1.0,1.0,1.0,1.0,2.0,1.0,1.0,1.0,2.0,1.0,1.0,1.0,1.0,1.0,1.0,1.0,1.0,4.0,1.0,1.0,1.0,2.0,1.0,6.0,1.0,1.0,1.0,2.0,2.0,1.0,1.0,1.0,-1.2523449689335,2.0,1.0,1.0,2.0,1.0,-1.0,-1.0,-1.0,-1.0,-2.0,1.0,9.0,-1.0,1.0,-1.0,-1.0,-5.0,-4.0,-3.0,-4.0,-5.0,-5.0,1.0,1.0,1.0,6.0,6.0,2.0,1.0,3.0,2.0,1.0,4.0,5.0,1.0,3.0,1.0,1.0,2.0,1.0,5.0,1.0,1.0,10.0,4.0,1.0,1.0,1.0,3.0,7.0,1.0,2.0,8.0,1.0,2.0,1.0,1.0,1.0,2.0,1.0,2.0,9.0,1.0,9.0,1.0,1.0,1.0,3.0,1.0,1.0,4.0,4.0,1.0,2.0,1.0,2.0,1.0,1.0,1.0,2.0,1.0,1.0,2.0,4.0,1.0,1.0,10.0,1.0,1.0,1.0,3.0,1.0,4.0,4.0,9.0,1.0,1.0,5.0,1.0,1.0,4.957128867032768,4.0,2.0,5.0,1.0,7.0,1.0,5.0,1.0,1.0,1.0,18.20845275419301,1.0,5.0,4.0,6.0,1.0,-3.0,-1.0,-1.0,-13.71931735451625,-2.0,-2.0,-1.0,-1.0,-1.0,-1.0,-3.0,-1.0,-2.0,-4.0,-1.0,-2.0,-1.0,-1.0,-1.0,5.0,4.0,2.0,7.0,2.0,1.0,2.0,1.0,2.0,1.0,3.0,4.0,4.0,1.0,1.0,2.0,4.0,2.0,6.0,1.0,5.0,11.27775448851298,8.0,7.0,1.0,4.0,3.0,1.0,1.0,1.0,2.0,1.0,4.0,1.0,1.0,1.0,1.0,2.0,1.0,1.0,3.0,2.0,4.0,7.0,7.0,4.0,1.0,1.0,4.0,1.0,1.0,2.0,1.0,1.0,5.0,1.0,2.0,7.0,4.0,2.0,2.0,1.0,1.0,1.0,2.0,2.0,2.0,1.0,1.0,2.0,6.0,1.0,4.0,2.0,3.0,-9.81276160699843,1.0,8.0,8.0,1.0,1.0,2.0,2.0,1.0,1.0,2.0,2.0,11.0,5.0,2.0,1.0,2.0,2.0,2.0,2.0,2.0,2.0,2.0,2.0,2.0,1.0,1.0,25.0,6.0,5.0,5.0,5.0,5.0,5.0,5.0,3.0,2.0,1.0,1.0,2.0,1.0,1.0,12.0,15.0,4.0,4.0,5.0,4.0,4.0,5.0,2.0,1.0,5.0,1.0,1.0,2.0,1.0,16.0,5.0,4.0,5.0,4.0,10.0,2.0,4.0,3.0,3.0,6.0,4.0,4.0,4.0,4.0,4.0,4.0,4.0,4.0,4.0,2.0,4.0,4.0,4.0,4.0,4.0,4.0,1.0,1.0,4.0,4.0,4.0,4.0,4.0,4.0,1.0,1.0,1.0,1.0,1.0,1.0,4.0,4.0,4.0,4.0,4.0,4.0,4.0,4.0,4.0,4.0,1.0,1.0,1.0,1.0,3.0,1.0,1.0,10.0,1.0,1.0,1.0,1.0,1.0,21.0,15.0,1.0,1.0,1.0,1.0,1.0,1.0,5.0,1.0,6.0,2.0,2.0,23.0,14.0,1.0,3.0,3.0,3.0,3.0,3.0,3.0,3.0,3.0,1.0,1.0,1.0,1.0,1.0,6.0,1.0,4.0,10.0,9.0,26.0,7.0,3.0,3.0,4.0,3.0,3.0,3.0,4.0,3.0,1.0,1.0,1.0,1.0,3.0,1.0,1.0,13.0,2.0,2.0,2.0,2.0,2.0,2.0,2.0,1.0,1.0,2.0,2.0,2.0,2.0,2.0,2.0,3.0,2.0,1.0,2.0,2.0,2.0,2.0,2.0,2.0,2.0,1.0,2.0,2.0,2.0,2.0,2.0,2.0,2.0,2.0,2.0,2.0,2.0,1.0,-2.0,1.0,4.0,1.0,-4.0,-4.0,-5.0,-4.0,-4.0,-4.0,-5.0,-4.0,-1.0,1.0,2.0,-1.0,1.0,-4.0,-5.0,-4.0,-4.0,-5.0,-4.0,2.0,1.0,-5.0,-6.0,-5.0,-5.0,-6.0,-5.0,1.0,1.0,1.0,-5.0,-5.0,-5.0,-5.0,-5.0,-5.0,-1.0,1.0,-1.0,-5.0,-5.0,-5.0,-5.0,-5.0,-5.0,-3.0,-4.0,-1.0,-1.0,-3.0,-1.0,0.0,1.0,-9.0,-5.0,1.0,-1.0,-2.0,-1.0,-1.0,-2.0,-1.0,-3.0,-2.0,-1.0,-1.0,-1.0,-1.0,-1.0,-3.0,-1.0,-1.0,-1.0,-1.0,-3.0,-2.0,19.45784305872714,-2.0,-1.0,-1.0,-1.0,-2.0,7.0,-4.0,-2.0,-3.0,-3.0,-1.0,-1.0,-1.0,1.0,1.0,0.0,-1.0,-5.0,-7.0,-1.0,-2.0,-1.0,9.0,2.0,13.0,-1.0,-1.0,-1.0,-5.0,-5.0,-2.0,-4.0,1.0,5.0,4.0,2.0,2.0,1.0,2.0,15.0,17.0,4.0,5.0,7.0,13.0,1.0,3.0,1.0,1.0,1.0,12.0,5.0,5.0,1.0,11.0,2.0,4.0,2.0,1.0,15.57346510062307,4.0,2.0,1.0,1.0,2.0,1.0,1.0,2.0,1.0,1.0,2.0,6.0,1.0,1.0,2.0,4.0,3.0,2.0,2.0,3.0,7.0,1.0,1.0,1.0,1.0,1.0,2.0,1.0,1.0,1.0,1.0,1.0,1.0,1.0,1.0,2.0,2.0,1.0,4.0,1.0,1.0,1.0,1.0,3.0,1.0,2.0,6.0,1.0,1.0,1.0,1.0,1.0,1.0,-2.5485758184053537,1.0,1.0,1.0,1.0,1.0,3.0,1.0,1.0,3.0,2.0,2.0,2.0,5.0,-20.80157324031526,2.0,2.0,4.0,3.0,1.0,2.0,2.0,2.0,2.0,-15.704502461243464,1.0,2.0,2.0,2.0,1.0,1.0,1.0,1.0,1.0,2.0,1.0,4.0,1.0,1.0,1.0,1.0,2.0,1.0,1.0,1.0,5.0,5.0,1.0,4.0,3.0,2.0,2.0,1.0,5.0,1.0,3.0,4.0,2.0,1.0,3.0,3.0,4.0,3.0,3.0,1.0,1.0,2.0,1.0,3.0,2.0,4.0,2.0,1.0,4.0,2.0,1.0,2.0,3.0,3.0,3.0,3.0,2.0,1.0,4.0,5.0,1.0,1.0,5.0,4.0,2.0,1.0,1.0,6.276158308138452,6.0,10.0,1.0,5.0,5.0,1.0,7.0,2.0,1.0,10.0,4.0,3.0,3.0,1.0,7.0,1.0,11.0,1.0,2.0,2.0,1.0,3.0,2.0,1.0,1.0,5.0,8.0,1.0,7.0,3.0,1.0,2.0,2.0,1.0,2.0,1.0,1.0,1.0,1.0,2.0,7.0,6.0,1.0,2.0,1.0,1.0,1.0,1.0,5.0,1.0,1.0,2.0,5.0,1.0,2.0,7.0,6.0,6.0,1.0,2.0,9.0,3.0,6.0,1.0,6.0,4.0,9.0,1.0,1.0,1.0,2.0,10.0,6.0,2.0,2.0,5.0,5.0,1.0,10.0,1.0,2.0,4.0,5.0,13.0,1.0,1.0,1.0,1.0,4.0,4.0,3.0,1.0,2.0,1.0,1.0,1.0,2.0,4.0,4.0,5.0,11.0,1.0,1.0,13.2640361646798,1.0,5.0,2.0,7.0,1.0,1.0,2.0,1.0,1.0,1.0,3.0,3.0,2.0,2.0,3.0,5.0,1.0,2.0,1.0,-2.0,1.0,1.0,7.0,-3.0,-3.0,-3.0,-3.0,1.0,0.0,4.0,-2.0,5.0,-6.0,-6.0,-6.0,-6.0,-2.0,-1.0,-1.0,-6.0,-6.0,-6.0,-6.0,-3.0,-2.0,-1.0,-1.0,-3.0,-3.0,-3.0,-3.0,-2.0,-1.0,-1.0,2.0,-1.0,-6.0,-6.0,-6.0,-7.103831779623127,-6.0,-6.0,-6.0,1.0,1.0,-3.0,-3.0,7.0,2.0,-5.0,-5.0,-5.0,-5.0,1.0,-2.0,-2.0,2.0,1.0,-5.0,-6.0,-5.0,-5.0,2.0,1.0,1.0,1.0,-6.0,-6.0,-6.0,-6.0,-1.0,1.0,-2.0,-2.0,1.0,2.0,-13.0,-13.0,-1.0,-1.0,-2.0,2.0,1.0,-5.0,-5.0,-5.0,-5.0,-5.0,-5.0,1.0,1.0,-5.0,-5.0,-5.0,-5.0,-5.0,0.0,-3.0,-12.0,-12.0,1.0,5.0,-7.0,-7.0,-7.0,-7.0,1.0,7.0,1.0,1.0,1.0,2.0,11.0,1.0,4.0,1.0,3.0,6.0,1.0,2.0,3.0,15.0,3.0,2.0,3.0,4.0,1.0,6.0,6.0,4.0,2.0,1.0,1.0,1.0,1.0,1.0,1.0,3.0,7.0,1.0,3.0,1.0,1.0,1.0,3.0,2.0,1.0,2.0,2.0,1.0,1.0,3.0,3.0,3.0,1.0,1.0,2.0,3.0,3.0,3.0,1.0,1.0,1.0,3.0,4.0,4.0,2.0,3.0,1.0,1.0,1.0,1.0,1.0,1.0,2.0,3.0,4.0,4.0,2.0,6.0,3.0,1.0,1.0,1.0,1.0,1.0,1.0,2.0,3.0,1.0,13.0,3.0,1.0,1.0,6.0,1.0,1.0,1.0,4.0,1.0,1.0,2.0,2.0,4.0,3.0,3.0,1.0,1.0,1.0,1.0,2.0,2.0,3.0,3.0,1.0,1.0,2.0,2.0,1.0,2.0,6.0,6.0,2.0,3.0,2.0,2.0,1.0,1.0,2.0,2.0,6.0,6.0,2.0,3.0,2.0,2.0,1.0,1.0,21.0,3.0,4.0,1.0,2.0,2.0,8.0,1.0,7.0,2.0,1.0,2.0,3.0,4.0,4.0,1.0,16.0,1.0,6.0,3.0,1.0,1.0,2.0,10.0,1.0,10.0,3.0,3.0,2.0,1.0,4.0,3.0,1.0,2.0,1.0,1.0,4.0,1.0,3.0,1.0,2.0,2.0,1.0,1.0,1.0,1.0,3.0,1.0,1.0,2.0,1.0,1.0,1.0,1.0,1.0,1.29786125122586,1.0,1.0,1.0,1.0,1.0,4.0,3.0,1.0,1.0,1.0,1.0,1.0,1.0,2.0,2.0,1.0,4.0,1.0,4.0,1.0,1.0,2.0,1.0,1.0,3.0,2.0,2.0,2.0,2.0,1.0,1.0,6.0,24.0,4.0,1.0,3.0,2.0,1.0,1.0,16.0,35.0,3.0,1.0,1.0,1.0,1.0,1.0,1.0,3.0,5.0,1.0,1.0,2.0,7.0,5.0,5.0,2.0,3.0,1.0,1.0,1.0,8.0,1.0,5.0,3.0,2.0,9.0,6.0,1.0,4.0,13.0,1.0,7.0,7.0,1.0,1.0,1.0,1.0,1.0,4.0,6.0,3.0,2.0,1.0,8.0,6.0,1.0,1.0,1.0,2.0,3.0,1.0,2.0,8.0,1.0,2.0,9.0,2.0,1.0,1.0,1.0,1.0,1.0,4.0,1.0,1.0,4.0,5.0,1.0,1.0,2.0,3.0,2.0,1.0,2.0,5.0,6.0,4.0,6.0,8.0,11.0,7.0,6.0,1.0,1.0,1.0,4.0,1.0,3.0,4.0,5.0,12.0,5.0,2.0,2.0,1.0,4.0,2.0,1.0,1.0,1.0,3.0,4.0,3.0,2.0,17.29671484676516,3.0,5.0,1.0,7.0,5.0,2.0,2.0,3.0,1.0,1.0,1.0,1.0,2.0,1.0,2.0,1.0,1.0,12.0,10.0,8.0,6.0,5.0,1.0,1.0,1.0,3.0,1.0,1.0,1.0,3.0,4.0,1.0,2.0,1.0,1.0,1.0,2.0,1.0,1.0,8.0,1.0,1.0,2.0,2.0,5.0,2.0,2.0,1.0,1.0,3.0,2.0,3.0,1.0,6.0,6.0,1.0,1.0,6.0,1.0,6.0,9.0,3.0,13.0,10.0,1.0,1.0,11.0,1.0,1.0,3.0,8.0,9.0,2.0,1.0,2.0,3.0,3.0,3.0,1.0,1.0,1.0,5.0,5.0,2.0,1.0,2.0,2.0,1.0,1.0,5.0,1.0,1.0,1.0,1.0,3.0,2.0,1.0,2.0,1.0,3.0,4.0,1.0,2.0,1.0,2.0,1.0,2.0,2.0,1.0,1.0,2.0,2.0,1.0,1.0,1.0,1.0,1.0,1.0,2.0,1.0,8.0,2.0,1.0,5.0,6.0,2.0,1.0,1.0,1.0,6.0,2.0,3.0,4.0,3.0,1.0,1.0,2.0,2.0,1.0,1.0,11.0,1.0,1.0,2.0,4.0,5.0,3.0,1.0,4.0,1.0,14.0,4.0,7.0,1.0,1.0,2.0,1.0,1.0,2.92572291035908,1.0,1.0,1.0,3.0,1.0,9.0,2.0,2.0,1.0,1.0,7.0,1.0,8.0,1.0,1.0,1.0,1.0,2.0,1.0,1.0,1.0,1.0,2.0,1.0,1.0,1.0,1.0,1.0,1.0,4.0,4.0,3.0,2.0,1.0,1.0,1.0,1.0,3.0,1.0,1.0,1.0,1.0,1.0,1.0,1.0,1.0,2.0,1.0,3.0,0.24337417607789,1.0,1.0,3.0,5.0,9.0,7.0,2.0,2.0,1.0,1.0,1.0,2.0,3.0,1.0,1.0,2.0,3.0,1.0,1.0,2.0,2.0,1.0,1.0,1.0,1.0,2.0,1.0,1.0,-1.0,-1.0,-2.0,-4.0,-12.0,-7.0,-6.0,-6.0,-9.0,-11.0,-2.0,-8.0,-10.0,-6.0,-11.0,-6.50984180533249,-1.0,-4.0,-1.0,-10.0,-11.0,-3.0,-8.0,-12.0,-10.0,-1.0,-1.0,-1.0,-1.0,-7.0,-7.0,-13.0,-7.0,2.0,1.0,1.0,1.0,2.0,1.0,1.0,5.0,1.0,2.0,1.0,1.0,3.0,1.0,3.0,1.0,1.0,1.0,1.0,1.0,1.0,1.0,1.0,4.0,1.0,1.0,2.0,1.0,1.0,3.0,1.0,1.0,2.0,1.0,1.0,2.0,3.0,1.0,2.0,1.0,1.0,1.0,1.0,1.0,1.0,2.0,1.0,2.0,1.0,2.0,5.0,6.0,1.0,2.0,1.0,1.0,3.0,1.0,1.0,2.0,3.0,3.0,1.0,1.0,2.0,5.0,5.0,1.0,1.0,4.0,3.0,2.0,1.0,1.0,-1.0,1.0,2.0,-3.0,1.0,1.0,-4.0,-4.0,-3.0,2.0,-1.0,-1.0,-1.0,-2.0,2.0,10.0,1.0,1.0,1.0,2.0,3.0,4.0,1.0,2.0,1.0,17.0,1.0,1.0,1.0,1.0,2.0,1.0,1.0,1.0,4.0,4.0,1.0,3.0,1.0,1.0,2.0,1.0,1.0,1.0,2.0,2.0,1.0,1.0,1.0,1.0,2.0,3.0,18.94840458248437,1.0,1.0,3.0,1.0,1.0,1.0,2.0,3.0,1.0,1.0,2.0,4.0,2.0,1.0,1.0,1.0,1.0,2.0,3.0,1.0,4.0,1.0,1.0,1.0,4.0,4.0,1.0,1.0,2.0,2.0,2.0,2.0,1.0,2.0,1.0,2.0,3.0,1.0,6.0,11.0,8.0,5.0,4.0,5.0,3.0,2.0,1.0,1.0,1.0,1.0,1.0,2.0,2.0,3.0,2.0,3.0,1.0,1.0,1.0,1.0,1.0,1.0,3.0,2.0,5.0,1.0,2.0,2.0,1.0,5.0,1.0,5.0,1.0,2.0,5.0,3.0,2.0,1.0,15.11250881122309,1.0,2.0,3.0,1.0,1.0,1.0,3.0,3.0,2.0,4.0,1.0,1.0,1.0,1.0,1.0,1.0,1.0,1.0,1.0,1.0,1.0,3.0,5.0,1.0,1.0,1.0,2.0,2.0,1.0,1.0,5.0,1.0,1.0,5.0,1.0,1.0,-7.0,-7.0,1.0,-1.0,-4.0,-2.0,-1.0,-2.0,-1.0,1.0,-1.0,-3.0,-5.0,0.0,-3.0,-1.0,-2.0,-4.0,1.0,-1.0,1.0,-1.0,-1.0,1.0,-1.0,-1.0,2.0,-2.0,-3.0,2.0,-2.0,-1.0,1.0,-1.0,-1.0,-2.0,1.0,-2.0,-1.0,2.0,-1.0,-1.0,-1.0,-1.0,-2.0,2.0,-2.0,-2.0,0.0,-1.0,-1.0,-1.0,-1.0,-1.0,1.0,1.0,1.0,7.0,1.0,1.0,1.0,1.0,1.0,2.0,1.0,1.0,12.0,1.0,1.0,1.0,1.0,1.0,1.0,2.0,1.0,1.0,1.0,1.0,2.0,4.0,3.0,1.0,1.0,3.0,1.0,1.0,1.0,1.0,2.0,1.0,1.0,1.0,1.0,1.0,2.0,1.0,1.0,3.0,7.0,2.0,1.0,1.0,1.0,1.0,1.0,1.0,1.0,1.0,1.0,1.0,1.0,1.0,6.0,1.0,1.0,1.0,1.0,1.0,1.0,1.0,1.0,1.0,1.0,1.0,1.0,1.0,1.0,1.0,1.0,4.0,1.0,1.0,1.0,1.0,1.0,1.0,1.0,1.0,1.0,1.0,1.0,1.0,1.0,1.0,1.0,1.0,1.0,1.0,1.0,-1.0,-1.0,1.0,1.0,2.0,-2.0,-2.0,-2.0,-2.0,-2.0,1.0,1.0,-3.56110793196185,-3.0,-3.0,-3.0,1.0,-5.0,-5.0,-5.0,1.0,1.0,1.0,1.0,2.0,1.0,1.0,-1.0,-1.0,-1.0,-1.0,-1.0,-1.0,4.0,4.0,1.0,1.0,3.0,1.0,1.0,1.0,1.0,1.0,3.0,3.0,2.0,1.0,1.0,1.0,1.0,1.0,2.0,1.0,1.0,2.0,2.0,1.0,1.0,1.0,1.0,1.0,3.0,3.0,3.0,1.0,1.0,2.0,1.0,1.0,2.0,2.0,2.0,1.0,1.0,1.0,2.0,1.0,1.0,1.0,1.0,3.0,1.0,1.0,1.0,1.0,4.0,2.0,5.0,1.0,2.0,1.0,1.0,1.0,1.0,3.0,1.0,2.0,3.0,2.0,1.0,1.0,1.0,2.0,2.0,2.0,2.0,1.0,6.0,3.0,6.0,1.0,1.0,1.0,3.0,1.0,4.0,5.0,1.0,1.0,1.0,1.0,1.0,17.0,1.0,2.0,12.0,1.0,2.0,3.0,8.0,13.0,5.0,2.0,1.0,2.0,6.0,4.0,4.0,2.0,1.0,3.0,2.0,1.0,1.0,1.0,3.0,1.0,1.0,1.0,3.0,1.0,1.0,1.0,3.0,1.0,1.0,1.0,2.0,3.0,7.0,4.0,3.0,-0.31044766992144,2.0,2.0,2.0,1.0,1.0,1.0,1.0,1.0,1.0,1.0,1.0,1.0,1.0,1.0,1.0,1.0,1.0,1.0,1.0,1.0,1.0,1.0,1.0,1.0,1.0,1.0,1.0,1.0,3.0,1.0,1.0,2.0,2.0,2.0,2.0,3.0,1.0,1.0,1.0,2.0,1.0,4.0,3.0,1.0,1.0,1.0,2.0,1.0,7.39298284432326,1.0,5.0,3.0,2.0,1.0,1.0,1.0,1.0,1.0,1.0,1.0,1.0,1.0,3.0,4.0,3.0,1.0,1.0,1.0,1.0,1.0,1.0,1.0,1.0,1.0,1.0,1.0,1.0,2.0,1.0,1.0,1.0,1.0,1.0,1.0,1.0,1.0,1.0,1.0,1.0,2.0,1.0,1.0,1.0,1.0,1.0,1.0,1.0,1.0,1.0,1.0,1.0,1.0,1.0,3.0,8.0,2.0,1.0,2.0,1.0,1.0,4.0,1.0,1.0,1.0,1.0,1.0,1.0,1.0,7.0,5.0,2.0,3.0,1.0,1.0,2.0,1.0,1.0,1.0,1.0,1.0,1.0,2.0,3.0,1.0,2.0,2.0,2.0,-16.38832593496558,3.0,1.0,1.0,1.0,1.0,3.0,2.0,3.0,3.0,1.0,1.0,2.0,2.0,2.0,3.0,2.0,1.0,3.0,1.0,2.0,2.0,2.0,2.0,2.0,2.0,1.0,1.0,1.0,1.0,1.0,1.0,1.0,1.0,1.0,2.0,1.0,1.0,1.0,3.0,1.0,1.0,1.0,1.0,1.0,1.0,1.0,2.0,1.0,6.0,1.0,5.0,1.0,4.0,1.0,8.0,1.0,3.0,3.0,4.0,1.0,2.0,2.0,1.0,1.0,3.0,2.0,3.0,1.0,2.0,1.0,1.0,2.0,1.0,1.0,4.0,6.0,1.0,1.0,1.0,2.0,2.0,1.0,1.0,3.0,5.0,5.38785976813884,1.0,1.0,5.0,1.0,1.0,2.0,1.0,1.0,1.0,4.0,2.0,1.0,4.0,2.0,6.0,1.0,1.0,1.0,1.0,6.0,5.96397995782018,1.0,1.0,3.0,3.0,-1.3686525685699,9.0,2.0,3.0,3.0,3.0,3.0,1.0,1.0,5.0,5.0,5.0,5.0,1.0,7.0,10.0,2.0,1.0,4.0,5.0,5.0,5.0,5.0,2.0,1.0,3.0,5.0,4.0,2.0,2.0,1.0,1.0,2.0,3.0,1.0,1.0,3.0,11.0,5.0,5.0,5.0,5.0,5.0,5.0,5.0,5.0,13.0,3.0,2.0,2.0,3.0,11.0,5.0,5.0,5.0,5.0,1.0,1.0,2.0,18.0,11.0,2.0,1.0,3.0,3.0,5.0,5.0,5.0,5.0,5.0,5.0,2.0,1.0,3.0,1.0,1.0,21.0,1.0,2.0,3.0,6.0,6.0,6.0,6.0,2.0,5.0,3.0,2.0,5.0,13.0,2.0,5.0,5.0,5.0,5.0,6.0,2.0,24.0,2.0,1.0,2.0,5.0,5.0,5.0,5.0,1.0,2.0,4.0,3.0,12.0,1.0,9.0,4.0,4.0,4.0,4.0,4.0,4.0,4.0,1.0,10.0,4.0,1.0,21.0,1.0,2.0,1.0,1.0,1.0,4.0,3.0,5.0,6.0,6.0,6.0,6.0,6.0,1.0,1.0,3.0,15.0,1.0,1.0,1.0,1.0,7.0,4.0,1.0,10.0,5.0,5.0,5.0,5.0,1.0,1.0,4.0,2.0,-19.72431348956135,1.0,2.0,2.0,9.0,2.0,1.0,1.0,3.0,1.0,4.0,3.0,1.0,1.0,1.0,1.0,1.0,2.0,1.0,1.0,9.0,1.0,1.0,1.0,2.0,5.0,5.0,5.0,5.0,2.0,1.0,7.0,1.0,2.0,5.0,5.0,5.0,5.0,5.0,5.0,5.0,3.0,1.0,1.0,20.0,1.0,1.0,1.0,4.0,1.0,1.0,2.0,1.0,9.0,3.0,4.0,4.0,4.0,4.0,4.0,4.0,4.0,4.0,1.0,1.0,37.0,1.0,1.0,1.0,6.0,6.0,6.0,6.0,6.0,6.0,1.0,1.0,1.0,1.0,6.0,16.0,1.0,5.0,5.0,5.0,5.0,1.0,27.0,1.0,1.0,1.0,7.0,6.0,6.0,6.0,6.0,1.0,2.0,1.0,30.0,1.0,1.0,1.0,1.0,8.0,6.0,6.0,6.0,6.0,13.32796194626393,2.0,2.0,2.0,2.0,5.0,5.0,7.0,3.0,30.0,3.0,10.0,6.0,1.0,10.0,5.0,5.0,5.0,5.0,5.0,5.0,5.0,4.0,1.0,6.0,8.0,1.0,2.0,3.0,4.0,4.0,5.0,6.0,6.0,6.0,6.0,-5.0,-5.0,-5.0,-5.0,-5.0,-5.0,-5.0,-5.0,-5.0,-5.0,1.0
1.0,1.0,1.0,2.0,1.0,2.0,4.0,7.0,1.0,2.0,1.0,5.0,1.0,1.0,1.0,1.0,3.0,1.0,2.0,1.0,1.0,1.0,1.0,1.0,1.0,1.0,5.0,2.0,1.0,3.0,1.0,1.0,5.0,1.0,1.0,2.0,1.0,1.0,1.0,2.0,3.0,1.0,1.0,1.0,1.0,1.0,1.0,1.0,1.0,1.0,1.0,1.0,5.0,3.0,2.0,1.0,1.0,2.0,1.0,1.0,1.0,1.0,1.0,1.0,1.0,1.0,2.0,1.0,5.0,1.0,2.0,1.0,1.0,2.0,1.0,1.0,1.0,1.0,2.0,1.0,7.0,4.0,1.0,2.0,1.0,2.0,12.0,5.0,1.0,15.0,1.0,2.0,2.0,2.0,1.0,1.0,8.0,1.0,4.0,1.0,1.0,16.0,3.0,3.0,1.0,2.0,1.0,1.0,6.0,7.0,1.0,2.0,3.0,2.0,2.0,3.0,2.0,1.0,5.0,1.0,3.0,2.0,2.0,1.0,1.0,1.0,10.0,10.0,1.0,3.0,2.0,1.0,2.0,5.0,2.0,1.0,3.0,1.0,1.0,1.0,1.0,1.0,1.0,1.0,7.0,1.0,1.0,13.0,1.0,1.0,1.0,10.0,2.0,1.0,3.0,1.0,1.0,2.0,3.0,1.0,1.0,1.0,1.0,1.0,1.0,1.0,2.0,1.0,14.0,1.0,1.0,1.0,2.0,2.0,1.0,3.0,2.0,1.0,1.0,1.0,2.0,5.0,1.0,1.0,1.0,4.0,1.0,4.0,2.0,14.0,1.0,2.0,2.0,4.0,1.0,1.0,3.0,1.0,1.0,2.0,1.0,1.0,4.0,3.0,17.0,1.0,1.0,1.0,1.0,3.0,1.0,3.0,5.0,1.0,2.0,2.0,2.0,1.0,1.0,1.0,4.0,1.0,2.0,1.0,1.0,1.0,1.0,1.0,1.0,5.0,2.0,2.0,3.0,1.0,1.0,1.0,1.0,2.0,1.0,1.0,1.0,1.0,1.0,5.0,2.0,3.0,2.0,2.0,3.0,1.0,2.0,4.0,1.0,2.0,2.0,2.0,1.0,1.0,1.0,1.0,1.0,3.0,2.0,1.0,1.0,13.0,3.0,1.0,1.0,1.0,7.0,4.0,1.0,1.0,1.0,8.0,1.0,1.0,6.0,2.0,1.0,3.0,2.0,8.0,2.0,1.0,1.0,1.0,5.0,1.0,8.0,1.0,4.0,9.0,7.0,1.0,1.0,8.0,1.0,2.0,1.0,1.0,4.0,1.0,1.0,1.0,7.0,4.0,5.0,3.0,1.0,1.0,1.0,2.0,1.0,1.0,1.0,1.0,1.0,1.0,6.0,3.0,2.0,2.0,1.0,1.0,1.0,1.0,1.0,1.0,5.0,1.0,1.0,3.0,1.0,1.0,3.0,3.0,1.0,1.0,1.0,2.0,2.0,1.0,1.0,1.0,3.0,4.0,4.0,1.0,1.0,1.0,2.0,1.0,2.0,2.0,2.0,8.0,9.0,3.0,1.0,2.0,1.0,1.0,3.0,2.0,2.0,1.0,5.0,1.0,3.0,3.0,3.0,4.0,1.0,1.0,2.0,2.0,3.0,3.0,1.0,3.0,2.0,1.0,1.0,1.0,1.0,1.0,1.0,1.0,1.0,1.0,1.0,1.0,2.0,10.0,2.0,3.0,3.0,3.0,2.0,1.0,1.0,1.0,1.0,2.0,1.0,15.0,3.0,3.0,3.0,3.0,1.0,1.0,11.0,2.0,2.0,2.0,3.0,1.0,1.0,1.0,1.0,9.0,2.0,2.0,3.0,3.0,1.0,1.0,1.0,2.0,1.0,13.0,2.0,2.0,3.0,3.0,6.0,5.0,2.0,2.0,2.0,2.0,3.0,3.0,4.0,3.0,2.0,2.0,3.0,3.0,4.0,2.0,7.0,3.0,3.0,2.0,2.0,1.0,3.0,7.0,2.0,13.0,6.0,4.0,1.0,1.0,1.0,2.0,1.0,3.0,2.0,10.0,2.0,14.0,1.0,1.0,1.0,9.0,3.0,2.0,1.0,1.0,10.0,2.0,1.0,1.0,1.0,2.0,3.0,7.0,5.0,1.0,1.0,1.0,2.0,6.0,2.0,2.0,4.0,2.0,1.0,1.0,1.0,3.0,2.0,10.0,3.0,1.0,1.0,1.0,5.0,3.0,5.0,1.0,3.0,1.0,1.0,2.0,2.0,3.0,2.0,1.0,2.0,1.0,1.0,1.0,2.0,1.0,1.0,1.0,1.0,5.0,1.0,2.0,1.0,1.0,1.0,1.0,1.0,4.0,1.0,1.0,14.0,1.0,4.0,1.0,13.0,11.0,2.0,2.0,1.0,5.0,1.0,11.0,1.0,1.0,1.0,1.0,1.0,4.0,1.0,1.0,1.0,1.0,3.0,1.0,3.0,1.0,5.0,9.0,1.0,1.0,1.0,1.0,4.0,1.0,6.0,13.0,1.0,3.0,3.0,4.0,1.0,3.0,1.0,4.0,1.0,14.0,9.0,12.0,7.0,1.0,1.0,1.0,2.0,4.0,4.0,6.0,10.0,8.0,21.0,4.0,4.0,3.0,2.0,4.0,1.0,2.0,12.0,11.0,1.0,3.0,4.0,1.0,1.0,1.0,1.0,3.0,6.0,7.0,2.0,5.0,3.0,3.0,8.0,10.0,2.0,19.0,8.0,5.0,1.0,3.0,2.0,6.0,-2.04564786099211,2.0,1.0,2.0,3.0,8.0,9.0,6.0,6.0,1.0,1.0,2.0,2.0,2.0,8.0,4.0,5.0,8.0,7.0,13.0,3.0,9.0,2.0,1.0,3.0,5.0,1.0,3.0,1.0,1.0,5.47566330468136,8.0,1.0,2.0,1.0,1.0,6.0,1.0,1.0,1.0,5.0,15.0,1.0,2.0,7.0,5.0,4.0,5.0,4.0,16.0,6.0,4.0,2.0,1.0,1.0,1.0,1.0,1.0,1.0,2.0,1.0,7.0,7.0,4.0,1.0,2.0,1.0,2.0,1.0,1.0,1.0,1.0,2.0,2.0,1.0,1.0,1.0,1.0,1.0,1.0,1.0,1.0,1.0,1.0,1.0,2.0,2.0,4.0,1.0,1.0,1.0,2.0,7.0,1.0,1.0,1.0,1.0,1.0,1.0,1.0,2.0,3.0,6.0,7.0,4.0,1.0,3.0,1.0,1.0,1.0,1.0,1.0,1.0,1.0,1.0,1.0,2.0,1.0,1.0,2.0,1.0,1.0,1.0,2.0,1.0,1.0,1.0,1.0,1.0,2.0,2.0,3.0,6.0,1.0,1.0,2.0,1.0,1.0,2.0,1.0,1.0,13.0,19.0,2.0,1.0,1.0,4.0,1.0,1.0,1.0,1.0,1.0,1.0,1.0,1.0,1.0,1.0,1.0,2.0,1.0,1.0,1.0,16.0,15.0,1.0,2.0,2.0,2.0,1.0,1.0,1.0,2.0,1.0,1.0,1.0,1.0,1.0,2.0,1.0,1.0,3.0,1.0,1.0,1.0,2.0,1.0,1.0,12.0,7.0,1.0,5.0,1.0,3.0,1.0,1.0,1.0,2.0,3.0,1.0,1.0,6.0,7.0,3.0,5.0,3.0,1.0,1.0,3.0,2.0,1.0,7.0,16.0,1.0,1.0,5.0,3.0,1.0,1.0,3.0,2.0,1.0,3.96952489648403,1.0,2.0,3.0,3.0,1.0,1.0,2.0,1.0,1.0,1.0,2.0,30.0,1.0,4.0,7.0,1.0,1.0,1.0,1.0,1.0,2.0,1.0,2.0,1.0,1.0,1.0,1.0,1.0,1.0,5.0,24.0,4.0,2.0,1.0,1.0,1.0,1.0,1.0,1.0,2.0,2.0,3.0,1.0,2.0,1.0,1.0,1.0,1.0,1.0,1.0,1.0,2.0,1.0,1.0,1.0,1.0,1.0,1.0,1.0,1.0,3.0,1.0,1.0,1.0,3.0,5.0,2.0,3.0,1.0,1.0,2.0,1.0,2.0,1.0,3.0,1.0,2.0,1.0,1.0,2.0,2.0,2.0,1.0,1.0,5.0,2.0,2.0,4.0,1.0,3.0,1.0,4.0,1.0,1.0,2.0,1.0,1.0,4.0,1.0,2.0,1.0,1.0,2.0,4.0,1.0,2.0,2.0,5.0,1.0,1.0,2.0,1.0,1.0,3.0,1.0,1.0,3.0,3.0,5.0,3.0,4.0,1.0,1.0,1.0,2.0,1.0,2.0,1.0,2.0,1.0,1.0,3.0,1.0,1.0,1.0,1.0,2.0,1.0,1.0,1.0,2.0,1.0,1.0,1.0,1.0,1.0,1.0,1.0,1.0,4.0,1.0,1.0,1.0,2.0,1.0,6.0,1.0,1.0,1.0,2.0,2.0,1.0,1.0,1.0,-1.2523449689335,2.0,1.0,1.0,2.0,1.0,-1.0,-1.0,-1.0,-1.0,-2.0,1.0,9.0,-1.0,1.0,-1.0,-1.0,-5.0,-4.0,-3.0,-4.0,-5.0,-5.0,1.0,1.0,1.0,6.0,6.0,2.0,1.0,3.0,2.0,1.0,4.0,5.0,1.0,3.0,1.0,1.0,2.0,1.0,5.0,1.0,1.0,10.0,4.0,1.0,1.0,1.0,3.0,7.0,1.0,2.0,8.0,1.0,2.0,1.0,1.0,1.0,2.0,1.0,2.0,9.0,1.0,9.0,1.0,1.0,1.0,3.0,1.0,1.0,4.0,4.0,1.0,2.0,1.0,2.0,1.0,1.0,1.0,2.0,1.0,1.0,2.0,4.0,1.0,1.0,10.0,1.0,1.0,1.0,3.0,1.0,4.0,4.0,9.0,1.0,1.0,5.0,1.0,1.0,4.957128867032768,4.0,2.0,5.0,1.0,7.0,1.0,5.0,1.0,1.0,1.0,18.20845275419301,1.0,5.0,4.0,6.0,1.0,-3.0,-1.0,-1.0,-13.71931735451625,-2.0,-2.0,-1.0,-1.0,-1.0,-1.0,-3.0,-1.0,-2.0,-4.0,-1.0,-2.0,-1.0,-1.0,-1.0,5.0,4.0,2.0,7.0,2.0,1.0,2.0,1.0,2.0,1.0,3.0,4.0,4.0,1.0,1.0,2.0,4.0,2.0,6.0,1.0,5.0,11.27775448851298,8.0,7.0,1.0,4.0,3.0,1.0,1.0,1.0,2.0,1.0,4.0,1.0,1.0,1.0,1.0,2.0,1.0,1.0,3.0,2.0,4.0,7.0,7.0,4.0,1.0,1.0,4.0,1.0,1.0,2.0,1.0,1.0,5.0,1.0,2.0,7.0,4.0,2.0,2.0,1.0,1.0,1.0,2.0,2.0,2.0,1.0,1.0,2.0,6.0,1.0,4.0,2.0,3.0,-9.81276160699843,1.0,8.0,8.0,1.0,1.0,2.0,2.0,1.0,1.0,2.0,2.0,11.0,5.0,2.0,1.0,2.0,2.0,2.0,2.0,2.0,2.0,2.0,2.0,2.0,1.0,1.0,25.0,6.0,5.0,5.0,5.0,5.0,5.0,5.0,3.0,2.0,1.0,1.0,2.0,1.0,1.0,12.0,15.0,4.0,4.0,5.0,4.0,4.0,5.0,2.0,1.0,5.0,1.0,1.0,2.0,1.0,16.0,5.0,4.0,5.0,4.0,10.0,2.0,4.0,3.0,3.0,6.0,4.0,4.0,4.0,4.0,4.0,4.0,4.0,4.0,4.0,2.0,4.0,4.0,4.0,4.0,4.0,4.0,1.0,1.0,4.0,4.0,4.0,4.0,4.0,4.0,1.0,1.0,1.0,1.0,1.0,1.0,4.0,4.0,4.0,4.0,4.0,4.0,4.0,4.0,4.0,4.0,1.0,1.0,1.0,1.0,3.0,1.0,1.0,10.0,1.0,1.0,1.0,1.0,1.0,21.0,15.0,1.0,1.0,1.0,1.0,1.0,1.0,5.0,1.0,6.0,2.0,2.0,23.0,14.0,1.0,3.0,3.0,3.0,3.0,3.0,3.0,3.0,3.0,1.0,1.0,1.0,1.0,1.0,6.0,1.0,4.0,10.0,9.0,26.0,7.0,3.0,3.0,4.0,3.0,3.0,3.0,4.0,3.0,1.0,1.0,1.0,1.0,3.0,1.0,1.0,13.0,2.0,2.0,2.0,2.0,2.0,2.0,2.0,1.0,1.0,2.0,2.0,2.0,2.0,2.0,2.0,3.0,2.0,1.0,2.0,2.0,2.0,2.0,2.0,2.0,2.0,1.0,2.0,2.0,2.0,2.0,2.0,2.0,2.0,2.0,2.0,2.0,2.0,1.0,-2.0,1.0,4.0,1.0,-4.0,-4.0,-5.0,-4.0,-4.0,-4.0,-5.0,-4.0,-1.0,1.0,2.0,-1.0,1.0,-4.0,-5.0,-4.0,-4.0,-5.0,-4.0,2.0,1.0,-5.0,-6.0,-5.0,-5.0,-6.0,-5.0,1.0,1.0,1.0,-5.0,-5.0,-5.0,-5.0,-5.0,-5.0,-1.0,1.0,-1.0,-5.0,-5.0,-5.0,-5.0,-5.0,-5.0,-3.0,-4.0,-1.0,-1.0,-3.0,-1.0,0.0,1.0,-9.0,-5.0,1.0,-1.0,-2.0,-1.0,-1.0,-2.0,-1.0,-3.0,-2.0,-1.0,-1.0,-1.0,-1.0,-1.0,-3.0,-1.0,-1.0,-1.0,-1.0,-3.0,-2.0,19.45784305872714,-2.0,-1.0,-1.0,-1.0,-2.0,7.0,-4.0,-2.0,-3.0,-3.0,-1.0,-1.0,-1.0,1.0,1.0,0.0,-1.0,-5.0,-7.0,-1.0,-2.0,-1.0,9.0,2.0,13.0,-1.0,-1.0,-1.0,-5.0,-5.0,-2.0,-4.0,1.0,5.0,4.0,2.0,2.0,1.0,2.0,15.0,17.0,4.0,5.0,7.0,13.0,1.0,3.0,1.0,1.0,1.0,12.0,5.0,5.0,1.0,11.0,2.0,4.0,2.0,1.0,15.57346510062307,4.0,2.0,1.0,1.0,2.0,1.0,1.0,2.0,1.0,1.0,2.0,6.0,1.0,1.0,2.0,4.0,3.0,2.0,2.0,3.0,7.0,1.0,1.0,1.0,1.0,1.0,2.0,1.0,1.0,1.0,1.0,1.0,1.0,1.0,1.0,2.0,2.0,1.0,4.0,1.0,1.0,1.0,1.0,3.0,1.0,2.0,6.0,1.0,1.0,1.0,1.0,1.0,1.0,-2.5485758184053537,1.0,1.0,1.0,1.0,1.0,3.0,1.0,1.0,3.0,2.0,2.0,2.0,5.0,-20.80157324031526,2.0,2.0,4.0,3.0,1.0,2.0,2.0,2.0,2.0,-15.704502461243464,1.0,2.0,2.0,2.0,1.0,1.0,1.0,1.0,1.0,2.0,1.0,4.0,1.0,1.0,1.0,1.0,2.0,1.0,1.0,1.0,5.0,5.0,1.0,4.0,3.0,2.0,2.0,1.0,5.0,1.0,3.0,4.0,2.0,1.0,3.0,3.0,4.0,3.0,3.0,1.0,1.0,2.0,1.0,3.0,2.0,4.0,2.0,1.0,4.0,2.0,1.0,2.0,3.0,3.0,3.0,3.0,2.0,1.0,4.0,5.0,1.0,1.0,5.0,4.0,2.0,1.0,1.0,6.276158308138452,6.0,10.0,1.0,5.0,5.0,1.0,7.0,2.0,1.0,10.0,4.0,3.0,3.0,1.0,7.0,1.0,11.0,1.0,2.0,2.0,1.0,3.0,2.0,1.0,1.0,5.0,8.0,1.0,7.0,3.0,1.0,2.0,2.0,1.0,2.0,1.0,1.0,1.0,1.0,2.0,7.0,6.0,1.0,2.0,1.0,1.0,1.0,1.0,5.0,1.0,1.0,2.0,5.0,1.0,2.0,7.0,6.0,6.0,1.0,2.0,9.0,3.0,6.0,1.0,6.0,4.0,9.0,1.0,1.0,1.0,2.0,10.0,6.0,2.0,2.0,5.0,5.0,1.0,10.0,1.0,2.0,4.0,5.0,13.0,1.0,1.0,1.0,1.0,4.0,4.0,3.0,1.0,2.0,1.0,1.0,1.0,2.0,4.0,4.0,5.0,11.0,1.0,1.0,13.2640361646798,1.0,5.0,2.0,7.0,1.0,1.0,2.0,1.0,1.0,1.0,3.0,3.0,2.0,2.0,3.0,5.0,1.0,2.0,1.0,-2.0,1.0,1.0,7.0,-3.0,-3.0,-3.0,-3.0,1.0,0.0,4.0,-2.0,5.0,-6.0,-6.0,-6.0,-6.0,-2.0,-1.0,-1.0,-6.0,-6.0,-6.0,-6.0,-3.0,-2.0,-1.0,-1.0,-3.0,-3.0,-3.0,-3.0,-2.0,-1.0,-1.0,2.0,-1.0,-6.0,-6.0,-6.0,-7.103831779623127,-6.0,-6.0,-6.0,1.0,1.0,-3.0,-3.0,7.0,2.0,-5.0,-5.0,-5.0,-5.0,1.0,-2.0,-2.0,2.0,1.0,-5.0,-6.0,-5.0,-5.0,2.0,1.0,1.0,1.0,-6.0,-6.0,-6.0,-6.0,-1.0,1.0,-2.0,-2.0,1.0,2.0,-13.0,-13.0,-1.0,-1.0,-2.0,2.0,1.0,-5.0,-5.0,-5.0,-5.0,-5.0,-5.0,1.0,1.0,-5.0,-5.0,-5.0,-5.0,-5.0,0.0,-3.0,-12.0,-12.0,1.0,5.0,-7.0,-7.0,-7.0,-7.0,1.0,7.0,1.0,1.0,1.0,2.0,11.0,1.0,4.0,1.0,3.0,6.0,1.0,2.0,3.0,15.0,3.0,2.0,3.0,4.0,1.0,6.0,6.0,4.0,2.0,1.0,1.0,1.0,1.0,1.0,1.0,3.0,7.0,1.0,3.0,1.0,1.0,1.0,3.0,2.0,1.0,2.0,2.0,1.0,1.0,3.0,3.0,3.0,1.0,1.0,2.0,3.0,3.0,3.0,1.0,1.0,1.0,3.0,4.0,4.0,2.0,3.0,1.0,1.0,1.0,1.0,1.0,1.0,2.0,3.0,4.0,4.0,2.0,6.0,3.0,1.0,1.0,1.0,1.0,1.0,1.0,2.0,3.0,1.0,13.0,3.0,1.0,1.0,6.0,1.0,1.0,1.0,4.0,1.0,1.0,2.0,2.0,4.0,3.0,3.0,1.0,1.0,1.0,1.0,2.0,2.0,3.0,3.0,1.0,1.0,2.0,2.0,1.0,2.0,6.0,6.0,2.0,3.0,2.0,2.0,1.0,1.0,2.0,2.0,6.0,6.0,2.0,3.0,2.0,2.0,1.0,1.0,21.0,3.0,4.0,1.0,2.0,2.0,8.0,1.0,7.0,2.0,1.0,2.0,3.0,4.0,4.0,1.0,16.0,1.0,6.0,3.0,1.0,1.0,2.0,10.0,1.0,10.0,3.0,3.0,2.0,1.0,4.0,3.0,1.0,2.0,1.0,1.0,4.0,1.0,3.0,1.0,2.0,2.0,1.0,1.0,1.0,1.0,3.0,1.0,1.0,2.0,1.0,1.0,1.0,1.0,1.0,1.29786125122586,1.0,1.0,1.0,1.0,1.0,4.0,3.0,1.0,1.0,1.0,1.0,1.0,1.0,2.0,2.0,1.0,4.0,1.0,4.0,1.0,1.0,2.0,1.0,1.0,3.0,2.0,2.0,2.0,2.0,1.0,1.0,6.0,24.0,4.0,1.0,3.0,2.0,1.0,1.0,16.0,35.0,3.0,1.0,1.0,1.0,1.0,1.0,1.0,3.0,5.0,1.0,1.0,2.0,7.0,5.0,5.0,2.0,3.0,1.0,1.0,1.0,8.0,1.0,5.0,3.0,2.0,9.0,6.0,1.0,4.0,13.0,1.0,7.0,7.0,1.0,1.0,1.0,1.0,1.0,4.0,6.0,3.0,2.0,1.0,8.0,6.0,1.0,1.0,1.0,2.0,3.0,1.0,2.0,8.0,1.0,2.0,9.0,2.0,1.0,1.0,1.0,1.0,1.0,4.0,1.0,1.0,4.0,5.0,1.0,1.0,2.0,3.0,2.0,1.0,2.0,5.0,6.0,4.0,6.0,8.0,11.0,7.0,6.0,1.0,1.0,1.0,4.0,1.0,3.0,4.0,5.0,12.0,5.0,2.0,2.0,1.0,4.0,2.0,1.0,1.0,1.0,3.0,4.0,3.0,2.0,17.29671484676516,3.0,5.0,1.0,7.0,5.0,2.0,2.0,3.0,1.0,1.0,1.0,1.0,2.0,1.0,2.0,1.0,1.0,12.0,10.0,8.0,6.0,5.0,1.0,1.0,1.0,3.0,1.0,1.0,1.0,3.0,4.0,1.0,2.0,1.0,1.0,1.0,2.0,1.0,1.0,8.0,1.0,1.0,2.0,2.0,5.0,2.0,2.0,1.0,1.0,3.0,2.0,3.0,1.0,6.0,6.0,1.0,1.0,6.0,1.0,6.0,9.0,3.0,13.0,10.0,1.0,1.0,11.0,1.0,1.0,3.0,8.0,9.0,2.0,1.0,2.0,3.0,3.0,3.0,1.0,1.0,1.0,5.0,5.0,2.0,1.0,2.0,2.0,1.0,1.0,5.0,1.0,1.0,1.0,1.0,3.0,2.0,1.0,2.0,1.0,3.0,4.0,1.0,2.0,1.0,2.0,1.0,2.0,2.0,1.0,1.0,2.0,2.0,1.0,1.0,1.0,1.0,1.0,1.0,2.0,1.0,8.0,2.0,1.0,5.0,6.0,2.0,1.0,1.0,1.0,6.0,2.0,3.0,4.0,3.0,1.0,1.0,2.0,2.0,1.0,1.0,11.0,1.0,1.0,2.0,4.0,5.0,3.0,1.0,4.0,1.0,14.0,4.0,7.0,1.0,1.0,2.0,1.0,1.0,2.92572291035908,1.0,1.0,1.0,3.0,1.0,9.0,2.0,2.0,1.0,1.0,7.0,1.0,8.0,1.0,1.0,1.0,1.0,2.0,1.0,1.0,1.0,1.0,2.0,1.0,1.0,1.0,1.0,1.0,1.0,4.0,4.0,3.0,2.0,1.0,1.0,1.0,1.0,3.0,1.0,1.0,1.0,1.0,1.0,1.0,1.0,1.0,2.0,1.0,3.0,0.24337417607789,1.0,1.0,3.0,5.0,9.0,7.0,2.0,2.0,1.0,1.0,1.0,2.0,3.0,1.0,1.0,2.0,3.0,1.0,1.0,2.0,2.0,1.0,1.0,1.0,1.0,2.0,1.0,1.0,-1.0,-1.0,-2.0,-4.0,-12.0,-7.0,-6.0,-6.0,-9.0,-11.0,-2.0,-8.0,-10.0,-6.0,-11.0,-6.50984180533249,-1.0,-4.0,-1.0,-10.0,-11.0,-3.0,-8.0,-12.0,-10.0,-1.0,-1.0,-1.0,-1.0,-7.0,-7.0,-13.0,-7.0,2.0,1.0,1.0,1.0,2.0,1.0,1.0,5.0,1.0,2.0,1.0,1.0,3.0,1.0,3.0,1.0,1.0,1.0,1.0,1.0,1.0,1.0,1.0,4.0,1.0,1.0,2.0,1.0,1.0,3.0,1.0,1.0,2.0,1.0,1.0,2.0,3.0,1.0,2.0,1.0,1.0,1.0,1.0,1.0,1.0,2.0,1.0,2.0,1.0,2.0,5.0,6.0,1.0,2.0,1.0,1.0,3.0,1.0,1.0,2.0,3.0,3.0,1.0,1.0,2.0,5.0,5.0,1.0,1.0,4.0,3.0,2.0,1.0,1.0,-1.0,1.0,2.0,-3.0,1.0,1.0,-4.0,-4.0,-3.0,2.0,-1.0,-1.0,-1.0,-2.0,2.0,10.0,1.0,1.0,1.0,2.0,3.0,4.0,1.0,2.0,1.0,17.0,1.0,1.0,1.0,1.0,2.0,1.0,1.0,1.0,4.0,4.0,1.0,3.0,1.0,1.0,2.0,1.0,1.0,1.0,2.0,2.0,1.0,1.0,1.0,1.0,2.0,3.0,18.94840458248437,1.0,1.0,3.0,1.0,1.0,1.0,2.0,3.0,1.0,1.0,2.0,4.0,2.0,1.0,1.0,1.0,1.0,2.0,3.0,1.0,4.0,1.0,1.0,1.0,4.0,4.0,1.0,1.0,2.0,2.0,2.0,2.0,1.0,2.0,1.0,2.0,3.0,1.0,6.0,11.0,8.0,5.0,4.0,5.0,3.0,2.0,1.0,1.0,1.0,1.0,1.0,2.0,2.0,3.0,2.0,3.0,1.0,1.0,1.0,1.0,1.0,1.0,3.0,2.0,5.0,1.0,2.0,2.0,1.0,5.0,1.0,5.0,1.0,2.0,5.0,3.0,2.0,1.0,15.11250881122309,1.0,2.0,3.0,1.0,1.0,1.0,3.0,3.0,2.0,4.0,1.0,1.0,1.0,1.0,1.0,1.0,1.0,1.0,1.0,1.0,1.0,3.0,5.0,1.0,1.0,1.0,2.0,2.0,1.0,1.0,5.0,1.0,1.0,5.0,1.0,1.0,-7.0,-7.0,1.0,-1.0,-4.0,-2.0,-1.0,-2.0,-1.0,1.0,-1.0,-3.0,-5.0,0.0,-3.0,-1.0,-2.0,-4.0,1.0,-1.0,1.0,-1.0,-1.0,1.0,-1.0,-1.0,2.0,-2.0,-3.0,2.0,-2.0,-1.0,1.0,-1.0,-1.0,-2.0,1.0,-2.0,-1.0,2.0,-1.0,-1.0,-1.0,-1.0,-2.0,2.0,-2.0,-2.0,0.0,-1.0,-1.0,-1.0,-1.0,-1.0,1.0,1.0,1.0,7.0,1.0,1.0,1.0,1.0,1.0,2.0,1.0,1.0,12.0,1.0,1.0,1.0,1.0,1.0,1.0,2.0,1.0,1.0,1.0,1.0,2.0,4.0,3.0,1.0,1.0,3.0,1.0,1.0,1.0,1.0,2.0,1.0,1.0,1.0,1.0,1.0,2.0,1.0,1.0,3.0,7.0,2.0,1.0,1.0,1.0,1.0,1.0,1.0,1.0,1.0,1.0,1.0,1.0,1.0,6.0,1.0,1.0,1.0,1.0,1.0,1.0,1.0,1.0,1.0,1.0,1.0,1.0,1.0,1.0,1.0,1.0,4.0,1.0,1.0,1.0,1.0,1.0,1.0,1.0,1.0,1.0,1.0,1.0,1.0,1.0,1.0,1.0,1.0,1.0,1.0,1.0,-1.0,-1.0,1.0,1.0,2.0,-2.0,-2.0,-2.0,-2.0,-2.0,1.0,1.0,-3.56110793196185,-3.0,-3.0,-3.0,1.0,-5.0,-5.0,-5.0,1.0,1.0,1.0,1.0,2.0,1.0,1.0,-1.0,-1.0,-1.0,-1.0,-1.0,-1.0,4.0,4.0,1.0,1.0,3.0,1.0,1.0,1.0,1.0,1.0,3.0,3.0,2.0,1.0,1.0,1.0,1.0,1.0,2.0,1.0,1.0,2.0,2.0,1.0,1.0,1.0,1.0,1.0,3.0,3.0,3.0,1.0,1.0,2.0,1.0,1.0,2.0,2.0,2.0,1.0,1.0,1.0,2.0,1.0,1.0,1.0,1.0,3.0,1.0,1.0,1.0,1.0,4.0,2.0,5.0,1.0,2.0,1.0,1.0,1.0,1.0,3.0,1.0,2.0,3.0,2.0,1.0,1.0,1.0,2.0,2.0,2.0,2.0,1.0,6.0,3.0,6.0,1.0,1.0,1.0,3.0,1.0,4.0,5.0,1.0,1.0,1.0,1.0,1.0,17.0,1.0,2.0,12.0,1.0,2.0,3.0,8.0,13.0,5.0,2.0,1.0,2.0,6.0,4.0,4.0,2.0,1.0,3.0,2.0,1.0,1.0,1.0,3.0,1.0,1.0,1.0,3.0,1.0,1.0,1.0,3.0,1.0,1.0,1.0,2.0,3.0,7.0,4.0,3.0,-0.31044766992144,2.0,2.0,2.0,1.0,1.0,1.0,1.0,1.0,1.0,1.0,1.0,1.0,1.0,1.0,1.0,1.0,1.0,1.0,1.0,1.0,1.0,1.0,1.0,1.0,1.0,1.0,1.0,1.0,3.0,1.0,1.0,2.0,2.0,2.0,2.0,3.0,1.0,1.0,1.0,2.0,1.0,4.0,3.0,1.0,1.0,1.0,2.0,1.0,7.39298284432326,1.0,5.0,3.0,2.0,1.0,1.0,1.0,1.0,1.0,1.0,1.0,1.0,1.0,3.0,4.0,3.0,1.0,1.0,1.0,1.0,1.0,1.0,1.0,1.0,1.0,1.0,1.0,1.0,2.0,1.0,1.0,1.0,1.0,1.0,1.0,1.0,1.0,1.0,1.0,1.0,2.0,1.0,1.0,1.0,1.0,1.0,1.0,1.0,1.0,1.0,1.0,1.0,1.0,1.0,3.0,8.0,2.0,1.0,2.0,1.0,1.0,4.0,1.0,1.0,1.0,1.0,1.0,1.0,1.0,7.0,5.0,2.0,3.0,1.0,1.0,2.0,1.0,1.0,1.0,1.0,1.0,1.0,2.0,3.0,1.0,2.0,2.0,2.0,-16.38832593496558,3.0,1.0,1.0,1.0,1.0,3.0,2.0,3.0,3.0,1.0,1.0,2.0,2.0,2.0,3.0,2.0,1.0,3.0,1.0,2.0,2.0,2.0,2.0,2.0,2.0,1.0,1.0,1.0,1.0,1.0,1.0,1.0,1.0,1.0,2.0,1.0,1.0,1.0,3.0,1.0,1.0,1.0,1.0,1.0,1.0,1.0,2.0,1.0,6.0,1.0,5.0,1.0,4.0,1.0,8.0,1.0,3.0,3.0,4.0,1.0,2.0,2.0,1.0,1.0,3.0,2.0,3.0,1.0,2.0,1.0,1.0,2.0,1.0,1.0,4.0,6.0,1.0,1.0,1.0,2.0,2.0,1.0,1.0,3.0,5.0,5.38785976813884,1.0,1.0,5.0,1.0,1.0,2.0,1.0,1.0,1.0,4.0,2.0,1.0,4.0,2.0,6.0,1.0,1.0,1.0,1.0,6.0,5.96397995782018,1.0,1.0,3.0,3.0,-1.3686525685699,9.0,2.0,3.0,3.0,3.0,3.0,1.0,1.0,5.0,5.0,5.0,5.0,1.0,7.0,10.0,2.0,1.0,4.0,5.0,5.0,5.0,5.0,2.0,1.0,3.0,5.0,4.0,2.0,2.0,1.0,1.0,2.0,3.0,1.0,1.0,3.0,11.0,5.0,5.0,5.0,5.0,5.0,5.0,5.0,5.0,13.0,3.0,2.0,2.0,3.0,11.0,5.0,5.0,5.0,5.0,1.0,1.0,2.0,18.0,11.0,2.0,1.0,3.0,3.0,5.0,5.0,5.0,5.0,5.0,5.0,2.0,1.0,3.0,1.0,1.0,21.0,1.0,2.0,3.0,6.0,6.0,6.0,6.0,2.0,5.0,3.0,2.0,5.0,13.0,2.0,5.0,5.0,5.0,5.0,6.0,2.0,24.0,2.0,1.0,2.0,5.0,5.0,5.0,5.0,1.0,2.0,4.0,3.0,12.0,1.0,9.0,4.0,4.0,4.0,4.0,4.0,4.0,4.0,1.0,10.0,4.0,1.0,21.0,1.0,2.0,1.0,1.0,1.0,4.0,3.0,5.0,6.0,6.0,6.0,6.0,6.0,1.0,1.0,3.0,15.0,1.0,1.0,1.0,1.0,7.0,4.0,1.0,10.0,5.0,5.0,5.0,5.0,1.0,1.0,4.0,2.0,-19.72431348956135,1.0,2.0,2.0,9.0,2.0,1.0,1.0,3.0,1.0,4.0,3.0,1.0,1.0,1.0,1.0,1.0,2.0,1.0,1.0,9.0,1.0,1.0,1.0,2.0,5.0,5.0,5.0,5.0,2.0,1.0,7.0,1.0,2.0,5.0,5.0,5.0,5.0,5.0,5.0,5.0,3.0,1.0,1.0,20.0,1.0,1.0,1.0,4.0,1.0,1.0,2.0,1.0,9.0,3.0,4.0,4.0,4.0,4.0,4.0,4.0,4.0,4.0,1.0,1.0,37.0,1.0,1.0,1.0,6.0,6.0,6.0,6.0,6.0,6.0,1.0,1.0,1.0,1.0,6.0,16.0,1.0,5.0,5.0,5.0,5.0,1.0,27.0,1.0,1.0,1.0,7.0,6.0,6.0,6.0,6.0,1.0,2.0,1.0,30.0,1.0,1.0,1.0,1.0,8.0,6.0,6.0,6.0,6.0,13.32796194626393,2.0,2.0,2.0,2.0,5.0,5.0,7.0,3.0,30.0,3.0,10.0,6.0,1.0,10.0,5.0,5.0,5.0,5.0,5.0,5.0,5.0,4.0,1.0,6.0,8.0,1.0,2.0,3.0,4.0,4.0,5.0,6.0,6.0,6.0,6.0,-5.0,-5.0,-5.0,-5.0,-5.0,-5.0,-5.0,-5.0,-5.0,-5.0,1.0
1.0,1.0,1.0,2.0,1.0,2.0,4.0,7.0,1.0,2.0,1.0,5.0,1.0,1.0,1.0,1.0,3.0,1.0,2.0,1.0,1.0,1.0,1.0,1.0,1.0,1.0,5.0,2.0,1.0,3.0,1.0,1.0,5.0,1.0,1.0,2.0,1.0,1.0,1.0,2.0,3.0,1.0,1.0,1.0,1.0,1.0,1.0,1.0,1.0,1.0,1.0,1.0,5.0,3.0,2.0,1.0,1.0,2.0,1.0,1.0,1.0,1.0,1.0,1.0,1.0,1.0,2.0,1.0,5.0,1.0,2.0,1.0,1.0,2.0,1.0,1.0,1.0,1.0,2.0,1.0,7.0,4.0,1.0,2.0,1.0,2.0,12.0,5.0,1.0,15.0,1.0,2.0,2.0,2.0,1.0,1.0,8.0,1.0,4.0,1.0,1.0,16.0,3.0,3.0,1.0,2.0,1.0,1.0,6.0,7.0,1.0,2.0,3.0,2.0,2.0,3.0,2.0,1.0,5.0,1.0,3.0,2.0,2.0,1.0,1.0,1.0,10.0,10.0,1.0,3.0,2.0,1.0,2.0,5.0,2.0,1.0,3.0,1.0,1.0,1.0,1.0,1.0,1.0,1.0,7.0,1.0,1.0,13.0,1.0,1.0,1.0,10.0,2.0,1.0,3.0,1.0,1.0,2.0,3.0,1.0,1.0,1.0,1.0,1.0,1.0,1.0,2.0,1.0,14.0,1.0,1.0,1.0,2.0,2.0,1.0,3.0,2.0,1.0,1.0,1.0,2.0,5.0,1.0,1.0,1.0,4.0,1.0,4.0,2.0,14.0,1.0,2.0,2.0,4.0,1.0,1.0,3.0,1.0,1.0,2.0,1.0,1.0,4.0,3.0,17.0,1.0,1.0,1.0,1.0,3.0,1.0,3.0,5.0,1.0,2.0,2.0,2.0,1.0,1.0,1.0,4.0,1.0,2.0,1.0,1.0,1.0,1.0,1.0,1.0,5.0,2.0,2.0,3.0,1.0,1.0,1.0,1.0,2.0,1.0,1.0,1.0,1.0,1.0,5.0,2.0,3.0,2.0,2.0,3.0,1.0,2.0,4.0,1.0,2.0,2.0,2.0,1.0,1.0,1.0,1.0,1.0,3.0,2.0,1.0,1.0,13.0,3.0,1.0,1.0,1.0,7.0,4.0,1.0,1.0,1.0,8.0,1.0,1.0,6.0,2.0,1.0,3.0,2.0,8.0,2.0,1.0,1.0,1.0,5.0,1.0,8.0,1.0,4.0,9.0,7.0,1.0,1.0,8.0,1.0,2.0,1.0,1.0,4.0,1.0,1.0,1.0,7.0,4.0,5.0,3.0,1.0,1.0,1.0,2.0,1.0,1.0,1.0,1.0,1.0,1.0,6.0,3.0,2.0,2.0,1.0,1.0,1.0,1.0,1.0,1.0,5.0,1.0,1.0,3.0,1.0,1.0,3.0,3.0,1.0,1.0,1.0,2.0,2.0,1.0,1.0,1.0,3.0,4.0,4.0,1.0,1.0,1.0,2.0,1.0,2.0,2.0,2.0,8.0,9.0,3.0,1.0,2.0,1.0,1.0,3.0,2.0,2.0,1.0,5.0,1.0,3.0,3.0,3.0,4.0,1.0,1.0,2.0,2.0,3.0,3.0,1.0,3.0,2.0,1.0,1.0,1.0,1.0,1.0,1.0,1.0,1.0,1.0,1.0,1.0,2.0,10.0,2.0,3.0,3.0,3.0,2.0,1.0,1.0,1.0,1.0,2.0,1.0,15.0,3.0,3.0,3.0,3.0,1.0,1.0,11.0,2.0,2.0,2.0,3.0,1.0,1.0,1.0,1.0,9.0,2.0,2.0,3.0,3.0,1.0,1.0,1.0,2.0,1.0,13.0,2.0,2.0,3.0,3.0,6.0,5.0,2.0,2.0,2.0,2.0,3.0,3.0,4.0,3.0,2.0,2.0,3.0,3.0,4.0,2.0,7.0,3.0,3.0,2.0,2.0,1.0,3.0,7.0,2.0,13.0,6.0,4.0,1.0,1.0,1.0,2.0,1.0,3.0,2.0,10.0,2.0,14.0,1.0,1.0,1.0,9.0,3.0,2.0,1.0,1.0,10.0,2.0,1.0,1.0,1.0,2.0,3.0,7.0,5.0,1.0,1.0,1.0,2.0,6.0,2.0,2.0,4.0,2.0,1.0,1.0,1.0,3.0,2.0,10.0,3.0,1.0,1.0,1.0,5.0,3.0,5.0,1.0,3.0,1.0,1.0,2.0,2.0,3.0,2.0,1.0,2.0,1.0,1.0,1.0,2.0,1.0,1.0,1.0,1.0,5.0,1.0,2.0,1.0,1.0,1.0,1.0,1.0,4.0,1.0,1.0,14.0,1.0,4.0,1.0,13.0,11.0,2.0,2.0,1.0,5.0,1.0,11.0,1.0,1.0,1.0,1.0,1.0,4.0,1.0,1.0,1.0,1.0,3.0,1.0,3.0,1.0,5.0,9.0,1.0,1.0,1.0,1.0,4.0,1.0,6.0,13.0,1.0,3.0,3.0,4.0,1.0,3.0,1.0,4.0,1.0,14.0,9.0,12.0,7.0,1.0,1.0,1.0,2.0,4.0,4.0,6.0,10.0,8.0,21.0,4.0,4.0,3.0,2.0,4.0,1.0,2.0,12.0,11.0,1.0,3.0,4.0,1.0,1.0,1.0,1.0,3.0,6.0,7.0,2.0,5.0,3.0,3.0,8.0,10.0,2.0,19.0,8.0,5.0,1.0,3.0,2.0,6.0,-2.04564786099211,2.0,1.0,2.0,3.0,8.0,9.0,6.0,6.0,1.0,1.0,2.0,2.0,2.0,8.0,4.0,5.0,8.0,7.0,13.0,3.0,9.0,2.0,1.0,3.0,5.0,1.0,3.0,1.0,1.0,5.47566330468136,8.0,1.0,2.0,1.0,1.0,6.0,1.0,1.0,1.0,5.0,15.0,1.0,2.0,7.0,5.0,4.0,5.0,4.0,16.0,6.0,4.0,2.0,1.0,1.0,1.0,1.0,1.0,1.0,2.0,1.0,7.0,7.0,4.0,1.0,2.0,1.0,2.0,1.0,1.0,1.0,1.0,2.0,2.0,1.0,1.0,1.0,1.0,1.0,1.0,1.0,1.0,1.0,1.0,1.0,2.0,2.0,4.0,1.0,1.0,1.0,2.0,7.0,1.0,1.0,1.0,1.0,1.0,1.0,1.0,2.0,3.0,6.0,7.0,4.0,1.0,3.0,1.0,1.0,1.0,1.0,1.0,1.0,1.0,1.0,1.0,2.0,1.0,1.0,2.0,1.0,1.0,1.0,2.0,1.0,1.0,1.0,1.0,1.0,2.0,2.0,3.0,6.0,1.0,1.0,2.0,1.0,1.0,2.0,1.0,1.0,13.0,19.0,2.0,1.0,1.0,4.0,1.0,1.0,1.0,1.0,1.0,1.0,1.0,1.0,1.0,1.0,1.0,2.0,1.0,1.0,1.0,16.0,15.0,1.0,2.0,2.0,2.0,1.0,1.0,1.0,2.0,1.0,1.0,1.0,1.0,1.0,2.0,1.0,1.0,3.0,1.0,1.0,1.0,2.0,1.0,1.0,12.0,7.0,1.0,5.0,1.0,3.0,1.0,1.0,1.0,2.0,3.0,1.0,1.0,6.0,7.0,3.0,5.0,3.0,1.0,1.0,3.0,2.0,1.0,7.0,16.0,1.0,1.0,5.0,3.0,1.0,1.0,3.0,2.0,1.0,3.96952489648403,1.0,2.0,3.0,3.0,1.0,1.0,2.0,1.0,1.0,1.0,2.0,30.0,1.0,4.0,7.0,1.0,1.0,1.0,1.0,1.0,2.0,1.0,2.0,1.0,1.0,1.0,1.0,1.0,1.0,5.0,24.0,4.0,2.0,1.0,1.0,1.0,1.0,1.0,1.0,2.0,2.0,3.0,1.0,2.0,1.0,1.0,1.0,1.0,1.0,1.0,1.0,2.0,1.0,1.0,1.0,1.0,1.0,1.0,1.0,1.0,3.0,1.0,1.0,1.0,3.0,5.0,2.0,3.0,1.0,1.0,2.0,1.0,2.0,1.0,3.0,1.0,2.0,1.0,1.0,2.0,2.0,2.0,1.0,1.0,5.0,2.0,2.0,4.0,1.0,3.0,1.0,4.0,1.0,1.0,2.0,1.0,1.0,4.0,1.0,2.0,1.0,1.0,2.0,4.0,1.0,2.0,2.0,5.0,1.0,1.0,2.0,1.0,1.0,3.0,1.0,1.0,3.0,3.0,5.0,3.0,4.0,1.0,1.0,1.0,2.0,1.0,2.0,1.0,2.0,1.0,1.0,3.0,1.0,1.0,1.0,1.0,2.0,1.0,1.0,1.0,2.0,1.0,1.0,1.0,1.0,1.0,1.0,1.0,1.0,4.0,1.0,1.0,1.0,2.0,1.0,6.0,1.0,1.0,1.0,2.0,2.0,1.0,1.0,1.0,-1.2523449689335,2.0,1.0,1.0,2.0,1.0,-1.0,-1.0,-1.0,-1.0,-2.0,1.0,9.0,-1.0,1.0,-1.0,-1.0,-5.0,-4.0,-3.0,-4.0,-5.0,-5.0,1.0,1.0,1.0,6.0,6.0,2.0,1.0,3.0,2.0,1.0,4.0,5.0,1.0,3.0,1.0,1.0,2.0,1.0,5.0,1.0,1.0,10.0,4.0,1.0,1.0,1.0,3.0,7.0,1.0,2.0,8.0,1.0,2.0,1.0,1.0,1.0,2.0,1.0,2.0,9.0,1.0,9.0,1.0,1.0,1.0,3.0,1.0,1.0,4.0,4.0,1.0,2.0,1.0,2.0,1.0,1.0,1.0,2.0,1.0,1.0,2.0,4.0,1.0,1.0,10.0,1.0,1.0,1.0,3.0,1.0,4.0,4.0,9.0,1.0,1.0,5.0,1.0,1.0,4.957128867032768,4.0,2.0,5.0,1.0,7.0,1.0,5.0,1.0,1.0,1.0,18.20845275419301,1.0,5.0,4.0,6.0,1.0,-3.0,-1.0,-1.0,-13.71931735451625,-2.0,-2.0,-1.0,-1.0,-1.0,-1.0,-3.0,-1.0,-2.0,-4.0,-1.0,-2.0,-1.0,-1.0,-1.0,5.0,4.0,2.0,7.0,2.0,1.0,2.0,1.0,2.0,1.0,3.0,4.0,4.0,1.0,1.0,2.0,4.0,2.0,6.0,1.0,5.0,11.27775448851298,8.0,7.0,1.0,4.0,3.0,1.0,1.0,1.0,2.0,1.0,4.0,1.0,1.0,1.0,1.0,2.0,1.0,1.0,3.0,2.0,4.0,7.0,7.0,4.0,1.0,1.0,4.0,1.0,1.0,2.0,1.0,1.0,5.0,1.0,2.0,7.0,4.0,2.0,2.0,1.0,1.0,1.0,2.0,2.0,2.0,1.0,1.0,2.0,6.0,1.0,4.0,2.0,3.0,-9.81276160699843,1.0,8.0,8.0,1.0,1.0,2.0,2.0,1.0,1.0,2.0,2.0,11.0,5.0,2.0,1.0,2.0,2.0,2.0,2.0,2.0,2.0,2.0,2.0,2.0,1.0,1.0,25.0,6.0,5.0,5.0,5.0,5.0,5.0,5.0,3.0,2.0,1.0,1.0,2.0,1.0,1.0,12.0,15.0,4.0,4.0,5.0,4.0,4.0,5.0,2.0,1.0,5.0,1.0,1.0,2.0,1.0,16.0,5.0,4.0,5.0,4.0,10.0,2.0,4.0,3.0,3.0,6.0,4.0,4.0,4.0,4.0,4.0,4.0,4.0,4.0,4.0,2.0,4.0,4.0,4.0,4.0,4.0,4.0,1.0,1.0,4.0,4.0,4.0,4.0,4.0,4.0,1.0,1.0,1.0,1.0,1.0,1.0,4.0,4.0,4.0,4.0,4.0,4.0,4.0,4.0,4.0,4.0,1.0,1.0,1.0,1.0,3.0,1.0,1.0,10.0,1.0,1.0,1.0,1.0,1.0,21.0,15.0,1.0,1.0,1.0,1.0,1.0,1.0,5.0,1.0,6.0,2.0,2.0,23.0,14.0,1.0,3.0,3.0,3.0,3.0,3.0,3.0,3.0,3.0,1.0,1.0,1.0,1.0,1.0,6.0,1.0,4.0,10.0,9.0,26.0,7.0,3.0,3.0,4.0,3.0,3.0,3.0,4.0,3.0,1.0,1.0,1.0,1.0,3.0,1.0,1.0,13.0,2.0,2.0,2.0,2.0,2.0,2.0,2.0,1.0,1.0,2.0,2.0,2.0,2.0,2.0,2.0,3.0,2.0,1.0,2.0,2.0,2.0,2.0,2.0,2.0,2.0,1.0,2.0,2.0,2.0,2.0,2.0,2.0,2.0,2.0,2.0,2.0,2.0,1.0,-2.0,1.0,4.0,1.0,-4.0,-4.0,-5.0,-4.0,-4.0,-4.0,-5.0,-4.0,-1.0,1.0,2.0,-1.0,1.0,-4.0,-5.0,-4.0,-4.0,-5.0,-4.0,2.0,1.0,-5.0,-6.0,-5.0,-5.0,-6.0,-5.0,1.0,1.0,1.0,-5.0,-5.0,-5.0,-5.0,-5.0,-5.0,-1.0,1.0,-1.0,-5.0,-5.0,-5.0,-5.0,-5.0,-5.0,-3.0,-4.0,-1.0,-1.0,-3.0,-1.0,0.0,1.0,-9.0,-5.0,1.0,-1.0,-2.0,-1.0,-1.0,-2.0,-1.0,-3.0,-2.0,-1.0,-1.0,-1.0,-1.0,-1.0,-3.0,-1.0,-1.0,-1.0,-1.0,-3.0,-2.0,19.45784305872714,-2.0,-1.0,-1.0,-1.0,-2.0,7.0,-4.0,-2.0,-3.0,-3.0,-1.0,-1.0,-1.0,1.0,1.0,0.0,-1.0,-5.0,-7.0,-1.0,-2.0,-1.0,9.0,2.0,13.0,-1.0,-1.0,-1.0,-5.0,-5.0,-2.0,-4.0,1.0,5.0,4.0,2.0,2.0,1.0,2.0,15.0,17.0,4.0,5.0,7.0,13.0,1.0,3.0,1.0,1.0,1.0,12.0,5.0,5.0,1.0,11.0,2.0,4.0,2.0,1.0,15.57346510062307,4.0,2.0,1.0,1.0,2.0,1.0,1.0,2.0,1.0,1.0,2.0,6.0,1.0,1.0,2.0,4.0,3.0,2.0,2.0,3.0,7.0,1.0,1.0,1.0,1.0,1.0,2.0,1.0,1.0,1.0,1.0,1.0,1.0,1.0,1.0,2.0,2.0,1.0,4.0,1.0,1.0,1.0,1.0,3.0,1.0,2.0,6.0,1.0,1.0,1.0,1.0,1.0,1.0,-2.5485758184053537,1.0,1.0,1.0,1.0,1.0,3.0,1.0,1.0,3.0,2.0,2.0,2.0,5.0,-20.80157324031526,2.0,2.0,4.0,3.0,1.0,2.0,2.0,2.0,2.0,-15.704502461243464,1.0,2.0,2.0,2.0,1.0,1.0,1.0,1.0,1.0,2.0,1.0,4.0,1.0,1.0,1.0,1.0,2.0,1.0,1.0,1.0,5.0,5.0,1.0,4.0,3.0,2.0,2.0,1.0,5.0,1.0,3.0,4.0,2.0,1.0,3.0,3.0,4.0,3.0,3.0,1.0,1.0,2.0,1.0,3.0,2.0,4.0,2.0,1.0,4.0,2.0,1.0,2.0,3.0,3.0,3.0,3.0,2.0,1.0,4.0,5.0,1.0,1.0,5.0,4.0,2.0,1.0,1.0,6.276158308138452,6.0,10.0,1.0,5.0,5.0,1.0,7.0,2.0,1.0,10.0,4.0,3.0,3.0,1.0,7.0,1.0,11.0,1.0,2.0,2.0,1.0,3.0,2.0,1.0,1.0,5.0,8.0,1.0,7.0,3.0,1.0,2.0,2.0,1.0,2.0,1.0,1.0,1.0,1.0,2.0,7.0,6.0,1.0,2.0,1.0,1.0,1.0,1.0,5.0,1.0,1.0,2.0,5.0,1.0,2.0,7.0,6.0,6.0,1.0,2.0,9.0,3.0,6.0,1.0,6.0,4.0,9.0,1.0,1.0,1.0,2.0,10.0,6.0,2.0,2.0,5.0,5.0,1.0,10.0,1.0,2.0,4.0,5.0,13.0,1.0,1.0,1.0,1.0,4.0,4.0,3.0,1.0,2.0,1.0,1.0,1.0,2.0,4.0,4.0,5.0,11.0,1.0,1.0,13.2640361646798,1.0,5.0,2.0,7.0,1.0,1.0,2.0,1.0,1.0,1.0,3.0,3.0,2.0,2.0,3.0,5.0,1.0,2.0,1.0,-2.0,1.0,1.0,7.0,-3.0,-3.0,-3.0,-3.0,1.0,0.0,4.0,-2.0,5.0,-6.0,-6.0,-6.0,-6.0,-2.0,-1.0,-1.0,-6.0,-6.0,-6.0,-6.0,-3.0,-2.0,-1.0,-1.0,-3.0,-3.0,-3.0,-3.0,-2.0,-1.0,-1.0,2.0,-1.0,-6.0,-6.0,-6.0,-7.103831779623127,-6.0,-6.0,-6.0,1.0,1.0,-3.0,-3.0,7.0,2.0,-5.0,-5.0,-5.0,-5.0,1.0,-2.0,-2.0,2.0,1.0,-5.0,-6.0,-5.0,-5.0,2.0,1.0,1.0,1.0,-6.0,-6.0,-6.0,-6.0,-1.0,1.0,-2.0,-2.0,1.0,2.0,-13.0,-13.0,-1.0,-1.0,-2.0,2.0,1.0,-5.0,-5.0,-5.0,-5.0,-5.0,-5.0,1.0,1.0,-5.0,-5.0,-5.0,-5.0,-5.0,0.0,-3.0,-12.0,-12.0,1.0,5.0,-7.0,-7.0,-7.0,-7.0,1.0,7.0,1.0,1.0,1.0,2.0,11.0,1.0,4.0,1.0,3.0,6.0,1.0,2.0,3.0,15.0,3.0,2.0,3.0,4.0,1.0,6.0,6.0,4.0,2.0,1.0,1.0,1.0,1.0,1.0,1.0,3.0,7.0,1.0,3.0,1.0,1.0,1.0,3.0,2.0,1.0,2.0,2.0,1.0,1.0,3.0,3.0,3.0,1.0,1.0,2.0,3.0,3.0,3.0,1.0,1.0,1.0,3.0,4.0,4.0,2.0,3.0,1.0,1.0,1.0,1.0,1.0,1.0,2.0,3.0,4.0,4.0,2.0,6.0,3.0,1.0,1.0,1.0,1.0,1.0,1.0,2.0,3.0,1.0,13.0,3.0,1.0,1.0,6.0,1.0,1.0,1.0,4.0,1.0,1.0,2.0,2.0,4.0,3.0,3.0,1.0,1.0,1.0,1.0,2.0,2.0,3.0,3.0,1.0,1.0,2.0,2.0,1.0,2.0,6.0,6.0,2.0,3.0,2.0,2.0,1.0,1.0,2.0,2.0,6.0,6.0,2.0,3.0,2.0,2.0,1.0,1.0,21.0,3.0,4.0,1.0,2.0,2.0,8.0,1.0,7.0,2.0,1.0,2.0,3.0,4.0,4.0,1.0,16.0,1.0,6.0,3.0,1.0,1.0,2.0,10.0,1.0,10.0,3.0,3.0,2.0,1.0,4.0,3.0,1.0,2.0,1.0,1.0,4.0,1.0,3.0,1.0,2.0,2.0,1.0,1.0,1.0,1.0,3.0,1.0,1.0,2.0,1.0,1.0,1.0,1.0,1.0,1.29786125122586,1.0,1.0,1.0,1.0,1.0,4.0,3.0,1.0,1.0,1.0,1.0,1.0,1.0,2.0,2.0,1.0,4.0,1.0,4.0,1.0,1.0,2.0,1.0,1.0,3.0,2.0,2.0,2.0,2.0,1.0,1.0,6.0,24.0,4.0,1.0,3.0,2.0,1.0,1.0,16.0,35.0,3.0,1.0,1.0,1.0,1.0,1.0,1.0,3.0,5.0,1.0,1.0,2.0,7.0,5.0,5.0,2.0,3.0,1.0,1.0,1.0,8.0,1.0,5.0,3.0,2.0,9.0,6.0,1.0,4.0,13.0,1.0,7.0,7.0,1.0,1.0,1.0,1.0,1.0,4.0,6.0,3.0,2.0,1.0,8.0,6.0,1.0,1.0,1.0,2.0,3.0,1.0,2.0,8.0,1.0,2.0,9.0,2.0,1.0,1.0,1.0,1.0,1.0,4.0,1.0,1.0,4.0,5.0,1.0,1.0,2.0,3.0,2.0,1.0,2.0,5.0,6.0,4.0,6.0,8.0,11.0,7.0,6.0,1.0,1.0,1.0,4.0,1.0,3.0,4.0,5.0,12.0,5.0,2.0,2.0,1.0,4.0,2.0,1.0,1.0,1.0,3.0,4.0,3.0,2.0,17.29671484676516,3.0,5.0,1.0,7.0,5.0,2.0,2.0,3.0,1.0,1.0,1.0,1.0,2.0,1.0,2.0,1.0,1.0,12.0,10.0,8.0,6.0,5.0,1.0,1.0,1.0,3.0,1.0,1.0,1.0,3.0,4.0,1.0,2.0,1.0,1.0,1.0,2.0,1.0,1.0,8.0,1.0,1.0,2.0,2.0,5.0,2.0,2.0,1.0,1.0,3.0,2.0,3.0,1.0,6.0,6.0,1.0,1.0,6.0,1.0,6.0,9.0,3.0,13.0,10.0,1.0,1.0,11.0,1.0,1.0,3.0,8.0,9.0,2.0,1.0,2.0,3.0,3.0,3.0,1.0,1.0,1.0,5.0,5.0,2.0,1.0,2.0,2.0,1.0,1.0,5.0,1.0,1.0,1.0,1.0,3.0,2.0,1.0,2.0,1.0,3.0,4.0,1.0,2.0,1.0,2.0,1.0,2.0,2.0,1.0,1.0,2.0,2.0,1.0,1.0,1.0,1.0,1.0,1.0,2.0,1.0,8.0,2.0,1.0,5.0,6.0,2.0,1.0,1.0,1.0,6.0,2.0,3.0,4.0,3.0,1.0,1.0,2.0,2.0,1.0,1.0,11.0,1.0,1.0,2.0,4.0,5.0,3.0,1.0,4.0,1.0,14.0,4.0,7.0,1.0,1.0,2.0,1.0,1.0,2.92572291035908,1.0,1.0,1.0,3.0,1.0,9.0,2.0,2.0,1.0,1.0,7.0,1.0,8.0,1.0,1.0,1.0,1.0,2.0,1.0,1.0,1.0,1.0,2.0,1.0,1.0,1.0,1.0,1.0,1.0,4.0,4.0,3.0,2.0,1.0,1.0,1.0,1.0,3.0,1.0,1.0,1.0,1.0,1.0,1.0,1.0,1.0,2.0,1.0,3.0,0.24337417607789,1.0,1.0,3.0,5.0,9.0,7.0,2.0,2.0,1.0,1.0,1.0,2.0,3.0,1.0,1.0,2.0,3.0,1.0,1.0,2.0,2.0,1.0,1.0,1.0,1.0,2.0,1.0,1.0,-1.0,-1.0,-2.0,-4.0,-12.0,-7.0,-6.0,-6.0,-9.0,-11.0,-2.0,-8.0,-10.0,-6.0,-11.0,-6.50984180533249,-1.0,-4.0,-1.0,-10.0,-11.0,-3.0,-8.0,-12.0,-10.0,-1.0,-1.0,-1.0,-1.0,-7.0,-7.0,-13.0,-7.0,2.0,1.0,1.0,1.0,2.0,1.0,1.0,5.0,1.0,2.0,1.0,1.0,3.0,1.0,3.0,1.0,1.0,1.0,1.0,1.0,1.0,1.0,1.0,4.0,1.0,1.0,2.0,1.0,1.0,3.0,1.0,1.0,2.0,1.0,1.0,2.0,3.0,1.0,2.0,1.0,1.0,1.0,1.0,1.0,1.0,2.0,1.0,2.0,1.0,2.0,5.0,6.0,1.0,2.0,1.0,1.0,3.0,1.0,1.0,2.0,3.0,3.0,1.0,1.0,2.0,5.0,5.0,1.0,1.0,4.0,3.0,2.0,1.0,1.0,-1.0,1.0,2.0,-3.0,1.0,1.0,-4.0,-4.0,-3.0,2.0,-1.0,-1.0,-1.0,-2.0,2.0,10.0,1.0,1.0,1.0,2.0,3.0,4.0,1.0,2.0,1.0,17.0,1.0,1.0,1.0,1.0,2.0,1.0,1.0,1.0,4.0,4.0,1.0,3.0,1.0,1.0,2.0,1.0,1.0,1.0,2.0,2.0,1.0,1.0,1.0,1.0,2.0,3.0,18.94840458248437,1.0,1.0,3.0,1.0,1.0,1.0,2.0,3.0,1.0,1.0,2.0,4.0,2.0,1.0,1.0,1.0,1.0,2.0,3.0,1.0,4.0,1.0,1.0,1.0,4.0,4.0,1.0,1.0,2.0,2.0,2.0,2.0,1.0,2.0,1.0,2.0,3.0,1.0,6.0,11.0,8.0,5.0,4.0,5.0,3.0,2.0,1.0,1.0,1.0,1.0,1.0,2.0,2.0,3.0,2.0,3.0,1.0,1.0,1.0,1.0,1.0,1.0,3.0,2.0,5.0,1.0,2.0,2.0,1.0,5.0,1.0,5.0,1.0,2.0,5.0,3.0,2.0,1.0,15.11250881122309,1.0,2.0,3.0,1.0,1.0,1.0,3.0,3.0,2.0,4.0,1.0,1.0,1.0,1.0,1.0,1.0,1.0,1.0,1.0,1.0,1.0,3.0,5.0,1.0,1.0,1.0,2.0,2.0,1.0,1.0,5.0,1.0,1.0,5.0,1.0,1.0,-7.0,-7.0,1.0,-1.0,-4.0,-2.0,-1.0,-2.0,-1.0,1.0,-1.0,-3.0,-5.0,0.0,-3.0,-1.0,-2.0,-4.0,1.0,-1.0,1.0,-1.0,-1.0,1.0,-1.0,-1.0,2.0,-2.0,-3.0,2.0,-2.0,-1.0,1.0,-1.0,-1.0,-2.0,1.0,-2.0,-1.0,2.0,-1.0,-1.0,-1.0,-1.0,-2.0,2.0,-2.0,-2.0,0.0,-1.0,-1.0,-1.0,-1.0,-1.0,1.0,1.0,1.0,7.0,1.0,1.0,1.0,1.0,1.0,2.0,1.0,1.0,12.0,1.0,1.0,1.0,1.0,1.0,1.0,2.0,1.0,1.0,1.0,1.0,2.0,4.0,3.0,1.0,1.0,3.0,1.0,1.0,1.0,1.0,2.0,1.0,1.0,1.0,1.0,1.0,2.0,1.0,1.0,3.0,7.0,2.0,1.0,1.0,1.0,1.0,1.0,1.0,1.0,1.0,1.0,1.0,1.0,1.0,6.0,1.0,1.0,1.0,1.0,1.0,1.0,1.0,1.0,1.0,1.0,1.0,1.0,1.0,1.0,1.0,1.0,4.0,1.0,1.0,1.0,1.0,1.0,1.0,1.0,1.0,1.0,1.0,1.0,1.0,1.0,1.0,1.0,1.0,1.0,1.0,1.0,-1.0,-1.0,1.0,1.0,2.0,-2.0,-2.0,-2.0,-2.0,-2.0,1.0,1.0,-3.56110793196185,-3.0,-3.0,-3.0,1.0,-5.0,-5.0,-5.0,1.0,1.0,1.0,1.0,2.0,1.0,1.0,-1.0,-1.0,-1.0,-1.0,-1.0,-1.0,4.0,4.0,1.0,1.0,3.0,1.0,1.0,1.0,1.0,1.0,3.0,3.0,2.0,1.0,1.0,1.0,1.0,1.0,2.0,1.0,1.0,2.0,2.0,1.0,1.0,1.0,1.0,1.0,3.0,3.0,3.0,1.0,1.0,2.0,1.0,1.0,2.0,2.0,2.0,1.0,1.0,1.0,2.0,1.0,1.0,1.0,1.0,3.0,1.0,1.0,1.0,1.0,4.0,2.0,5.0,1.0,2.0,1.0,1.0,1.0,1.0,3.0,1.0,2.0,3.0,2.0,1.0,1.0,1.0,2.0,2.0,2.0,2.0,1.0,6.0,3.0,6.0,1.0,1.0,1.0,3.0,1.0,4.0,5.0,1.0,1.0,1.0,1.0,1.0,17.0,1.0,2.0,12.0,1.0,2.0,3.0,8.0,13.0,5.0,2.0,1.0,2.0,6.0,4.0,4.0,2.0,1.0,3.0,2.0,1.0,1.0,1.0,3.0,1.0,1.0,1.0,3.0,1.0,1.0,1.0,3.0,1.0,1.0,1.0,2.0,3.0,7.0,4.0,3.0,-0.31044766992144,2.0,2.0,2.0,1.0,1.0,1.0,1.0,1.0,1.0,1.0,1.0,1.0,1.0,1.0,1.0,1.0,1.0,1.0,1.0,1.0,1.0,1.0,1.0,1.0,1.0,1.0,1.0,1.0,3.0,1.0,1.0,2.0,2.0,2.0,2.0,3.0,1.0,1.0,1.0,2.0,1.0,4.0,3.0,1.0,1.0,1.0,2.0,1.0,7.39298284432326,1.0,5.0,3.0,2.0,1.0,1.0,1.0,1.0,1.0,1.0,1.0,1.0,1.0,3.0,4.0,3.0,1.0,1.0,1.0,1.0,1.0,1.0,1.0,1.0,1.0,1.0,1.0,1.0,2.0,1.0,1.0,1.0,1.0,1.0,1.0,1.0,1.0,1.0,1.0,1.0,2.0,1.0,1.0,1.0,1.0,1.0,1.0,1.0,1.0,1.0,1.0,1.0,1.0,1.0,3.0,8.0,2.0,1.0,2.0,1.0,1.0,4.0,1.0,1.0,1.0,1.0,1.0,1.0,1.0,7.0,5.0,2.0,3.0,1.0,1.0,2.0,1.0,1.0,1.0,1.0,1.0,1.0,2.0,3.0,1.0,2.0,2.0,2.0,-16.38832593496558,3.0,1.0,1.0,1.0,1.0,3.0,2.0,3.0,3.0,1.0,1.0,2.0,2.0,2.0,3.0,2.0,1.0,3.0,1.0,2.0,2.0,2.0,2.0,2.0,2.0,1.0,1.0,1.0,1.0,1.0,1.0,1.0,1.0,1.0,2.0,1.0,1.0,1.0,3.0,1.0,1.0,1.0,1.0,1.0,1.0,1.0,2.0,1.0,6.0,1.0,5.0,1.0,4.0,1.0,8.0,1.0,3.0,3.0,4.0,1.0,2.0,2.0,1.0,1.0,3.0,2.0,3.0,1.0,2.0,1.0,1.0,2.0,1.0,1.0,4.0,6.0,1.0,1.0,1.0,2.0,2.0,1.0,1.0,3.0,5.0,5.38785976813884,1.0,1.0,5.0,1.0,1.0,2.0,1.0,1.0,1.0,4.0,2.0,1.0,4.0,2.0,6.0,1.0,1.0,1.0,1.0,6.0,5.96397995782018,1.0,1.0,3.0,3.0,-1.3686525685699,9.0,2.0,3.0,3.0,3.0,3.0,1.0,1.0,5.0,5.0,5.0,5.0,1.0,7.0,10.0,2.0,1.0,4.0,5.0,5.0,5.0,5.0,2.0,1.0,3.0,5.0,4.0,2.0,2.0,1.0,1.0,2.0,3.0,1.0,1.0,3.0,11.0,5.0,5.0,5.0,5.0,5.0,5.0,5.0,5.0,13.0,3.0,2.0,2.0,3.0,11.0,5.0,5.0,5.0,5.0,1.0,1.0,2.0,18.0,11.0,2.0,1.0,3.0,3.0,5.0,5.0,5.0,5.0,5.0,5.0,2.0,1.0,3.0,1.0,1.0,21.0,1.0,2.0,3.0,6.0,6.0,6.0,6.0,2.0,5.0,3.0,2.0,5.0,13.0,2.0,5.0,5.0,5.0,5.0,6.0,2.0,24.0,2.0,1.0,2.0,5.0,5.0,5.0,5.0,1.0,2.0,4.0,3.0,12.0,1.0,9.0,4.0,4.0,4.0,4.0,4.0,4.0,4.0,1.0,10.0,4.0,1.0,21.0,1.0,2.0,1.0,1.0,1.0,4.0,3.0,5.0,6.0,6.0,6.0,6.0,6.0,1.0,1.0,3.0,15.0,1.0,1.0,1.0,1.0,7.0,4.0,1.0,10.0,5.0,5.0,5.0,5.0,1.0,1.0,4.0,2.0,-19.72431348956135,1.0,2.0,2.0,9.0,2.0,1.0,1.0,3.0,1.0,4.0,3.0,1.0,1.0,1.0,1.0,1.0,2.0,1.0,1.0,9.0,1.0,1.0,1.0,2.0,5.0,5.0,5.0,5.0,2.0,1.0,7.0,1.0,2.0,5.0,5.0,5.0,5.0,5.0,5.0,5.0,3.0,1.0,1.0,20.0,1.0,1.0,1.0,4.0,1.0,1.0,2.0,1.0,9.0,3.0,4.0,4.0,4.0,4.0,4.0,4.0,4.0,4.0,1.0,1.0,37.0,1.0,1.0,1.0,6.0,6.0,6.0,6.0,6.0,6.0,1.0,1.0,1.0,1.0,6.0,16.0,1.0,5.0,5.0,5.0,5.0,1.0,27.0,1.0,1.0,1.0,7.0,6.0,6.0,6.0,6.0,1.0,2.0,1.0,30.0,1.0,1.0,1.0,1.0,8.0,6.0,6.0,6.0,6.0,13.32796194626393,2.0,2.0,2.0,2.0,5.0,5.0,7.0,3.0,30.0,3.0,10.0,6.0,1.0,10.0,5.0,5.0,5.0,5.0,5.0,5.0,5.0,4.0,1.0,6.0,8.0,1.0,2.0,3.0,4.0,4.0,5.0,6.0,6.0,6.0,6.0,-5.0,-5.0,-5.0,-5.0,-5.0,-5.0,-5.0,-5.0,-5.0,-5.0,1.0
1.0,1.0,1.0,2.0,1.0,2.0,4.0,7.0,1.0,2.0,1.0,5.0,1.0,1.0,1.0,1.0,3.0,1.0,2.0,1.0,1.0,1.0,1.0,1.0,1.0,1.0,5.0,2.0,1.0,3.0,1.0,1.0,5.0,1.0,1.0,2.0,1.0,1.0,1.0,2.0,3.0,1.0,1.0,1.0,1.0,1.0,1.0,1.0,1.0,1.0,1.0,1.0,5.0,3.0,2.0,1.0,1.0,2.0,1.0,1.0,1.0,1.0,1.0,1.0,1.0,1.0,2.0,1.0,5.0,1.0,2.0,1.0,1.0,2.0,1.0,1.0,1.0,1.0,2.0,1.0,7.0,4.0,1.0,2.0,1.0,2.0,12.0,5.0,1.0,15.0,1.0,2.0,2.0,2.0,1.0,1.0,8.0,1.0,4.0,1.0,1.0,16.0,3.0,3.0,1.0,2.0,1.0,1.0,6.0,7.0,1.0,2.0,3.0,2.0,2.0,3.0,2.0,1.0,5.0,1.0,3.0,2.0,2.0,1.0,1.0,1.0,10.0,10.0,1.0,3.0,2.0,1.0,2.0,5.0,2.0,1.0,3.0,1.0,1.0,1.0,1.0,1.0,1.0,1.0,7.0,1.0,1.0,13.0,1.0,1.0,1.0,10.0,2.0,1.0,3.0,1.0,1.0,2.0,3.0,1.0,1.0,1.0,1.0,1.0,1.0,1.0,2.0,1.0,14.0,1.0,1.0,1.0,2.0,2.0,1.0,3.0,2.0,1.0,1.0,1.0,2.0,5.0,1.0,1.0,1.0,4.0,1.0,4.0,2.0,14.0,1.0,2.0,2.0,4.0,1.0,1.0,3.0,1.0,1.0,2.0,1.0,1.0,4.0,3.0,17.0,1.0,1.0,1.0,1.0,3.0,1.0,3.0,5.0,1.0,2.0,2.0,2.0,1.0,1.0,1.0,4.0,1.0,2.0,1.0,1.0,1.0,1.0,1.0,1.0,5.0,2.0,2.0,3.0,1.0,1.0,1.0,1.0,2.0,1.0,1.0,1.0,1.0,1.0,5.0,2.0,3.0,2.0,2.0,3.0,1.0,2.0,4.0,1.0,2.0,2.0,2.0,1.0,1.0,1.0,1.0,1.0,3.0,2.0,1.0,1.0,13.0,3.0,1.0,1.0,1.0,7.0,4.0,1.0,1.0,1.0,8.0,1.0,1.0,6.0,2.0,1.0,3.0,2.0,8.0,2.0,1.0,1.0,1.0,5.0,1.0,8.0,1.0,4.0,9.0,7.0,1.0,1.0,8.0,1.0,2.0,1.0,1.0,4.0,1.0,1.0,1.0,7.0,4.0,5.0,3.0,1.0,1.0,1.0,2.0,1.0,1.0,1.0,1.0,1.0,1.0,6.0,3.0,2.0,2.0,1.0,1.0,1.0,1.0,1.0,1.0,5.0,1.0,1.0,3.0,1.0,1.0,3.0,3.0,1.0,1.0,1.0,2.0,2.0,1.0,1.0,1.0,3.0,4.0,4.0,1.0,1.0,1.0,2.0,1.0,2.0,2.0,2.0,8.0,9.0,3.0,1.0,2.0,1.0,1.0,3.0,2.0,2.0,1.0,5.0,1.0,3.0,3.0,3.0,4.0,1.0,1.0,2.0,2.0,3.0,3.0,1.0,3.0,2.0,1.0,1.0,1.0,1.0,1.0,1.0,1.0,1.0,1.0,1.0,1.0,2.0,10.0,2.0,3.0,3.0,3.0,2.0,1.0,1.0,1.0,1.0,2.0,1.0,15.0,3.0,3.0,3.0,3.0,1.0,1.0,11.0,2.0,2.0,2.0,3.0,1.0,1.0,1.0,1.0,9.0,2.0,2.0,3.0,3.0,1.0,1.0,1.0,2.0,1.0,13.0,2.0,2.0,3.0,3.0,6.0,5.0,2.0,2.0,2.0,2.0,3.0,3.0,4.0,3.0,2.0,2.0,3.0,3.0,4.0,2.0,7.0,3.0,3.0,2.0,2.0,1.0,3.0,7.0,2.0,13.0,6.0,4.0,1.0,1.0,1.0,2.0,1.0,3.0,2.0,10.0,2.0,14.0,1.0,1.0,1.0,9.0,3.0,2.0,1.0,1.0,10.0,2.0,1.0,1.0,1.0,2.0,3.0,7.0,5.0,1.0,1.0,1.0,2.0,6.0,2.0,2.0,4.0,2.0,1.0,1.0,1.0,3.0,2.0,10.0,3.0,1.0,1.0,1.0,5.0,3.0,5.0,1.0,3.0,1.0,1.0,2.0,2.0,3.0,2.0,1.0,2.0,1.0,1.0,1.0,2.0,1.0,1.0,1.0,1.0,5.0,1.0,2.0,1.0,1.0,1.0,1.0,1.0,4.0,1.0,1.0,14.0,1.0,4.0,1.0,13.0,11.0,2.0,2.0,1.0,5.0,1.0,11.0,1.0,1.0,1.0,1.0,1.0,4.0,1.0,1.0,1.0,1.0,3.0,1.0,3.0,1.0,5.0,9.0,1.0,1.0,1.0,1.0,4.0,1.0,6.0,13.0,1.0,3.0,3.0,4.0,1.0,3.0,1.0,4.0,1.0,14.0,9.0,12.0,7.0,1.0,1.0,1.0,2.0,4.0,4.0,6.0,10.0,8.0,21.0,4.0,4.0,3.0,2.0,4.0,1.0,2.0,12.0,11.0,1.0,3.0,4.0,1.0,1.0,1.0,1.0,3.0,6.0,7.0,2.0,5.0,3.0,3.0,8.0,10.0,2.0,19.0,8.0,5.0,1.0,3.0,2.0,6.0,-2.04564786099211,2.0,1.0,2.0,3.0,8.0,9.0,6.0,6.0,1.0,1.0,2.0,2.0,2.0,8.0,4.0,5.0,8.0,7.0,13.0,3.0,9.0,2.0,1.0,3.0,5.0,1.0,3.0,1.0,1.0,5.47566330468136,8.0,1.0,2.0,1.0,1.0,6.0,1.0,1.0,1.0,5.0,15.0,1.0,2.0,7.0,5.0,4.0,5.0,4.0,16.0,6.0,4.0,2.0,1.0,1.0,1.0,1.0,1.0,1.0,2.0,1.0,7.0,7.0,4.0,1.0,2.0,1.0,2.0,1.0,1.0,1.0,1.0,2.0,2.0,1.0,1.0,1.0,1.0,1.0,1.0,1.0,1.0,1.0,1.0,1.0,2.0,2.0,4.0,1.0,1.0,1.0,2.0,7.0,1.0,1.0,1.0,1.0,1.0,1.0,1.0,2.0,3.0,6.0,7.0,4.0,1.0,3.0,1.0,1.0,1.0,1.0,1.0,1.0,1.0,1.0,1.0,2.0,1.0,1.0,2.0,1.0,1.0,1.0,2.0,1.0,1.0,1.0,1.0,1.0,2.0,2.0,3.0,6.0,1.0,1.0,2.0,1.0,1.0,2.0,1.0,1.0,13.0,19.0,2.0,1.0,1.0,4.0,1.0,1.0,1.0,1.0,1.0,1.0,1.0,1.0,1.0,1.0,1.0,2.0,1.0,1.0,1.0,16.0,15.0,1.0,2.0,2.0,2.0,1.0,1.0,1.0,2.0,1.0,1.0,1.0,1.0,1.0,2.0,1.0,1.0,3.0,1.0,1.0,1.0,2.0,1.0,1.0,12.0,7.0,1.0,5.0,1.0,3.0,1.0,1.0,1.0,2.0,3.0,1.0,1.0,6.0,7.0,3.0,5.0,3.0,1.0,1.0,3.0,2.0,1.0,7.0,16.0,1.0,1.0,5.0,3.0,1.0,1.0,3.0,2.0,1.0,3.96952489648403,1.0,2.0,3.0,3.0,1.0,1.0,2.0,1.0,1.0,1.0,2.0,30.0,1.0,4.0,7.0,1.0,1.0,1.0,1.0,1.0,2.0,1.0,2.0,1.0,1.0,1.0,1.0,1.0,1.0,5.0,24.0,4.0,2.0,1.0,1.0,1.0,1.0,1.0,1.0,2.0,2.0,3.0,1.0,2.0,1.0,1.0,1.0,1.0,1.0,1.0,1.0,2.0,1.0,1.0,1.0,1.0,1.0,1.0,1.0,1.0,3.0,1.0,1.0,1.0,3.0,5.0,2.0,3.0,1.0,1.0,2.0,1.0,2.0,1.0,3.0,1.0,2.0,1.0,1.0,2.0,2.0,2.0,1.0,1.0,5.0,2.0,2.0,4.0,1.0,3.0,1.0,4.0,1.0,1.0,2.0,1.0,1.0,4.0,1.0,2.0,1.0,1.0,2.0,4.0,1.0,2.0,2.0,5.0,1.0,1.0,2.0,1.0,1.0,3.0,1.0,1.0,3.0,3.0,5.0,3.0,4.0,1.0,1.0,1.0,2.0,1.0,2.0,1.0,2.0,1.0,1.0,3.0,1.0,1.0,1.0,1.0,2.0,1.0,1.0,1.0,2.0,1.0,1.0,1.0,1.0,1.0,1.0,1.0,1.0,4.0,1.0,1.0,1.0,2.0,1.0,6.0,1.0,1.0,1.0,2.0,2.0,1.0,1.0,1.0,-1.2523449689335,2.0,1.0,1.0,2.0,1.0,-1.0,-1.0,-1.0,-1.0,-2.0,1.0,9.0,-1.0,1.0,-1.0,-1.0,-5.0,-4.0,-3.0,-4.0,-5.0,-5.0,1.0,1.0,1.0,6.0,6.0,2.0,1.0,3.0,2.0,1.0,4.0,5.0,1.0,3.0,1.0,1.0,2.0,1.0,5.0,1.0,1.0,10.0,4.0,1.0,1.0,1.0,3.0,7.0,1.0,2.0,8.0,1.0,2.0,1.0,1.0,1.0,2.0,1.0,2.0,9.0,1.0,9.0,1.0,1.0,1.0,3.0,1.0,1.0,4.0,4.0,1.0,2.0,1.0,2.0,1.0,1.0,1.0,2.0,1.0,1.0,2.0,4.0,1.0,1.0,10.0,1.0,1.0,1.0,3.0,1.0,4.0,4.0,9.0,1.0,1.0,5.0,1.0,1.0,4.957128867032768,4.0,2.0,5.0,1.0,7.0,1.0,5.0,1.0,1.0,1.0,18.20845275419301,1.0,5.0,4.0,6.0,1.0,-3.0,-1.0,-1.0,-13.71931735451625,-2.0,-2.0,-1.0,-1.0,-1.0,-1.0,-3.0,-1.0,-2.0,-4.0,-1.0,-2.0,-1.0,-1.0,-1.0,5.0,4.0,2.0,7.0,2.0,1.0,2.0,1.0,2.0,1.0,3.0,4.0,4.0,1.0,1.0,2.0,4.0,2.0,6.0,1.0,5.0,11.27775448851298,8.0,7.0,1.0,4.0,3.0,1.0,1.0,1.0,2.0,1.0,4.0,1.0,1.0,1.0,1.0,2.0,1.0,1.0,3.0,2.0,4.0,7.0,7.0,4.0,1.0,1.0,4.0,1.0,1.0,2.0,1.0,1.0,5.0,1.0,2.0,7.0,4.0,2.0,2.0,1.0,1.0,1.0,2.0,2.0,2.0,1.0,1.0,2.0,6.0,1.0,4.0,2.0,3.0,-9.81276160699843,1.0,8.0,8.0,1.0,1.0,2.0,2.0,1.0,1.0,2.0,2.0,11.0,5.0,2.0,1.0,2.0,2.0,2.0,2.0,2.0,2.0,2.0,2.0,2.0,1.0,1.0,25.0,6.0,5.0,5.0,5.0,5.0,5.0,5.0,3.0,2.0,1.0,1.0,2.0,1.0,1.0,12.0,15.0,4.0,4.0,5.0,4.0,4.0,5.0,2.0,1.0,5.0,1.0,1.0,2.0,1.0,16.0,5.0,4.0,5.0,4.0,10.0,2.0,4.0,3.0,3.0,6.0,4.0,4.0,4.0,4.0,4.0,4.0,4.0,4.0,4.0,2.0,4.0,4.0,4.0,4.0,4.0,4.0,1.0,1.0,4.0,4.0,4.0,4.0,4.0,4.0,1.0,1.0,1.0,1.0,1.0,1.0,4.0,4.0,4.0,4.0,4.0,4.0,4.0,4.0,4.0,4.0,1.0,1.0,1.0,1.0,3.0,1.0,1.0,10.0,1.0,1.0,1.0,1.0,1.0,21.0,15.0,1.0,1.0,1.0,1.0,1.0,1.0,5.0,1.0,6.0,2.0,2.0,23.0,14.0,1.0,3.0,3.0,3.0,3.0,3.0,3.0,3.0,3.0,1.0,1.0,1.0,1.0,1.0,6.0,1.0,4.0,10.0,9.0,26.0,7.0,3.0,3.0,4.0,3.0,3.0,3.0,4.0,3.0,1.0,1.0,1.0,1.0,3.0,1.0,1.0,13.0,2.0,2.0,2.0,2.0,2.0,2.0,2.0,1.0,1.0,2.0,2.0,2.0,2.0,2.0,2.0,3.0,2.0,1.0,2.0,2.0,2.0,2.0,2.0,2.0,2.0,1.0,2.0,2.0,2.0,2.0,2.0,2.0,2.0,2.0,2.0,2.0,2.0,1.0,-2.0,1.0,4.0,1.0,-4.0,-4.0,-5.0,-4.0,-4.0,-4.0,-5.0,-4.0,-1.0,1.0,2.0,-1.0,1.0,-4.0,-5.0,-4.0,-4.0,-5.0,-4.0,2.0,1.0,-5.0,-6.0,-5.0,-5.0,-6.0,-5.0,1.0,1.0,1.0,-5.0,-5.0,-5.0,-5.0,-5.0,-5.0,-1.0,1.0,-1.0,-5.0,-5.0,-5.0,-5.0,-5.0,-5.0,-3.0,-4.0,-1.0,-1.0,-3.0,-1.0,0.0,1.0,-9.0,-5.0,1.0,-1.0,-2.0,-1.0,-1.0,-2.0,-1.0,-3.0,-2.0,-1.0,-1.0,-1.0,-1.0,-1.0,-3.0,-1.0,-1.0,-1.0,-1.0,-3.0,-2.0,19.45784305872714,-2.0,-1.0,-1.0,-1.0,-2.0,7.0,-4.0,-2.0,-3.0,-3.0,-1.0,-1.0,-1.0,1.0,1.0,0.0,-1.0,-5.0,-7.0,-1.0,-2.0,-1.0,9.0,2.0,13.0,-1.0,-1.0,-1.0,-5.0,-5.0,-2.0,-4.0,1.0,5.0,4.0,2.0,2.0,1.0,2.0,15.0,17.0,4.0,5.0,7.0,13.0,1.0,3.0,1.0,1.0,1.0,12.0,5.0,5.0,1.0,11.0,2.0,4.0,2.0,1.0,15.57346510062307,4.0,2.0,1.0,1.0,2.0,1.0,1.0,2.0,1.0,1.0,2.0,6.0,1.0,1.0,2.0,4.0,3.0,2.0,2.0,3.0,7.0,1.0,1.0,1.0,1.0,1.0,2.0,1.0,1.0,1.0,1.0,1.0,1.0,1.0,1.0,2.0,2.0,1.0,4.0,1.0,1.0,1.0,1.0,3.0,1.0,2.0,6.0,1.0,1.0,1.0,1.0,1.0,1.0,-2.5485758184053537,1.0,1.0,1.0,1.0,1.0,3.0,1.0,1.0,3.0,2.0,2.0,2.0,5.0,-20.80157324031526,2.0,2.0,4.0,3.0,1.0,2.0,2.0,2.0,2.0,-15.704502461243464,1.0,2.0,2.0,2.0,1.0,1.0,1.0,1.0,1.0,2.0,1.0,4.0,1.0,1.0,1.0,1.0,2.0,1.0,1.0,1.0,5.0,5.0,1.0,4.0,3.0,2.0,2.0,1.0,5.0,1.0,3.0,4.0,2.0,1.0,3.0,3.0,4.0,3.0,3.0,1.0,1.0,2.0,1.0,3.0,2.0,4.0,2.0,1.0,4.0,2.0,1.0,2.0,3.0,3.0,3.0,3.0,2.0,1.0,4.0,5.0,1.0,1.0,5.0,4.0,2.0,1.0,1.0,6.276158308138452,6.0,10.0,1.0,5.0,5.0,1.0,7.0,2.0,1.0,10.0,4.0,3.0,3.0,1.0,7.0,1.0,11.0,1.0,2.0,2.0,1.0,3.0,2.0,1.0,1.0,5.0,8.0,1.0,7.0,3.0,1.0,2.0,2.0,1.0,2.0,1.0,1.0,1.0,1.0,2.0,7.0,6.0,1.0,2.0,1.0,1.0,1.0,1.0,5.0,1.0,1.0,2.0,5.0,1.0,2.0,7.0,6.0,6.0,1.0,2.0,9.0,3.0,6.0,1.0,6.0,4.0,9.0,1.0,1.0,1.0,2.0,10.0,6.0,2.0,2.0,5.0,5.0,1.0,10.0,1.0,2.0,4.0,5.0,13.0,1.0,1.0,1.0,1.0,4.0,4.0,3.0,1.0,2.0,1.0,1.0,1.0,2.0,4.0,4.0,5.0,11.0,1.0,1.0,13.2640361646798,1.0,5.0,2.0,7.0,1.0,1.0,2.0,1.0,1.0,1.0,3.0,3.0,2.0,2.0,3.0,5.0,1.0,2.0,1.0,-2.0,1.0,1.0,7.0,-3.0,-3.0,-3.0,-3.0,1.0,0.0,4.0,-2.0,5.0,-6.0,-6.0,-6.0,-6.0,-2.0,-1.0,-1.0,-6.0,-6.0,-6.0,-6.0,-3.0,-2.0,-1.0,-1.0,-3.0,-3.0,-3.0,-3.0,-2.0,-1.0,-1.0,2.0,-1.0,-6.0,-6.0,-6.0,-7.103831779623127,-6.0,-6.0,-6.0,1.0,1.0,-3.0,-3.0,7.0,2.0,-5.0,-5.0,-5.0,-5.0,1.0,-2.0,-2.0,2.0,1.0,-5.0,-6.0,-5.0,-5.0,2.0,1.0,1.0,1.0,-6.0,-6.0,-6.0,-6.0,-1.0,1.0,-2.0,-2.0,1.0,2.0,-13.0,-13.0,-1.0,-1.0,-2.0,2.0,1.0,-5.0,-5.0,-5.0,-5.0,-5.0,-5.0,1.0,1.0,-5.0,-5.0,-5.0,-5.0,-5.0,0.0,-3.0,-12.0,-12.0,1.0,5.0,-7.0,-7.0,-7.0,-7.0,1.0,7.0,1.0,1.0,1.0,2.0,11.0,1.0,4.0,1.0,3.0,6.0,1.0,2.0,3.0,15.0,3.0,2.0,3.0,4.0,1.0,6.0,6.0,4.0,2.0,1.0,1.0,1.0,1.0,1.0,1.0,3.0,7.0,1.0,3.0,1.0,1.0,1.0,3.0,2.0,1.0,2.0,2.0,1.0,1.0,3.0,3.0,3.0,1.0,1.0,2.0,3.0,3.0,3.0,1.0,1.0,1.0,3.0,4.0,4.0,2.0,3.0,1.0,1.0,1.0,1.0,1.0,1.0,2.0,3.0,4.0,4.0,2.0,6.0,3.0,1.0,1.0,1.0,1.0,1.0,1.0,2.0,3.0,1.0,13.0,3.0,1.0,1.0,6.0,1.0,1.0,1.0,4.0,1.0,1.0,2.0,2.0,4.0,3.0,3.0,1.0,1.0,1.0,1.0,2.0,2.0,3.0,3.0,1.0,1.0,2.0,2.0,1.0,2.0,6.0,6.0,2.0,3.0,2.0,2.0,1.0,1.0,2.0,2.0,6.0,6.0,2.0,3.0,2.0,2.0,1.0,1.0,21.0,3.0,4.0,1.0,2.0,2.0,8.0,1.0,7.0,2.0,1.0,2.0,3.0,4.0,4.0,1.0,16.0,1.0,6.0,3.0,1.0,1.0,2.0,10.0,1.0,10.0,3.0,3.0,2.0,1.0,4.0,3.0,1.0,2.0,1.0,1.0,4.0,1.0,3.0,1.0,2.0,2.0,1.0,1.0,1.0,1.0,3.0,1.0,1.0,2.0,1.0,1.0,1.0,1.0,1.0,1.29786125122586,1.0,1.0,1.0,1.0,1.0,4.0,3.0,1.0,1.0,1.0,1.0,1.0,1.0,2.0,2.0,1.0,4.0,1.0,4.0,1.0,1.0,2.0,1.0,1.0,3.0,2.0,2.0,2.0,2.0,1.0,1.0,6.0,24.0,4.0,1.0,3.0,2.0,1.0,1.0,16.0,35.0,3.0,1.0,1.0,1.0,1.0,1.0,1.0,3.0,5.0,1.0,1.0,2.0,7.0,5.0,5.0,2.0,3.0,1.0,1.0,1.0,8.0,1.0,5.0,3.0,2.0,9.0,6.0,1.0,4.0,13.0,1.0,7.0,7.0,1.0,1.0,1.0,1.0,1.0,4.0,6.0,3.0,2.0,1.0,8.0,6.0,1.0,1.0,1.0,2.0,3.0,1.0,2.0,8.0,1.0,2.0,9.0,2.0,1.0,1.0,1.0,1.0,1.0,4.0,1.0,1.0,4.0,5.0,1.0,1.0,2.0,3.0,2.0,1.0,2.0,5.0,6.0,4.0,6.0,8.0,11.0,7.0,6.0,1.0,1.0,1.0,4.0,1.0,3.0,4.0,5.0,12.0,5.0,2.0,2.0,1.0,4.0,2.0,1.0,1.0,1.0,3.0,4.0,3.0,2.0,17.29671484676516,3.0,5.0,1.0,7.0,5.0,2.0,2.0,3.0,1.0,1.0,1.0,1.0,2.0,1.0,2.0,1.0,1.0,12.0,10.0,8.0,6.0,5.0,1.0,1.0,1.0,3.0,1.0,1.0,1.0,3.0,4.0,1.0,2.0,1.0,1.0,1.0,2.0,1.0,1.0,8.0,1.0,1.0,2.0,2.0,5.0,2.0,2.0,1.0,1.0,3.0,2.0,3.0,1.0,6.0,6.0,1.0,1.0,6.0,1.0,6.0,9.0,3.0,13.0,10.0,1.0,1.0,11.0,1.0,1.0,3.0,8.0,9.0,2.0,1.0,2.0,3.0,3.0,3.0,1.0,1.0,1.0,5.0,5.0,2.0,1.0,2.0,2.0,1.0,1.0,5.0,1.0,1.0,1.0,1.0,3.0,2.0,1.0,2.0,1.0,3.0,4.0,1.0,2.0,1.0,2.0,1.0,2.0,2.0,1.0,1.0,2.0,2.0,1.0,1.0,1.0,1.0,1.0,1.0,2.0,1.0,8.0,2.0,1.0,5.0,6.0,2.0,1.0,1.0,1.0,6.0,2.0,3.0,4.0,3.0,1.0,1.0,2.0,2.0,1.0,1.0,11.0,1.0,1.0,2.0,4.0,5.0,3.0,1.0,4.0,1.0,14.0,4.0,7.0,1.0,1.0,2.0,1.0,1.0,2.92572291035908,1.0,1.0,1.0,3.0,1.0,9.0,2.0,2.0,1.0,1.0,7.0,1.0,8.0,1.0,1.0,1.0,1.0,2.0,1.0,1.0,1.0,1.0,2.0,1.0,1.0,1.0,1.0,1.0,1.0,4.0,4.0,3.0,2.0,1.0,1.0,1.0,1.0,3.0,1.0,1.0,1.0,1.0,1.0,1.0,1.0,1.0,2.0,1.0,3.0,0.24337417607789,1.0,1.0,3.0,5.0,9.0,7.0,2.0,2.0,1.0,1.0,1.0,2.0,3.0,1.0,1.0,2.0,3.0,1.0,1.0,2.0,2.0,1.0,1.0,1.0,1.0,2.0,1.0,1.0,-1.0,-1.0,-2.0,-4.0,-12.0,-7.0,-6.0,-6.0,-9.0,-11.0,-2.0,-8.0,-10.0,-6.0,-11.0,-6.50984180533249,-1.0,-4.0,-1.0,-10.0,-11.0,-3.0,-8.0,-12.0,-10.0,-1.0,-1.0,-1.0,-1.0,-7.0,-7.0,-13.0,-7.0,2.0,1.0,1.0,1.0,2.0,1.0,1.0,5.0,1.0,2.0,1.0,1.0,3.0,1.0,3.0,1.0,1.0,1.0,1.0,1.0,1.0,1.0,1.0,4.0,1.0,1.0,2.0,1.0,1.0,3.0,1.0,1.0,2.0,1.0,1.0,2.0,3.0,1.0,2.0,1.0,1.0,1.0,1.0,1.0,1.0,2.0,1.0,2.0,1.0,2.0,5.0,6.0,1.0,2.0,1.0,1.0,3.0,1.0,1.0,2.0,3.0,3.0,1.0,1.0,2.0,5.0,5.0,1.0,1.0,4.0,3.0,2.0,1.0,1.0,-1.0,1.0,2.0,-3.0,1.0,1.0,-4.0,-4.0,-3.0,2.0,-1.0,-1.0,-1.0,-2.0,2.0,10.0,1.0,1.0,1.0,2.0,3.0,4.0,1.0,2.0,1.0,17.0,1.0,1.0,1.0,1.0,2.0,1.0,1.0,1.0,4.0,4.0,1.0,3.0,1.0,1.0,2.0,1.0,1.0,1.0,2.0,2.0,1.0,1.0,1.0,1.0,2.0,3.0,18.94840458248437,1.0,1.0,3.0,1.0,1.0,1.0,2.0,3.0,1.0,1.0,2.0,4.0,2.0,1.0,1.0,1.0,1.0,2.0,3.0,1.0,4.0,1.0,1.0,1.0,4.0,4.0,1.0,1.0,2.0,2.0,2.0,2.0,1.0,2.0,1.0,2.0,3.0,1.0,6.0,11.0,8.0,5.0,4.0,5.0,3.0,2.0,1.0,1.0,1.0,1.0,1.0,2.0,2.0,3.0,2.0,3.0,1.0,1.0,1.0,1.0,1.0,1.0,3.0,2.0,5.0,1.0,2.0,2.0,1.0,5.0,1.0,5.0,1.0,2.0,5.0,3.0,2.0,1.0,15.11250881122309,1.0,2.0,3.0,1.0,1.0,1.0,3.0,3.0,2.0,4.0,1.0,1.0,1.0,1.0,1.0,1.0,1.0,1.0,1.0,1.0,1.0,3.0,5.0,1.0,1.0,1.0,2.0,2.0,1.0,1.0,5.0,1.0,1.0,5.0,1.0,1.0,-7.0,-7.0,1.0,-1.0,-4.0,-2.0,-1.0,-2.0,-1.0,1.0,-1.0,-3.0,-5.0,0.0,-3.0,-1.0,-2.0,-4.0,1.0,-1.0,1.0,-1.0,-1.0,1.0,-1.0,-1.0,2.0,-2.0,-3.0,2.0,-2.0,-1.0,1.0,-1.0,-1.0,-2.0,1.0,-2.0,-1.0,2.0,-1.0,-1.0,-1.0,-1.0,-2.0,2.0,-2.0,-2.0,0.0,-1.0,-1.0,-1.0,-1.0,-1.0,1.0,1.0,1.0,7.0,1.0,1.0,1.0,1.0,1.0,2.0,1.0,1.0,12.0,1.0,1.0,1.0,1.0,1.0,1.0,2.0,1.0,1.0,1.0,1.0,2.0,4.0,3.0,1.0,1.0,3.0,1.0,1.0,1.0,1.0,2.0,1.0,1.0,1.0,1.0,1.0,2.0,1.0,1.0,3.0,7.0,2.0,1.0,1.0,1.0,1.0,1.0,1.0,1.0,1.0,1.0,1.0,1.0,1.0,6.0,1.0,1.0,1.0,1.0,1.0,1.0,1.0,1.0,1.0,1.0,1.0,1.0,1.0,1.0,1.0,1.0,4.0,1.0,1.0,1.0,1.0,1.0,1.0,1.0,1.0,1.0,1.0,1.0,1.0,1.0,1.0,1.0,1.0,1.0,1.0,1.0,-1.0,-1.0,1.0,1.0,2.0,-2.0,-2.0,-2.0,-2.0,-2.0,1.0,1.0,-3.56110793196185,-3.0,-3.0,-3.0,1.0,-5.0,-5.0,-5.0,1.0,1.0,1.0,1.0,2.0,1.0,1.0,-1.0,-1.0,-1.0,-1.0,-1.0,-1.0,4.0,4.0,1.0,1.0,3.0,1.0,1.0,1.0,1.0,1.0,3.0,3.0,2.0,1.0,1.0,1.0,1.0,1.0,2.0,1.0,1.0,2.0,2.0,1.0,1.0,1.0,1.0,1.0,3.0,3.0,3.0,1.0,1.0,2.0,1.0,1.0,2.0,2.0,2.0,1.0,1.0,1.0,2.0,1.0,1.0,1.0,1.0,3.0,1.0,1.0,1.0,1.0,4.0,2.0,5.0,1.0,2.0,1.0,1.0,1.0,1.0,3.0,1.0,2.0,3.0,2.0,1.0,1.0,1.0,2.0,2.0,2.0,2.0,1.0,6.0,3.0,6.0,1.0,1.0,1.0,3.0,1.0,4.0,5.0,1.0,1.0,1.0,1.0,1.0,17.0,1.0,2.0,12.0,1.0,2.0,3.0,8.0,13.0,5.0,2.0,1.0,2.0,6.0,4.0,4.0,2.0,1.0,3.0,2.0,1.0,1.0,1.0,3.0,1.0,1.0,1.0,3.0,1.0,1.0,1.0,3.0,1.0,1.0,1.0,2.0,3.0,7.0,4.0,3.0,-0.31044766992144,2.0,2.0,2.0,1.0,1.0,1.0,1.0,1.0,1.0,1.0,1.0,1.0,1.0,1.0,1.0,1.0,1.0,1.0,1.0,1.0,1.0,1.0,1.0,1.0,1.0,1.0,1.0,1.0,3.0,1.0,1.0,2.0,2.0,2.0,2.0,3.0,1.0,1.0,1.0,2.0,1.0,4.0,3.0,1.0,1.0,1.0,2.0,1.0,7.39298284432326,1.0,5.0,3.0,2.0,1.0,1.0,1.0,1.0,1.0,1.0,1.0,1.0,1.0,3.0,4.0,3.0,1.0,1.0,1.0,1.0,1.0,1.0,1.0,1.0,1.0,1.0,1.0,1.0,2.0,1.0,1.0,1.0,1.0,1.0,1.0,1.0,1.0,1.0,1.0,1.0,2.0,1.0,1.0,1.0,1.0,1.0,1.0,1.0,1.0,1.0,1.0,1.0,1.0,1.0,3.0,8.0,2.0,1.0,2.0,1.0,1.0,4.0,1.0,1.0,1.0,1.0,1.0,1.0,1.0,7.0,5.0,2.0,3.0,1.0,1.0,2.0,1.0,1.0,1.0,1.0,1.0,1.0,2.0,3.0,1.0,2.0,2.0,2.0,-16.38832593496558,3.0,1.0,1.0,1.0,1.0,3.0,2.0,3.0,3.0,1.0,1.0,2.0,2.0,2.0,3.0,2.0,1.0,3.0,1.0,2.0,2.0,2.0,2.0,2.0,2.0,1.0,1.0,1.0,1.0,1.0,1.0,1.0,1.0,1.0,2.0,1.0,1.0,1.0,3.0,1.0,1.0,1.0,1.0,1.0,1.0,1.0,2.0,1.0,6.0,1.0,5.0,1.0,4.0,1.0,8.0,1.0,3.0,3.0,4.0,1.0,2.0,2.0,1.0,1.0,3.0,2.0,3.0,1.0,2.0,1.0,1.0,2.0,1.0,1.0,4.0,6.0,1.0,1.0,1.0,2.0,2.0,1.0,1.0,3.0,5.0,5.38785976813884,1.0,1.0,5.0,1.0,1.0,2.0,1.0,1.0,1.0,4.0,2.0,1.0,4.0,2.0,6.0,1.0,1.0,1.0,1.0,6.0,5.96397995782018,1.0,1.0,3.0,3.0,-1.3686525685699,9.0,2.0,3.0,3.0,3.0,3.0,1.0,1.0,5.0,5.0,5.0,5.0,1.0,7.0,10.0,2.0,1.0,4.0,5.0,5.0,5.0,5.0,2.0,1.0,3.0,5.0,4.0,2.0,2.0,1.0,1.0,2.0,3.0,1.0,1.0,3.0,11.0,5.0,5.0,5.0,5.0,5.0,5.0,5.0,5.0,13.0,3.0,2.0,2.0,3.0,11.0,5.0,5.0,5.0,5.0,1.0,1.0,2.0,18.0,11.0,2.0,1.0,3.0,3.0,5.0,5.0,5.0,5.0,5.0,5.0,2.0,1.0,3.0,1.0,1.0,21.0,1.0,2.0,3.0,6.0,6.0,6.0,6.0,2.0,5.0,3.0,2.0,5.0,13.0,2.0,5.0,5.0,5.0,5.0,6.0,2.0,24.0,2.0,1.0,2.0,5.0,5.0,5.0,5.0,1.0,2.0,4.0,3.0,12.0,1.0,9.0,4.0,4.0,4.0,4.0,4.0,4.0,4.0,1.0,10.0,4.0,1.0,21.0,1.0,2.0,1.0,1.0,1.0,4.0,3.0,5.0,6.0,6.0,6.0,6.0,6.0,1.0,1.0,3.0,15.0,1.0,1.0,1.0,1.0,7.0,4.0,1.0,10.0,5.0,5.0,5.0,5.0,1.0,1.0,4.0,2.0,-19.72431348956135,1.0,2.0,2.0,9.0,2.0,1.0,1.0,3.0,1.0,4.0,3.0,1.0,1.0,1.0,1.0,1.0,2.0,1.0,1.0,9.0,1.0,1.0,1.0,2.0,5.0,5.0,5.0,5.0,2.0,1.0,7.0,1.0,2.0,5.0,5.0,5.0,5.0,5.0,5.0,5.0,3.0,1.0,1.0,20.0,1.0,1.0,1.0,4.0,1.0,1.0,2.0,1.0,9.0,3.0,4.0,4.0,4.0,4.0,4.0,4.0,4.0,4.0,1.0,1.0,37.0,1.0,1.0,1.0,6.0,6.0,6.0,6.0,6.0,6.0,1.0,1.0,1.0,1.0,6.0,16.0,1.0,5.0,5.0,5.0,5.0,1.0,27.0,1.0,1.0,1.0,7.0,6.0,6.0,6.0,6.0,1.0,2.0,1.0,30.0,1.0,1.0,1.0,1.0,8.0,6.0,6.0,6.0,6.0,13.32796194626393,2.0,2.0,2.0,2.0,5.0,5.0,7.0,3.0,30.0,3.0,10.0,6.0,1.0,10.0,5.0,5.0,5.0,5.0,5.0,5.0,5.0,4.0,1.0,6.0,8.0,1.0,2.0,3.0,4.0,4.0,5.0,6.0,6.0,6.0,6.0,-5.0,-5.0,-5.0,-5.0,-5.0,-5.0,-5.0,-5.0,-5.0,-5.0,1.0
1.0,1.0,1.0,2.0,1.0,2.0,4.0,7.0,1.0,2.0,1.0,5.0,1.0,1.0,1.0,1.0,3.0,1.0,2.0,1.0,1.0,1.0,1.0,1.0,1.0,1.0,5.0,2.0,1.0,3.0,1.0,1.0,5.0,1.0,1.0,2.0,1.0,1.0,1.0,2.0,3.0,1.0,1.0,1.0,1.0,1.0,1.0,1.0,1.0,1.0,1.0,1.0,5.0,3.0,2.0,1.0,1.0,2.0,1.0,1.0,1.0,1.0,1.0,1.0,1.0,1.0,2.0,1.0,5.0,1.0,2.0,1.0,1.0,2.0,1.0,1.0,1.0,1.0,2.0,1.0,7.0,4.0,1.0,2.0,1.0,2.0,12.0,5.0,1.0,15.0,1.0,2.0,2.0,2.0,1.0,1.0,8.0,1.0,4.0,1.0,1.0,16.0,3.0,3.0,1.0,2.0,1.0,1.0,6.0,7.0,1.0,2.0,3.0,2.0,2.0,3.0,2.0,1.0,5.0,1.0,3.0,2.0,2.0,1.0,1.0,1.0,10.0,10.0,1.0,3.0,2.0,1.0,2.0,5.0,2.0,1.0,3.0,1.0,1.0,1.0,1.0,1.0,1.0,1.0,7.0,1.0,1.0,13.0,1.0,1.0,1.0,10.0,2.0,1.0,3.0,1.0,1.0,2.0,3.0,1.0,1.0,1.0,1.0,1.0,1.0,1.0,2.0,1.0,14.0,1.0,1.0,1.0,2.0,2.0,1.0,3.0,2.0,1.0,1.0,1.0,2.0,5.0,1.0,1.0,1.0,4.0,1.0,4.0,2.0,14.0,1.0,2.0,2.0,4.0,1.0,1.0,3.0,1.0,1.0,2.0,1.0,1.0,4.0,3.0,17.0,1.0,1.0,1.0,1.0,3.0,1.0,3.0,5.0,1.0,2.0,2.0,2.0,1.0,1.0,1.0,4.0,1.0,2.0,1.0,1.0,1.0,1.0,1.0,1.0,5.0,2.0,2.0,3.0,1.0,1.0,1.0,1.0,2.0,1.0,1.0,1.0,1.0,1.0,5.0,2.0,3.0,2.0,2.0,3.0,1.0,2.0,4.0,1.0,2.0,2.0,2.0,1.0,1.0,1.0,1.0,1.0,3.0,2.0,1.0,1.0,13.0,3.0,1.0,1.0,1.0,7.0,4.0,1.0,1.0,1.0,8.0,1.0,1.0,6.0,2.0,1.0,3.0,2.0,8.0,2.0,1.0,1.0,1.0,5.0,1.0,8.0,1.0,4.0,9.0,7.0,1.0,1.0,8.0,1.0,2.0,1.0,1.0,4.0,1.0,1.0,1.0,7.0,4.0,5.0,3.0,1.0,1.0,1.0,2.0,1.0,1.0,1.0,1.0,1.0,1.0,6.0,3.0,2.0,2.0,1.0,1.0,1.0,1.0,1.0,1.0,5.0,1.0,1.0,3.0,1.0,1.0,3.0,3.0,1.0,1.0,1.0,2.0,2.0,1.0,1.0,1.0,3.0,4.0,4.0,1.0,1.0,1.0,2.0,1.0,2.0,2.0,2.0,8.0,9.0,3.0,1.0,2.0,1.0,1.0,3.0,2.0,2.0,1.0,5.0,1.0,3.0,3.0,3.0,4.0,1.0,1.0,2.0,2.0,3.0,3.0,1.0,3.0,2.0,1.0,1.0,1.0,1.0,1.0,1.0,1.0,1.0,1.0,1.0,1.0,2.0,10.0,2.0,3.0,3.0,3.0,2.0,1.0,1.0,1.0,1.0,2.0,1.0,15.0,3.0,3.0,3.0,3.0,1.0,1.0,11.0,2.0,2.0,2.0,3.0,1.0,1.0,1.0,1.0,9.0,2.0,2.0,3.0,3.0,1.0,1.0,1.0,2.0,1.0,13.0,2.0,2.0,3.0,3.0,6.0,5.0,2.0,2.0,2.0,2.0,3.0,3.0,4.0,3.0,2.0,2.0,3.0,3.0,4.0,2.0,7.0,3.0,3.0,2.0,2.0,1.0,3.0,7.0,2.0,13.0,6.0,4.0,1.0,1.0,1.0,2.0,1.0,3.0,2.0,10.0,2.0,14.0,1.0,1.0,1.0,9.0,3.0,2.0,1.0,1.0,10.0,2.0,1.0,1.0,1.0,2.0,3.0,7.0,5.0,1.0,1.0,1.0,2.0,6.0,2.0,2.0,4.0,2.0,1.0,1.0,1.0,3.0,2.0,10.0,3.0,1.0,1.0,1.0,5.0,3.0,5.0,1.0,3.0,1.0,1.0,2.0,2.0,3.0,2.0,1.0,2.0,1.0,1.0,1.0,2.0,1.0,1.0,1.0,1.0,5.0,1.0,2.0,1.0,1.0,1.0,1.0,1.0,4.0,1.0,1.0,14.0,1.0,4.0,1.0,13.0,11.0,2.0,2.0,1.0,5.0,1.0,11.0,1.0,1.0,1.0,1.0,1.0,4.0,1.0,1.0,1.0,1.0,3.0,1.0,3.0,1.0,5.0,9.0,1.0,1.0,1.0,1.0,4.0,1.0,6.0,13.0,1.0,3.0,3.0,4.0,1.0,3.0,1.0,4.0,1.0,14.0,9.0,12.0,7.0,1.0,1.0,1.0,2.0,4.0,4.0,6.0,10.0,8.0,21.0,4.0,4.0,3.0,2.0,4.0,1.0,2.0,12.0,11.0,1.0,3.0,4.0,1.0,1.0,1.0,1.0,3.0,6.0,7.0,2.0,5.0,3.0,3.0,8.0,10.0,2.0,19.0,8.0,5.0,1.0,3.0,2.0,6.0,-2.04564786099211,2.0,1.0,2.0,3.0,8.0,9.0,6.0,6.0,1.0,1.0,2.0,2.0,2.0,8.0,4.0,5.0,8.0,7.0,13.0,3.0,9.0,2.0,1.0,3.0,5.0,1.0,3.0,1.0,1.0,5.47566330468136,8.0,1.0,2.0,1.0,1.0,6.0,1.0,1.0,1.0,5.0,15.0,1.0,2.0,7.0,5.0,4.0,5.0,4.0,16.0,6.0,4.0,2.0,1.0,1.0,1.0,1.0,1.0,1.0,2.0,1.0,7.0,7.0,4.0,1.0,2.0,1.0,2.0,1.0,1.0,1.0,1.0,2.0,2.0,1.0,1.0,1.0,1.0,1.0,1.0,1.0,1.0,1.0,1.0,1.0,2.0,2.0,4.0,1.0,1.0,1.0,2.0,7.0,1.0,1.0,1.0,1.0,1.0,1.0,1.0,2.0,3.0,6.0,7.0,4.0,1.0,3.0,1.0,1.0,1.0,1.0,1.0,1.0,1.0,1.0,1.0,2.0,1.0,1.0,2.0,1.0,1.0,1.0,2.0,1.0,1.0,1.0,1.0,1.0,2.0,2.0,3.0,6.0,1.0,1.0,2.0,1.0,1.0,2.0,1.0,1.0,13.0,19.0,2.0,1.0,1.0,4.0,1.0,1.0,1.0,1.0,1.0,1.0,1.0,1.0,1.0,1.0,1.0,2.0,1.0,1.0,1.0,16.0,15.0,1.0,2.0,2.0,2.0,1.0,1.0,1.0,2.0,1.0,1.0,1.0,1.0,1.0,2.0,1.0,1.0,3.0,1.0,1.0,1.0,2.0,1.0,1.0,12.0,7.0,1.0,5.0,1.0,3.0,1.0,1.0,1.0,2.0,3.0,1.0,1.0,6.0,7.0,3.0,5.0,3.0,1.0,1.0,3.0,2.0,1.0,7.0,16.0,1.0,1.0,5.0,3.0,1.0,1.0,3.0,2.0,1.0,3.96952489648403,1.0,2.0,3.0,3.0,1.0,1.0,2.0,1.0,1.0,1.0,2.0,30.0,1.0,4.0,7.0,1.0,1.0,1.0,1.0,1.0,2.0,1.0,2.0,1.0,1.0,1.0,1.0,1.0,1.0,5.0,24.0,4.0,2.0,1.0,1.0,1.0,1.0,1.0,1.0,2.0,2.0,3.0,1.0,2.0,1.0,1.0,1.0,1.0,1.0,1.0,1.0,2.0,1.0,1.0,1.0,1.0,1.0,1.0,1.0,1.0,3.0,1.0,1.0,1.0,3.0,5.0,2.0,3.0,1.0,1.0,2.0,1.0,2.0,1.0,3.0,1.0,2.0,1.0,1.0,2.0,2.0,2.0,1.0,1.0,5.0,2.0,2.0,4.0,1.0,3.0,1.0,4.0,1.0,1.0,2.0,1.0,1.0,4.0,1.0,2.0,1.0,1.0,2.0,4.0,1.0,2.0,2.0,5.0,1.0,1.0,2.0,1.0,1.0,3.0,1.0,1.0,3.0,3.0,5.0,3.0,4.0,1.0,1.0,1.0,2.0,1.0,2.0,1.0,2.0,1.0,1.0,3.0,1.0,1.0,1.0,1.0,2.0,1.0,1.0,1.0,2.0,1.0,1.0,1.0,1.0,1.0,1.0,1.0,1.0,4.0,1.0,1.0,1.0,2.0,1.0,6.0,1.0,1.0,1.0,2.0,2.0,1.0,1.0,1.0,-1.2523449689335,2.0,1.0,1.0,2.0,1.0,-1.0,-1.0,-1.0,-1.0,-2.0,1.0,9.0,-1.0,1.0,-1.0,-1.0,-5.0,-4.0,-3.0,-4.0,-5.0,-5.0,1.0,1.0,1.0,6.0,6.0,2.0,1.0,3.0,2.0,1.0,4.0,5.0,1.0,3.0,1.0,1.0,2.0,1.0,5.0,1.0,1.0,10.0,4.0,1.0,1.0,1.0,3.0,7.0,1.0,2.0,8.0,1.0,2.0,1.0,1.0,1.0,2.0,1.0,2.0,9.0,1.0,9.0,1.0,1.0,1.0,3.0,1.0,1.0,4.0,4.0,1.0,2.0,1.0,2.0,1.0,1.0,1.0,2.0,1.0,1.0,2.0,4.0,1.0,1.0,10.0,1.0,1.0,1.0,3.0,1.0,4.0,4.0,9.0,1.0,1.0,5.0,1.0,1.0,4.957128867032768,4.0,2.0,5.0,1.0,7.0,1.0,5.0,1.0,1.0,1.0,18.20845275419301,1.0,5.0,4.0,6.0,1.0,-3.0,-1.0,-1.0,-13.71931735451625,-2.0,-2.0,-1.0,-1.0,-1.0,-1.0,-3.0,-1.0,-2.0,-4.0,-1.0,-2.0,-1.0,-1.0,-1.0,5.0,4.0,2.0,7.0,2.0,1.0,2.0,1.0,2.0,1.0,3.0,4.0,4.0,1.0,1.0,2.0,4.0,2.0,6.0,1.0,5.0,11.27775448851298,8.0,7.0,1.0,4.0,3.0,1.0,1.0,1.0,2.0,1.0,4.0,1.0,1.0,1.0,1.0,2.0,1.0,1.0,3.0,2.0,4.0,7.0,7.0,4.0,1.0,1.0,4.0,1.0,1.0,2.0,1.0,1.0,5.0,1.0,2.0,7.0,4.0,2.0,2.0,1.0,1.0,1.0,2.0,2.0,2.0,1.0,1.0,2.0,6.0,1.0,4.0,2.0,3.0,-9.81276160699843,1.0,8.0,8.0,1.0,1.0,2.0,2.0,1.0,1.0,2.0,2.0,11.0,5.0,2.0,1.0,2.0,2.0,2.0,2.0,2.0,2.0,2.0,2.0,2.0,1.0,1.0,25.0,6.0,5.0,5.0,5.0,5.0,5.0,5.0,3.0,2.0,1.0,1.0,2.0,1.0,1.0,12.0,15.0,4.0,4.0,5.0,4.0,4.0,5.0,2.0,1.0,5.0,1.0,1.0,2.0,1.0,16.0,5.0,4.0,5.0,4.0,10.0,2.0,4.0,3.0,3.0,6.0,4.0,4.0,4.0,4.0,4.0,4.0,4.0,4.0,4.0,2.0,4.0,4.0,4.0,4.0,4.0,4.0,1.0,1.0,4.0,4.0,4.0,4.0,4.0,4.0,1.0,1.0,1.0,1.0,1.0,1.0,4.0,4.0,4.0,4.0,4.0,4.0,4.0,4.0,4.0,4.0,1.0,1.0,1.0,1.0,3.0,1.0,1.0,10.0,1.0,1.0,1.0,1.0,1.0,21.0,15.0,1.0,1.0,1.0,1.0,1.0,1.0,5.0,1.0,6.0,2.0,2.0,23.0,14.0,1.0,3.0,3.0,3.0,3.0,3.0,3.0,3.0,3.0,1.0,1.0,1.0,1.0,1.0,6.0,1.0,4.0,10.0,9.0,26.0,7.0,3.0,3.0,4.0,3.0,3.0,3.0,4.0,3.0,1.0,1.0,1.0,1.0,3.0,1.0,1.0,13.0,2.0,2.0,2.0,2.0,2.0,2.0,2.0,1.0,1.0,2.0,2.0,2.0,2.0,2.0,2.0,3.0,2.0,1.0,2.0,2.0,2.0,2.0,2.0,2.0,2.0,1.0,2.0,2.0,2.0,2.0,2.0,2.0,2.0,2.0,2.0,2.0,2.0,1.0,-2.0,1.0,4.0,1.0,-4.0,-4.0,-5.0,-4.0,-4.0,-4.0,-5.0,-4.0,-1.0,1.0,2.0,-1.0,1.0,-4.0,-5.0,-4.0,-4.0,-5.0,-4.0,2.0,1.0,-5.0,-6.0,-5.0,-5.0,-6.0,-5.0,1.0,1.0,1.0,-5.0,-5.0,-5.0,-5.0,-5.0,-5.0,-1.0,1.0,-1.0,-5.0,-5.0,-5.0,-5.0,-5.0,-5.0,-3.0,-4.0,-1.0,-1.0,-3.0,-1.0,0.0,1.0,-9.0,-5.0,1.0,-1.0,-2.0,-1.0,-1.0,-2.0,-1.0,-3.0,-2.0,-1.0,-1.0,-1.0,-1.0,-1.0,-3.0,-1.0,-1.0,-1.0,-1.0,-3.0,-2.0,19.45784305872714,-2.0,-1.0,-1.0,-1.0,-2.0,7.0,-4.0,-2.0,-3.0,-3.0,-1.0,-1.0,-1.0,1.0,1.0,0.0,-1.0,-5.0,-7.0,-1.0,-2.0,-1.0,9.0,2.0,13.0,-1.0,-1.0,-1.0,-5.0,-5.0,-2.0,-4.0,1.0,5.0,4.0,2.0,2.0,1.0,2.0,15.0,17.0,4.0,5.0,7.0,13.0,1.0,3.0,1.0,1.0,1.0,12.0,5.0,5.0,1.0,11.0,2.0,4.0,2.0,1.0,15.57346510062307,4.0,2.0,1.0,1.0,2.0,1.0,1.0,2.0,1.0,1.0,2.0,6.0,1.0,1.0,2.0,4.0,3.0,2.0,2.0,3.0,7.0,1.0,1.0,1.0,1.0,1.0,2.0,1.0,1.0,1.0,1.0,1.0,1.0,1.0,1.0,2.0,2.0,1.0,4.0,1.0,1.0,1.0,1.0,3.0,1.0,2.0,6.0,1.0,1.0,1.0,1.0,1.0,1.0,-2.5485758184053537,1.0,1.0,1.0,1.0,1.0,3.0,1.0,1.0,3.0,2.0,2.0,2.0,5.0,-20.80157324031526,2.0,2.0,4.0,3.0,1.0,2.0,2.0,2.0,2.0,-15.704502461243464,1.0,2.0,2.0,2.0,1.0,1.0,1.0,1.0,1.0,2.0,1.0,4.0,1.0,1.0,1.0,1.0,2.0,1.0,1.0,1.0,5.0,5.0,1.0,4.0,3.0,2.0,2.0,1.0,5.0,1.0,3.0,4.0,2.0,1.0,3.0,3.0,4.0,3.0,3.0,1.0,1.0,2.0,1.0,3.0,2.0,4.0,2.0,1.0,4.0,2.0,1.0,2.0,3.0,3.0,3.0,3.0,2.0,1.0,4.0,5.0,1.0,1.0,5.0,4.0,2.0,1.0,1.0,6.276158308138452,6.0,10.0,1.0,5.0,5.0,1.0,7.0,2.0,1.0,10.0,4.0,3.0,3.0,1.0,7.0,1.0,11.0,1.0,2.0,2.0,1.0,3.0,2.0,1.0,1.0,5.0,8.0,1.0,7.0,3.0,1.0,2.0,2.0,1.0,2.0,1.0,1.0,1.0,1.0,2.0,7.0,6.0,1.0,2.0,1.0,1.0,1.0,1.0,5.0,1.0,1.0,2.0,5.0,1.0,2.0,7.0,6.0,6.0,1.0,2.0,9.0,3.0,6.0,1.0,6.0,4.0,9.0,1.0,1.0,1.0,2.0,10.0,6.0,2.0,2.0,5.0,5.0,1.0,10.0,1.0,2.0,4.0,5.0,13.0,1.0,1.0,1.0,1.0,4.0,4.0,3.0,1.0,2.0,1.0,1.0,1.0,2.0,4.0,4.0,5.0,11.0,1.0,1.0,13.2640361646798,1.0,5.0,2.0,7.0,1.0,1.0,2.0,1.0,1.0,1.0,3.0,3.0,2.0,2.0,3.0,5.0,1.0,2.0,1.0,-2.0,1.0,1.0,7.0,-3.0,-3.0,-3.0,-3.0,1.0,0.0,4.0,-2.0,5.0,-6.0,-6.0,-6.0,-6.0,-2.0,-1.0,-1.0,-6.0,-6.0,-6.0,-6.0,-3.0,-2.0,-1.0,-1.0,-3.0,-3.0,-3.0,-3.0,-2.0,-1.0,-1.0,2.0,-1.0,-6.0,-6.0,-6.0,-7.103831779623127,-6.0,-6.0,-6.0,1.0,1.0,-3.0,-3.0,7.0,2.0,-5.0,-5.0,-5.0,-5.0,1.0,-2.0,-2.0,2.0,1.0,-5.0,-6.0,-5.0,-5.0,2.0,1.0,1.0,1.0,-6.0,-6.0,-6.0,-6.0,-1.0,1.0,-2.0,-2.0,1.0,2.0,-13.0,-13.0,-1.0,-1.0,-2.0,2.0,1.0,-5.0,-5.0,-5.0,-5.0,-5.0,-5.0,1.0,1.0,-5.0,-5.0,-5.0,-5.0,-5.0,0.0,-3.0,-12.0,-12.0,1.0,5.0,-7.0,-7.0,-7.0,-7.0,1.0,7.0,1.0,1.0,1.0,2.0,11.0,1.0,4.0,1.0,3.0,6.0,1.0,2.0,3.0,15.0,3.0,2.0,3.0,4.0,1.0,6.0,6.0,4.0,2.0,1.0,1.0,1.0,1.0,1.0,1.0,3.0,7.0,1.0,3.0,1.0,1.0,1.0,3.0,2.0,1.0,2.0,2.0,1.0,1.0,3.0,3.0,3.0,1.0,1.0,2.0,3.0,3.0,3.0,1.0,1.0,1.0,3.0,4.0,4.0,2.0,3.0,1.0,1.0,1.0,1.0,1.0,1.0,2.0,3.0,4.0,4.0,2.0,6.0,3.0,1.0,1.0,1.0,1.0,1.0,1.0,2.0,3.0,1.0,13.0,3.0,1.0,1.0,6.0,1.0,1.0,1.0,4.0,1.0,1.0,2.0,2.0,4.0,3.0,3.0,1.0,1.0,1.0,1.0,2.0,2.0,3.0,3.0,1.0,1.0,2.0,2.0,1.0,2.0,6.0,6.0,2.0,3.0,2.0,2.0,1.0,1.0,2.0,2.0,6.0,6.0,2.0,3.0,2.0,2.0,1.0,1.0,21.0,3.0,4.0,1.0,2.0,2.0,8.0,1.0,7.0,2.0,1.0,2.0,3.0,4.0,4.0,1.0,16.0,1.0,6.0,3.0,1.0,1.0,2.0,10.0,1.0,10.0,3.0,3.0,2.0,1.0,4.0,3.0,1.0,2.0,1.0,1.0,4.0,1.0,3.0,1.0,2.0,2.0,1.0,1.0,1.0,1.0,3.0,1.0,1.0,2.0,1.0,1.0,1.0,1.0,1.0,1.29786125122586,1.0,1.0,1.0,1.0,1.0,4.0,3.0,1.0,1.0,1.0,1.0,1.0,1.0,2.0,2.0,1.0,4.0,1.0,4.0,1.0,1.0,2.0,1.0,1.0,3.0,2.0,2.0,2.0,2.0,1.0,1.0,6.0,24.0,4.0,1.0,3.0,2.0,1.0,1.0,16.0,35.0,3.0,1.0,1.0,1.0,1.0,1.0,1.0,3.0,5.0,1.0,1.0,2.0,7.0,5.0,5.0,2.0,3.0,1.0,1.0,1.0,8.0,1.0,5.0,3.0,2.0,9.0,6.0,1.0,4.0,13.0,1.0,7.0,7.0,1.0,1.0,1.0,1.0,1.0,4.0,6.0,3.0,2.0,1.0,8.0,6.0,1.0,1.0,1.0,2.0,3.0,1.0,2.0,8.0,1.0,2.0,9.0,2.0,1.0,1.0,1.0,1.0,1.0,4.0,1.0,1.0,4.0,5.0,1.0,1.0,2.0,3.0,2.0,1.0,2.0,5.0,6.0,4.0,6.0,8.0,11.0,7.0,6.0,1.0,1.0,1.0,4.0,1.0,3.0,4.0,5.0,12.0,5.0,2.0,2.0,1.0,4.0,2.0,1.0,1.0,1.0,3.0,4.0,3.0,2.0,17.29671484676516,3.0,5.0,1.0,7.0,5.0,2.0,2.0,3.0,1.0,1.0,1.0,1.0,2.0,1.0,2.0,1.0,1.0,12.0,10.0,8.0,6.0,5.0,1.0,1.0,1.0,3.0,1.0,1.0,1.0,3.0,4.0,1.0,2.0,1.0,1.0,1.0,2.0,1.0,1.0,8.0,1.0,1.0,2.0,2.0,5.0,2.0,2.0,1.0,1.0,3.0,2.0,3.0,1.0,6.0,6.0,1.0,1.0,6.0,1.0,6.0,9.0,3.0,13.0,10.0,1.0,1.0,11.0,1.0,1.0,3.0,8.0,9.0,2.0,1.0,2.0,3.0,3.0,3.0,1.0,1.0,1.0,5.0,5.0,2.0,1.0,2.0,2.0,1.0,1.0,5.0,1.0,1.0,1.0,1.0,3.0,2.0,1.0,2.0,1.0,3.0,4.0,1.0,2.0,1.0,2.0,1.0,2.0,2.0,1.0,1.0,2.0,2.0,1.0,1.0,1.0,1.0,1.0,1.0,2.0,1.0,8.0,2.0,1.0,5.0,6.0,2.0,1.0,1.0,1.0,6.0,2.0,3.0,4.0,3.0,1.0,1.0,2.0,2.0,1.0,1.0,11.0,1.0,1.0,2.0,4.0,5.0,3.0,1.0,4.0,1.0,14.0,4.0,7.0,1.0,1.0,2.0,1.0,1.0,2.92572291035908,1.0,1.0,1.0,3.0,1.0,9.0,2.0,2.0,1.0,1.0,7.0,1.0,8.0,1.0,1.0,1.0,1.0,2.0,1.0,1.0,1.0,1.0,2.0,1.0,1.0,1.0,1.0,1.0,1.0,4.0,4.0,3.0,2.0,1.0,1.0,1.0,1.0,3.0,1.0,1.0,1.0,1.0,1.0,1.0,1.0,1.0,2.0,1.0,3.0,0.24337417607789,1.0,1.0,3.0,5.0,9.0,7.0,2.0,2.0,1.0,1.0,1.0,2.0,3.0,1.0,1.0,2.0,3.0,1.0,1.0,2.0,2.0,1.0,1.0,1.0,1.0,2.0,1.0,1.0,-1.0,-1.0,-2.0,-4.0,-12.0,-7.0,-6.0,-6.0,-9.0,-11.0,-2.0,-8.0,-10.0,-6.0,-11.0,-6.50984180533249,-1.0,-4.0,-1.0,-10.0,-11.0,-3.0,-8.0,-12.0,-10.0,-1.0,-1.0,-1.0,-1.0,-7.0,-7.0,-13.0,-7.0,2.0,1.0,1.0,1.0,2.0,1.0,1.0,5.0,1.0,2.0,1.0,1.0,3.0,1.0,3.0,1.0,1.0,1.0,1.0,1.0,1.0,1.0,1.0,4.0,1.0,1.0,2.0,1.0,1.0,3.0,1.0,1.0,2.0,1.0,1.0,2.0,3.0,1.0,2.0,1.0,1.0,1.0,1.0,1.0,1.0,2.0,1.0,2.0,1.0,2.0,5.0,6.0,1.0,2.0,1.0,1.0,3.0,1.0,1.0,2.0,3.0,3.0,1.0,1.0,2.0,5.0,5.0,1.0,1.0,4.0,3.0,2.0,1.0,1.0,-1.0,1.0,2.0,-3.0,1.0,1.0,-4.0,-4.0,-3.0,2.0,-1.0,-1.0,-1.0,-2.0,2.0,10.0,1.0,1.0,1.0,2.0,3.0,4.0,1.0,2.0,1.0,17.0,1.0,1.0,1.0,1.0,2.0,1.0,1.0,1.0,4.0,4.0,1.0,3.0,1.0,1.0,2.0,1.0,1.0,1.0,2.0,2.0,1.0,1.0,1.0,1.0,2.0,3.0,18.94840458248437,1.0,1.0,3.0,1.0,1.0,1.0,2.0,3.0,1.0,1.0,2.0,4.0,2.0,1.0,1.0,1.0,1.0,2.0,3.0,1.0,4.0,1.0,1.0,1.0,4.0,4.0,1.0,1.0,2.0,2.0,2.0,2.0,1.0,2.0,1.0,2.0,3.0,1.0,6.0,11.0,8.0,5.0,4.0,5.0,3.0,2.0,1.0,1.0,1.0,1.0,1.0,2.0,2.0,3.0,2.0,3.0,1.0,1.0,1.0,1.0,1.0,1.0,3.0,2.0,5.0,1.0,2.0,2.0,1.0,5.0,1.0,5.0,1.0,2.0,5.0,3.0,2.0,1.0,15.11250881122309,1.0,2.0,3.0,1.0,1.0,1.0,3.0,3.0,2.0,4.0,1.0,1.0,1.0,1.0,1.0,1.0,1.0,1.0,1.0,1.0,1.0,3.0,5.0,1.0,1.0,1.0,2.0,2.0,1.0,1.0,5.0,1.0,1.0,5.0,1.0,1.0,-7.0,-7.0,1.0,-1.0,-4.0,-2.0,-1.0,-2.0,-1.0,1.0,-1.0,-3.0,-5.0,0.0,-3.0,-1.0,-2.0,-4.0,1.0,-1.0,1.0,-1.0,-1.0,1.0,-1.0,-1.0,2.0,-2.0,-3.0,2.0,-2.0,-1.0,1.0,-1.0,-1.0,-2.0,1.0,-2.0,-1.0,2.0,-1.0,-1.0,-1.0,-1.0,-2.0,2.0,-2.0,-2.0,0.0,-1.0,-1.0,-1.0,-1.0,-1.0,1.0,1.0,1.0,7.0,1.0,1.0,1.0,1.0,1.0,2.0,1.0,1.0,12.0,1.0,1.0,1.0,1.0,1.0,1.0,2.0,1.0,1.0,1.0,1.0,2.0,4.0,3.0,1.0,1.0,3.0,1.0,1.0,1.0,1.0,2.0,1.0,1.0,1.0,1.0,1.0,2.0,1.0,1.0,3.0,7.0,2.0,1.0,1.0,1.0,1.0,1.0,1.0,1.0,1.0,1.0,1.0,1.0,1.0,6.0,1.0,1.0,1.0,1.0,1.0,1.0,1.0,1.0,1.0,1.0,1.0,1.0,1.0,1.0,1.0,1.0,4.0,1.0,1.0,1.0,1.0,1.0,1.0,1.0,1.0,1.0,1.0,1.0,1.0,1.0,1.0,1.0,1.0,1.0,1.0,1.0,-1.0,-1.0,1.0,1.0,2.0,-2.0,-2.0,-2.0,-2.0,-2.0,1.0,1.0,-3.56110793196185,-3.0,-3.0,-3.0,1.0,-5.0,-5.0,-5.0,1.0,1.0,1.0,1.0,2.0,1.0,1.0,-1.0,-1.0,-1.0,-1.0,-1.0,-1.0,4.0,4.0,1.0,1.0,3.0,1.0,1.0,1.0,1.0,1.0,3.0,3.0,2.0,1.0,1.0,1.0,1.0,1.0,2.0,1.0,1.0,2.0,2.0,1.0,1.0,1.0,1.0,1.0,3.0,3.0,3.0,1.0,1.0,2.0,1.0,1.0,2.0,2.0,2.0,1.0,1.0,1.0,2.0,1.0,1.0,1.0,1.0,3.0,1.0,1.0,1.0,1.0,4.0,2.0,5.0,1.0,2.0,1.0,1.0,1.0,1.0,3.0,1.0,2.0,3.0,2.0,1.0,1.0,1.0,2.0,2.0,2.0,2.0,1.0,6.0,3.0,6.0,1.0,1.0,1.0,3.0,1.0,4.0,5.0,1.0,1.0,1.0,1.0,1.0,17.0,1.0,2.0,12.0,1.0,2.0,3.0,8.0,13.0,5.0,2.0,1.0,2.0,6.0,4.0,4.0,2.0,1.0,3.0,2.0,1.0,1.0,1.0,3.0,1.0,1.0,1.0,3.0,1.0,1.0,1.0,3.0,1.0,1.0,1.0,2.0,3.0,7.0,4.0,3.0,-0.31044766992144,2.0,2.0,2.0,1.0,1.0,1.0,1.0,1.0,1.0,1.0,1.0,1.0,1.0,1.0,1.0,1.0,1.0,1.0,1.0,1.0,1.0,1.0,1.0,1.0,1.0,1.0,1.0,1.0,3.0,1.0,1.0,2.0,2.0,2.0,2.0,3.0,1.0,1.0,1.0,2.0,1.0,4.0,3.0,1.0,1.0,1.0,2.0,1.0,7.39298284432326,1.0,5.0,3.0,2.0,1.0,1.0,1.0,1.0,1.0,1.0,1.0,1.0,1.0,3.0,4.0,3.0,1.0,1.0,1.0,1.0,1.0,1.0,1.0,1.0,1.0,1.0,1.0,1.0,2.0,1.0,1.0,1.0,1.0,1.0,1.0,1.0,1.0,1.0,1.0,1.0,2.0,1.0,1.0,1.0,1.0,1.0,1.0,1.0,1.0,1.0,1.0,1.0,1.0,1.0,3.0,8.0,2.0,1.0,2.0,1.0,1.0,4.0,1.0,1.0,1.0,1.0,1.0,1.0,1.0,7.0,5.0,2.0,3.0,1.0,1.0,2.0,1.0,1.0,1.0,1.0,1.0,1.0,2.0,3.0,1.0,2.0,2.0,2.0,-16.38832593496558,3.0,1.0,1.0,1.0,1.0,3.0,2.0,3.0,3.0,1.0,1.0,2.0,2.0,2.0,3.0,2.0,1.0,3.0,1.0,2.0,2.0,2.0,2.0,2.0,2.0,1.0,1.0,1.0,1.0,1.0,1.0,1.0,1.0,1.0,2.0,1.0,1.0,1.0,3.0,1.0,1.0,1.0,1.0,1.0,1.0,1.0,2.0,1.0,6.0,1.0,5.0,1.0,4.0,1.0,8.0,1.0,3.0,3.0,4.0,1.0,2.0,2.0,1.0,1.0,3.0,2.0,3.0,1.0,2.0,1.0,1.0,2.0,1.0,1.0,4.0,6.0,1.0,1.0,1.0,2.0,2.0,1.0,1.0,3.0,5.0,5.38785976813884,1.0,1.0,5.0,1.0,1.0,2.0,1.0,1.0,1.0,4.0,2.0,1.0,4.0,2.0,6.0,1.0,1.0,1.0,1.0,6.0,5.96397995782018,1.0,1.0,3.0,3.0,-1.3686525685699,9.0,2.0,3.0,3.0,3.0,3.0,1.0,1.0,5.0,5.0,5.0,5.0,1.0,7.0,10.0,2.0,1.0,4.0,5.0,5.0,5.0,5.0,2.0,1.0,3.0,5.0,4.0,2.0,2.0,1.0,1.0,2.0,3.0,1.0,1.0,3.0,11.0,5.0,5.0,5.0,5.0,5.0,5.0,5.0,5.0,13.0,3.0,2.0,2.0,3.0,11.0,5.0,5.0,5.0,5.0,1.0,1.0,2.0,18.0,11.0,2.0,1.0,3.0,3.0,5.0,5.0,5.0,5.0,5.0,5.0,2.0,1.0,3.0,1.0,1.0,21.0,1.0,2.0,3.0,6.0,6.0,6.0,6.0,2.0,5.0,3.0,2.0,5.0,13.0,2.0,5.0,5.0,5.0,5.0,6.0,2.0,24.0,2.0,1.0,2.0,5.0,5.0,5.0,5.0,1.0,2.0,4.0,3.0,12.0,1.0,9.0,4.0,4.0,4.0,4.0,4.0,4.0,4.0,1.0,10.0,4.0,1.0,21.0,1.0,2.0,1.0,1.0,1.0,4.0,3.0,5.0,6.0,6.0,6.0,6.0,6.0,1.0,1.0,3.0,15.0,1.0,1.0,1.0,1.0,7.0,4.0,1.0,10.0,5.0,5.0,5.0,5.0,1.0,1.0,4.0,2.0,-19.72431348956135,1.0,2.0,2.0,9.0,2.0,1.0,1.0,3.0,1.0,4.0,3.0,1.0,1.0,1.0,1.0,1.0,2.0,1.0,1.0,9.0,1.0,1.0,1.0,2.0,5.0,5.0,5.0,5.0,2.0,1.0,7.0,1.0,2.0,5.0,5.0,5.0,5.0,5.0,5.0,5.0,3.0,1.0,1.0,20.0,1.0,1.0,1.0,4.0,1.0,1.0,2.0,1.0,9.0,3.0,4.0,4.0,4.0,4.0,4.0,4.0,4.0,4.0,1.0,1.0,37.0,1.0,1.0,1.0,6.0,6.0,6.0,6.0,6.0,6.0,1.0,1.0,1.0,1.0,6.0,16.0,1.0,5.0,5.0,5.0,5.0,1.0,27.0,1.0,1.0,1.0,7.0,6.0,6.0,6.0,6.0,1.0,2.0,1.0,30.0,1.0,1.0,1.0,1.0,8.0,6.0,6.0,6.0,6.0,13.32796194626393,2.0,2.0,2.0,2.0,5.0,5.0,7.0,3.0,30.0,3.0,10.0,6.0,1.0,10.0,5.0,5.0,5.0,5.0,5.0,5.0,5.0,4.0,1.0,6.0,8.0,1.0,2.0,3.0,4.0,4.0,5.0,6.0,6.0,6.0,6.0,-5.0,-5.0,-5.0,-5.0,-5.0,-5.0,-5.0,-5.0,-5.0,-5.0,1.0
1.0,1.0,1.0,2.0,1.0,2.0,4.0,7.0,1.0,2.0,1.0,5.0,1.0,1.0,1.0,1.0,3.0,1.0,2.0,1.0,1.0,1.0,1.0,1.0,1.0,1.0,5.0,2.0,1.0,3.0,1.0,1.0,5.0,1.0,1.0,2.0,1.0,1.0,1.0,2.0,3.0,1.0,1.0,1.0,1.0,1.0,1.0,1.0,1.0,1.0,1.0,1.0,5.0,3.0,2.0,1.0,1.0,2.0,1.0,1.0,1.0,1.0,1.0,1.0,1.0,1.0,2.0,1.0,5.0,1.0,2.0,1.0,1.0,2.0,1.0,1.0,1.0,1.0,2.0,1.0,7.0,4.0,1.0,2.0,1.0,2.0,12.0,5.0,1.0,15.0,1.0,2.0,2.0,2.0,1.0,1.0,8.0,1.0,4.0,1.0,1.0,16.0,3.0,3.0,1.0,2.0,1.0,1.0,6.0,7.0,1.0,2.0,3.0,2.0,2.0,3.0,2.0,1.0,5.0,1.0,3.0,2.0,2.0,1.0,1.0,1.0,10.0,10.0,1.0,3.0,2.0,1.0,2.0,5.0,2.0,1.0,3.0,1.0,1.0,1.0,1.0,1.0,1.0,1.0,7.0,1.0,1.0,13.0,1.0,1.0,1.0,10.0,2.0,1.0,3.0,1.0,1.0,2.0,3.0,1.0,1.0,1.0,1.0,1.0,1.0,1.0,2.0,1.0,14.0,1.0,1.0,1.0,2.0,2.0,1.0,3.0,2.0,1.0,1.0,1.0,2.0,5.0,1.0,1.0,1.0,4.0,1.0,4.0,2.0,14.0,1.0,2.0,2.0,4.0,1.0,1.0,3.0,1.0,1.0,2.0,1.0,1.0,4.0,3.0,17.0,1.0,1.0,1.0,1.0,3.0,1.0,3.0,5.0,1.0,2.0,2.0,2.0,1.0,1.0,1.0,4.0,1.0,2.0,1.0,1.0,1.0,1.0,1.0,1.0,5.0,2.0,2.0,3.0,1.0,1.0,1.0,1.0,2.0,1.0,1.0,1.0,1.0,1.0,5.0,2.0,3.0,2.0,2.0,3.0,1.0,2.0,4.0,1.0,2.0,2.0,2.0,1.0,1.0,1.0,1.0,1.0,3.0,2.0,1.0,1.0,13.0,3.0,1.0,1.0,1.0,7.0,4.0,1.0,1.0,1.0,8.0,1.0,1.0,6.0,2.0,1.0,3.0,2.0,8.0,2.0,1.0,1.0,1.0,5.0,1.0,8.0,1.0,4.0,9.0,7.0,1.0,1.0,8.0,1.0,2.0,1.0,1.0,4.0,1.0,1.0,1.0,7.0,4.0,5.0,3.0,1.0,1.0,1.0,2.0,1.0,1.0,1.0,1.0,1.0,1.0,6.0,3.0,2.0,2.0,1.0,1.0,1.0,1.0,1.0,1.0,5.0,1.0,1.0,3.0,1.0,1.0,3.0,3.0,1.0,1.0,1.0,2.0,2.0,1.0,1.0,1.0,3.0,4.0,4.0,1.0,1.0,1.0,2.0,1.0,2.0,2.0,2.0,8.0,9.0,3.0,1.0,2.0,1.0,1.0,3.0,2.0,2.0,1.0,5.0,1.0,3.0,3.0,3.0,4.0,1.0,1.0,2.0,2.0,3.0,3.0,1.0,3.0,2.0,1.0,1.0,1.0,1.0,1.0,1.0,1.0,1.0,1.0,1.0,1.0,2.0,10.0,2.0,3.0,3.0,3.0,2.0,1.0,1.0,1.0,1.0,2.0,1.0,15.0,3.0,3.0,3.0,3.0,1.0,1.0,11.0,2.0,2.0,2.0,3.0,1.0,1.0,1.0,1.0,9.0,2.0,2.0,3.0,3.0,1.0,1.0,1.0,2.0,1.0,13.0,2.0,2.0,3.0,3.0,6.0,5.0,2.0,2.0,2.0,2.0,3.0,3.0,4.0,3.0,2.0,2.0,3.0,3.0,4.0,2.0,7.0,3.0,3.0,2.0,2.0,1.0,3.0,7.0,2.0,13.0,6.0,4.0,1.0,1.0,1.0,2.0,1.0,3.0,2.0,10.0,2.0,14.0,1.0,1.0,1.0,9.0,3.0,2.0,1.0,1.0,10.0,2.0,1.0,1.0,1.0,2.0,3.0,7.0,5.0,1.0,1.0,1.0,2.0,6.0,2.0,2.0,4.0,2.0,1.0,1.0,1.0,3.0,2.0,10.0,3.0,1.0,1.0,1.0,5.0,3.0,5.0,1.0,3.0,1.0,1.0,2.0,2.0,3.0,2.0,1.0,2.0,1.0,1.0,1.0,2.0,1.0,1.0,1.0,1.0,5.0,1.0,2.0,1.0,1.0,1.0,1.0,1.0,4.0,1.0,1.0,14.0,1.0,4.0,1.0,13.0,11.0,2.0,2.0,1.0,5.0,1.0,11.0,1.0,1.0,1.0,1.0,1.0,4.0,1.0,1.0,1.0,1.0,3.0,1.0,3.0,1.0,5.0,9.0,1.0,1.0,1.0,1.0,4.0,1.0,6.0,13.0,1.0,3.0,3.0,4.0,1.0,3.0,1.0,4.0,1.0,14.0,9.0,12.0,7.0,1.0,1.0,1.0,2.0,4.0,4.0,6.0,10.0,8.0,21.0,4.0,4.0,3.0,2.0,4.0,1.0,2.0,12.0,11.0,1.0,3.0,4.0,1.0,1.0,1.0,1.0,3.0,6.0,7.0,2.0,5.0,3.0,3.0,8.0,10.0,2.0,19.0,8.0,5.0,1.0,3.0,2.0,6.0,-2.04564786099211,2.0,1.0,2.0,3.0,8.0,9.0,6.0,6.0,1.0,1.0,2.0,2.0,2.0,8.0,4.0,5.0,8.0,7.0,13.0,3.0,9.0,2.0,1.0,3.0,5.0,1.0,3.0,1.0,1.0,5.47566330468136,8.0,1.0,2.0,1.0,1.0,6.0,1.0,1.0,1.0,5.0,15.0,1.0,2.0,7.0,5.0,4.0,5.0,4.0,16.0,6.0,4.0,2.0,1.0,1.0,1.0,1.0,1.0,1.0,2.0,1.0,7.0,7.0,4.0,1.0,2.0,1.0,2.0,1.0,1.0,1.0,1.0,2.0,2.0,1.0,1.0,1.0,1.0,1.0,1.0,1.0,1.0,1.0,1.0,1.0,2.0,2.0,4.0,1.0,1.0,1.0,2.0,7.0,1.0,1.0,1.0,1.0,1.0,1.0,1.0,2.0,3.0,6.0,7.0,4.0,1.0,3.0,1.0,1.0,1.0,1.0,1.0,1.0,1.0,1.0,1.0,2.0,1.0,1.0,2.0,1.0,1.0,1.0,2.0,1.0,1.0,1.0,1.0,1.0,2.0,2.0,3.0,6.0,1.0,1.0,2.0,1.0,1.0,2.0,1.0,1.0,13.0,19.0,2.0,1.0,1.0,4.0,1.0,1.0,1.0,1.0,1.0,1.0,1.0,1.0,1.0,1.0,1.0,2.0,1.0,1.0,1.0,16.0,15.0,1.0,2.0,2.0,2.0,1.0,1.0,1.0,2.0,1.0,1.0,1.0,1.0,1.0,2.0,1.0,1.0,3.0,1.0,1.0,1.0,2.0,1.0,1.0,12.0,7.0,1.0,5.0,1.0,3.0,1.0,1.0,1.0,2.0,3.0,1.0,1.0,6.0,7.0,3.0,5.0,3.0,1.0,1.0,3.0,2.0,1.0,7.0,16.0,1.0,1.0,5.0,3.0,1.0,1.0,3.0,2.0,1.0,3.96952489648403,1.0,2.0,3.0,3.0,1.0,1.0,2.0,1.0,1.0,1.0,2.0,30.0,1.0,4.0,7.0,1.0,1.0,1.0,1.0,1.0,2.0,1.0,2.0,1.0,1.0,1.0,1.0,1.0,1.0,5.0,24.0,4.0,2.0,1.0,1.0,1.0,1.0,1.0,1.0,2.0,2.0,3.0,1.0,2.0,1.0,1.0,1.0,1.0,1.0,1.0,1.0,2.0,1.0,1.0,1.0,1.0,1.0,1.0,1.0,1.0,3.0,1.0,1.0,1.0,3.0,5.0,2.0,3.0,1.0,1.0,2.0,1.0,2.0,1.0,3.0,1.0,2.0,1.0,1.0,2.0,2.0,2.0,1.0,1.0,5.0,2.0,2.0,4.0,1.0,3.0,1.0,4.0,1.0,1.0,2.0,1.0,1.0,4.0,1.0,2.0,1.0,1.0,2.0,4.0,1.0,2.0,2.0,5.0,1.0,1.0,2.0,1.0,1.0,3.0,1.0,1.0,3.0,3.0,5.0,3.0,4.0,1.0,1.0,1.0,2.0,1.0,2.0,1.0,2.0,1.0,1.0,3.0,1.0,1.0,1.0,1.0,2.0,1.0,1.0,1.0,2.0,1.0,1.0,1.0,1.0,1.0,1.0,1.0,1.0,4.0,1.0,1.0,1.0,2.0,1.0,6.0,1.0,1.0,1.0,2.0,2.0,1.0,1.0,1.0,-1.2523449689335,2.0,1.0,1.0,2.0,1.0,-1.0,-1.0,-1.0,-1.0,-2.0,1.0,9.0,-1.0,1.0,-1.0,-1.0,-5.0,-4.0,-3.0,-4.0,-5.0,-5.0,1.0,1.0,1.0,6.0,6.0,2.0,1.0,3.0,2.0,1.0,4.0,5.0,1.0,3.0,1.0,1.0,2.0,1.0,5.0,1.0,1.0,10.0,4.0,1.0,1.0,1.0,3.0,7.0,1.0,2.0,8.0,1.0,2.0,1.0,1.0,1.0,2.0,1.0,2.0,9.0,1.0,9.0,1.0,1.0,1.0,3.0,1.0,1.0,4.0,4.0,1.0,2.0,1.0,2.0,1.0,1.0,1.0,2.0,1.0,1.0,2.0,4.0,1.0,1.0,10.0,1.0,1.0,1.0,3.0,1.0,4.0,4.0,9.0,1.0,1.0,5.0,1.0,1.0,4.957128867032768,4.0,2.0,5.0,1.0,7.0,1.0,5.0,1.0,1.0,1.0,18.20845275419301,1.0,5.0,4.0,6.0,1.0,-3.0,-1.0,-1.0,-13.71931735451625,-2.0,-2.0,-1.0,-1.0,-1.0,-1.0,-3.0,-1.0,-2.0,-4.0,-1.0,-2.0,-1.0,-1.0,-1.0,5.0,4.0,2.0,7.0,2.0,1.0,2.0,1.0,2.0,1.0,3.0,4.0,4.0,1.0,1.0,2.0,4.0,2.0,6.0,1.0,5.0,11.27775448851298,8.0,7.0,1.0,4.0,3.0,1.0,1.0,1.0,2.0,1.0,4.0,1.0,1.0,1.0,1.0,2.0,1.0,1.0,3.0,2.0,4.0,7.0,7.0,4.0,1.0,1.0,4.0,1.0,1.0,2.0,1.0,1.0,5.0,1.0,2.0,7.0,4.0,2.0,2.0,1.0,1.0,1.0,2.0,2.0,2.0,1.0,1.0,2.0,6.0,1.0,4.0,2.0,3.0,-9.81276160699843,1.0,8.0,8.0,1.0,1.0,2.0,2.0,1.0,1.0,2.0,2.0,11.0,5.0,2.0,1.0,2.0,2.0,2.0,2.0,2.0,2.0,2.0,2.0,2.0,1.0,1.0,25.0,6.0,5.0,5.0,5.0,5.0,5.0,5.0,3.0,2.0,1.0,1.0,2.0,1.0,1.0,12.0,15.0,4.0,4.0,5.0,4.0,4.0,5.0,2.0,1.0,5.0,1.0,1.0,2.0,1.0,16.0,5.0,4.0,5.0,4.0,10.0,2.0,4.0,3.0,3.0,6.0,4.0,4.0,4.0,4.0,4.0,4.0,4.0,4.0,4.0,2.0,4.0,4.0,4.0,4.0,4.0,4.0,1.0,1.0,4.0,4.0,4.0,4.0,4.0,4.0,1.0,1.0,1.0,1.0,1.0,1.0,4.0,4.0,4.0,4.0,4.0,4.0,4.0,4.0,4.0,4.0,1.0,1.0,1.0,1.0,3.0,1.0,1.0,10.0,1.0,1.0,1.0,1.0,1.0,21.0,15.0,1.0,1.0,1.0,1.0,1.0,1.0,5.0,1.0,6.0,2.0,2.0,23.0,14.0,1.0,3.0,3.0,3.0,3.0,3.0,3.0,3.0,3.0,1.0,1.0,1.0,1.0,1.0,6.0,1.0,4.0,10.0,9.0,26.0,7.0,3.0,3.0,4.0,3.0,3.0,3.0,4.0,3.0,1.0,1.0,1.0,1.0,3.0,1.0,1.0,13.0,2.0,2.0,2.0,2.0,2.0,2.0,2.0,1.0,1.0,2.0,2.0,2.0,2.0,2.0,2.0,3.0,2.0,1.0,2.0,2.0,2.0,2.0,2.0,2.0,2.0,1.0,2.0,2.0,2.0,2.0,2.0,2.0,2.0,2.0,2.0,2.0,2.0,1.0,-2.0,1.0,4.0,1.0,-4.0,-4.0,-5.0,-4.0,-4.0,-4.0,-5.0,-4.0,-1.0,1.0,2.0,-1.0,1.0,-4.0,-5.0,-4.0,-4.0,-5.0,-4.0,2.0,1.0,-5.0,-6.0,-5.0,-5.0,-6.0,-5.0,1.0,1.0,1.0,-5.0,-5.0,-5.0,-5.0,-5.0,-5.0,-1.0,1.0,-1.0,-5.0,-5.0,-5.0,-5.0,-5.0,-5.0,-3.0,-4.0,-1.0,-1.0,-3.0,-1.0,0.0,1.0,-9.0,-5.0,1.0,-1.0,-2.0,-1.0,-1.0,-2.0,-1.0,-3.0,-2.0,-1.0,-1.0,-1.0,-1.0,-1.0,-3.0,-1.0,-1.0,-1.0,-1.0,-3.0,-2.0,19.45784305872714,-2.0,-1.0,-1.0,-1.0,-2.0,7.0,-4.0,-2.0,-3.0,-3.0,-1.0,-1.0,-1.0,1.0,1.0,0.0,-1.0,-5.0,-7.0,-1.0,-2.0,-1.0,9.0,2.0,13.0,-1.0,-1.0,-1.0,-5.0,-5.0,-2.0,-4.0,1.0,5.0,4.0,2.0,2.0,1.0,2.0,15.0,17.0,4.0,5.0,7.0,13.0,1.0,3.0,1.0,1.0,1.0,12.0,5.0,5.0,1.0,11.0,2.0,4.0,2.0,1.0,15.57346510062307,4.0,2.0,1.0,1.0,2.0,1.0,1.0,2.0,1.0,1.0,2.0,6.0,1.0,1.0,2.0,4.0,3.0,2.0,2.0,3.0,7.0,1.0,1.0,1.0,1.0,1.0,2.0,1.0,1.0,1.0,1.0,1.0,1.0,1.0,1.0,2.0,2.0,1.0,4.0,1.0,1.0,1.0,1.0,3.0,1.0,2.0,6.0,1.0,1.0,1.0,1.0,1.0,1.0,-2.5485758184053537,1.0,1.0,1.0,1.0,1.0,3.0,1.0,1.0,3.0,2.0,2.0,2.0,5.0,-20.80157324031526,2.0,2.0,4.0,3.0,1.0,2.0,2.0,2.0,2.0,-15.704502461243464,1.0,2.0,2.0,2.0,1.0,1.0,1.0,1.0,1.0,2.0,1.0,4.0,1.0,1.0,1.0,1.0,2.0,1.0,1.0,1.0,5.0,5.0,1.0,4.0,3.0,2.0,2.0,1.0,5.0,1.0,3.0,4.0,2.0,1.0,3.0,3.0,4.0,3.0,3.0,1.0,1.0,2.0,1.0,3.0,2.0,4.0,2.0,1.0,4.0,2.0,1.0,2.0,3.0,3.0,3.0,3.0,2.0,1.0,4.0,5.0,1.0,1.0,5.0,4.0,2.0,1.0,1.0,6.276158308138452,6.0,10.0,1.0,5.0,5.0,1.0,7.0,2.0,1.0,10.0,4.0,3.0,3.0,1.0,7.0,1.0,11.0,1.0,2.0,2.0,1.0,3.0,2.0,1.0,1.0,5.0,8.0,1.0,7.0,3.0,1.0,2.0,2.0,1.0,2.0,1.0,1.0,1.0,1.0,2.0,7.0,6.0,1.0,2.0,1.0,1.0,1.0,1.0,5.0,1.0,1.0,2.0,5.0,1.0,2.0,7.0,6.0,6.0,1.0,2.0,9.0,3.0,6.0,1.0,6.0,4.0,9.0,1.0,1.0,1.0,2.0,10.0,6.0,2.0,2.0,5.0,5.0,1.0,10.0,1.0,2.0,4.0,5.0,13.0,1.0,1.0,1.0,1.0,4.0,4.0,3.0,1.0,2.0,1.0,1.0,1.0,2.0,4.0,4.0,5.0,11.0,1.0,1.0,13.2640361646798,1.0,5.0,2.0,7.0,1.0,1.0,2.0,1.0,1.0,1.0,3.0,3.0,2.0,2.0,3.0,5.0,1.0,2.0,1.0,-2.0,1.0,1.0,7.0,-3.0,-3.0,-3.0,-3.0,1.0,0.0,4.0,-2.0,5.0,-6.0,-6.0,-6.0,-6.0,-2.0,-1.0,-1.0,-6.0,-6.0,-6.0,-6.0,-3.0,-2.0,-1.0,-1.0,-3.0,-3.0,-3.0,-3.0,-2.0,-1.0,-1.0,2.0,-1.0,-6.0,-6.0,-6.0,-7.103831779623127,-6.0,-6.0,-6.0,1.0,1.0,-3.0,-3.0,7.0,2.0,-5.0,-5.0,-5.0,-5.0,1.0,-2.0,-2.0,2.0,1.0,-5.0,-6.0,-5.0,-5.0,2.0,1.0,1.0,1.0,-6.0,-6.0,-6.0,-6.0,-1.0,1.0,-2.0,-2.0,1.0,2.0,-13.0,-13.0,-1.0,-1.0,-2.0,2.0,1.0,-5.0,-5.0,-5.0,-5.0,-5.0,-5.0,1.0,1.0,-5.0,-5.0,-5.0,-5.0,-5.0,0.0,-3.0,-12.0,-12.0,1.0,5.0,-7.0,-7.0,-7.0,-7.0,1.0,7.0,1.0,1.0,1.0,2.0,11.0,1.0,4.0,1.0,3.0,6.0,1.0,2.0,3.0,15.0,3.0,2.0,3.0,4.0,1.0,6.0,6.0,4.0,2.0,1.0,1.0,1.0,1.0,1.0,1.0,3.0,7.0,1.0,3.0,1.0,1.0,1.0,3.0,2.0,1.0,2.0,2.0,1.0,1.0,3.0,3.0,3.0,1.0,1.0,2.0,3.0,3.0,3.0,1.0,1.0,1.0,3.0,4.0,4.0,2.0,3.0,1.0,1.0,1.0,1.0,1.0,1.0,2.0,3.0,4.0,4.0,2.0,6.0,3.0,1.0,1.0,1.0,1.0,1.0,1.0,2.0,3.0,1.0,13.0,3.0,1.0,1.0,6.0,1.0,1.0,1.0,4.0,1.0,1.0,2.0,2.0,4.0,3.0,3.0,1.0,1.0,1.0,1.0,2.0,2.0,3.0,3.0,1.0,1.0,2.0,2.0,1.0,2.0,6.0,6.0,2.0,3.0,2.0,2.0,1.0,1.0,2.0,2.0,6.0,6.0,2.0,3.0,2.0,2.0,1.0,1.0,21.0,3.0,4.0,1.0,2.0,2.0,8.0,1.0,7.0,2.0,1.0,2.0,3.0,4.0,4.0,1.0,16.0,1.0,6.0,3.0,1.0,1.0,2.0,10.0,1.0,10.0,3.0,3.0,2.0,1.0,4.0,3.0,1.0,2.0,1.0,1.0,4.0,1.0,3.0,1.0,2.0,2.0,1.0,1.0,1.0,1.0,3.0,1.0,1.0,2.0,1.0,1.0,1.0,1.0,1.0,1.29786125122586,1.0,1.0,1.0,1.0,1.0,4.0,3.0,1.0,1.0,1.0,1.0,1.0,1.0,2.0,2.0,1.0,4.0,1.0,4.0,1.0,1.0,2.0,1.0,1.0,3.0,2.0,2.0,2.0,2.0,1.0,1.0,6.0,24.0,4.0,1.0,3.0,2.0,1.0,1.0,16.0,35.0,3.0,1.0,1.0,1.0,1.0,1.0,1.0,3.0,5.0,1.0,1.0,2.0,7.0,5.0,5.0,2.0,3.0,1.0,1.0,1.0,8.0,1.0,5.0,3.0,2.0,9.0,6.0,1.0,4.0,13.0,1.0,7.0,7.0,1.0,1.0,1.0,1.0,1.0,4.0,6.0,3.0,2.0,1.0,8.0,6.0,1.0,1.0,1.0,2.0,3.0,1.0,2.0,8.0,1.0,2.0,9.0,2.0,1.0,1.0,1.0,1.0,1.0,4.0,1.0,1.0,4.0,5.0,1.0,1.0,2.0,3.0,2.0,1.0,2.0,5.0,6.0,4.0,6.0,8.0,11.0,7.0,6.0,1.0,1.0,1.0,4.0,1.0,3.0,4.0,5.0,12.0,5.0,2.0,2.0,1.0,4.0,2.0,1.0,1.0,1.0,3.0,4.0,3.0,2.0,17.29671484676516,3.0,5.0,1.0,7.0,5.0,2.0,2.0,3.0,1.0,1.0,1.0,1.0,2.0,1.0,2.0,1.0,1.0,12.0,10.0,8.0,6.0,5.0,1.0,1.0,1.0,3.0,1.0,1.0,1.0,3.0,4.0,1.0,2.0,1.0,1.0,1.0,2.0,1.0,1.0,8.0,1.0,1.0,2.0,2.0,5.0,2.0,2.0,1.0,1.0,3.0,2.0,3.0,1.0,6.0,6.0,1.0,1.0,6.0,1.0,6.0,9.0,3.0,13.0,10.0,1.0,1.0,11.0,1.0,1.0,3.0,8.0,9.0,2.0,1.0,2.0,3.0,3.0,3.0,1.0,1.0,1.0,5.0,5.0,2.0,1.0,2.0,2.0,1.0,1.0,5.0,1.0,1.0,1.0,1.0,3.0,2.0,1.0,2.0,1.0,3.0,4.0,1.0,2.0,1.0,2.0,1.0,2.0,2.0,1.0,1.0,2.0,2.0,1.0,1.0,1.0,1.0,1.0,1.0,2.0,1.0,8.0,2.0,1.0,5.0,6.0,2.0,1.0,1.0,1.0,6.0,2.0,3.0,4.0,3.0,1.0,1.0,2.0,2.0,1.0,1.0,11.0,1.0,1.0,2.0,4.0,5.0,3.0,1.0,4.0,1.0,14.0,4.0,7.0,1.0,1.0,2.0,1.0,1.0,2.92572291035908,1.0,1.0,1.0,3.0,1.0,9.0,2.0,2.0,1.0,1.0,7.0,1.0,8.0,1.0,1.0,1.0,1.0,2.0,1.0,1.0,1.0,1.0,2.0,1.0,1.0,1.0,1.0,1.0,1.0,4.0,4.0,3.0,2.0,1.0,1.0,1.0,1.0,3.0,1.0,1.0,1.0,1.0,1.0,1.0,1.0,1.0,2.0,1.0,3.0,0.24337417607789,1.0,1.0,3.0,5.0,9.0,7.0,2.0,2.0,1.0,1.0,1.0,2.0,3.0,1.0,1.0,2.0,3.0,1.0,1.0,2.0,2.0,1.0,1.0,1.0,1.0,2.0,1.0,1.0,-1.0,-1.0,-2.0,-4.0,-12.0,-7.0,-6.0,-6.0,-9.0,-11.0,-2.0,-8.0,-10.0,-6.0,-11.0,-6.50984180533249,-1.0,-4.0,-1.0,-10.0,-11.0,-3.0,-8.0,-12.0,-10.0,-1.0,-1.0,-1.0,-1.0,-7.0,-7.0,-13.0,-7.0,2.0,1.0,1.0,1.0,2.0,1.0,1.0,5.0,1.0,2.0,1.0,1.0,3.0,1.0,3.0,1.0,1.0,1.0,1.0,1.0,1.0,1.0,1.0,4.0,1.0,1.0,2.0,1.0,1.0,3.0,1.0,1.0,2.0,1.0,1.0,2.0,3.0,1.0,2.0,1.0,1.0,1.0,1.0,1.0,1.0,2.0,1.0,2.0,1.0,2.0,5.0,6.0,1.0,2.0,1.0,1.0,3.0,1.0,1.0,2.0,3.0,3.0,1.0,1.0,2.0,5.0,5.0,1.0,1.0,4.0,3.0,2.0,1.0,1.0,-1.0,1.0,2.0,-3.0,1.0,1.0,-4.0,-4.0,-3.0,2.0,-1.0,-1.0,-1.0,-2.0,2.0,10.0,1.0,1.0,1.0,2.0,3.0,4.0,1.0,2.0,1.0,17.0,1.0,1.0,1.0,1.0,2.0,1.0,1.0,1.0,4.0,4.0,1.0,3.0,1.0,1.0,2.0,1.0,1.0,1.0,2.0,2.0,1.0,1.0,1.0,1.0,2.0,3.0,18.94840458248437,1.0,1.0,3.0,1.0,1.0,1.0,2.0,3.0,1.0,1.0,2.0,4.0,2.0,1.0,1.0,1.0,1.0,2.0,3.0,1.0,4.0,1.0,1.0,1.0,4.0,4.0,1.0,1.0,2.0,2.0,2.0,2.0,1.0,2.0,1.0,2.0,3.0,1.0,6.0,11.0,8.0,5.0,4.0,5.0,3.0,2.0,1.0,1.0,1.0,1.0,1.0,2.0,2.0,3.0,2.0,3.0,1.0,1.0,1.0,1.0,1.0,1.0,3.0,2.0,5.0,1.0,2.0,2.0,1.0,5.0,1.0,5.0,1.0,2.0,5.0,3.0,2.0,1.0,15.11250881122309,1.0,2.0,3.0,1.0,1.0,1.0,3.0,3.0,2.0,4.0,1.0,1.0,1.0,1.0,1.0,1.0,1.0,1.0,1.0,1.0,1.0,3.0,5.0,1.0,1.0,1.0,2.0,2.0,1.0,1.0,5.0,1.0,1.0,5.0,1.0,1.0,-7.0,-7.0,1.0,-1.0,-4.0,-2.0,-1.0,-2.0,-1.0,1.0,-1.0,-3.0,-5.0,0.0,-3.0,-1.0,-2.0,-4.0,1.0,-1.0,1.0,-1.0,-1.0,1.0,-1.0,-1.0,2.0,-2.0,-3.0,2.0,-2.0,-1.0,1.0,-1.0,-1.0,-2.0,1.0,-2.0,-1.0,2.0,-1.0,-1.0,-1.0,-1.0,-2.0,2.0,-2.0,-2.0,0.0,-1.0,-1.0,-1.0,-1.0,-1.0,1.0,1.0,1.0,7.0,1.0,1.0,1.0,1.0,1.0,2.0,1.0,1.0,12.0,1.0,1.0,1.0,1.0,1.0,1.0,2.0,1.0,1.0,1.0,1.0,2.0,4.0,3.0,1.0,1.0,3.0,1.0,1.0,1.0,1.0,2.0,1.0,1.0,1.0,1.0,1.0,2.0,1.0,1.0,3.0,7.0,2.0,1.0,1.0,1.0,1.0,1.0,1.0,1.0,1.0,1.0,1.0,1.0,1.0,6.0,1.0,1.0,1.0,1.0,1.0,1.0,1.0,1.0,1.0,1.0,1.0,1.0,1.0,1.0,1.0,1.0,4.0,1.0,1.0,1.0,1.0,1.0,1.0,1.0,1.0,1.0,1.0,1.0,1.0,1.0,1.0,1.0,1.0,1.0,1.0,1.0,-1.0,-1.0,1.0,1.0,2.0,-2.0,-2.0,-2.0,-2.0,-2.0,1.0,1.0,-3.56110793196185,-3.0,-3.0,-3.0,1.0,-5.0,-5.0,-5.0,1.0,1.0,1.0,1.0,2.0,1.0,1.0,-1.0,-1.0,-1.0,-1.0,-1.0,-1.0,4.0,4.0,1.0,1.0,3.0,1.0,1.0,1.0,1.0,1.0,3.0,3.0,2.0,1.0,1.0,1.0,1.0,1.0,2.0,1.0,1.0,2.0,2.0,1.0,1.0,1.0,1.0,1.0,3.0,3.0,3.0,1.0,1.0,2.0,1.0,1.0,2.0,2.0,2.0,1.0,1.0,1.0,2.0,1.0,1.0,1.0,1.0,3.0,1.0,1.0,1.0,1.0,4.0,2.0,5.0,1.0,2.0,1.0,1.0,1.0,1.0,3.0,1.0,2.0,3.0,2.0,1.0,1.0,1.0,2.0,2.0,2.0,2.0,1.0,6.0,3.0,6.0,1.0,1.0,1.0,3.0,1.0,4.0,5.0,1.0,1.0,1.0,1.0,1.0,17.0,1.0,2.0,12.0,1.0,2.0,3.0,8.0,13.0,5.0,2.0,1.0,2.0,6.0,4.0,4.0,2.0,1.0,3.0,2.0,1.0,1.0,1.0,3.0,1.0,1.0,1.0,3.0,1.0,1.0,1.0,3.0,1.0,1.0,1.0,2.0,3.0,7.0,4.0,3.0,-0.31044766992144,2.0,2.0,2.0,1.0,1.0,1.0,1.0,1.0,1.0,1.0,1.0,1.0,1.0,1.0,1.0,1.0,1.0,1.0,1.0,1.0,1.0,1.0,1.0,1.0,1.0,1.0,1.0,1.0,3.0,1.0,1.0,2.0,2.0,2.0,2.0,3.0,1.0,1.0,1.0,2.0,1.0,4.0,3.0,1.0,1.0,1.0,2.0,1.0,7.39298284432326,1.0,5.0,3.0,2.0,1.0,1.0,1.0,1.0,1.0,1.0,1.0,1.0,1.0,3.0,4.0,3.0,1.0,1.0,1.0,1.0,1.0,1.0,1.0,1.0,1.0,1.0,1.0,1.0,2.0,1.0,1.0,1.0,1.0,1.0,1.0,1.0,1.0,1.0,1.0,1.0,2.0,1.0,1.0,1.0,1.0,1.0,1.0,1.0,1.0,1.0,1.0,1.0,1.0,1.0,3.0,8.0,2.0,1.0,2.0,1.0,1.0,4.0,1.0,1.0,1.0,1.0,1.0,1.0,1.0,7.0,5.0,2.0,3.0,1.0,1.0,2.0,1.0,1.0,1.0,1.0,1.0,1.0,2.0,3.0,1.0,2.0,2.0,2.0,-16.38832593496558,3.0,1.0,1.0,1.0,1.0,3.0,2.0,3.0,3.0,1.0,1.0,2.0,2.0,2.0,3.0,2.0,1.0,3.0,1.0,2.0,2.0,2.0,2.0,2.0,2.0,1.0,1.0,1.0,1.0,1.0,1.0,1.0,1.0,1.0,2.0,1.0,1.0,1.0,3.0,1.0,1.0,1.0,1.0,1.0,1.0,1.0,2.0,1.0,6.0,1.0,5.0,1.0,4.0,1.0,8.0,1.0,3.0,3.0,4.0,1.0,2.0,2.0,1.0,1.0,3.0,2.0,3.0,1.0,2.0,1.0,1.0,2.0,1.0,1.0,4.0,6.0,1.0,1.0,1.0,2.0,2.0,1.0,1.0,3.0,5.0,5.38785976813884,1.0,1.0,5.0,1.0,1.0,2.0,1.0,1.0,1.0,4.0,2.0,1.0,4.0,2.0,6.0,1.0,1.0,1.0,1.0,6.0,5.96397995782018,1.0,1.0,3.0,3.0,-1.3686525685699,9.0,2.0,3.0,3.0,3.0,3.0,1.0,1.0,5.0,5.0,5.0,5.0,1.0,7.0,10.0,2.0,1.0,4.0,5.0,5.0,5.0,5.0,2.0,1.0,3.0,5.0,4.0,2.0,2.0,1.0,1.0,2.0,3.0,1.0,1.0,3.0,11.0,5.0,5.0,5.0,5.0,5.0,5.0,5.0,5.0,13.0,3.0,2.0,2.0,3.0,11.0,5.0,5.0,5.0,5.0,1.0,1.0,2.0,18.0,11.0,2.0,1.0,3.0,3.0,5.0,5.0,5.0,5.0,5.0,5.0,2.0,1.0,3.0,1.0,1.0,21.0,1.0,2.0,3.0,6.0,6.0,6.0,6.0,2.0,5.0,3.0,2.0,5.0,13.0,2.0,5.0,5.0,5.0,5.0,6.0,2.0,24.0,2.0,1.0,2.0,5.0,5.0,5.0,5.0,1.0,2.0,4.0,3.0,12.0,1.0,9.0,4.0,4.0,4.0,4.0,4.0,4.0,4.0,1.0,10.0,4.0,1.0,21.0,1.0,2.0,1.0,1.0,1.0,4.0,3.0,5.0,6.0,6.0,6.0,6.0,6.0,1.0,1.0,3.0,15.0,1.0,1.0,1.0,1.0,7.0,4.0,1.0,10.0,5.0,5.0,5.0,5.0,1.0,1.0,4.0,2.0,-19.72431348956135,1.0,2.0,2.0,9.0,2.0,1.0,1.0,3.0,1.0,4.0,3.0,1.0,1.0,1.0,1.0,1.0,2.0,1.0,1.0,9.0,1.0,1.0,1.0,2.0,5.0,5.0,5.0,5.0,2.0,1.0,7.0,1.0,2.0,5.0,5.0,5.0,5.0,5.0,5.0,5.0,3.0,1.0,1.0,20.0,1.0,1.0,1.0,4.0,1.0,1.0,2.0,1.0,9.0,3.0,4.0,4.0,4.0,4.0,4.0,4.0,4.0,4.0,1.0,1.0,37.0,1.0,1.0,1.0,6.0,6.0,6.0,6.0,6.0,6.0,1.0,1.0,1.0,1.0,6.0,16.0,1.0,5.0,5.0,5.0,5.0,1.0,27.0,1.0,1.0,1.0,7.0,6.0,6.0,6.0,6.0,1.0,2.0,1.0,30.0,1.0,1.0,1.0,1.0,8.0,6.0,6.0,6.0,6.0,13.32796194626393,2.0,2.0,2.0,2.0,5.0,5.0,7.0,3.0,30.0,3.0,10.0,6.0,1.0,10.0,5.0,5.0,5.0,5.0,5.0,5.0,5.0,4.0,1.0,6.0,8.0,1.0,2.0,3.0,4.0,4.0,5.0,6.0,6.0,6.0,6.0,-5.0,-5.0,-5.0,-5.0,-5.0,-5.0,-5.0,-5.0,-5.0,-5.0,1.0
1.0,1.0,1.0,2.0,1.0,2.0,4.0,7.0,1.0,2.0,1.0,5.0,1.0,1.0,1.0,1.0,3.0,1.0,2.0,1.0,1.0,1.0,1.0,1.0,1.0,1.0,5.0,2.0,1.0,3.0,1.0,1.0,5.0,1.0,1.0,2.0,1.0,1.0,1.0,2.0,3.0,1.0,1.0,1.0,1.0,1.0,1.0,1.0,1.0,1.0,1.0,1.0,5.0,3.0,2.0,1.0,1.0,2.0,1.0,1.0,1.0,1.0,1.0,1.0,1.0,1.0,2.0,1.0,5.0,1.0,2.0,1.0,1.0,2.0,1.0,1.0,1.0,1.0,2.0,1.0,7.0,4.0,1.0,2.0,1.0,2.0,12.0,5.0,1.0,15.0,1.0,2.0,2.0,2.0,1.0,1.0,8.0,1.0,4.0,1.0,1.0,16.0,3.0,3.0,1.0,2.0,1.0,1.0,6.0,7.0,1.0,2.0,3.0,2.0,2.0,3.0,2.0,1.0,5.0,1.0,3.0,2.0,2.0,1.0,1.0,1.0,10.0,10.0,1.0,3.0,2.0,1.0,2.0,5.0,2.0,1.0,3.0,1.0,1.0,1.0,1.0,1.0,1.0,1.0,7.0,1.0,1.0,13.0,1.0,1.0,1.0,10.0,2.0,1.0,3.0,1.0,1.0,2.0,3.0,1.0,1.0,1.0,1.0,1.0,1.0,1.0,2.0,1.0,14.0,1.0,1.0,1.0,2.0,2.0,1.0,3.0,2.0,1.0,1.0,1.0,2.0,5.0,1.0,1.0,1.0,4.0,1.0,4.0,2.0,14.0,1.0,2.0,2.0,4.0,1.0,1.0,3.0,1.0,1.0,2.0,1.0,1.0,4.0,3.0,17.0,1.0,1.0,1.0,1.0,3.0,1.0,3.0,5.0,1.0,2.0,2.0,2.0,1.0,1.0,1.0,4.0,1.0,2.0,1.0,1.0,1.0,1.0,1.0,1.0,5.0,2.0,2.0,3.0,1.0,1.0,1.0,1.0,2.0,1.0,1.0,1.0,1.0,1.0,5.0,2.0,3.0,2.0,2.0,3.0,1.0,2.0,4.0,1.0,2.0,2.0,2.0,1.0,1.0,1.0,1.0,1.0,3.0,2.0,1.0,1.0,13.0,3.0,1.0,1.0,1.0,7.0,4.0,1.0,1.0,1.0,8.0,1.0,1.0,6.0,2.0,1.0,3.0,2.0,8.0,2.0,1.0,1.0,1.0,5.0,1.0,8.0,1.0,4.0,9.0,7.0,1.0,1.0,8.0,1.0,2.0,1.0,1.0,4.0,1.0,1.0,1.0,7.0,4.0,5.0,3.0,1.0,1.0,1.0,2.0,1.0,1.0,1.0,1.0,1.0,1.0,6.0,3.0,2.0,2.0,1.0,1.0,1.0,1.0,1.0,1.0,5.0,1.0,1.0,3.0,1.0,1.0,3.0,3.0,1.0,1.0,1.0,2.0,2.0,1.0,1.0,1.0,3.0,4.0,4.0,1.0,1.0,1.0,2.0,1.0,2.0,2.0,2.0,8.0,9.0,3.0,1.0,2.0,1.0,1.0,3.0,2.0,2.0,1.0,5.0,1.0,3.0,3.0,3.0,4.0,1.0,1.0,2.0,2.0,3.0,3.0,1.0,3.0,2.0,1.0,1.0,1.0,1.0,1.0,1.0,1.0,1.0,1.0,1.0,1.0,2.0,10.0,2.0,3.0,3.0,3.0,2.0,1.0,1.0,1.0,1.0,2.0,1.0,15.0,3.0,3.0,3.0,3.0,1.0,1.0,11.0,2.0,2.0,2.0,3.0,1.0,1.0,1.0,1.0,9.0,2.0,2.0,3.0,3.0,1.0,1.0,1.0,2.0,1.0,13.0,2.0,2.0,3.0,3.0,6.0,5.0,2.0,2.0,2.0,2.0,3.0,3.0,4.0,3.0,2.0,2.0,3.0,3.0,4.0,2.0,7.0,3.0,3.0,2.0,2.0,1.0,3.0,7.0,2.0,13.0,6.0,4.0,1.0,1.0,1.0,2.0,1.0,3.0,2.0,10.0,2.0,14.0,1.0,1.0,1.0,9.0,3.0,2.0,1.0,1.0,10.0,2.0,1.0,1.0,1.0,2.0,3.0,7.0,5.0,1.0,1.0,1.0,2.0,6.0,2.0,2.0,4.0,2.0,1.0,1.0,1.0,3.0,2.0,10.0,3.0,1.0,1.0,1.0,5.0,3.0,5.0,1.0,3.0,1.0,1.0,2.0,2.0,3.0,2.0,1.0,2.0,1.0,1.0,1.0,2.0,1.0,1.0,1.0,1.0,5.0,1.0,2.0,1.0,1.0,1.0,1.0,1.0,4.0,1.0,1.0,14.0,1.0,4.0,1.0,13.0,11.0,2.0,2.0,1.0,5.0,1.0,11.0,1.0,1.0,1.0,1.0,1.0,4.0,1.0,1.0,1.0,1.0,3.0,1.0,3.0,1.0,5.0,9.0,1.0,1.0,1.0,1.0,4.0,1.0,6.0,13.0,1.0,3.0,3.0,4.0,1.0,3.0,1.0,4.0,1.0,14.0,9.0,12.0,7.0,1.0,1.0,1.0,2.0,4.0,4.0,6.0,10.0,8.0,21.0,4.0,4.0,3.0,2.0,4.0,1.0,2.0,12.0,11.0,1.0,3.0,4.0,1.0,1.0,1.0,1.0,3.0,6.0,7.0,2.0,5.0,3.0,3.0,8.0,10.0,2.0,19.0,8.0,5.0,1.0,3.0,2.0,6.0,-2.04564786099211,2.0,1.0,2.0,3.0,8.0,9.0,6.0,6.0,1.0,1.0,2.0,2.0,2.0,8.0,4.0,5.0,8.0,7.0,13.0,3.0,9.0,2.0,1.0,3.0,5.0,1.0,3.0,1.0,1.0,5.47566330468136,8.0,1.0,2.0,1.0,1.0,6.0,1.0,1.0,1.0,5.0,15.0,1.0,2.0,7.0,5.0,4.0,5.0,4.0,16.0,6.0,4.0,2.0,1.0,1.0,1.0,1.0,1.0,1.0,2.0,1.0,7.0,7.0,4.0,1.0,2.0,1.0,2.0,1.0,1.0,1.0,1.0,2.0,2.0,1.0,1.0,1.0,1.0,1.0,1.0,1.0,1.0,1.0,1.0,1.0,2.0,2.0,4.0,1.0,1.0,1.0,2.0,7.0,1.0,1.0,1.0,1.0,1.0,1.0,1.0,2.0,3.0,6.0,7.0,4.0,1.0,3.0,1.0,1.0,1.0,1.0,1.0,1.0,1.0,1.0,1.0,2.0,1.0,1.0,2.0,1.0,1.0,1.0,2.0,1.0,1.0,1.0,1.0,1.0,2.0,2.0,3.0,6.0,1.0,1.0,2.0,1.0,1.0,2.0,1.0,1.0,13.0,19.0,2.0,1.0,1.0,4.0,1.0,1.0,1.0,1.0,1.0,1.0,1.0,1.0,1.0,1.0,1.0,2.0,1.0,1.0,1.0,16.0,15.0,1.0,2.0,2.0,2.0,1.0,1.0,1.0,2.0,1.0,1.0,1.0,1.0,1.0,2.0,1.0,1.0,3.0,1.0,1.0,1.0,2.0,1.0,1.0,12.0,7.0,1.0,5.0,1.0,3.0,1.0,1.0,1.0,2.0,3.0,1.0,1.0,6.0,7.0,3.0,5.0,3.0,1.0,1.0,3.0,2.0,1.0,7.0,16.0,1.0,1.0,5.0,3.0,1.0,1.0,3.0,2.0,1.0,3.96952489648403,1.0,2.0,3.0,3.0,1.0,1.0,2.0,1.0,1.0,1.0,2.0,30.0,1.0,4.0,7.0,1.0,1.0,1.0,1.0,1.0,2.0,1.0,2.0,1.0,1.0,1.0,1.0,1.0,1.0,5.0,24.0,4.0,2.0,1.0,1.0,1.0,1.0,1.0,1.0,2.0,2.0,3.0,1.0,2.0,1.0,1.0,1.0,1.0,1.0,1.0,1.0,2.0,1.0,1.0,1.0,1.0,1.0,1.0,1.0,1.0,3.0,1.0,1.0,1.0,3.0,5.0,2.0,3.0,1.0,1.0,2.0,1.0,2.0,1.0,3.0,1.0,2.0,1.0,1.0,2.0,2.0,2.0,1.0,1.0,5.0,2.0,2.0,4.0,1.0,3.0,1.0,4.0,1.0,1.0,2.0,1.0,1.0,4.0,1.0,2.0,1.0,1.0,2.0,4.0,1.0,2.0,2.0,5.0,1.0,1.0,2.0,1.0,1.0,3.0,1.0,1.0,3.0,3.0,5.0,3.0,4.0,1.0,1.0,1.0,2.0,1.0,2.0,1.0,2.0,1.0,1.0,3.0,1.0,1.0,1.0,1.0,2.0,1.0,1.0,1.0,2.0,1.0,1.0,1.0,1.0,1.0,1.0,1.0,1.0,4.0,1.0,1.0,1.0,2.0,1.0,6.0,1.0,1.0,1.0,2.0,2.0,1.0,1.0,1.0,-1.2523449689335,2.0,1.0,1.0,2.0,1.0,-1.0,-1.0,-1.0,-1.0,-2.0,1.0,9.0,-1.0,1.0,-1.0,-1.0,-5.0,-4.0,-3.0,-4.0,-5.0,-5.0,1.0,1.0,1.0,6.0,6.0,2.0,1.0,3.0,2.0,1.0,4.0,5.0,1.0,3.0,1.0,1.0,2.0,1.0,5.0,1.0,1.0,10.0,4.0,1.0,1.0,1.0,3.0,7.0,1.0,2.0,8.0,1.0,2.0,1.0,1.0,1.0,2.0,1.0,2.0,9.0,1.0,9.0,1.0,1.0,1.0,3.0,1.0,1.0,4.0,4.0,1.0,2.0,1.0,2.0,1.0,1.0,1.0,2.0,1.0,1.0,2.0,4.0,1.0,1.0,10.0,1.0,1.0,1.0,3.0,1.0,4.0,4.0,9.0,1.0,1.0,5.0,1.0,1.0,4.957128867032768,4.0,2.0,5.0,1.0,7.0,1.0,5.0,1.0,1.0,1.0,18.20845275419301,1.0,5.0,4.0,6.0,1.0,-3.0,-1.0,-1.0,-13.71931735451625,-2.0,-2.0,-1.0,-1.0,-1.0,-1.0,-3.0,-1.0,-2.0,-4.0,-1.0,-2.0,-1.0,-1.0,-1.0,5.0,4.0,2.0,7.0,2.0,1.0,2.0,1.0,2.0,1.0,3.0,4.0,4.0,1.0,1.0,2.0,4.0,2.0,6.0,1.0,5.0,11.27775448851298,8.0,7.0,1.0,4.0,3.0,1.0,1.0,1.0,2.0,1.0,4.0,1.0,1.0,1.0,1.0,2.0,1.0,1.0,3.0,2.0,4.0,7.0,7.0,4.0,1.0,1.0,4.0,1.0,1.0,2.0,1.0,1.0,5.0,1.0,2.0,7.0,4.0,2.0,2.0,1.0,1.0,1.0,2.0,2.0,2.0,1.0,1.0,2.0,6.0,1.0,4.0,2.0,3.0,-9.81276160699843,1.0,8.0,8.0,1.0,1.0,2.0,2.0,1.0,1.0,2.0,2.0,11.0,5.0,2.0,1.0,2.0,2.0,2.0,2.0,2.0,2.0,2.0,2.0,2.0,1.0,1.0,25.0,6.0,5.0,5.0,5.0,5.0,5.0,5.0,3.0,2.0,1.0,1.0,2.0,1.0,1.0,12.0,15.0,4.0,4.0,5.0,4.0,4.0,5.0,2.0,1.0,5.0,1.0,1.0,2.0,1.0,16.0,5.0,4.0,5.0,4.0,10.0,2.0,4.0,3.0,3.0,6.0,4.0,4.0,4.0,4.0,4.0,4.0,4.0,4.0,4.0,2.0,4.0,4.0,4.0,4.0,4.0,4.0,1.0,1.0,4.0,4.0,4.0,4.0,4.0,4.0,1.0,1.0,1.0,1.0,1.0,1.0,4.0,4.0,4.0,4.0,4.0,4.0,4.0,4.0,4.0,4.0,1.0,1.0,1.0,1.0,3.0,1.0,1.0,10.0,1.0,1.0,1.0,1.0,1.0,21.0,15.0,1.0,1.0,1.0,1.0,1.0,1.0,5.0,1.0,6.0,2.0,2.0,23.0,14.0,1.0,3.0,3.0,3.0,3.0,3.0,3.0,3.0,3.0,1.0,1.0,1.0,1.0,1.0,6.0,1.0,4.0,10.0,9.0,26.0,7.0,3.0,3.0,4.0,3.0,3.0,3.0,4.0,3.0,1.0,1.0,1.0,1.0,3.0,1.0,1.0,13.0,2.0,2.0,2.0,2.0,2.0,2.0,2.0,1.0,1.0,2.0,2.0,2.0,2.0,2.0,2.0,3.0,2.0,1.0,2.0,2.0,2.0,2.0,2.0,2.0,2.0,1.0,2.0,2.0,2.0,2.0,2.0,2.0,2.0,2.0,2.0,2.0,2.0,1.0,-2.0,1.0,4.0,1.0,-4.0,-4.0,-5.0,-4.0,-4.0,-4.0,-5.0,-4.0,-1.0,1.0,2.0,-1.0,1.0,-4.0,-5.0,-4.0,-4.0,-5.0,-4.0,2.0,1.0,-5.0,-6.0,-5.0,-5.0,-6.0,-5.0,1.0,1.0,1.0,-5.0,-5.0,-5.0,-5.0,-5.0,-5.0,-1.0,1.0,-1.0,-5.0,-5.0,-5.0,-5.0,-5.0,-5.0,-3.0,-4.0,-1.0,-1.0,-3.0,-1.0,0.0,1.0,-9.0,-5.0,1.0,-1.0,-2.0,-1.0,-1.0,-2.0,-1.0,-3.0,-2.0,-1.0,-1.0,-1.0,-1.0,-1.0,-3.0,-1.0,-1.0,-1.0,-1.0,-3.0,-2.0,19.45784305872714,-2.0,-1.0,-1.0,-1.0,-2.0,7.0,-4.0,-2.0,-3.0,-3.0,-1.0,-1.0,-1.0,1.0,1.0,0.0,-1.0,-5.0,-7.0,-1.0,-2.0,-1.0,9.0,2.0,13.0,-1.0,-1.0,-1.0,-5.0,-5.0,-2.0,-4.0,1.0,5.0,4.0,2.0,2.0,1.0,2.0,15.0,17.0,4.0,5.0,7.0,13.0,1.0,3.0,1.0,1.0,1.0,12.0,5.0,5.0,1.0,11.0,2.0,4.0,2.0,1.0,15.57346510062307,4.0,2.0,1.0,1.0,2.0,1.0,1.0,2.0,1.0,1.0,2.0,6.0,1.0,1.0,2.0,4.0,3.0,2.0,2.0,3.0,7.0,1.0,1.0,1.0,1.0,1.0,2.0,1.0,1.0,1.0,1.0,1.0,1.0,1.0,1.0,2.0,2.0,1.0,4.0,1.0,1.0,1.0,1.0,3.0,1.0,2.0,6.0,1.0,1.0,1.0,1.0,1.0,1.0,-2.5485758184053537,1.0,1.0,1.0,1.0,1.0,3.0,1.0,1.0,3.0,2.0,2.0,2.0,5.0,-20.80157324031526,2.0,2.0,4.0,3.0,1.0,2.0,2.0,2.0,2.0,-15.704502461243464,1.0,2.0,2.0,2.0,1.0,1.0,1.0,1.0,1.0,2.0,1.0,4.0,1.0,1.0,1.0,1.0,2.0,1.0,1.0,1.0,5.0,5.0,1.0,4.0,3.0,2.0,2.0,1.0,5.0,1.0,3.0,4.0,2.0,1.0,3.0,3.0,4.0,3.0,3.0,1.0,1.0,2.0,1.0,3.0,2.0,4.0,2.0,1.0,4.0,2.0,1.0,2.0,3.0,3.0,3.0,3.0,2.0,1.0,4.0,5.0,1.0,1.0,5.0,4.0,2.0,1.0,1.0,6.276158308138452,6.0,10.0,1.0,5.0,5.0,1.0,7.0,2.0,1.0,10.0,4.0,3.0,3.0,1.0,7.0,1.0,11.0,1.0,2.0,2.0,1.0,3.0,2.0,1.0,1.0,5.0,8.0,1.0,7.0,3.0,1.0,2.0,2.0,1.0,2.0,1.0,1.0,1.0,1.0,2.0,7.0,6.0,1.0,2.0,1.0,1.0,1.0,1.0,5.0,1.0,1.0,2.0,5.0,1.0,2.0,7.0,6.0,6.0,1.0,2.0,9.0,3.0,6.0,1.0,6.0,4.0,9.0,1.0,1.0,1.0,2.0,10.0,6.0,2.0,2.0,5.0,5.0,1.0,10.0,1.0,2.0,4.0,5.0,13.0,1.0,1.0,1.0,1.0,4.0,4.0,3.0,1.0,2.0,1.0,1.0,1.0,2.0,4.0,4.0,5.0,11.0,1.0,1.0,13.2640361646798,1.0,5.0,2.0,7.0,1.0,1.0,2.0,1.0,1.0,1.0,3.0,3.0,2.0,2.0,3.0,5.0,1.0,2.0,1.0,-2.0,1.0,1.0,7.0,-3.0,-3.0,-3.0,-3.0,1.0,0.0,4.0,-2.0,5.0,-6.0,-6.0,-6.0,-6.0,-2.0,-1.0,-1.0,-6.0,-6.0,-6.0,-6.0,-3.0,-2.0,-1.0,-1.0,-3.0,-3.0,-3.0,-3.0,-2.0,-1.0,-1.0,2.0,-1.0,-6.0,-6.0,-6.0,-7.103831779623127,-6.0,-6.0,-6.0,1.0,1.0,-3.0,-3.0,7.0,2.0,-5.0,-5.0,-5.0,-5.0,1.0,-2.0,-2.0,2.0,1.0,-5.0,-6.0,-5.0,-5.0,2.0,1.0,1.0,1.0,-6.0,-6.0,-6.0,-6.0,-1.0,1.0,-2.0,-2.0,1.0,2.0,-13.0,-13.0,-1.0,-1.0,-2.0,2.0,1.0,-5.0,-5.0,-5.0,-5.0,-5.0,-5.0,1.0,1.0,-5.0,-5.0,-5.0,-5.0,-5.0,0.0,-3.0,-12.0,-12.0,1.0,5.0,-7.0,-7.0,-7.0,-7.0,1.0,7.0,1.0,1.0,1.0,2.0,11.0,1.0,4.0,1.0,3.0,6.0,1.0,2.0,3.0,15.0,3.0,2.0,3.0,4.0,1.0,6.0,6.0,4.0,2.0,1.0,1.0,1.0,1.0,1.0,1.0,3.0,7.0,1.0,3.0,1.0,1.0,1.0,3.0,2.0,1.0,2.0,2.0,1.0,1.0,3.0,3.0,3.0,1.0,1.0,2.0,3.0,3.0,3.0,1.0,1.0,1.0,3.0,4.0,4.0,2.0,3.0,1.0,1.0,1.0,1.0,1.0,1.0,2.0,3.0,4.0,4.0,2.0,6.0,3.0,1.0,1.0,1.0,1.0,1.0,1.0,2.0,3.0,1.0,13.0,3.0,1.0,1.0,6.0,1.0,1.0,1.0,4.0,1.0,1.0,2.0,2.0,4.0,3.0,3.0,1.0,1.0,1.0,1.0,2.0,2.0,3.0,3.0,1.0,1.0,2.0,2.0,1.0,2.0,6.0,6.0,2.0,3.0,2.0,2.0,1.0,1.0,2.0,2.0,6.0,6.0,2.0,3.0,2.0,2.0,1.0,1.0,21.0,3.0,4.0,1.0,2.0,2.0,8.0,1.0,7.0,2.0,1.0,2.0,3.0,4.0,4.0,1.0,16.0,1.0,6.0,3.0,1.0,1.0,2.0,10.0,1.0,10.0,3.0,3.0,2.0,1.0,4.0,3.0,1.0,2.0,1.0,1.0,4.0,1.0,3.0,1.0,2.0,2.0,1.0,1.0,1.0,1.0,3.0,1.0,1.0,2.0,1.0,1.0,1.0,1.0,1.0,1.29786125122586,1.0,1.0,1.0,1.0,1.0,4.0,3.0,1.0,1.0,1.0,1.0,1.0,1.0,2.0,2.0,1.0,4.0,1.0,4.0,1.0,1.0,2.0,1.0,1.0,3.0,2.0,2.0,2.0,2.0,1.0,1.0,6.0,24.0,4.0,1.0,3.0,2.0,1.0,1.0,16.0,35.0,3.0,1.0,1.0,1.0,1.0,1.0,1.0,3.0,5.0,1.0,1.0,2.0,7.0,5.0,5.0,2.0,3.0,1.0,1.0,1.0,8.0,1.0,5.0,3.0,2.0,9.0,6.0,1.0,4.0,13.0,1.0,7.0,7.0,1.0,1.0,1.0,1.0,1.0,4.0,6.0,3.0,2.0,1.0,8.0,6.0,1.0,1.0,1.0,2.0,3.0,1.0,2.0,8.0,1.0,2.0,9.0,2.0,1.0,1.0,1.0,1.0,1.0,4.0,1.0,1.0,4.0,5.0,1.0,1.0,2.0,3.0,2.0,1.0,2.0,5.0,6.0,4.0,6.0,8.0,11.0,7.0,6.0,1.0,1.0,1.0,4.0,1.0,3.0,4.0,5.0,12.0,5.0,2.0,2.0,1.0,4.0,2.0,1.0,1.0,1.0,3.0,4.0,3.0,2.0,17.29671484676516,3.0,5.0,1.0,7.0,5.0,2.0,2.0,3.0,1.0,1.0,1.0,1.0,2.0,1.0,2.0,1.0,1.0,12.0,10.0,8.0,6.0,5.0,1.0,1.0,1.0,3.0,1.0,1.0,1.0,3.0,4.0,1.0,2.0,1.0,1.0,1.0,2.0,1.0,1.0,8.0,1.0,1.0,2.0,2.0,5.0,2.0,2.0,1.0,1.0,3.0,2.0,3.0,1.0,6.0,6.0,1.0,1.0,6.0,1.0,6.0,9.0,3.0,13.0,10.0,1.0,1.0,11.0,1.0,1.0,3.0,8.0,9.0,2.0,1.0,2.0,3.0,3.0,3.0,1.0,1.0,1.0,5.0,5.0,2.0,1.0,2.0,2.0,1.0,1.0,5.0,1.0,1.0,1.0,1.0,3.0,2.0,1.0,2.0,1.0,3.0,4.0,1.0,2.0,1.0,2.0,1.0,2.0,2.0,1.0,1.0,2.0,2.0,1.0,1.0,1.0,1.0,1.0,1.0,2.0,1.0,8.0,2.0,1.0,5.0,6.0,2.0,1.0,1.0,1.0,6.0,2.0,3.0,4.0,3.0,1.0,1.0,2.0,2.0,1.0,1.0,11.0,1.0,1.0,2.0,4.0,5.0,3.0,1.0,4.0,1.0,14.0,4.0,7.0,1.0,1.0,2.0,1.0,1.0,2.92572291035908,1.0,1.0,1.0,3.0,1.0,9.0,2.0,2.0,1.0,1.0,7.0,1.0,8.0,1.0,1.0,1.0,1.0,2.0,1.0,1.0,1.0,1.0,2.0,1.0,1.0,1.0,1.0,1.0,1.0,4.0,4.0,3.0,2.0,1.0,1.0,1.0,1.0,3.0,1.0,1.0,1.0,1.0,1.0,1.0,1.0,1.0,2.0,1.0,3.0,0.24337417607789,1.0,1.0,3.0,5.0,9.0,7.0,2.0,2.0,1.0,1.0,1.0,2.0,3.0,1.0,1.0,2.0,3.0,1.0,1.0,2.0,2.0,1.0,1.0,1.0,1.0,2.0,1.0,1.0,-1.0,-1.0,-2.0,-4.0,-12.0,-7.0,-6.0,-6.0,-9.0,-11.0,-2.0,-8.0,-10.0,-6.0,-11.0,-6.50984180533249,-1.0,-4.0,-1.0,-10.0,-11.0,-3.0,-8.0,-12.0,-10.0,-1.0,-1.0,-1.0,-1.0,-7.0,-7.0,-13.0,-7.0,2.0,1.0,1.0,1.0,2.0,1.0,1.0,5.0,1.0,2.0,1.0,1.0,3.0,1.0,3.0,1.0,1.0,1.0,1.0,1.0,1.0,1.0,1.0,4.0,1.0,1.0,2.0,1.0,1.0,3.0,1.0,1.0,2.0,1.0,1.0,2.0,3.0,1.0,2.0,1.0,1.0,1.0,1.0,1.0,1.0,2.0,1.0,2.0,1.0,2.0,5.0,6.0,1.0,2.0,1.0,1.0,3.0,1.0,1.0,2.0,3.0,3.0,1.0,1.0,2.0,5.0,5.0,1.0,1.0,4.0,3.0,2.0,1.0,1.0,-1.0,1.0,2.0,-3.0,1.0,1.0,-4.0,-4.0,-3.0,2.0,-1.0,-1.0,-1.0,-2.0,2.0,10.0,1.0,1.0,1.0,2.0,3.0,4.0,1.0,2.0,1.0,17.0,1.0,1.0,1.0,1.0,2.0,1.0,1.0,1.0,4.0,4.0,1.0,3.0,1.0,1.0,2.0,1.0,1.0,1.0,2.0,2.0,1.0,1.0,1.0,1.0,2.0,3.0,18.94840458248437,1.0,1.0,3.0,1.0,1.0,1.0,2.0,3.0,1.0,1.0,2.0,4.0,2.0,1.0,1.0,1.0,1.0,2.0,3.0,1.0,4.0,1.0,1.0,1.0,4.0,4.0,1.0,1.0,2.0,2.0,2.0,2.0,1.0,2.0,1.0,2.0,3.0,1.0,6.0,11.0,8.0,5.0,4.0,5.0,3.0,2.0,1.0,1.0,1.0,1.0,1.0,2.0,2.0,3.0,2.0,3.0,1.0,1.0,1.0,1.0,1.0,1.0,3.0,2.0,5.0,1.0,2.0,2.0,1.0,5.0,1.0,5.0,1.0,2.0,5.0,3.0,2.0,1.0,15.11250881122309,1.0,2.0,3.0,1.0,1.0,1.0,3.0,3.0,2.0,4.0,1.0,1.0,1.0,1.0,1.0,1.0,1.0,1.0,1.0,1.0,1.0,3.0,5.0,1.0,1.0,1.0,2.0,2.0,1.0,1.0,5.0,1.0,1.0,5.0,1.0,1.0,-7.0,-7.0,1.0,-1.0,-4.0,-2.0,-1.0,-2.0,-1.0,1.0,-1.0,-3.0,-5.0,0.0,-3.0,-1.0,-2.0,-4.0,1.0,-1.0,1.0,-1.0,-1.0,1.0,-1.0,-1.0,2.0,-2.0,-3.0,2.0,-2.0,-1.0,1.0,-1.0,-1.0,-2.0,1.0,-2.0,-1.0,2.0,-1.0,-1.0,-1.0,-1.0,-2.0,2.0,-2.0,-2.0,0.0,-1.0,-1.0,-1.0,-1.0,-1.0,1.0,1.0,1.0,7.0,1.0,1.0,1.0,1.0,1.0,2.0,1.0,1.0,12.0,1.0,1.0,1.0,1.0,1.0,1.0,2.0,1.0,1.0,1.0,1.0,2.0,4.0,3.0,1.0,1.0,3.0,1.0,1.0,1.0,1.0,2.0,1.0,1.0,1.0,1.0,1.0,2.0,1.0,1.0,3.0,7.0,2.0,1.0,1.0,1.0,1.0,1.0,1.0,1.0,1.0,1.0,1.0,1.0,1.0,6.0,1.0,1.0,1.0,1.0,1.0,1.0,1.0,1.0,1.0,1.0,1.0,1.0,1.0,1.0,1.0,1.0,4.0,1.0,1.0,1.0,1.0,1.0,1.0,1.0,1.0,1.0,1.0,1.0,1.0,1.0,1.0,1.0,1.0,1.0,1.0,1.0,-1.0,-1.0,1.0,1.0,2.0,-2.0,-2.0,-2.0,-2.0,-2.0,1.0,1.0,-3.56110793196185,-3.0,-3.0,-3.0,1.0,-5.0,-5.0,-5.0,1.0,1.0,1.0,1.0,2.0,1.0,1.0,-1.0,-1.0,-1.0,-1.0,-1.0,-1.0,4.0,4.0,1.0,1.0,3.0,1.0,1.0,1.0,1.0,1.0,3.0,3.0,2.0,1.0,1.0,1.0,1.0,1.0,2.0,1.0,1.0,2.0,2.0,1.0,1.0,1.0,1.0,1.0,3.0,3.0,3.0,1.0,1.0,2.0,1.0,1.0,2.0,2.0,2.0,1.0,1.0,1.0,2.0,1.0,1.0,1.0,1.0,3.0,1.0,1.0,1.0,1.0,4.0,2.0,5.0,1.0,2.0,1.0,1.0,1.0,1.0,3.0,1.0,2.0,3.0,2.0,1.0,1.0,1.0,2.0,2.0,2.0,2.0,1.0,6.0,3.0,6.0,1.0,1.0,1.0,3.0,1.0,4.0,5.0,1.0,1.0,1.0,1.0,1.0,17.0,1.0,2.0,12.0,1.0,2.0,3.0,8.0,13.0,5.0,2.0,1.0,2.0,6.0,4.0,4.0,2.0,1.0,3.0,2.0,1.0,1.0,1.0,3.0,1.0,1.0,1.0,3.0,1.0,1.0,1.0,3.0,1.0,1.0,1.0,2.0,3.0,7.0,4.0,3.0,-0.31044766992144,2.0,2.0,2.0,1.0,1.0,1.0,1.0,1.0,1.0,1.0,1.0,1.0,1.0,1.0,1.0,1.0,1.0,1.0,1.0,1.0,1.0,1.0,1.0,1.0,1.0,1.0,1.0,1.0,3.0,1.0,1.0,2.0,2.0,2.0,2.0,3.0,1.0,1.0,1.0,2.0,1.0,4.0,3.0,1.0,1.0,1.0,2.0,1.0,7.39298284432326,1.0,5.0,3.0,2.0,1.0,1.0,1.0,1.0,1.0,1.0,1.0,1.0,1.0,3.0,4.0,3.0,1.0,1.0,1.0,1.0,1.0,1.0,1.0,1.0,1.0,1.0,1.0,1.0,2.0,1.0,1.0,1.0,1.0,1.0,1.0,1.0,1.0,1.0,1.0,1.0,2.0,1.0,1.0,1.0,1.0,1.0,1.0,1.0,1.0,1.0,1.0,1.0,1.0,1.0,3.0,8.0,2.0,1.0,2.0,1.0,1.0,4.0,1.0,1.0,1.0,1.0,1.0,1.0,1.0,7.0,5.0,2.0,3.0,1.0,1.0,2.0,1.0,1.0,1.0,1.0,1.0,1.0,2.0,3.0,1.0,2.0,2.0,2.0,-16.38832593496558,3.0,1.0,1.0,1.0,1.0,3.0,2.0,3.0,3.0,1.0,1.0,2.0,2.0,2.0,3.0,2.0,1.0,3.0,1.0,2.0,2.0,2.0,2.0,2.0,2.0,1.0,1.0,1.0,1.0,1.0,1.0,1.0,1.0,1.0,2.0,1.0,1.0,1.0,3.0,1.0,1.0,1.0,1.0,1.0,1.0,1.0,2.0,1.0,6.0,1.0,5.0,1.0,4.0,1.0,8.0,1.0,3.0,3.0,4.0,1.0,2.0,2.0,1.0,1.0,3.0,2.0,3.0,1.0,2.0,1.0,1.0,2.0,1.0,1.0,4.0,6.0,1.0,1.0,1.0,2.0,2.0,1.0,1.0,3.0,5.0,5.38785976813884,1.0,1.0,5.0,1.0,1.0,2.0,1.0,1.0,1.0,4.0,2.0,1.0,4.0,2.0,6.0,1.0,1.0,1.0,1.0,6.0,5.96397995782018,1.0,1.0,3.0,3.0,-1.3686525685699,9.0,2.0,3.0,3.0,3.0,3.0,1.0,1.0,5.0,5.0,5.0,5.0,1.0,7.0,10.0,2.0,1.0,4.0,5.0,5.0,5.0,5.0,2.0,1.0,3.0,5.0,4.0,2.0,2.0,1.0,1.0,2.0,3.0,1.0,1.0,3.0,11.0,5.0,5.0,5.0,5.0,5.0,5.0,5.0,5.0,13.0,3.0,2.0,2.0,3.0,11.0,5.0,5.0,5.0,5.0,1.0,1.0,2.0,18.0,11.0,2.0,1.0,3.0,3.0,5.0,5.0,5.0,5.0,5.0,5.0,2.0,1.0,3.0,1.0,1.0,21.0,1.0,2.0,3.0,6.0,6.0,6.0,6.0,2.0,5.0,3.0,2.0,5.0,13.0,2.0,5.0,5.0,5.0,5.0,6.0,2.0,24.0,2.0,1.0,2.0,5.0,5.0,5.0,5.0,1.0,2.0,4.0,3.0,12.0,1.0,9.0,4.0,4.0,4.0,4.0,4.0,4.0,4.0,1.0,10.0,4.0,1.0,21.0,1.0,2.0,1.0,1.0,1.0,4.0,3.0,5.0,6.0,6.0,6.0,6.0,6.0,1.0,1.0,3.0,15.0,1.0,1.0,1.0,1.0,7.0,4.0,1.0,10.0,5.0,5.0,5.0,5.0,1.0,1.0,4.0,2.0,-19.72431348956135,1.0,2.0,2.0,9.0,2.0,1.0,1.0,3.0,1.0,4.0,3.0,1.0,1.0,1.0,1.0,1.0,2.0,1.0,1.0,9.0,1.0,1.0,1.0,2.0,5.0,5.0,5.0,5.0,2.0,1.0,7.0,1.0,2.0,5.0,5.0,5.0,5.0,5.0,5.0,5.0,3.0,1.0,1.0,20.0,1.0,1.0,1.0,4.0,1.0,1.0,2.0,1.0,9.0,3.0,4.0,4.0,4.0,4.0,4.0,4.0,4.0,4.0,1.0,1.0,37.0,1.0,1.0,1.0,6.0,6.0,6.0,6.0,6.0,6.0,1.0,1.0,1.0,1.0,6.0,16.0,1.0,5.0,5.0,5.0,5.0,1.0,27.0,1.0,1.0,1.0,7.0,6.0,6.0,6.0,6.0,1.0,2.0,1.0,30.0,1.0,1.0,1.0,1.0,8.0,6.0,6.0,6.0,6.0,13.32796194626393,2.0,2.0,2.0,2.0,5.0,5.0,7.0,3.0,30.0,3.0,10.0,6.0,1.0,10.0,5.0,5.0,5.0,5.0,5.0,5.0,5.0,4.0,1.0,6.0,8.0,1.0,2.0,3.0,4.0,4.0,5.0,6.0,6.0,6.0,6.0,-5.0,-5.0,-5.0,-5.0,-5.0,-5.0,-5.0,-5.0,-5.0,-5.0,1.0
1.0,1.0,1.0,2.0,1.0,2.0,4.0,7.0,1.0,2.0,1.0,5.0,1.0,1.0,1.0,1.0,3.0,1.0,2.0,1.0,1.0,1.0,1.0,1.0,1.0,1.0,5.0,2.0,1.0,3.0,1.0,1.0,5.0,1.0,1.0,2.0,1.0,1.0,1.0,2.0,3.0,1.0,1.0,1.0,1.0,1.0,1.0,1.0,1.0,1.0,1.0,1.0,5.0,3.0,2.0,1.0,1.0,2.0,1.0,1.0,1.0,1.0,1.0,1.0,1.0,1.0,2.0,1.0,5.0,1.0,2.0,1.0,1.0,2.0,1.0,1.0,1.0,1.0,2.0,1.0,7.0,4.0,1.0,2.0,1.0,2.0,12.0,5.0,1.0,15.0,1.0,2.0,2.0,2.0,1.0,1.0,8.0,1.0,4.0,1.0,1.0,16.0,3.0,3.0,1.0,2.0,1.0,1.0,6.0,7.0,1.0,2.0,3.0,2.0,2.0,3.0,2.0,1.0,5.0,1.0,3.0,2.0,2.0,1.0,1.0,1.0,10.0,10.0,1.0,3.0,2.0,1.0,2.0,5.0,2.0,1.0,3.0,1.0,1.0,1.0,1.0,1.0,1.0,1.0,7.0,1.0,1.0,13.0,1.0,1.0,1.0,10.0,2.0,1.0,3.0,1.0,1.0,2.0,3.0,1.0,1.0,1.0,1.0,1.0,1.0,1.0,2.0,1.0,14.0,1.0,1.0,1.0,2.0,2.0,1.0,3.0,2.0,1.0,1.0,1.0,2.0,5.0,1.0,1.0,1.0,4.0,1.0,4.0,2.0,14.0,1.0,2.0,2.0,4.0,1.0,1.0,3.0,1.0,1.0,2.0,1.0,1.0,4.0,3.0,17.0,1.0,1.0,1.0,1.0,3.0,1.0,3.0,5.0,1.0,2.0,2.0,2.0,1.0,1.0,1.0,4.0,1.0,2.0,1.0,1.0,1.0,1.0,1.0,1.0,5.0,2.0,2.0,3.0,1.0,1.0,1.0,1.0,2.0,1.0,1.0,1.0,1.0,1.0,5.0,2.0,3.0,2.0,2.0,3.0,1.0,2.0,4.0,1.0,2.0,2.0,2.0,1.0,1.0,1.0,1.0,1.0,3.0,2.0,1.0,1.0,13.0,3.0,1.0,1.0,1.0,7.0,4.0,1.0,1.0,1.0,8.0,1.0,1.0,6.0,2.0,1.0,3.0,2.0,8.0,2.0,1.0,1.0,1.0,5.0,1.0,8.0,1.0,4.0,9.0,7.0,1.0,1.0,8.0,1.0,2.0,1.0,1.0,4.0,1.0,1.0,1.0,7.0,4.0,5.0,3.0,1.0,1.0,1.0,2.0,1.0,1.0,1.0,1.0,1.0,1.0,6.0,3.0,2.0,2.0,1.0,1.0,1.0,1.0,1.0,1.0,5.0,1.0,1.0,3.0,1.0,1.0,3.0,3.0,1.0,1.0,1.0,2.0,2.0,1.0,1.0,1.0,3.0,4.0,4.0,1.0,1.0,1.0,2.0,1.0,2.0,2.0,2.0,8.0,9.0,3.0,1.0,2.0,1.0,1.0,3.0,2.0,2.0,1.0,5.0,1.0,3.0,3.0,3.0,4.0,1.0,1.0,2.0,2.0,3.0,3.0,1.0,3.0,2.0,1.0,1.0,1.0,1.0,1.0,1.0,1.0,1.0,1.0,1.0,1.0,2.0,10.0,2.0,3.0,3.0,3.0,2.0,1.0,1.0,1.0,1.0,2.0,1.0,15.0,3.0,3.0,3.0,3.0,1.0,1.0,11.0,2.0,2.0,2.0,3.0,1.0,1.0,1.0,1.0,9.0,2.0,2.0,3.0,3.0,1.0,1.0,1.0,2.0,1.0,13.0,2.0,2.0,3.0,3.0,6.0,5.0,2.0,2.0,2.0,2.0,3.0,3.0,4.0,3.0,2.0,2.0,3.0,3.0,4.0,2.0,7.0,3.0,3.0,2.0,2.0,1.0,3.0,7.0,2.0,13.0,6.0,4.0,1.0,1.0,1.0,2.0,1.0,3.0,2.0,10.0,2.0,14.0,1.0,1.0,1.0,9.0,3.0,2.0,1.0,1.0,10.0,2.0,1.0,1.0,1.0,2.0,3.0,7.0,5.0,1.0,1.0,1.0,2.0,6.0,2.0,2.0,4.0,2.0,1.0,1.0,1.0,3.0,2.0,10.0,3.0,1.0,1.0,1.0,5.0,3.0,5.0,1.0,3.0,1.0,1.0,2.0,2.0,3.0,2.0,1.0,2.0,1.0,1.0,1.0,2.0,1.0,1.0,1.0,1.0,5.0,1.0,2.0,1.0,1.0,1.0,1.0,1.0,4.0,1.0,1.0,14.0,1.0,4.0,1.0,13.0,11.0,2.0,2.0,1.0,5.0,1.0,11.0,1.0,1.0,1.0,1.0,1.0,4.0,1.0,1.0,1.0,1.0,3.0,1.0,3.0,1.0,5.0,9.0,1.0,1.0,1.0,1.0,4.0,1.0,6.0,13.0,1.0,3.0,3.0,4.0,1.0,3.0,1.0,4.0,1.0,14.0,9.0,12.0,7.0,1.0,1.0,1.0,2.0,4.0,4.0,6.0,10.0,8.0,21.0,4.0,4.0,3.0,2.0,4.0,1.0,2.0,12.0,11.0,1.0,3.0,4.0,1.0,1.0,1.0,1.0,3.0,6.0,7.0,2.0,5.0,3.0,3.0,8.0,10.0,2.0,19.0,8.0,5.0,1.0,3.0,2.0,6.0,-2.04564786099211,2.0,1.0,2.0,3.0,8.0,9.0,6.0,6.0,1.0,1.0,2.0,2.0,2.0,8.0,4.0,5.0,8.0,7.0,13.0,3.0,9.0,2.0,1.0,3.0,5.0,1.0,3.0,1.0,1.0,5.47566330468136,8.0,1.0,2.0,1.0,1.0,6.0,1.0,1.0,1.0,5.0,15.0,1.0,2.0,7.0,5.0,4.0,5.0,4.0,16.0,6.0,4.0,2.0,1.0,1.0,1.0,1.0,1.0,1.0,2.0,1.0,7.0,7.0,4.0,1.0,2.0,1.0,2.0,1.0,1.0,1.0,1.0,2.0,2.0,1.0,1.0,1.0,1.0,1.0,1.0,1.0,1.0,1.0,1.0,1.0,2.0,2.0,4.0,1.0,1.0,1.0,2.0,7.0,1.0,1.0,1.0,1.0,1.0,1.0,1.0,2.0,3.0,6.0,7.0,4.0,1.0,3.0,1.0,1.0,1.0,1.0,1.0,1.0,1.0,1.0,1.0,2.0,1.0,1.0,2.0,1.0,1.0,1.0,2.0,1.0,1.0,1.0,1.0,1.0,2.0,2.0,3.0,6.0,1.0,1.0,2.0,1.0,1.0,2.0,1.0,1.0,13.0,19.0,2.0,1.0,1.0,4.0,1.0,1.0,1.0,1.0,1.0,1.0,1.0,1.0,1.0,1.0,1.0,2.0,1.0,1.0,1.0,16.0,15.0,1.0,2.0,2.0,2.0,1.0,1.0,1.0,2.0,1.0,1.0,1.0,1.0,1.0,2.0,1.0,1.0,3.0,1.0,1.0,1.0,2.0,1.0,1.0,12.0,7.0,1.0,5.0,1.0,3.0,1.0,1.0,1.0,2.0,3.0,1.0,1.0,6.0,7.0,3.0,5.0,3.0,1.0,1.0,3.0,2.0,1.0,7.0,16.0,1.0,1.0,5.0,3.0,1.0,1.0,3.0,2.0,1.0,3.96952489648403,1.0,2.0,3.0,3.0,1.0,1.0,2.0,1.0,1.0,1.0,2.0,30.0,1.0,4.0,7.0,1.0,1.0,1.0,1.0,1.0,2.0,1.0,2.0,1.0,1.0,1.0,1.0,1.0,1.0,5.0,24.0,4.0,2.0,1.0,1.0,1.0,1.0,1.0,1.0,2.0,2.0,3.0,1.0,2.0,1.0,1.0,1.0,1.0,1.0,1.0,1.0,2.0,1.0,1.0,1.0,1.0,1.0,1.0,1.0,1.0,3.0,1.0,1.0,1.0,3.0,5.0,2.0,3.0,1.0,1.0,2.0,1.0,2.0,1.0,3.0,1.0,2.0,1.0,1.0,2.0,2.0,2.0,1.0,1.0,5.0,2.0,2.0,4.0,1.0,3.0,1.0,4.0,1.0,1.0,2.0,1.0,1.0,4.0,1.0,2.0,1.0,1.0,2.0,4.0,1.0,2.0,2.0,5.0,1.0,1.0,2.0,1.0,1.0,3.0,1.0,1.0,3.0,3.0,5.0,3.0,4.0,1.0,1.0,1.0,2.0,1.0,2.0,1.0,2.0,1.0,1.0,3.0,1.0,1.0,1.0,1.0,2.0,1.0,1.0,1.0,2.0,1.0,1.0,1.0,1.0,1.0,1.0,1.0,1.0,4.0,1.0,1.0,1.0,2.0,1.0,6.0,1.0,1.0,1.0,2.0,2.0,1.0,1.0,1.0,-1.2523449689335,2.0,1.0,1.0,2.0,1.0,-1.0,-1.0,-1.0,-1.0,-2.0,1.0,9.0,-1.0,1.0,-1.0,-1.0,-5.0,-4.0,-3.0,-4.0,-5.0,-5.0,1.0,1.0,1.0,6.0,6.0,2.0,1.0,3.0,2.0,1.0,4.0,5.0,1.0,3.0,1.0,1.0,2.0,1.0,5.0,1.0,1.0,10.0,4.0,1.0,1.0,1.0,3.0,7.0,1.0,2.0,8.0,1.0,2.0,1.0,1.0,1.0,2.0,1.0,2.0,9.0,1.0,9.0,1.0,1.0,1.0,3.0,1.0,1.0,4.0,4.0,1.0,2.0,1.0,2.0,1.0,1.0,1.0,2.0,1.0,1.0,2.0,4.0,1.0,1.0,10.0,1.0,1.0,1.0,3.0,1.0,4.0,4.0,9.0,1.0,1.0,5.0,1.0,1.0,4.957128867032768,4.0,2.0,5.0,1.0,7.0,1.0,5.0,1.0,1.0,1.0,18.20845275419301,1.0,5.0,4.0,6.0,1.0,-3.0,-1.0,-1.0,-13.71931735451625,-2.0,-2.0,-1.0,-1.0,-1.0,-1.0,-3.0,-1.0,-2.0,-4.0,-1.0,-2.0,-1.0,-1.0,-1.0,5.0,4.0,2.0,7.0,2.0,1.0,2.0,1.0,2.0,1.0,3.0,4.0,4.0,1.0,1.0,2.0,4.0,2.0,6.0,1.0,5.0,11.27775448851298,8.0,7.0,1.0,4.0,3.0,1.0,1.0,1.0,2.0,1.0,4.0,1.0,1.0,1.0,1.0,2.0,1.0,1.0,3.0,2.0,4.0,7.0,7.0,4.0,1.0,1.0,4.0,1.0,1.0,2.0,1.0,1.0,5.0,1.0,2.0,7.0,4.0,2.0,2.0,1.0,1.0,1.0,2.0,2.0,2.0,1.0,1.0,2.0,6.0,1.0,4.0,2.0,3.0,-9.81276160699843,1.0,8.0,8.0,1.0,1.0,2.0,2.0,1.0,1.0,2.0,2.0,11.0,5.0,2.0,1.0,2.0,2.0,2.0,2.0,2.0,2.0,2.0,2.0,2.0,1.0,1.0,25.0,6.0,5.0,5.0,5.0,5.0,5.0,5.0,3.0,2.0,1.0,1.0,2.0,1.0,1.0,12.0,15.0,4.0,4.0,5.0,4.0,4.0,5.0,2.0,1.0,5.0,1.0,1.0,2.0,1.0,16.0,5.0,4.0,5.0,4.0,10.0,2.0,4.0,3.0,3.0,6.0,4.0,4.0,4.0,4.0,4.0,4.0,4.0,4.0,4.0,2.0,4.0,4.0,4.0,4.0,4.0,4.0,1.0,1.0,4.0,4.0,4.0,4.0,4.0,4.0,1.0,1.0,1.0,1.0,1.0,1.0,4.0,4.0,4.0,4.0,4.0,4.0,4.0,4.0,4.0,4.0,1.0,1.0,1.0,1.0,3.0,1.0,1.0,10.0,1.0,1.0,1.0,1.0,1.0,21.0,15.0,1.0,1.0,1.0,1.0,1.0,1.0,5.0,1.0,6.0,2.0,2.0,23.0,14.0,1.0,3.0,3.0,3.0,3.0,3.0,3.0,3.0,3.0,1.0,1.0,1.0,1.0,1.0,6.0,1.0,4.0,10.0,9.0,26.0,7.0,3.0,3.0,4.0,3.0,3.0,3.0,4.0,3.0,1.0,1.0,1.0,1.0,3.0,1.0,1.0,13.0,2.0,2.0,2.0,2.0,2.0,2.0,2.0,1.0,1.0,2.0,2.0,2.0,2.0,2.0,2.0,3.0,2.0,1.0,2.0,2.0,2.0,2.0,2.0,2.0,2.0,1.0,2.0,2.0,2.0,2.0,2.0,2.0,2.0,2.0,2.0,2.0,2.0,1.0,-2.0,1.0,4.0,1.0,-4.0,-4.0,-5.0,-4.0,-4.0,-4.0,-5.0,-4.0,-1.0,1.0,2.0,-1.0,1.0,-4.0,-5.0,-4.0,-4.0,-5.0,-4.0,2.0,1.0,-5.0,-6.0,-5.0,-5.0,-6.0,-5.0,1.0,1.0,1.0,-5.0,-5.0,-5.0,-5.0,-5.0,-5.0,-1.0,1.0,-1.0,-5.0,-5.0,-5.0,-5.0,-5.0,-5.0,-3.0,-4.0,-1.0,-1.0,-3.0,-1.0,0.0,1.0,-9.0,-5.0,1.0,-1.0,-2.0,-1.0,-1.0,-2.0,-1.0,-3.0,-2.0,-1.0,-1.0,-1.0,-1.0,-1.0,-3.0,-1.0,-1.0,-1.0,-1.0,-3.0,-2.0,19.45784305872714,-2.0,-1.0,-1.0,-1.0,-2.0,7.0,-4.0,-2.0,-3.0,-3.0,-1.0,-1.0,-1.0,1.0,1.0,0.0,-1.0,-5.0,-7.0,-1.0,-2.0,-1.0,9.0,2.0,13.0,-1.0,-1.0,-1.0,-5.0,-5.0,-2.0,-4.0,1.0,5.0,4.0,2.0,2.0,1.0,2.0,15.0,17.0,4.0,5.0,7.0,13.0,1.0,3.0,1.0,1.0,1.0,12.0,5.0,5.0,1.0,11.0,2.0,4.0,2.0,1.0,15.57346510062307,4.0,2.0,1.0,1.0,2.0,1.0,1.0,2.0,1.0,1.0,2.0,6.0,1.0,1.0,2.0,4.0,3.0,2.0,2.0,3.0,7.0,1.0,1.0,1.0,1.0,1.0,2.0,1.0,1.0,1.0,1.0,1.0,1.0,1.0,1.0,2.0,2.0,1.0,4.0,1.0,1.0,1.0,1.0,3.0,1.0,2.0,6.0,1.0,1.0,1.0,1.0,1.0,1.0,-2.5485758184053537,1.0,1.0,1.0,1.0,1.0,3.0,1.0,1.0,3.0,2.0,2.0,2.0,5.0,-20.80157324031526,2.0,2.0,4.0,3.0,1.0,2.0,2.0,2.0,2.0,-15.704502461243464,1.0,2.0,2.0,2.0,1.0,1.0,1.0,1.0,1.0,2.0,1.0,4.0,1.0,1.0,1.0,1.0,2.0,1.0,1.0,1.0,5.0,5.0,1.0,4.0,3.0,2.0,2.0,1.0,5.0,1.0,3.0,4.0,2.0,1.0,3.0,3.0,4.0,3.0,3.0,1.0,1.0,2.0,1.0,3.0,2.0,4.0,2.0,1.0,4.0,2.0,1.0,2.0,3.0,3.0,3.0,3.0,2.0,1.0,4.0,5.0,1.0,1.0,5.0,4.0,2.0,1.0,1.0,6.276158308138452,6.0,10.0,1.0,5.0,5.0,1.0,7.0,2.0,1.0,10.0,4.0,3.0,3.0,1.0,7.0,1.0,11.0,1.0,2.0,2.0,1.0,3.0,2.0,1.0,1.0,5.0,8.0,1.0,7.0,3.0,1.0,2.0,2.0,1.0,2.0,1.0,1.0,1.0,1.0,2.0,7.0,6.0,1.0,2.0,1.0,1.0,1.0,1.0,5.0,1.0,1.0,2.0,5.0,1.0,2.0,7.0,6.0,6.0,1.0,2.0,9.0,3.0,6.0,1.0,6.0,4.0,9.0,1.0,1.0,1.0,2.0,10.0,6.0,2.0,2.0,5.0,5.0,1.0,10.0,1.0,2.0,4.0,5.0,13.0,1.0,1.0,1.0,1.0,4.0,4.0,3.0,1.0,2.0,1.0,1.0,1.0,2.0,4.0,4.0,5.0,11.0,1.0,1.0,13.2640361646798,1.0,5.0,2.0,7.0,1.0,1.0,2.0,1.0,1.0,1.0,3.0,3.0,2.0,2.0,3.0,5.0,1.0,2.0,1.0,-2.0,1.0,1.0,7.0,-3.0,-3.0,-3.0,-3.0,1.0,0.0,4.0,-2.0,5.0,-6.0,-6.0,-6.0,-6.0,-2.0,-1.0,-1.0,-6.0,-6.0,-6.0,-6.0,-3.0,-2.0,-1.0,-1.0,-3.0,-3.0,-3.0,-3.0,-2.0,-1.0,-1.0,2.0,-1.0,-6.0,-6.0,-6.0,-7.103831779623127,-6.0,-6.0,-6.0,1.0,1.0,-3.0,-3.0,7.0,2.0,-5.0,-5.0,-5.0,-5.0,1.0,-2.0,-2.0,2.0,1.0,-5.0,-6.0,-5.0,-5.0,2.0,1.0,1.0,1.0,-6.0,-6.0,-6.0,-6.0,-1.0,1.0,-2.0,-2.0,1.0,2.0,-13.0,-13.0,-1.0,-1.0,-2.0,2.0,1.0,-5.0,-5.0,-5.0,-5.0,-5.0,-5.0,1.0,1.0,-5.0,-5.0,-5.0,-5.0,-5.0,0.0,-3.0,-12.0,-12.0,1.0,5.0,-7.0,-7.0,-7.0,-7.0,1.0,7.0,1.0,1.0,1.0,2.0,11.0,1.0,4.0,1.0,3.0,6.0,1.0,2.0,3.0,15.0,3.0,2.0,3.0,4.0,1.0,6.0,6.0,4.0,2.0,1.0,1.0,1.0,1.0,1.0,1.0,3.0,7.0,1.0,3.0,1.0,1.0,1.0,3.0,2.0,1.0,2.0,2.0,1.0,1.0,3.0,3.0,3.0,1.0,1.0,2.0,3.0,3.0,3.0,1.0,1.0,1.0,3.0,4.0,4.0,2.0,3.0,1.0,1.0,1.0,1.0,1.0,1.0,2.0,3.0,4.0,4.0,2.0,6.0,3.0,1.0,1.0,1.0,1.0,1.0,1.0,2.0,3.0,1.0,13.0,3.0,1.0,1.0,6.0,1.0,1.0,1.0,4.0,1.0,1.0,2.0,2.0,4.0,3.0,3.0,1.0,1.0,1.0,1.0,2.0,2.0,3.0,3.0,1.0,1.0,2.0,2.0,1.0,2.0,6.0,6.0,2.0,3.0,2.0,2.0,1.0,1.0,2.0,2.0,6.0,6.0,2.0,3.0,2.0,2.0,1.0,1.0,21.0,3.0,4.0,1.0,2.0,2.0,8.0,1.0,7.0,2.0,1.0,2.0,3.0,4.0,4.0,1.0,16.0,1.0,6.0,3.0,1.0,1.0,2.0,10.0,1.0,10.0,3.0,3.0,2.0,1.0,4.0,3.0,1.0,2.0,1.0,1.0,4.0,1.0,3.0,1.0,2.0,2.0,1.0,1.0,1.0,1.0,3.0,1.0,1.0,2.0,1.0,1.0,1.0,1.0,1.0,1.29786125122586,1.0,1.0,1.0,1.0,1.0,4.0,3.0,1.0,1.0,1.0,1.0,1.0,1.0,2.0,2.0,1.0,4.0,1.0,4.0,1.0,1.0,2.0,1.0,1.0,3.0,2.0,2.0,2.0,2.0,1.0,1.0,6.0,24.0,4.0,1.0,3.0,2.0,1.0,1.0,16.0,35.0,3.0,1.0,1.0,1.0,1.0,1.0,1.0,3.0,5.0,1.0,1.0,2.0,7.0,5.0,5.0,2.0,3.0,1.0,1.0,1.0,8.0,1.0,5.0,3.0,2.0,9.0,6.0,1.0,4.0,13.0,1.0,7.0,7.0,1.0,1.0,1.0,1.0,1.0,4.0,6.0,3.0,2.0,1.0,8.0,6.0,1.0,1.0,1.0,2.0,3.0,1.0,2.0,8.0,1.0,2.0,9.0,2.0,1.0,1.0,1.0,1.0,1.0,4.0,1.0,1.0,4.0,5.0,1.0,1.0,2.0,3.0,2.0,1.0,2.0,5.0,6.0,4.0,6.0,8.0,11.0,7.0,6.0,1.0,1.0,1.0,4.0,1.0,3.0,4.0,5.0,12.0,5.0,2.0,2.0,1.0,4.0,2.0,1.0,1.0,1.0,3.0,4.0,3.0,2.0,17.29671484676516,3.0,5.0,1.0,7.0,5.0,2.0,2.0,3.0,1.0,1.0,1.0,1.0,2.0,1.0,2.0,1.0,1.0,12.0,10.0,8.0,6.0,5.0,1.0,1.0,1.0,3.0,1.0,1.0,1.0,3.0,4.0,1.0,2.0,1.0,1.0,1.0,2.0,1.0,1.0,8.0,1.0,1.0,2.0,2.0,5.0,2.0,2.0,1.0,1.0,3.0,2.0,3.0,1.0,6.0,6.0,1.0,1.0,6.0,1.0,6.0,9.0,3.0,13.0,10.0,1.0,1.0,11.0,1.0,1.0,3.0,8.0,9.0,2.0,1.0,2.0,3.0,3.0,3.0,1.0,1.0,1.0,5.0,5.0,2.0,1.0,2.0,2.0,1.0,1.0,5.0,1.0,1.0,1.0,1.0,3.0,2.0,1.0,2.0,1.0,3.0,4.0,1.0,2.0,1.0,2.0,1.0,2.0,2.0,1.0,1.0,2.0,2.0,1.0,1.0,1.0,1.0,1.0,1.0,2.0,1.0,8.0,2.0,1.0,5.0,6.0,2.0,1.0,1.0,1.0,6.0,2.0,3.0,4.0,3.0,1.0,1.0,2.0,2.0,1.0,1.0,11.0,1.0,1.0,2.0,4.0,5.0,3.0,1.0,4.0,1.0,14.0,4.0,7.0,1.0,1.0,2.0,1.0,1.0,2.92572291035908,1.0,1.0,1.0,3.0,1.0,9.0,2.0,2.0,1.0,1.0,7.0,1.0,8.0,1.0,1.0,1.0,1.0,2.0,1.0,1.0,1.0,1.0,2.0,1.0,1.0,1.0,1.0,1.0,1.0,4.0,4.0,3.0,2.0,1.0,1.0,1.0,1.0,3.0,1.0,1.0,1.0,1.0,1.0,1.0,1.0,1.0,2.0,1.0,3.0,0.24337417607789,1.0,1.0,3.0,5.0,9.0,7.0,2.0,2.0,1.0,1.0,1.0,2.0,3.0,1.0,1.0,2.0,3.0,1.0,1.0,2.0,2.0,1.0,1.0,1.0,1.0,2.0,1.0,1.0,-1.0,-1.0,-2.0,-4.0,-12.0,-7.0,-6.0,-6.0,-9.0,-11.0,-2.0,-8.0,-10.0,-6.0,-11.0,-6.50984180533249,-1.0,-4.0,-1.0,-10.0,-11.0,-3.0,-8.0,-12.0,-10.0,-1.0,-1.0,-1.0,-1.0,-7.0,-7.0,-13.0,-7.0,2.0,1.0,1.0,1.0,2.0,1.0,1.0,5.0,1.0,2.0,1.0,1.0,3.0,1.0,3.0,1.0,1.0,1.0,1.0,1.0,1.0,1.0,1.0,4.0,1.0,1.0,2.0,1.0,1.0,3.0,1.0,1.0,2.0,1.0,1.0,2.0,3.0,1.0,2.0,1.0,1.0,1.0,1.0,1.0,1.0,2.0,1.0,2.0,1.0,2.0,5.0,6.0,1.0,2.0,1.0,1.0,3.0,1.0,1.0,2.0,3.0,3.0,1.0,1.0,2.0,5.0,5.0,1.0,1.0,4.0,3.0,2.0,1.0,1.0,-1.0,1.0,2.0,-3.0,1.0,1.0,-4.0,-4.0,-3.0,2.0,-1.0,-1.0,-1.0,-2.0,2.0,10.0,1.0,1.0,1.0,2.0,3.0,4.0,1.0,2.0,1.0,17.0,1.0,1.0,1.0,1.0,2.0,1.0,1.0,1.0,4.0,4.0,1.0,3.0,1.0,1.0,2.0,1.0,1.0,1.0,2.0,2.0,1.0,1.0,1.0,1.0,2.0,3.0,18.94840458248437,1.0,1.0,3.0,1.0,1.0,1.0,2.0,3.0,1.0,1.0,2.0,4.0,2.0,1.0,1.0,1.0,1.0,2.0,3.0,1.0,4.0,1.0,1.0,1.0,4.0,4.0,1.0,1.0,2.0,2.0,2.0,2.0,1.0,2.0,1.0,2.0,3.0,1.0,6.0,11.0,8.0,5.0,4.0,5.0,3.0,2.0,1.0,1.0,1.0,1.0,1.0,2.0,2.0,3.0,2.0,3.0,1.0,1.0,1.0,1.0,1.0,1.0,3.0,2.0,5.0,1.0,2.0,2.0,1.0,5.0,1.0,5.0,1.0,2.0,5.0,3.0,2.0,1.0,15.11250881122309,1.0,2.0,3.0,1.0,1.0,1.0,3.0,3.0,2.0,4.0,1.0,1.0,1.0,1.0,1.0,1.0,1.0,1.0,1.0,1.0,1.0,3.0,5.0,1.0,1.0,1.0,2.0,2.0,1.0,1.0,5.0,1.0,1.0,5.0,1.0,1.0,-7.0,-7.0,1.0,-1.0,-4.0,-2.0,-1.0,-2.0,-1.0,1.0,-1.0,-3.0,-5.0,0.0,-3.0,-1.0,-2.0,-4.0,1.0,-1.0,1.0,-1.0,-1.0,1.0,-1.0,-1.0,2.0,-2.0,-3.0,2.0,-2.0,-1.0,1.0,-1.0,-1.0,-2.0,1.0,-2.0,-1.0,2.0,-1.0,-1.0,-1.0,-1.0,-2.0,2.0,-2.0,-2.0,0.0,-1.0,-1.0,-1.0,-1.0,-1.0,1.0,1.0,1.0,7.0,1.0,1.0,1.0,1.0,1.0,2.0,1.0,1.0,12.0,1.0,1.0,1.0,1.0,1.0,1.0,2.0,1.0,1.0,1.0,1.0,2.0,4.0,3.0,1.0,1.0,3.0,1.0,1.0,1.0,1.0,2.0,1.0,1.0,1.0,1.0,1.0,2.0,1.0,1.0,3.0,7.0,2.0,1.0,1.0,1.0,1.0,1.0,1.0,1.0,1.0,1.0,1.0,1.0,1.0,6.0,1.0,1.0,1.0,1.0,1.0,1.0,1.0,1.0,1.0,1.0,1.0,1.0,1.0,1.0,1.0,1.0,4.0,1.0,1.0,1.0,1.0,1.0,1.0,1.0,1.0,1.0,1.0,1.0,1.0,1.0,1.0,1.0,1.0,1.0,1.0,1.0,-1.0,-1.0,1.0,1.0,2.0,-2.0,-2.0,-2.0,-2.0,-2.0,1.0,1.0,-3.56110793196185,-3.0,-3.0,-3.0,1.0,-5.0,-5.0,-5.0,1.0,1.0,1.0,1.0,2.0,1.0,1.0,-1.0,-1.0,-1.0,-1.0,-1.0,-1.0,4.0,4.0,1.0,1.0,3.0,1.0,1.0,1.0,1.0,1.0,3.0,3.0,2.0,1.0,1.0,1.0,1.0,1.0,2.0,1.0,1.0,2.0,2.0,1.0,1.0,1.0,1.0,1.0,3.0,3.0,3.0,1.0,1.0,2.0,1.0,1.0,2.0,2.0,2.0,1.0,1.0,1.0,2.0,1.0,1.0,1.0,1.0,3.0,1.0,1.0,1.0,1.0,4.0,2.0,5.0,1.0,2.0,1.0,1.0,1.0,1.0,3.0,1.0,2.0,3.0,2.0,1.0,1.0,1.0,2.0,2.0,2.0,2.0,1.0,6.0,3.0,6.0,1.0,1.0,1.0,3.0,1.0,4.0,5.0,1.0,1.0,1.0,1.0,1.0,17.0,1.0,2.0,12.0,1.0,2.0,3.0,8.0,13.0,5.0,2.0,1.0,2.0,6.0,4.0,4.0,2.0,1.0,3.0,2.0,1.0,1.0,1.0,3.0,1.0,1.0,1.0,3.0,1.0,1.0,1.0,3.0,1.0,1.0,1.0,2.0,3.0,7.0,4.0,3.0,-0.31044766992144,2.0,2.0,2.0,1.0,1.0,1.0,1.0,1.0,1.0,1.0,1.0,1.0,1.0,1.0,1.0,1.0,1.0,1.0,1.0,1.0,1.0,1.0,1.0,1.0,1.0,1.0,1.0,1.0,3.0,1.0,1.0,2.0,2.0,2.0,2.0,3.0,1.0,1.0,1.0,2.0,1.0,4.0,3.0,1.0,1.0,1.0,2.0,1.0,7.39298284432326,1.0,5.0,3.0,2.0,1.0,1.0,1.0,1.0,1.0,1.0,1.0,1.0,1.0,3.0,4.0,3.0,1.0,1.0,1.0,1.0,1.0,1.0,1.0,1.0,1.0,1.0,1.0,1.0,2.0,1.0,1.0,1.0,1.0,1.0,1.0,1.0,1.0,1.0,1.0,1.0,2.0,1.0,1.0,1.0,1.0,1.0,1.0,1.0,1.0,1.0,1.0,1.0,1.0,1.0,3.0,8.0,2.0,1.0,2.0,1.0,1.0,4.0,1.0,1.0,1.0,1.0,1.0,1.0,1.0,7.0,5.0,2.0,3.0,1.0,1.0,2.0,1.0,1.0,1.0,1.0,1.0,1.0,2.0,3.0,1.0,2.0,2.0,2.0,-16.38832593496558,3.0,1.0,1.0,1.0,1.0,3.0,2.0,3.0,3.0,1.0,1.0,2.0,2.0,2.0,3.0,2.0,1.0,3.0,1.0,2.0,2.0,2.0,2.0,2.0,2.0,1.0,1.0,1.0,1.0,1.0,1.0,1.0,1.0,1.0,2.0,1.0,1.0,1.0,3.0,1.0,1.0,1.0,1.0,1.0,1.0,1.0,2.0,1.0,6.0,1.0,5.0,1.0,4.0,1.0,8.0,1.0,3.0,3.0,4.0,1.0,2.0,2.0,1.0,1.0,3.0,2.0,3.0,1.0,2.0,1.0,1.0,2.0,1.0,1.0,4.0,6.0,1.0,1.0,1.0,2.0,2.0,1.0,1.0,3.0,5.0,5.38785976813884,1.0,1.0,5.0,1.0,1.0,2.0,1.0,1.0,1.0,4.0,2.0,1.0,4.0,2.0,6.0,1.0,1.0,1.0,1.0,6.0,5.96397995782018,1.0,1.0,3.0,3.0,-1.3686525685699,9.0,2.0,3.0,3.0,3.0,3.0,1.0,1.0,5.0,5.0,5.0,5.0,1.0,7.0,10.0,2.0,1.0,4.0,5.0,5.0,5.0,5.0,2.0,1.0,3.0,5.0,4.0,2.0,2.0,1.0,1.0,2.0,3.0,1.0,1.0,3.0,11.0,5.0,5.0,5.0,5.0,5.0,5.0,5.0,5.0,13.0,3.0,2.0,2.0,3.0,11.0,5.0,5.0,5.0,5.0,1.0,1.0,2.0,18.0,11.0,2.0,1.0,3.0,3.0,5.0,5.0,5.0,5.0,5.0,5.0,2.0,1.0,3.0,1.0,1.0,21.0,1.0,2.0,3.0,6.0,6.0,6.0,6.0,2.0,5.0,3.0,2.0,5.0,13.0,2.0,5.0,5.0,5.0,5.0,6.0,2.0,24.0,2.0,1.0,2.0,5.0,5.0,5.0,5.0,1.0,2.0,4.0,3.0,12.0,1.0,9.0,4.0,4.0,4.0,4.0,4.0,4.0,4.0,1.0,10.0,4.0,1.0,21.0,1.0,2.0,1.0,1.0,1.0,4.0,3.0,5.0,6.0,6.0,6.0,6.0,6.0,1.0,1.0,3.0,15.0,1.0,1.0,1.0,1.0,7.0,4.0,1.0,10.0,5.0,5.0,5.0,5.0,1.0,1.0,4.0,2.0,-19.72431348956135,1.0,2.0,2.0,9.0,2.0,1.0,1.0,3.0,1.0,4.0,3.0,1.0,1.0,1.0,1.0,1.0,2.0,1.0,1.0,9.0,1.0,1.0,1.0,2.0,5.0,5.0,5.0,5.0,2.0,1.0,7.0,1.0,2.0,5.0,5.0,5.0,5.0,5.0,5.0,5.0,3.0,1.0,1.0,20.0,1.0,1.0,1.0,4.0,1.0,1.0,2.0,1.0,9.0,3.0,4.0,4.0,4.0,4.0,4.0,4.0,4.0,4.0,1.0,1.0,37.0,1.0,1.0,1.0,6.0,6.0,6.0,6.0,6.0,6.0,1.0,1.0,1.0,1.0,6.0,16.0,1.0,5.0,5.0,5.0,5.0,1.0,27.0,1.0,1.0,1.0,7.0,6.0,6.0,6.0,6.0,1.0,2.0,1.0,30.0,1.0,1.0,1.0,1.0,8.0,6.0,6.0,6.0,6.0,13.32796194626393,2.0,2.0,2.0,2.0,5.0,5.0,7.0,3.0,30.0,3.0,10.0,6.0,1.0,10.0,5.0,5.0,5.0,5.0,5.0,5.0,5.0,4.0,1.0,6.0,8.0,1.0,2.0,3.0,4.0,4.0,5.0,6.0,6.0,6.0,6.0,-5.0,-5.0,-5.0,-5.0,-5.0,-5.0,-5.0,-5.0,-5.0,-5.0,1.0
1.0,1.0,1.0,2.0,1.0,2.0,4.0,7.0,1.0,2.0,1.0,5.0,1.0,1.0,1.0,1.0,3.0,1.0,2.0,1.0,1.0,1.0,1.0,1.0,1.0,1.0,5.0,2.0,1.0,3.0,1.0,1.0,5.0,1.0,1.0,2.0,1.0,1.0,1.0,2.0,3.0,1.0,1.0,1.0,1.0,1.0,1.0,1.0,1.0,1.0,1.0,1.0,5.0,3.0,2.0,1.0,1.0,2.0,1.0,1.0,1.0,1.0,1.0,1.0,1.0,1.0,2.0,1.0,5.0,1.0,2.0,1.0,1.0,2.0,1.0,1.0,1.0,1.0,2.0,1.0,7.0,4.0,1.0,2.0,1.0,2.0,12.0,5.0,1.0,15.0,1.0,2.0,2.0,2.0,1.0,1.0,8.0,1.0,4.0,1.0,1.0,16.0,3.0,3.0,1.0,2.0,1.0,1.0,6.0,7.0,1.0,2.0,3.0,2.0,2.0,3.0,2.0,1.0,5.0,1.0,3.0,2.0,2.0,1.0,1.0,1.0,10.0,10.0,1.0,3.0,2.0,1.0,2.0,5.0,2.0,1.0,3.0,1.0,1.0,1.0,1.0,1.0,1.0,1.0,7.0,1.0,1.0,13.0,1.0,1.0,1.0,10.0,2.0,1.0,3.0,1.0,1.0,2.0,3.0,1.0,1.0,1.0,1.0,1.0,1.0,1.0,2.0,1.0,14.0,1.0,1.0,1.0,2.0,2.0,1.0,3.0,2.0,1.0,1.0,1.0,2.0,5.0,1.0,1.0,1.0,4.0,1.0,4.0,2.0,14.0,1.0,2.0,2.0,4.0,1.0,1.0,3.0,1.0,1.0,2.0,1.0,1.0,4.0,3.0,17.0,1.0,1.0,1.0,1.0,3.0,1.0,3.0,5.0,1.0,2.0,2.0,2.0,1.0,1.0,1.0,4.0,1.0,2.0,1.0,1.0,1.0,1.0,1.0,1.0,5.0,2.0,2.0,3.0,1.0,1.0,1.0,1.0,2.0,1.0,1.0,1.0,1.0,1.0,5.0,2.0,3.0,2.0,2.0,3.0,1.0,2.0,4.0,1.0,2.0,2.0,2.0,1.0,1.0,1.0,1.0,1.0,3.0,2.0,1.0,1.0,13.0,3.0,1.0,1.0,1.0,7.0,4.0,1.0,1.0,1.0,8.0,1.0,1.0,6.0,2.0,1.0,3.0,2.0,8.0,2.0,1.0,1.0,1.0,5.0,1.0,8.0,1.0,4.0,9.0,7.0,1.0,1.0,8.0,1.0,2.0,1.0,1.0,4.0,1.0,1.0,1.0,7.0,4.0,5.0,3.0,1.0,1.0,1.0,2.0,1.0,1.0,1.0,1.0,1.0,1.0,6.0,3.0,2.0,2.0,1.0,1.0,1.0,1.0,1.0,1.0,5.0,1.0,1.0,3.0,1.0,1.0,3.0,3.0,1.0,1.0,1.0,2.0,2.0,1.0,1.0,1.0,3.0,4.0,4.0,1.0,1.0,1.0,2.0,1.0,2.0,2.0,2.0,8.0,9.0,3.0,1.0,2.0,1.0,1.0,3.0,2.0,2.0,1.0,5.0,1.0,3.0,3.0,3.0,4.0,1.0,1.0,2.0,2.0,3.0,3.0,1.0,3.0,2.0,1.0,1.0,1.0,1.0,1.0,1.0,1.0,1.0,1.0,1.0,1.0,2.0,10.0,2.0,3.0,3.0,3.0,2.0,1.0,1.0,1.0,1.0,2.0,1.0,15.0,3.0,3.0,3.0,3.0,1.0,1.0,11.0,2.0,2.0,2.0,3.0,1.0,1.0,1.0,1.0,9.0,2.0,2.0,3.0,3.0,1.0,1.0,1.0,2.0,1.0,13.0,2.0,2.0,3.0,3.0,6.0,5.0,2.0,2.0,2.0,2.0,3.0,3.0,4.0,3.0,2.0,2.0,3.0,3.0,4.0,2.0,7.0,3.0,3.0,2.0,2.0,1.0,3.0,7.0,2.0,13.0,6.0,4.0,1.0,1.0,1.0,2.0,1.0,3.0,2.0,10.0,2.0,14.0,1.0,1.0,1.0,9.0,3.0,2.0,1.0,1.0,10.0,2.0,1.0,1.0,1.0,2.0,3.0,7.0,5.0,1.0,1.0,1.0,2.0,6.0,2.0,2.0,4.0,2.0,1.0,1.0,1.0,3.0,2.0,10.0,3.0,1.0,1.0,1.0,5.0,3.0,5.0,1.0,3.0,1.0,1.0,2.0,2.0,3.0,2.0,1.0,2.0,1.0,1.0,1.0,2.0,1.0,1.0,1.0,1.0,5.0,1.0,2.0,1.0,1.0,1.0,1.0,1.0,4.0,1.0,1.0,14.0,1.0,4.0,1.0,13.0,11.0,2.0,2.0,1.0,5.0,1.0,11.0,1.0,1.0,1.0,1.0,1.0,4.0,1.0,1.0,1.0,1.0,3.0,1.0,3.0,1.0,5.0,9.0,1.0,1.0,1.0,1.0,4.0,1.0,6.0,13.0,1.0,3.0,3.0,4.0,1.0,3.0,1.0,4.0,1.0,14.0,9.0,12.0,7.0,1.0,1.0,1.0,2.0,4.0,4.0,6.0,10.0,8.0,21.0,4.0,4.0,3.0,2.0,4.0,1.0,2.0,12.0,11.0,1.0,3.0,4.0,1.0,1.0,1.0,1.0,3.0,6.0,7.0,2.0,5.0,3.0,3.0,8.0,10.0,2.0,19.0,8.0,5.0,1.0,3.0,2.0,6.0,-2.04564786099211,2.0,1.0,2.0,3.0,8.0,9.0,6.0,6.0,1.0,1.0,2.0,2.0,2.0,8.0,4.0,5.0,8.0,7.0,13.0,3.0,9.0,2.0,1.0,3.0,5.0,1.0,3.0,1.0,1.0,5.47566330468136,8.0,1.0,2.0,1.0,1.0,6.0,1.0,1.0,1.0,5.0,15.0,1.0,2.0,7.0,5.0,4.0,5.0,4.0,16.0,6.0,4.0,2.0,1.0,1.0,1.0,1.0,1.0,1.0,2.0,1.0,7.0,7.0,4.0,1.0,2.0,1.0,2.0,1.0,1.0,1.0,1.0,2.0,2.0,1.0,1.0,1.0,1.0,1.0,1.0,1.0,1.0,1.0,1.0,1.0,2.0,2.0,4.0,1.0,1.0,1.0,2.0,7.0,1.0,1.0,1.0,1.0,1.0,1.0,1.0,2.0,3.0,6.0,7.0,4.0,1.0,3.0,1.0,1.0,1.0,1.0,1.0,1.0,1.0,1.0,1.0,2.0,1.0,1.0,2.0,1.0,1.0,1.0,2.0,1.0,1.0,1.0,1.0,1.0,2.0,2.0,3.0,6.0,1.0,1.0,2.0,1.0,1.0,2.0,1.0,1.0,13.0,19.0,2.0,1.0,1.0,4.0,1.0,1.0,1.0,1.0,1.0,1.0,1.0,1.0,1.0,1.0,1.0,2.0,1.0,1.0,1.0,16.0,15.0,1.0,2.0,2.0,2.0,1.0,1.0,1.0,2.0,1.0,1.0,1.0,1.0,1.0,2.0,1.0,1.0,3.0,1.0,1.0,1.0,2.0,1.0,1.0,12.0,7.0,1.0,5.0,1.0,3.0,1.0,1.0,1.0,2.0,3.0,1.0,1.0,6.0,7.0,3.0,5.0,3.0,1.0,1.0,3.0,2.0,1.0,7.0,16.0,1.0,1.0,5.0,3.0,1.0,1.0,3.0,2.0,1.0,3.96952489648403,1.0,2.0,3.0,3.0,1.0,1.0,2.0,1.0,1.0,1.0,2.0,30.0,1.0,4.0,7.0,1.0,1.0,1.0,1.0,1.0,2.0,1.0,2.0,1.0,1.0,1.0,1.0,1.0,1.0,5.0,24.0,4.0,2.0,1.0,1.0,1.0,1.0,1.0,1.0,2.0,2.0,3.0,1.0,2.0,1.0,1.0,1.0,1.0,1.0,1.0,1.0,2.0,1.0,1.0,1.0,1.0,1.0,1.0,1.0,1.0,3.0,1.0,1.0,1.0,3.0,5.0,2.0,3.0,1.0,1.0,2.0,1.0,2.0,1.0,3.0,1.0,2.0,1.0,1.0,2.0,2.0,2.0,1.0,1.0,5.0,2.0,2.0,4.0,1.0,3.0,1.0,4.0,1.0,1.0,2.0,1.0,1.0,4.0,1.0,2.0,1.0,1.0,2.0,4.0,1.0,2.0,2.0,5.0,1.0,1.0,2.0,1.0,1.0,3.0,1.0,1.0,3.0,3.0,5.0,3.0,4.0,1.0,1.0,1.0,2.0,1.0,2.0,1.0,2.0,1.0,1.0,3.0,1.0,1.0,1.0,1.0,2.0,1.0,1.0,1.0,2.0,1.0,1.0,1.0,1.0,1.0,1.0,1.0,1.0,4.0,1.0,1.0,1.0,2.0,1.0,6.0,1.0,1.0,1.0,2.0,2.0,1.0,1.0,1.0,-1.2523449689335,2.0,1.0,1.0,2.0,1.0,-1.0,-1.0,-1.0,-1.0,-2.0,1.0,9.0,-1.0,1.0,-1.0,-1.0,-5.0,-4.0,-3.0,-4.0,-5.0,-5.0,1.0,1.0,1.0,6.0,6.0,2.0,1.0,3.0,2.0,1.0,4.0,5.0,1.0,3.0,1.0,1.0,2.0,1.0,5.0,1.0,1.0,10.0,4.0,1.0,1.0,1.0,3.0,7.0,1.0,2.0,8.0,1.0,2.0,1.0,1.0,1.0,2.0,1.0,2.0,9.0,1.0,9.0,1.0,1.0,1.0,3.0,1.0,1.0,4.0,4.0,1.0,2.0,1.0,2.0,1.0,1.0,1.0,2.0,1.0,1.0,2.0,4.0,1.0,1.0,10.0,1.0,1.0,1.0,3.0,1.0,4.0,4.0,9.0,1.0,1.0,5.0,1.0,1.0,4.957128867032768,4.0,2.0,5.0,1.0,7.0,1.0,5.0,1.0,1.0,1.0,18.20845275419301,1.0,5.0,4.0,6.0,1.0,-3.0,-1.0,-1.0,-13.71931735451625,-2.0,-2.0,-1.0,-1.0,-1.0,-1.0,-3.0,-1.0,-2.0,-4.0,-1.0,-2.0,-1.0,-1.0,-1.0,5.0,4.0,2.0,7.0,2.0,1.0,2.0,1.0,2.0,1.0,3.0,4.0,4.0,1.0,1.0,2.0,4.0,2.0,6.0,1.0,5.0,11.27775448851298,8.0,7.0,1.0,4.0,3.0,1.0,1.0,1.0,2.0,1.0,4.0,1.0,1.0,1.0,1.0,2.0,1.0,1.0,3.0,2.0,4.0,7.0,7.0,4.0,1.0,1.0,4.0,1.0,1.0,2.0,1.0,1.0,5.0,1.0,2.0,7.0,4.0,2.0,2.0,1.0,1.0,1.0,2.0,2.0,2.0,1.0,1.0,2.0,6.0,1.0,4.0,2.0,3.0,-9.81276160699843,1.0,8.0,8.0,1.0,1.0,2.0,2.0,1.0,1.0,2.0,2.0,11.0,5.0,2.0,1.0,2.0,2.0,2.0,2.0,2.0,2.0,2.0,2.0,2.0,1.0,1.0,25.0,6.0,5.0,5.0,5.0,5.0,5.0,5.0,3.0,2.0,1.0,1.0,2.0,1.0,1.0,12.0,15.0,4.0,4.0,5.0,4.0,4.0,5.0,2.0,1.0,5.0,1.0,1.0,2.0,1.0,16.0,5.0,4.0,5.0,4.0,10.0,2.0,4.0,3.0,3.0,6.0,4.0,4.0,4.0,4.0,4.0,4.0,4.0,4.0,4.0,2.0,4.0,4.0,4.0,4.0,4.0,4.0,1.0,1.0,4.0,4.0,4.0,4.0,4.0,4.0,1.0,1.0,1.0,1.0,1.0,1.0,4.0,4.0,4.0,4.0,4.0,4.0,4.0,4.0,4.0,4.0,1.0,1.0,1.0,1.0,3.0,1.0,1.0,10.0,1.0,1.0,1.0,1.0,1.0,21.0,15.0,1.0,1.0,1.0,1.0,1.0,1.0,5.0,1.0,6.0,2.0,2.0,23.0,14.0,1.0,3.0,3.0,3.0,3.0,3.0,3.0,3.0,3.0,1.0,1.0,1.0,1.0,1.0,6.0,1.0,4.0,10.0,9.0,26.0,7.0,3.0,3.0,4.0,3.0,3.0,3.0,4.0,3.0,1.0,1.0,1.0,1.0,3.0,1.0,1.0,13.0,2.0,2.0,2.0,2.0,2.0,2.0,2.0,1.0,1.0,2.0,2.0,2.0,2.0,2.0,2.0,3.0,2.0,1.0,2.0,2.0,2.0,2.0,2.0,2.0,2.0,1.0,2.0,2.0,2.0,2.0,2.0,2.0,2.0,2.0,2.0,2.0,2.0,1.0,-2.0,1.0,4.0,1.0,-4.0,-4.0,-5.0,-4.0,-4.0,-4.0,-5.0,-4.0,-1.0,1.0,2.0,-1.0,1.0,-4.0,-5.0,-4.0,-4.0,-5.0,-4.0,2.0,1.0,-5.0,-6.0,-5.0,-5.0,-6.0,-5.0,1.0,1.0,1.0,-5.0,-5.0,-5.0,-5.0,-5.0,-5.0,-1.0,1.0,-1.0,-5.0,-5.0,-5.0,-5.0,-5.0,-5.0,-3.0,-4.0,-1.0,-1.0,-3.0,-1.0,0.0,1.0,-9.0,-5.0,1.0,-1.0,-2.0,-1.0,-1.0,-2.0,-1.0,-3.0,-2.0,-1.0,-1.0,-1.0,-1.0,-1.0,-3.0,-1.0,-1.0,-1.0,-1.0,-3.0,-2.0,19.45784305872714,-2.0,-1.0,-1.0,-1.0,-2.0,7.0,-4.0,-2.0,-3.0,-3.0,-1.0,-1.0,-1.0,1.0,1.0,0.0,-1.0,-5.0,-7.0,-1.0,-2.0,-1.0,9.0,2.0,13.0,-1.0,-1.0,-1.0,-5.0,-5.0,-2.0,-4.0,1.0,5.0,4.0,2.0,2.0,1.0,2.0,15.0,17.0,4.0,5.0,7.0,13.0,1.0,3.0,1.0,1.0,1.0,12.0,5.0,5.0,1.0,11.0,2.0,4.0,2.0,1.0,15.57346510062307,4.0,2.0,1.0,1.0,2.0,1.0,1.0,2.0,1.0,1.0,2.0,6.0,1.0,1.0,2.0,4.0,3.0,2.0,2.0,3.0,7.0,1.0,1.0,1.0,1.0,1.0,2.0,1.0,1.0,1.0,1.0,1.0,1.0,1.0,1.0,2.0,2.0,1.0,4.0,1.0,1.0,1.0,1.0,3.0,1.0,2.0,6.0,1.0,1.0,1.0,1.0,1.0,1.0,-2.5485758184053537,1.0,1.0,1.0,1.0,1.0,3.0,1.0,1.0,3.0,2.0,2.0,2.0,5.0,-20.80157324031526,2.0,2.0,4.0,3.0,1.0,2.0,2.0,2.0,2.0,-15.704502461243464,1.0,2.0,2.0,2.0,1.0,1.0,1.0,1.0,1.0,2.0,1.0,4.0,1.0,1.0,1.0,1.0,2.0,1.0,1.0,1.0,5.0,5.0,1.0,4.0,3.0,2.0,2.0,1.0,5.0,1.0,3.0,4.0,2.0,1.0,3.0,3.0,4.0,3.0,3.0,1.0,1.0,2.0,1.0,3.0,2.0,4.0,2.0,1.0,4.0,2.0,1.0,2.0,3.0,3.0,3.0,3.0,2.0,1.0,4.0,5.0,1.0,1.0,5.0,4.0,2.0,1.0,1.0,6.276158308138452,6.0,10.0,1.0,5.0,5.0,1.0,7.0,2.0,1.0,10.0,4.0,3.0,3.0,1.0,7.0,1.0,11.0,1.0,2.0,2.0,1.0,3.0,2.0,1.0,1.0,5.0,8.0,1.0,7.0,3.0,1.0,2.0,2.0,1.0,2.0,1.0,1.0,1.0,1.0,2.0,7.0,6.0,1.0,2.0,1.0,1.0,1.0,1.0,5.0,1.0,1.0,2.0,5.0,1.0,2.0,7.0,6.0,6.0,1.0,2.0,9.0,3.0,6.0,1.0,6.0,4.0,9.0,1.0,1.0,1.0,2.0,10.0,6.0,2.0,2.0,5.0,5.0,1.0,10.0,1.0,2.0,4.0,5.0,13.0,1.0,1.0,1.0,1.0,4.0,4.0,3.0,1.0,2.0,1.0,1.0,1.0,2.0,4.0,4.0,5.0,11.0,1.0,1.0,13.2640361646798,1.0,5.0,2.0,7.0,1.0,1.0,2.0,1.0,1.0,1.0,3.0,3.0,2.0,2.0,3.0,5.0,1.0,2.0,1.0,-2.0,1.0,1.0,7.0,-3.0,-3.0,-3.0,-3.0,1.0,0.0,4.0,-2.0,5.0,-6.0,-6.0,-6.0,-6.0,-2.0,-1.0,-1.0,-6.0,-6.0,-6.0,-6.0,-3.0,-2.0,-1.0,-1.0,-3.0,-3.0,-3.0,-3.0,-2.0,-1.0,-1.0,2.0,-1.0,-6.0,-6.0,-6.0,-7.103831779623127,-6.0,-6.0,-6.0,1.0,1.0,-3.0,-3.0,7.0,2.0,-5.0,-5.0,-5.0,-5.0,1.0,-2.0,-2.0,2.0,1.0,-5.0,-6.0,-5.0,-5.0,2.0,1.0,1.0,1.0,-6.0,-6.0,-6.0,-6.0,-1.0,1.0,-2.0,-2.0,1.0,2.0,-13.0,-13.0,-1.0,-1.0,-2.0,2.0,1.0,-5.0,-5.0,-5.0,-5.0,-5.0,-5.0,1.0,1.0,-5.0,-5.0,-5.0,-5.0,-5.0,0.0,-3.0,-12.0,-12.0,1.0,5.0,-7.0,-7.0,-7.0,-7.0,1.0,7.0,1.0,1.0,1.0,2.0,11.0,1.0,4.0,1.0,3.0,6.0,1.0,2.0,3.0,15.0,3.0,2.0,3.0,4.0,1.0,6.0,6.0,4.0,2.0,1.0,1.0,1.0,1.0,1.0,1.0,3.0,7.0,1.0,3.0,1.0,1.0,1.0,3.0,2.0,1.0,2.0,2.0,1.0,1.0,3.0,3.0,3.0,1.0,1.0,2.0,3.0,3.0,3.0,1.0,1.0,1.0,3.0,4.0,4.0,2.0,3.0,1.0,1.0,1.0,1.0,1.0,1.0,2.0,3.0,4.0,4.0,2.0,6.0,3.0,1.0,1.0,1.0,1.0,1.0,1.0,2.0,3.0,1.0,13.0,3.0,1.0,1.0,6.0,1.0,1.0,1.0,4.0,1.0,1.0,2.0,2.0,4.0,3.0,3.0,1.0,1.0,1.0,1.0,2.0,2.0,3.0,3.0,1.0,1.0,2.0,2.0,1.0,2.0,6.0,6.0,2.0,3.0,2.0,2.0,1.0,1.0,2.0,2.0,6.0,6.0,2.0,3.0,2.0,2.0,1.0,1.0,21.0,3.0,4.0,1.0,2.0,2.0,8.0,1.0,7.0,2.0,1.0,2.0,3.0,4.0,4.0,1.0,16.0,1.0,6.0,3.0,1.0,1.0,2.0,10.0,1.0,10.0,3.0,3.0,2.0,1.0,4.0,3.0,1.0,2.0,1.0,1.0,4.0,1.0,3.0,1.0,2.0,2.0,1.0,1.0,1.0,1.0,3.0,1.0,1.0,2.0,1.0,1.0,1.0,1.0,1.0,1.29786125122586,1.0,1.0,1.0,1.0,1.0,4.0,3.0,1.0,1.0,1.0,1.0,1.0,1.0,2.0,2.0,1.0,4.0,1.0,4.0,1.0,1.0,2.0,1.0,1.0,3.0,2.0,2.0,2.0,2.0,1.0,1.0,6.0,24.0,4.0,1.0,3.0,2.0,1.0,1.0,16.0,35.0,3.0,1.0,1.0,1.0,1.0,1.0,1.0,3.0,5.0,1.0,1.0,2.0,7.0,5.0,5.0,2.0,3.0,1.0,1.0,1.0,8.0,1.0,5.0,3.0,2.0,9.0,6.0,1.0,4.0,13.0,1.0,7.0,7.0,1.0,1.0,1.0,1.0,1.0,4.0,6.0,3.0,2.0,1.0,8.0,6.0,1.0,1.0,1.0,2.0,3.0,1.0,2.0,8.0,1.0,2.0,9.0,2.0,1.0,1.0,1.0,1.0,1.0,4.0,1.0,1.0,4.0,5.0,1.0,1.0,2.0,3.0,2.0,1.0,2.0,5.0,6.0,4.0,6.0,8.0,11.0,7.0,6.0,1.0,1.0,1.0,4.0,1.0,3.0,4.0,5.0,12.0,5.0,2.0,2.0,1.0,4.0,2.0,1.0,1.0,1.0,3.0,4.0,3.0,2.0,17.29671484676516,3.0,5.0,1.0,7.0,5.0,2.0,2.0,3.0,1.0,1.0,1.0,1.0,2.0,1.0,2.0,1.0,1.0,12.0,10.0,8.0,6.0,5.0,1.0,1.0,1.0,3.0,1.0,1.0,1.0,3.0,4.0,1.0,2.0,1.0,1.0,1.0,2.0,1.0,1.0,8.0,1.0,1.0,2.0,2.0,5.0,2.0,2.0,1.0,1.0,3.0,2.0,3.0,1.0,6.0,6.0,1.0,1.0,6.0,1.0,6.0,9.0,3.0,13.0,10.0,1.0,1.0,11.0,1.0,1.0,3.0,8.0,9.0,2.0,1.0,2.0,3.0,3.0,3.0,1.0,1.0,1.0,5.0,5.0,2.0,1.0,2.0,2.0,1.0,1.0,5.0,1.0,1.0,1.0,1.0,3.0,2.0,1.0,2.0,1.0,3.0,4.0,1.0,2.0,1.0,2.0,1.0,2.0,2.0,1.0,1.0,2.0,2.0,1.0,1.0,1.0,1.0,1.0,1.0,2.0,1.0,8.0,2.0,1.0,5.0,6.0,2.0,1.0,1.0,1.0,6.0,2.0,3.0,4.0,3.0,1.0,1.0,2.0,2.0,1.0,1.0,11.0,1.0,1.0,2.0,4.0,5.0,3.0,1.0,4.0,1.0,14.0,4.0,7.0,1.0,1.0,2.0,1.0,1.0,2.92572291035908,1.0,1.0,1.0,3.0,1.0,9.0,2.0,2.0,1.0,1.0,7.0,1.0,8.0,1.0,1.0,1.0,1.0,2.0,1.0,1.0,1.0,1.0,2.0,1.0,1.0,1.0,1.0,1.0,1.0,4.0,4.0,3.0,2.0,1.0,1.0,1.0,1.0,3.0,1.0,1.0,1.0,1.0,1.0,1.0,1.0,1.0,2.0,1.0,3.0,0.24337417607789,1.0,1.0,3.0,5.0,9.0,7.0,2.0,2.0,1.0,1.0,1.0,2.0,3.0,1.0,1.0,2.0,3.0,1.0,1.0,2.0,2.0,1.0,1.0,1.0,1.0,2.0,1.0,1.0,-1.0,-1.0,-2.0,-4.0,-12.0,-7.0,-6.0,-6.0,-9.0,-11.0,-2.0,-8.0,-10.0,-6.0,-11.0,-6.50984180533249,-1.0,-4.0,-1.0,-10.0,-11.0,-3.0,-8.0,-12.0,-10.0,-1.0,-1.0,-1.0,-1.0,-7.0,-7.0,-13.0,-7.0,2.0,1.0,1.0,1.0,2.0,1.0,1.0,5.0,1.0,2.0,1.0,1.0,3.0,1.0,3.0,1.0,1.0,1.0,1.0,1.0,1.0,1.0,1.0,4.0,1.0,1.0,2.0,1.0,1.0,3.0,1.0,1.0,2.0,1.0,1.0,2.0,3.0,1.0,2.0,1.0,1.0,1.0,1.0,1.0,1.0,2.0,1.0,2.0,1.0,2.0,5.0,6.0,1.0,2.0,1.0,1.0,3.0,1.0,1.0,2.0,3.0,3.0,1.0,1.0,2.0,5.0,5.0,1.0,1.0,4.0,3.0,2.0,1.0,1.0,-1.0,1.0,2.0,-3.0,1.0,1.0,-4.0,-4.0,-3.0,2.0,-1.0,-1.0,-1.0,-2.0,2.0,10.0,1.0,1.0,1.0,2.0,3.0,4.0,1.0,2.0,1.0,17.0,1.0,1.0,1.0,1.0,2.0,1.0,1.0,1.0,4.0,4.0,1.0,3.0,1.0,1.0,2.0,1.0,1.0,1.0,2.0,2.0,1.0,1.0,1.0,1.0,2.0,3.0,18.94840458248437,1.0,1.0,3.0,1.0,1.0,1.0,2.0,3.0,1.0,1.0,2.0,4.0,2.0,1.0,1.0,1.0,1.0,2.0,3.0,1.0,4.0,1.0,1.0,1.0,4.0,4.0,1.0,1.0,2.0,2.0,2.0,2.0,1.0,2.0,1.0,2.0,3.0,1.0,6.0,11.0,8.0,5.0,4.0,5.0,3.0,2.0,1.0,1.0,1.0,1.0,1.0,2.0,2.0,3.0,2.0,3.0,1.0,1.0,1.0,1.0,1.0,1.0,3.0,2.0,5.0,1.0,2.0,2.0,1.0,5.0,1.0,5.0,1.0,2.0,5.0,3.0,2.0,1.0,15.11250881122309,1.0,2.0,3.0,1.0,1.0,1.0,3.0,3.0,2.0,4.0,1.0,1.0,1.0,1.0,1.0,1.0,1.0,1.0,1.0,1.0,1.0,3.0,5.0,1.0,1.0,1.0,2.0,2.0,1.0,1.0,5.0,1.0,1.0,5.0,1.0,1.0,-7.0,-7.0,1.0,-1.0,-4.0,-2.0,-1.0,-2.0,-1.0,1.0,-1.0,-3.0,-5.0,0.0,-3.0,-1.0,-2.0,-4.0,1.0,-1.0,1.0,-1.0,-1.0,1.0,-1.0,-1.0,2.0,-2.0,-3.0,2.0,-2.0,-1.0,1.0,-1.0,-1.0,-2.0,1.0,-2.0,-1.0,2.0,-1.0,-1.0,-1.0,-1.0,-2.0,2.0,-2.0,-2.0,0.0,-1.0,-1.0,-1.0,-1.0,-1.0,1.0,1.0,1.0,7.0,1.0,1.0,1.0,1.0,1.0,2.0,1.0,1.0,12.0,1.0,1.0,1.0,1.0,1.0,1.0,2.0,1.0,1.0,1.0,1.0,2.0,4.0,3.0,1.0,1.0,3.0,1.0,1.0,1.0,1.0,2.0,1.0,1.0,1.0,1.0,1.0,2.0,1.0,1.0,3.0,7.0,2.0,1.0,1.0,1.0,1.0,1.0,1.0,1.0,1.0,1.0,1.0,1.0,1.0,6.0,1.0,1.0,1.0,1.0,1.0,1.0,1.0,1.0,1.0,1.0,1.0,1.0,1.0,1.0,1.0,1.0,4.0,1.0,1.0,1.0,1.0,1.0,1.0,1.0,1.0,1.0,1.0,1.0,1.0,1.0,1.0,1.0,1.0,1.0,1.0,1.0,-1.0,-1.0,1.0,1.0,2.0,-2.0,-2.0,-2.0,-2.0,-2.0,1.0,1.0,-3.56110793196185,-3.0,-3.0,-3.0,1.0,-5.0,-5.0,-5.0,1.0,1.0,1.0,1.0,2.0,1.0,1.0,-1.0,-1.0,-1.0,-1.0,-1.0,-1.0,4.0,4.0,1.0,1.0,3.0,1.0,1.0,1.0,1.0,1.0,3.0,3.0,2.0,1.0,1.0,1.0,1.0,1.0,2.0,1.0,1.0,2.0,2.0,1.0,1.0,1.0,1.0,1.0,3.0,3.0,3.0,1.0,1.0,2.0,1.0,1.0,2.0,2.0,2.0,1.0,1.0,1.0,2.0,1.0,1.0,1.0,1.0,3.0,1.0,1.0,1.0,1.0,4.0,2.0,5.0,1.0,2.0,1.0,1.0,1.0,1.0,3.0,1.0,2.0,3.0,2.0,1.0,1.0,1.0,2.0,2.0,2.0,2.0,1.0,6.0,3.0,6.0,1.0,1.0,1.0,3.0,1.0,4.0,5.0,1.0,1.0,1.0,1.0,1.0,17.0,1.0,2.0,12.0,1.0,2.0,3.0,8.0,13.0,5.0,2.0,1.0,2.0,6.0,4.0,4.0,2.0,1.0,3.0,2.0,1.0,1.0,1.0,3.0,1.0,1.0,1.0,3.0,1.0,1.0,1.0,3.0,1.0,1.0,1.0,2.0,3.0,7.0,4.0,3.0,-0.31044766992144,2.0,2.0,2.0,1.0,1.0,1.0,1.0,1.0,1.0,1.0,1.0,1.0,1.0,1.0,1.0,1.0,1.0,1.0,1.0,1.0,1.0,1.0,1.0,1.0,1.0,1.0,1.0,1.0,3.0,1.0,1.0,2.0,2.0,2.0,2.0,3.0,1.0,1.0,1.0,2.0,1.0,4.0,3.0,1.0,1.0,1.0,2.0,1.0,7.39298284432326,1.0,5.0,3.0,2.0,1.0,1.0,1.0,1.0,1.0,1.0,1.0,1.0,1.0,3.0,4.0,3.0,1.0,1.0,1.0,1.0,1.0,1.0,1.0,1.0,1.0,1.0,1.0,1.0,2.0,1.0,1.0,1.0,1.0,1.0,1.0,1.0,1.0,1.0,1.0,1.0,2.0,1.0,1.0,1.0,1.0,1.0,1.0,1.0,1.0,1.0,1.0,1.0,1.0,1.0,3.0,8.0,2.0,1.0,2.0,1.0,1.0,4.0,1.0,1.0,1.0,1.0,1.0,1.0,1.0,7.0,5.0,2.0,3.0,1.0,1.0,2.0,1.0,1.0,1.0,1.0,1.0,1.0,2.0,3.0,1.0,2.0,2.0,2.0,-16.38832593496558,3.0,1.0,1.0,1.0,1.0,3.0,2.0,3.0,3.0,1.0,1.0,2.0,2.0,2.0,3.0,2.0,1.0,3.0,1.0,2.0,2.0,2.0,2.0,2.0,2.0,1.0,1.0,1.0,1.0,1.0,1.0,1.0,1.0,1.0,2.0,1.0,1.0,1.0,3.0,1.0,1.0,1.0,1.0,1.0,1.0,1.0,2.0,1.0,6.0,1.0,5.0,1.0,4.0,1.0,8.0,1.0,3.0,3.0,4.0,1.0,2.0,2.0,1.0,1.0,3.0,2.0,3.0,1.0,2.0,1.0,1.0,2.0,1.0,1.0,4.0,6.0,1.0,1.0,1.0,2.0,2.0,1.0,1.0,3.0,5.0,5.38785976813884,1.0,1.0,5.0,1.0,1.0,2.0,1.0,1.0,1.0,4.0,2.0,1.0,4.0,2.0,6.0,1.0,1.0,1.0,1.0,6.0,5.96397995782018,1.0,1.0,3.0,3.0,-1.3686525685699,9.0,2.0,3.0,3.0,3.0,3.0,1.0,1.0,5.0,5.0,5.0,5.0,1.0,7.0,10.0,2.0,1.0,4.0,5.0,5.0,5.0,5.0,2.0,1.0,3.0,5.0,4.0,2.0,2.0,1.0,1.0,2.0,3.0,1.0,1.0,3.0,11.0,5.0,5.0,5.0,5.0,5.0,5.0,5.0,5.0,13.0,3.0,2.0,2.0,3.0,11.0,5.0,5.0,5.0,5.0,1.0,1.0,2.0,18.0,11.0,2.0,1.0,3.0,3.0,5.0,5.0,5.0,5.0,5.0,5.0,2.0,1.0,3.0,1.0,1.0,21.0,1.0,2.0,3.0,6.0,6.0,6.0,6.0,2.0,5.0,3.0,2.0,5.0,13.0,2.0,5.0,5.0,5.0,5.0,6.0,2.0,24.0,2.0,1.0,2.0,5.0,5.0,5.0,5.0,1.0,2.0,4.0,3.0,12.0,1.0,9.0,4.0,4.0,4.0,4.0,4.0,4.0,4.0,1.0,10.0,4.0,1.0,21.0,1.0,2.0,1.0,1.0,1.0,4.0,3.0,5.0,6.0,6.0,6.0,6.0,6.0,1.0,1.0,3.0,15.0,1.0,1.0,1.0,1.0,7.0,4.0,1.0,10.0,5.0,5.0,5.0,5.0,1.0,1.0,4.0,2.0,-19.72431348956135,1.0,2.0,2.0,9.0,2.0,1.0,1.0,3.0,1.0,4.0,3.0,1.0,1.0,1.0,1.0,1.0,2.0,1.0,1.0,9.0,1.0,1.0,1.0,2.0,5.0,5.0,5.0,5.0,2.0,1.0,7.0,1.0,2.0,5.0,5.0,5.0,5.0,5.0,5.0,5.0,3.0,1.0,1.0,20.0,1.0,1.0,1.0,4.0,1.0,1.0,2.0,1.0,9.0,3.0,4.0,4.0,4.0,4.0,4.0,4.0,4.0,4.0,1.0,1.0,37.0,1.0,1.0,1.0,6.0,6.0,6.0,6.0,6.0,6.0,1.0,1.0,1.0,1.0,6.0,16.0,1.0,5.0,5.0,5.0,5.0,1.0,27.0,1.0,1.0,1.0,7.0,6.0,6.0,6.0,6.0,1.0,2.0,1.0,30.0,1.0,1.0,1.0,1.0,8.0,6.0,6.0,6.0,6.0,13.32796194626393,2.0,2.0,2.0,2.0,5.0,5.0,7.0,3.0,30.0,3.0,10.0,6.0,1.0,10.0,5.0,5.0,5.0,5.0,5.0,5.0,5.0,4.0,1.0,6.0,8.0,1.0,2.0,3.0,4.0,4.0,5.0,6.0,6.0,6.0,6.0,-5.0,-5.0,-5.0,-5.0,-5.0,-5.0,-5.0,-5.0,-5.0,-5.0,1.0
